t = 20
b = 13 13 13
E = -1.02423507574836 -1.02423507574836 0
0.462875621075119 2.79033276418315 8.53934313746177 -0.766739048832137 0.00260103641855222 -0.641953631974725 0.432639673535542 0.740876673684896 -0.513735989855357 0 0 0 0 0 0
0.738579409412483 2.97031517514712 8.11475056221065 -0.907357311846525 0.406769086432054 -0.106026501224361 0.411515311961512 0.808076768885203 -0.421505733779827 0 0 0 0 0 0
0.804048077047107 3.22739489846274 7.64751510600417 -0.756530508597392 0.565449543050207 0.32852458633363 0.442994546714105 0.812660601993166 -0.378600815569208 0 0 0 0 0 0
0.690894486556453 3.59339594302614 7.27078628781271 -0.341008302032065 0.425936322013387 0.838028393036248 0.369791419000179 0.880372167852463 -0.296983421262179 0 0 0 0 0 0
0.624493882245052 4.09941268655774 7.21385802442508 0.27202885235248 0.102822013875807 0.95677998356483 0.377094471168323 0.90336205766784 -0.204295747827526 0 0 0 0 0 0
0.453912979301924 4.5809207863258 7.36403808708389 0.804311492420131 -0.178324647408489 0.566818615861848 0.272310867388997 0.958459117854278 -0.0848699646745078 0 0 0 0 0 0
0.527764207520977 5.14607032044659 7.39051292589223 0.748617297755776 -0.611318931017632 0.256634576938297 0.647221874545271 0.757780102983149 -0.082904527216281 0 0 0 0 0 0
0.854559545231049 5.44550093826165 7.68744770342721 0.607953566261705 -0.435838563952578 -0.663654433754065 0.569834289187957 0.821572424867056 -0.0175394858454083 0 0 0 0 0 0
1.30198531026882 5.74234963003929 7.706842060561 -0.104132527702088 -0.226154094341339 -0.968509546822861 0.407811444126824 0.878465214430852 -0.248975286071029 0 0 0 0 0 0
1.75047149959206 5.85461769220047 7.4330882983526 -0.752129454041975 0.193124538691565 -0.630082690539655 0.459103947555637 0.839463537242673 -0.290731035458634 0 0 0 0 0 0
2.01602060715645 6.1285907771031 7.05479274942419 -0.901429766789796 0.399940050211146 -0.165747795709024 0.423251232190644 0.89462372151808 -0.143201925078691 0 0 0 0 0 0
2.03658267483812 6.58315817004747 6.84558340861934 -0.70332193302932 0.383913269670684 0.598288274906559 0.506586154612785 0.861118756928297 0.0429529326227731 0 0 0 0 0 0
2.14496383378995 7.19569606671231 6.86654773266935 -0.547614803600516 0.103690620603452 0.830280845302624 0.53642398085913 0.805051800404349 0.253260560342427 0 0 0 0 0 0
2.03215880884625 7.72100133233054 6.87035645680884 0.347668870996916 -0.293847748140998 0.890381860244353 0.294795970084219 0.9357216759047 0.193701526230964 0 0 0 0 0 0
1.87321322956457 8.16277660380466 7.09531613404882 0.8163345725474 -0.373789206180489 0.440317493414483 0.217032948534197 0.904998464093849 0.365888615890584 0 0 0 0 0 0
1.92475418429156 8.50817589943696 7.5487687485957 0.95203224364819 -0.298658918946178 -0.0666142416311591 0.298246403457315 0.856973314529836 0.420292542175712 0 0 0 0 0 0
2.30370801086548 9.01992266775537 7.7111135469524 0.788829978233529 -0.574699414243068 -0.217871174570583 0.606060274624998 0.668415365950458 0.4311749553056 0 0 0 0 0 0
2.71504542928031 9.13686802309702 8.03639867448546 0.546097341801809 0.0642299973906783 -0.835255769637176 0.517945206203222 0.757757999192543 0.39690751823418 0 0 0 0 0 0
3.16237226295326 9.31013988120762 8.26641154973324 0.0304035603000786 0.317105851843189 -0.947902686064284 0.378517233849271 0.874058432934421 0.304543198077582 0 0 0 0 0 0
3.61799099152545 9.60759332839807 8.28355152921842 -0.451272758288209 0.470488501625126 -0.758283236967227 0.345936478013704 0.875512863184698 0.337350232810956 0 0 0 0 0 0
6.30548022399151 9.99649509259183 12.4096760723042 0.262881213784524 0.619586838701275 -0.739598280654665 0.501369538477741 0.567209971692616 0.653376946256202 0 0 0 0 0 0
6.80140814090064 10.1471658425838 12.5512349944723 -0.290013820133174 0.906621438054648 -0.306479285093601 0.555888470656521 0.420263876494398 0.717193336768444 0 0 0 0 0 0
7.26811769476017 10.4406012272128 12.7084898573663 -0.741186541784084 0.639385277938424 0.204521335399889 0.61040083701354 0.515113476664762 0.601721633591075 0 0 0 0 0 0
7.60922646172781 10.839712899076 12.8226817336039 -0.898924453708176 0.225113921950907 0.375843782267765 0.435497472182567 0.36571703710776 0.822552734170713 0 0 0 0 0 0
7.70296855702775 11.3306819789175 13.0197778632635 -0.776797788544667 -0.348042612823373 0.524834769590579 0.440686496391115 0.294924196155681 0.847829658846899 0 0 0 0 0 0
7.73845085109177 11.6699781275898 13.4484093866395 -0.431080861390614 -0.837735031662367 0.335215315384573 0.229423109296245 0.257534714780103 0.938637793615819 0 0 0 0 0 0
7.56088636550651 11.7738179827176 13.97037234411 0.395435337833664 -0.91618787466194 -0.0650436154807866 0.412832242012114 0.114029437082771 0.903640873042957 0 0 0 0 0 0
7.67225304871218 11.7682638173 14.5583612709379 0.627808581625504 -0.653952020178698 -0.422141137703461 0.669783224338217 0.177577764370597 0.721010797420012 0 0 0 0 0 0
7.86068775240474 11.5447079636478 15.0056089629586 0.75804102452498 0.0321315473498498 -0.651414897589871 0.648226966486053 0.0730533854580003 0.757934695599438 0 0 0 0 0 0
8.16344637293202 11.3183775595296 15.3521847744073 0.505879661713102 0.572495365928806 -0.645240128831957 0.725546825135641 0.122173438460414 0.67724106156549 0 0 0 0 0 0
8.65511155757325 11.245439950936 15.5258638130153 0.138848288202677 0.91013199074325 -0.390359977826769 0.72777704208746 0.173546566919156 0.663492400951965 0 0 0 0 0 0
9.295236479638 11.2855289107525 15.5170031714962 -0.119380526160064 0.961648597451105 -0.246941825120958 0.807148358794378 0.238836089376948 0.539878550515456 0 0 0 0 0 0
9.78455276779385 11.4689240419352 15.5567312551754 -0.62477265845571 0.682954066278128 0.378461185064408 0.727719684954638 0.333646827298865 0.599252746979874 0 0 0 0 0 0
10.1604272195907 11.8390988856771 15.7511131241725 -0.768861670777632 0.055915087655521 0.636965645997886 0.616452755773207 0.329384299609707 0.715186677078258 0 0 0 0 0 0
10.3592779851843 12.3189598906168 16.0284533239412 -0.448514915528618 -0.495648774290353 0.743751748295644 0.6125212604171 0.435547407525216 0.659633353716374 0 0 0 0 0 0
10.3889823773005 12.5430200899626 16.5172395929036 -0.0123254244866813 -0.898163581118443 0.439488640881328 0.584632618932317 0.350096332631386 0.731872433391499 0 0 0 0 0 0
10.3661200055058 12.7463060319466 16.9289502266788 0.428594218133088 -0.898645992758322 0.0935006731649357 0.648721936483617 0.378114039632832 0.660446532398714 0 0 0 0 0 0
10.4836448163096 12.9696341179401 17.4348040129222 0.597157791217235 -0.668411221463684 -0.443428699353096 0.771470828999024 0.327232171789877 0.545666441839004 0 0 0 0 0 0
10.7480109115095 12.8190760155745 17.8776673413195 0.548127279373513 -0.252026600859715 -0.797520581593785 0.801142553719078 -0.115707641415793 0.587181701297366 0 0 0 0 0 0
11.1216269356982 12.5154735438377 18.1162500476146 0.52886728215071 0.412464623413459 -0.7417360260247 0.807735454453384 0.0236391599302756 0.589070985312275 0 0 0 0 0 0
9.71602850949556 11.3609556117222 9.9274191945275 0.561342353959902 -0.827577242563064 -0.00326638063775536 0.736419488022294 0.497701795055359 0.458234940679622 0 0 0 0 0 0
9.93320973506749 11.5145846897523 10.3956597761149 0.65957056454146 -0.420953628510282 -0.622707566225502 0.751201682491904 0.397546424852108 0.52692776763864 0 0 0 0 0 0
10.3240962448579 11.3543131046036 10.727632452063 0.532458212447376 0.140280822804871 -0.83475118613305 0.805530307722249 0.218959650221691 0.550615650808887 0 0 0 0 0 0
10.8525899323096 11.3269260712778 10.9429261310562 0.178700903709857 0.600897070775108 -0.779094793556712 0.870363973587669 0.272727348110231 0.409983349751481 0 0 0 0 0 0
11.4092572893883 11.3037243429192 10.8595762415989 -0.242758716405346 0.882912677022885 -0.4019121923524 0.770102513986427 0.427341369532709 0.473625877500051 0 0 0 0 0 0
11.9152537851652 11.3387506759265 10.8717449470919 -0.473033611713223 0.880507341088059 0.0307575109457924 0.788383865085725 0.40744179088759 0.460914382842202 0 0 0 0 0 0
12.3087029932054 11.6913703485054 10.9596318446134 -0.721517227482013 0.247897921952359 0.646497881464721 0.692360521286546 0.267826863492228 0.670004238610278 0 0 0 0 0 0
12.538008068604 12.1247156503882 11.1809739260096 -0.628815910521376 -0.25999402270386 0.732798511757112 0.701993644234206 0.215434170488891 0.678817384603947 0 0 0 0 0 0
12.8039998271423 12.2792611756744 11.6458500262768 -0.554783793244208 -0.765837035672641 0.325128555414176 0.566897243006728 -0.0619271282581097 0.821457574471789 0 0 0 0 0 0
12.7636721064484 12.365186296834 12.1746937183217 0.0723673273536738 -0.997173272704894 0.0202097534546367 0.574237063319069 0.0582241940656341 0.816616028703882 0 0 0 0 0 0
12.9322977318167 12.26088946205 12.7055861561581 0.220375005044897 -0.797764233190809 -0.56125492015032 0.695558072757092 -0.274872226048464 0.663810384650316 0 0 0 0 0 0
12.9113095164674 11.8443805416421 13.0971475673818 0.770381621897079 -0.101247781119139 -0.629492687377444 0.587927058011197 -0.269189962171243 0.762809634656343 0 0 0 0 0 0
13.0987302563302 11.4285326570134 13.4341249246413 0.740809575986184 0.49349993514274 -0.455696155504172 0.641063348909749 -0.316831983185753 0.699038823753874 0 0 0 0 0 0
13.5355434220081 11.183007030682 13.6268179546114 0.413823483187956 0.874052095866815 -0.254525162750201 0.76328035902388 -0.180755723707378 0.620266444260368 0 0 0 0 0 0
14.0686098167185 11.206695714351 13.6834220328395 -0.00931290514077042 0.992558036297706 0.121415873668484 0.737587060475219 -0.0751670799321615 0.671055316880805 0 0 0 0 0 0
14.5737716840942 11.3476389595664 13.8327027951657 -0.448705805135275 0.764628193233845 0.462608718627146 0.688344874900606 -0.0344300828756753 0.72456600982329 0 0 0 0 0 0
14.9714349682983 11.6715781506334 13.9927415873543 -0.70177480406322 0.275304065191111 0.657053876079639 0.704319255204306 0.129609481398536 0.697951122271505 0 0 0 0 0 0
15.197768289557 12.0580941570496 14.2894968848477 -0.607253751713293 -0.583202350896222 0.539553425472631 0.455022513849562 0.30141561121394 0.837915951158917 0 0 0 0 0 0
15.4301911699216 12.2164316603474 14.7667469444272 -0.713409818272618 -0.69556066064003 0.0850987577008871 0.277370522343303 -0.168770981756465 0.945823423822842 0 0 0 0 0 0
15.2782505828072 12.2503731221831 15.2809911833586 -0.106931144596597 -0.981554194660306 -0.158483731846587 0.182455127641986 -0.176062572130232 0.967322126849187 0 0 0 0 0 0
0.131715754036893 11.6586549900585 15.4718286668021 -0.843200309108617 0.130160809309231 -0.52160464188799 -0.077305007863419 -0.989520342318539 -0.121956664012417 0 0 0 0 0 0
-0.142906835993949 11.2306244947115 15.5716578056005 -0.303273567065934 0.164631953691159 -0.938574165073244 -0.279494551199599 -0.957009937257227 -0.0775549859174266 0 0 0 0 0 0
-0.512634904010349 10.8369056016032 15.4978584600218 0.41022470676687 0.0129416647142063 -0.91189264898477 -0.185818949313302 -0.977737772572539 -0.0974687958322495 0 0 0 0 0 0
-0.643924663347164 10.4580222879413 15.2752751364219 0.950570700179969 -0.0261097002937232 -0.309408512342398 -0.0248569794636665 -0.999659079153723 0.00799099727654059 0 0 0 0 0 0
-0.729841798909652 10.0190998591266 15.0458992837869 0.971923877356129 0.0943513779052328 0.215549980543753 0.114542138055328 -0.989931693302536 -0.0831585305599331 0 0 0 0 0 0
-0.523221059076702 9.67034795893427 14.6932449429636 0.704600111308908 0.0147007198782009 0.709452304230902 0.182505846697903 -0.969906737645499 -0.16115997080834 0 0 0 0 0 0
-0.275063115533706 9.21217473331305 14.5947226178187 0.138010098501896 -0.0555842859827475 0.988869859922571 0.175776820898682 -0.981199665468742 -0.0796851662405184 0 0 0 0 0 0
-0.0361766103079433 8.70054252011584 14.5979088298506 -0.389930016926003 0.0096379627723543 0.920794054918734 0.225202904592043 -0.968582629573051 0.105505172634622 0 0 0 0 0 0
0.356364879947089 8.32619987435265 14.8161255663039 -0.827967942387012 -0.155673057639739 0.538734615097743 0.224810632524819 -0.972261328518413 0.0645607355240213 0 0 0 0 0 0
0.483001704103728 7.85127327004888 15.013646994486 -0.993939964521055 0.0603483891470705 0.0918771944240735 -0.0615865702282507 -0.998044402174199 -0.0106988623818786 0 0 0 0 0 0
0.32692856991455 7.4460386875802 15.2389392823127 -0.533526831179666 0.12376060700419 -0.836679408474559 0.0979757948341921 -0.973533079317108 -0.206480234167724 0 0 0 0 0 0
0.213552035706474 6.90286307235167 15.1709747699488 -0.0761719708462696 0.400970924599822 -0.91291847855269 0.079829219004971 -0.910186981702024 -0.406431979712737 0 0 0 0 0 0
0.0707209154867538 6.53931968408295 14.7579353990099 0.540373132697864 0.53122235844285 -0.652533281410774 0.245458670403971 -0.841299641493381 -0.481627401988945 0 0 0 0 0 0
0.0793384008986365 6.35231713357809 14.2389672551416 0.934824927132244 0.355107181083478 0.00111604441685053 0.265009640294986 -0.695542948018507 -0.667824750973222 0 0 0 0 0 0
0.151756660214804 6.33602913229236 13.7211298590482 0.894599982368551 -0.284903751449523 0.344268389423391 0.0905497132538314 -0.638848218338251 -0.763985407815941 0 0 0 0 0 0
0.276518257398409 6.15346618044305 13.2663476541583 0.279171572153841 -0.558695350622889 0.780975504413244 0.0620988422482417 -0.801104923695933 -0.59529373843638 0 0 0 0 0 0
0.583245978344958 5.75368267825681 12.9940499484172 -0.31060698655781 -0.509120628147561 0.802695138826758 0.0760645069451315 -0.855068449292352 -0.512905583716892 0 0 0 0 0 0
0.788345998148343 5.29082319030528 12.9807205279355 -0.912278016584344 -0.199283130300019 0.357819863108187 -0.00898342005045197 -0.863698258832007 -0.503929177419561 0 0 0 0 0 0
0.832622592788943 4.73346945360163 13.02474773169 -0.925499577777752 0.20089895940259 -0.321076532378431 -0.0209016323778145 -0.873529432103884 -0.486322375603065 0 0 0 0 0 0
0.605834776863229 4.24737322065627 13.0557774107464 -0.369049759911071 0.393541611921366 -0.841978191164066 -0.0603500152758238 -0.914163108994065 -0.400828748732564 0 0 0 0 0 0
4.46562141436609 0.930415536502408 4.61451191035812 0.0778897586918086 0.703036426225509 0.706875497447037 0.849463937007276 0.324346009316458 -0.416185879102821 0 0 0 0 0 0
4.76627592385945 1.2766148580387 4.39940493314151 0.190018458103037 0.128088234918226 0.973389125507204 0.88892258808012 0.398444903001421 -0.225960818889315 0 0 0 0 0 0
5.07133314861329 1.70744207870131 4.28645636350696 0.397326133935703 -0.358560340997506 0.844728610356877 0.895116069198902 0.354287844076538 -0.27064246932347 0 0 0 0 0 0
5.44751466047393 1.97580408328379 4.45407715763846 0.468602062223365 -0.867154791373514 0.168685135912942 0.872850907770166 0.425048336162866 -0.239719012032789 0 0 0 0 0 0
5.96142232187772 2.18977121760698 4.56517351802364 0.219717506936075 -0.972517949814638 -0.0770263229949923 0.943349434399414 0.231921280547708 -0.237285406730833 0 0 0 0 0 0
6.45872967642343 2.14628099451303 4.76386699483741 0.0545930833447521 -0.6634126256667 -0.746259528151519 0.938800828515753 0.288669497817458 -0.187943942195412 0 0 0 0 0 0
6.99221497176785 2.07453271074279 4.88512584792975 -0.29971835170578 0.104291555192336 -0.948310171392427 0.829745925995426 0.519067324646429 -0.205160451301881 0 0 0 0 0 0
7.4239070548208 2.09714640472067 4.56048223570715 -0.60870894194941 0.614095050001541 -0.502355146837808 0.792971984999857 0.4915362959312 -0.359982639564219 0 0 0 0 0 0
7.83051596742202 2.23499725523139 4.17458114008458 -0.728109459162093 0.6841482993585 0.0423995278695137 0.567949329461977 0.636763651858922 -0.521503222267111 0 0 0 0 0 0
7.89028315427542 2.43597999794788 3.71169272114211 -0.200910519704678 0.871407564043209 0.447530803856313 0.570489323075897 0.475462613271044 -0.669684429890583 0 0 0 0 0 0
7.9185949854974 2.80458549954289 3.32180360033325 0.279077293308158 0.52977956264737 0.800905412243514 0.677443929069954 0.482497291836236 -0.555217152416027 0 0 0 0 0 0
8.03813720456868 3.280972543294 3.11728286076179 0.659380432932297 -0.125072549653398 0.741332787612429 0.554711395448446 0.746512443481634 -0.367443110544639 0 0 0 0 0 0
8.19587851053183 3.78057596436783 3.2364432743341 0.807109098094379 -0.553279882743875 0.206049205589835 0.586466292550727 0.711086792567432 -0.387830969802525 0 0 0 0 0 0
8.57657612730003 4.16803590906662 3.20262578854756 0.588919523620908 -0.80819124502392 -0.000840336128396866 0.73712539224167 0.537560434431187 -0.409481300484794 0 0 0 0 0 0
9.17540445527738 4.37237231098779 3.19641425097685 0.212342390911127 -0.905015326578781 -0.368589158385932 0.865556025549963 0.34926476353474 -0.358924632182266 0 0 0 0 0 0
9.66197007037809 4.2567427493896 3.32943893381988 0.0130129015394109 -0.541169862630884 -0.840812609428282 0.910896800390981 0.353250033423029 -0.21326376373895 0 0 0 0 0 0
10.0962046683934 4.17707781190068 3.11055826246867 -0.402098681322827 0.173248090656535 -0.899056032493142 0.90841964585591 0.198191253000655 -0.368095061440729 0 0 0 0 0 0
10.5271582804545 3.94895568702009 2.79510229023299 -0.254180634275584 0.870523050283475 -0.421404584792829 0.917207996216947 0.0787550924333659 -0.390547214932464 0 0 0 0 0 0
10.7014002825822 3.88299371245547 2.29114411267813 0.106142502877858 0.941119337426995 0.320980002186738 0.814174263958038 0.103057983415634 -0.571401190025616 0 0 0 0 0 0
10.8738137091066 4.11044999624461 1.81707938993738 0.636369855741996 0.36590978226436 0.679075428760429 0.766144302832819 -0.197380476511152 -0.611607598652145 0 0 0 0 0 0
8.17016545785142 0.188442465178198 11.9456352540248 -0.978422061393152 0.0516822421864849 0.200048033286392 -0.117433787412825 0.65751835788181 -0.744230417694875 0 0 0 0 0 0
7.8984077659575 0.330116579941002 11.5043175632158 -0.516477258284703 0.497098137590415 0.697240764211945 -0.116071550135115 0.766091107866832 -0.632164385027029 0 0 0 0 0 0
7.526870367889 0.598589804540508 11.2240191657391 0.294030560340621 0.590582429781112 0.75150410725399 0.0370603242916307 0.7786241280555 -0.626395242297714 0 0 0 0 0 0
7.38113564903978 1.03197508272448 11.0605462030657 0.93374373787333 0.18492195291345 0.306474311016468 0.086591140405417 0.71408218311353 -0.694685979535434 0 0 0 0 0 0
7.34118851993254 1.54546160243498 10.9693120399986 0.883509218364671 -0.429339271624688 -0.187294556529101 0.23607734869176 0.753489920977686 -0.613612601255638 0 0 0 0 0 0
7.57395026170322 1.94052627070214 10.8354366669003 0.397350695622524 -0.689482634050983 -0.605579162480361 0.239007452633325 0.7148931088424 -0.657117402383606 0 0 0 0 0 0
7.95729605388937 2.15735979246802 10.6172014333044 -0.617159459616597 -0.262034185932501 -0.741924717750016 0.179814961298385 0.870997983338087 -0.457196995521894 0 0 0 0 0 0
8.20731021515837 2.35615363491424 10.185160891817 -0.957332330304079 0.259115659383772 -0.127960479901702 0.287026452709439 0.904059597244911 -0.31668921685843 0 0 0 0 0 0
8.2504428743599 2.71537737555034 9.84301723694729 -0.622332148839247 0.425714950799775 0.656863362646046 0.349184372520523 0.902033610318826 -0.253782662612389 0 0 0 0 0 0
8.23401124064967 3.30001198125627 9.81081310198037 -0.514690757416221 0.0837189829556643 0.853278709521799 0.251807793258617 0.966091261034714 0.0571008809615197 0 0 0 0 0 0
7.95205104989074 3.75280718038735 9.74631457029643 0.338301713458839 -0.0843617609279678 0.937248656421521 -0.111417368651685 0.985377261721179 0.128910131663907 0 0 0 0 0 0
7.70243594111459 4.24005827245347 9.98342283391984 0.786216781985921 -0.179303213825629 0.591365816762775 0.0503689897952467 0.972389083208207 0.227864950627579 0 0 0 0 0 0
7.75107371679454 4.73068632401531 10.2161992682877 0.90192551103607 -0.424287931602459 0.0806853371984676 0.420616600104033 0.905323874766087 0.0589097402425289 0 0 0 0 0 0
8.01374570141484 4.98824739927816 10.4834200543151 0.683526493619885 -0.107618647456863 -0.721948584900102 0.29023356668527 0.947593557266606 0.133532494157663 0 0 0 0 0 0
8.39108907300798 5.33469233966101 10.6108519297733 0.194328212240327 0.0196516110275158 -0.980739700487087 0.39538641986523 0.913416157746597 0.0966462712865836 0 0 0 0 0 0
8.85864572085657 5.69437526479489 10.5376297204515 -0.174233454301251 0.0599690921762522 -0.982876600283988 0.370849705892739 0.928648509838452 -0.0090796924007293 0 0 0 0 0 0
9.2792297619345 5.96433860507486 10.3403635008046 -0.761179287624702 0.266895524926919 -0.591077719817907 0.390374102982732 0.916349460631441 -0.0889478820484001 0 0 0 0 0 0
9.45601093829887 6.28456916649517 10.0097642793431 -0.882101558201139 0.469581422387077 0.0372844306387015 0.457434012828872 0.872798613693372 -0.170225450042592 0 0 0 0 0 0
9.57876101601439 6.70410658222255 9.68314413065386 -0.506285723847184 0.2817329950936 0.815046799456401 0.304646266400044 0.942620372343319 -0.136592408324394 0 0 0 0 0 0
9.35390972094009 7.17351952474966 9.54980813922692 0.29363881926668 0.131858886257721 0.946778473527226 0.141558599703413 0.97352221020987 -0.179487239318286 0 0 0 0 0 0
7.15067462930805 11.9367477007614 5.84336042327803 0.68061391467292 0.441784059688796 0.584458333637642 -0.639007451319832 0.748178981258469 0.178599241769866 0 0 0 0 0 0
6.82779607364896 12.1046763825982 6.17318718319432 0.67577598297398 0.668167153194635 -0.311254680651277 -0.684072305043311 0.725772659937225 0.0727951067062634 0 0 0 0 0 0
6.66984641928545 12.5701635530354 6.41430753448362 0.381995345476324 0.31221831763608 -0.869827154190371 -0.577686943672207 0.815328200119009 0.038957941441509 0 0 0 0 0 0
6.63247603413283 12.970214902727 6.43746756512438 -0.435960178500828 -0.193243261117785 -0.878974268561992 -0.621435453514353 0.771090457502093 0.138699255458071 0 0 0 0 0 0
6.56161031325013 13.4278284726943 6.26029574832818 -0.815218383144275 -0.555767398559385 -0.162915887752445 -0.578936197202795 0.78971436746023 0.202938654265901 0 0 0 0 0 0
6.15832678908021 13.8317593825006 6.44685035347499 -0.703528326856856 -0.692305214528797 -0.160503530323255 -0.704513546026128 0.709073177800497 0.0295954724509584 0 0 0 0 0 0
5.77033696841421 13.981883492769 6.10683307054066 -0.565973328212869 -0.601917642966901 0.563355432064712 -0.780054331540545 0.612133599558841 -0.129644499057879 0 0 0 0 0 0
5.37105330084575 14.1536703733589 5.97959603882279 -0.0907273415923956 -0.23437415881314 0.96790356088208 -0.712954933878813 0.693870401275583 0.101188578859072 0 0 0 0 0 0
4.93708846961929 14.3614676406206 6.08240488715372 0.466042325168554 0.161234161083817 0.869947180265035 -0.646876588441969 0.73290801604375 0.210704815665169 0 0 0 0 0 0
4.57902195262501 14.5969063554685 6.34613224136428 0.752902782067564 0.483190310620292 0.446838365046678 -0.610804149412189 0.765833382620591 0.201041093124651 0 0 0 0 0 0
4.23148986089967 14.85891872219 6.69847924493061 0.731371289117519 0.67877108680725 -0.0660745727877493 -0.6516458293279 0.724126996853224 0.225826937161809 0 0 0 0 0 0
4.12347102710857 15.1839641020424 7.11243882593019 0.430476808857836 0.594650035944138 -0.679029492575403 -0.574228695655268 0.760852005118513 0.302267483188626 0 0 0 0 0 0
4.20358749428325 15.6805300629962 7.3013533574725 -0.156561677370509 0.108355200306244 -0.98170646923891 -0.3644803589141 0.91746840144212 0.159391970692032 0 0 0 0 0 0
4.21518479586904 16.2163972379549 7.17751476257438 -0.70434224601409 -0.199741180305655 -0.681179463408822 -0.282724092553014 0.959137146078598 0.0110915509409801 0 0 0 0 0 0
4.20548368163095 16.6944509370073 6.98434661627595 -0.866383564767116 -0.496159655241481 -0.0566137369556057 -0.455221324874783 0.738071973151655 0.498019384991458 0 0 0 0 0 0
3.87183760490398 17.0804550138879 7.16545870031713 -0.626127772564436 -0.682334246795225 0.377338028926174 -0.493738064923604 0.721513855008436 0.485428141207699 0 0 0 0 0 0
3.4353386030557 17.3390982125753 7.34225637925137 -0.017072446115648 -0.646394817050343 0.76281208175676 -0.260337475386403 0.739481908197798 0.620798603701376 0 0 0 0 0 0
3.17994949415456 17.7307231520395 7.76210223873817 0.669379384752705 -0.476443508120684 0.570028791235799 -0.315672602101939 0.512166203504902 0.798771925063448 0 0 0 0 0 0
2.90603034301283 17.610317683025 8.20837113053722 0.868881740347391 0.396182665619238 0.296789178970064 -0.45826631250102 0.417061302498281 0.784889709949847 0 0 0 0 0 0
2.88341133983605 17.4304633782554 8.70195371419565 0.216315950730062 0.972932867254688 -0.0812960348068742 -0.494871426248358 0.181042184038531 0.849897640355281 0 0 0 0 0 0
4.61721355969842 12.1622718030129 4.26365515194165 -0.477308440127898 -0.287921601682971 -0.830227561736531 0.550385581786353 -0.834472947773186 -0.0270298131038026 0 0 0 0 0 0
4.55435344356338 11.6602022329377 4.31584648390789 0.079892554102491 0.0439115055936966 -0.995835809496463 0.422873603589917 -0.906168600013666 -0.00603189324758953 0 0 0 0 0 0
4.43874763601703 11.1614725237557 4.15278491100025 0.798302207830176 0.21182964150536 -0.563774589666098 0.220783458478005 -0.973866096473235 -0.0532868708264572 0 0 0 0 0 0
4.36896142039371 10.7111411095292 3.84980296368952 0.9956991135766 0.0904318057781536 -0.0201336466263629 0.0922076070714627 -0.988419493785454 0.120518303601824 0 0 0 0 0 0
4.4826270864026 10.1829879945806 3.69409923114994 0.853682730845287 0.266915544854233 0.447193344060151 0.164598504382337 -0.952944321177252 0.254567187773925 0 0 0 0 0 0
4.82641974259696 9.79369548760906 3.83641726291355 0.0755558323560264 0.352214628769726 0.93286449791896 0.0581436500058083 -0.93550304816264 0.34850159661386 0 0 0 0 0 0
5.20158842884762 9.39590203450982 4.02434838282442 -0.536978310007431 0.315184554539849 0.782504307439315 0.0480496220248077 -0.914648622877379 0.401384018729927 0 0 0 0 0 0
5.41809340557969 9.26567988864506 4.46501890039426 -0.972494020986375 -0.0923685677446431 0.213830369308375 0.193253714245307 -0.832441171634185 0.519321381900167 0 0 0 0 0 0
5.41085402654392 8.98085724906026 4.92055019184358 -0.890636489637175 -0.147061491169172 -0.430278469298511 0.00584253963644497 -0.949880491309659 0.312558661629969 0 0 0 0 0 0
5.14297288300612 8.66246328216142 5.28214566999036 -0.313494083699636 -0.345916900550484 -0.884343235061405 -0.102077897062286 -0.913616869218038 0.393553451530504 0 0 0 0 0 0
4.87761696704832 8.34200277049037 5.51330951211894 0.373433582202014 -0.440104597824798 -0.816612088238501 -0.134486865595961 -0.896680046760622 0.421756063054868 0 0 0 0 0 0
4.77121445492933 7.8577101426274 5.55024188904648 0.857322581289711 -0.14187979563664 -0.494841505131544 0.0495144551034809 -0.934084107524372 0.353603165718581 0 0 0 0 0 0
4.69248581335151 7.35472880552933 5.37849592069584 0.988188923403483 0.108729908232458 0.107983603933309 0.0961615422566123 -0.988644695372147 0.115475642900761 0 0 0 0 0 0
4.79229907264332 6.91632476122045 5.21028865556659 0.747132593186499 0.261848893495651 0.610923927484855 0.334080451378782 -0.942533410614764 -0.00458496253521924 0 0 0 0 0 0
5.08394989963798 6.56423913231701 5.0662703634295 0.0900178026792122 0.0861630719033979 0.992205986799604 0.354327973699098 -0.933839261870211 0.0489481362667667 0 0 0 0 0 0
5.4098529717496 6.29024757462076 5.27652534246499 -0.512330711079896 -0.236428111058744 0.825602198873986 0.361305046861281 -0.931476872057095 -0.0425382173497964 0 0 0 0 0 0
5.59930957197349 5.87972832765473 5.55100831350423 -0.963450179611124 -0.240659789377133 0.117671649874749 0.24082708911106 -0.970480846741042 -0.0130091990177363 0 0 0 0 0 0
5.63036017975901 5.46394137465802 5.86804732074672 -0.682982199376221 -0.372689848088032 -0.628201872384459 0.261204823240771 -0.927783625816529 0.266438705864015 0 0 0 0 0 0
5.43678993390905 5.07228619083056 6.00181267172934 0.0809209410485564 -0.283475506219704 -0.955559228239306 0.237008538684178 -0.92573217884253 0.294697956637388 0 0 0 0 0 0
5.43786454320634 4.52913881201211 6.04965372780631 0.568442204672687 0.144981102742567 -0.809848096740619 0.469910125271659 -0.865204548076351 0.174944460201434 0 0 0 0 0 0
10.7091939052613 3.42930509177309 7.24865180672991 -0.10023286250121 0.863512202219222 0.494267184722314 -0.808616050618273 0.218754487095696 -0.546156165449045 0 0 0 0 0 0
10.177531795358 3.45258035929495 7.32267048635363 0.229495836660133 0.936302365235384 -0.265837434930242 -0.859165886944824 0.0665402078081106 -0.507352322804544 0 0 0 0 0 0
9.69268104514653 3.64976999671563 7.19277858689462 0.541375366849416 0.458412522094871 -0.704819602277973 -0.78868794497493 -0.0136042161354111 -0.61464318978946 0 0 0 0 0 0
9.31906167638882 3.93305018371383 6.89700283251574 0.689704349041535 -0.0333682085809887 -0.723321832636958 -0.710403945530968 0.162125815162405 -0.684866011882586 0 0 0 0 0 0
9.14377956264452 4.33813359826218 6.60263388524931 0.467499363057746 -0.696251071611539 -0.54468228429093 -0.649954179112369 0.146905969182634 -0.74563945796402 0 0 0 0 0 0
8.99223080902012 4.51420703529395 6.09416048283095 0.192697806587539 -0.972011573051756 -0.134391432724717 -0.542713611373128 0.00853098222974867 -0.839874489654575 0 0 0 0 0 0
9.07106000979227 4.50873792157176 5.5279484644106 -0.453131693375125 -0.838087331861126 0.303778361034637 -0.456412163957833 -0.0746053181765976 -0.886635202939234 0 0 0 0 0 0
8.94205273412713 4.25449154539882 5.04356950639853 -0.596629624205922 -0.388252580849115 0.702348222026582 -0.626175182683302 -0.32216256738293 -0.710011211720472 0 0 0 0 0 0
8.81637443575751 3.84827894235154 4.78856421309317 -0.80223249976572 0.262782568390963 0.536067475295315 -0.593428952992174 -0.449218175289156 -0.66786608593377 0 0 0 0 0 0
8.40134969773729 3.44191418147415 4.72765151488559 -0.653445307163008 0.713397384937831 0.253127244109568 -0.746314090973669 -0.551236365936677 -0.373033170754387 0 0 0 0 0 0
7.9373420318725 3.20889941415493 4.86580398988415 -0.316306612679896 0.836172111073619 -0.448069556472718 -0.858296937486174 -0.453427156655395 -0.240271056744791 0 0 0 0 0 0
7.47233197846953 3.23247441952337 4.6965576789604 0.193929052057897 0.730883528622548 -0.654370529865289 -0.823937529616928 -0.240696798660866 -0.513022415107921 0 0 0 0 0 0
7.00938092425568 3.36802358048105 4.45691120806509 0.552521678364552 0.160987944764082 -0.817803568455076 -0.709614645732134 -0.42383345762734 -0.562860777420235 0 0 0 0 0 0
6.73652050665641 3.46820060953144 4.02719058077907 0.725189290576025 -0.348882135980841 -0.593617509872551 -0.688489762800109 -0.356053650235349 -0.631828809626099 0 0 0 0 0 0
6.42383918084721 3.42993545470028 3.62162217087303 0.804453295249859 -0.53026495227987 -0.267719958436553 -0.545823360649655 -0.482030409482559 -0.685363803613229 0 0 0 0 0 0
6.34785409870524 3.44310680488413 3.16464991264064 0.0649582328054428 -0.911768879098678 0.4055341404838 -0.447641930546236 -0.389833154783185 -0.804765067239271 0 0 0 0 0 0
6.54715625250171 3.15231028210039 2.75918581318505 -0.677594046406937 -0.503051602499348 0.536474970056118 -0.457842540992683 -0.282325805182833 -0.84301384768296 0 0 0 0 0 0
6.38484071674188 2.80113140109174 2.26628913099927 -0.785574779290722 0.0846578411524535 0.612948053324047 -0.605313292032395 -0.310586139733409 -0.732892944634074 0 0 0 0 0 0
5.99596566173923 2.4558248220305 2.13129038962713 -0.568524243863262 0.7439605572741 0.351145088759784 -0.74447484799851 -0.283641963966093 -0.60440419999786 0 0 0 0 0 0
5.47110123657264 2.37201260329938 2.17939343897328 -0.149850796010032 0.909912303665512 -0.386787200632699 -0.731596730308524 -0.365192997380447 -0.575673778164475 0 0 0 0 0 0
6.32443780335678 7.54595630304009 13.4041356392456 -0.690112522208561 0.538625762057007 0.483349764807481 0.642971149337746 0.762874814151806 0.0678978574930452 0 0 0 0 0 0
6.5038547490115 7.93531608928517 13.2048756530125 -0.0667868734397643 0.126300293062024 0.989741253817678 0.622375409781549 0.78059559137722 -0.057613991544571 0 0 0 0 0 0
6.66204469380996 8.37143018034223 13.1820631516879 0.390497034719014 -0.37971690153537 0.838646016245254 0.70975159681306 0.704357085088548 -0.0115657903697006 0 0 0 0 0 0
6.85187508285111 8.85569745547558 13.3204365214038 0.595483446879764 -0.695606419971225 0.401909408930683 0.726971679985368 0.679501634685529 0.0989429378932361 0 0 0 0 0 0
7.1698287661849 9.16328844096145 13.6325413589056 0.56811726376173 -0.812383104477164 -0.131439971758715 0.819261154919426 0.573412727540269 -0.00300065574806088 0 0 0 0 0 0
7.56416517488787 9.26032122437256 13.9843488884343 0.318180898025416 -0.292197013357737 -0.901876832786251 0.671817788734848 0.740710516442024 -0.0029647211689239 0 0 0 0 0 0
8.03544321504417 9.46880282919623 13.9558631515556 -0.202048085840286 -0.0736794525086868 -0.976600178827701 0.652797570807334 0.733220884079854 -0.190374543196301 0 0 0 0 0 0
8.4937747613026 9.5302625242255 13.6822941443387 -0.677787492127907 0.341807912869958 -0.650977316205754 0.650651510227839 0.691173306284255 -0.314534692710238 0 0 0 0 0 0
8.7656560835472 9.68376769547299 13.3225358996859 -0.810633282923672 0.583502196536842 -0.0489782324412703 0.580933414485021 0.790930737762212 -0.192210655265773 0 0 0 0 0 0
8.85564093000844 10.0888271177553 13.0093922786026 -0.6758316306134 0.556113148195846 0.483724894403977 0.456236145079555 0.831086648422952 -0.318030757531486 0 0 0 0 0 0
8.81867202290992 10.4339205824498 12.6637202781332 -0.0607823037542887 0.380986462174977 0.922580526127512 0.302085916667867 0.887964687548783 -0.346789291382139 0 0 0 0 0 0
8.75062926490995 10.8645626629928 12.4343409537747 0.542096172165043 0.0409569145357631 0.839317741547097 0.500363373405122 0.786707532415129 -0.361562930893012 0 0 0 0 0 0
8.94019432842323 11.3226151763047 12.4170154708776 0.770699457713175 -0.412976670892991 0.485255206235606 0.545838591541111 0.820797397107359 -0.168380120222671 0 0 0 0 0 0
9.15319462670818 11.7221274524992 12.6326505554027 0.810432196050145 -0.556676912467766 -0.182511563279411 0.54405976017457 0.830720662028702 -0.117907417228022 0 0 0 0 0 0
9.4486392753022 12.1803455031133 12.6889557286247 0.472098351197854 -0.571681682265151 -0.671046347846969 0.581322113063612 0.774142119981567 -0.250536582026863 0 0 0 0 0 0
9.97134601413748 12.2835478782611 12.7583245765206 -0.0954250075609885 -0.256958347899008 -0.96169978443223 0.691923248380294 0.677430431694871 -0.249660226236703 0 0 0 0 0 0
10.4359359865772 12.490564205949 12.5362991961471 -0.580015150413669 0.138326247697259 -0.802775357424856 0.595626853625435 0.744287940287213 -0.30209950874386 0 0 0 0 0 0
10.7722728838538 12.8747219000222 12.2978558899791 -0.861220098226938 0.236854305191808 -0.449666521460169 0.421168465593203 0.827810092345989 -0.370604336995659 0 0 0 0 0 0
10.9491073997612 13.1649933700555 11.979378500961 -0.912456873466197 0.387963402675513 0.130026352131905 0.347011639464597 0.902105579995472 -0.256492581992393 0 0 0 0 0 0
10.8842686058478 13.506853597098 11.5699733005927 -0.53938732290184 0.519450728039771 0.662745997371344 0.388550282740727 0.851792628968234 -0.351394358260753 0 0 0 0 0 0
