t = 100
b = 13 13 13
E = -1.01238325343983 -1.01238325343983 0
15.7874076798056 4.9940610201597 10.4671254711046 0.234843663956683 -0.922141384396004 -0.307414574611587 -0.801293768673867 -0.00462728750307115 -0.598253194303879 0 0 0 0 0 0
15.3109340617418 5.37772224666865 10.0975721283132 -0.646799262901788 -0.660628297959734 0.381078686683643 -0.50942868429197 0.0023859711939211 -0.860509571569088 0 0 0 0 0 0
15.3147284576467 5.11107241930732 9.58328414305767 -0.76243872040008 -0.120993389141277 0.63564754181763 -0.562613192301254 -0.361275061350512 -0.743603877003593 0 0 0 0 0 0
15.1491176219866 4.75104849747296 9.43624578010773 -0.71499980547818 0.699078499577817 -0.00803303144485181 -0.411894511378571 -0.430503901574137 -0.803124711502301 0 0 0 0 0 0
14.7344495460858 4.53423803052673 9.1350542254244 -0.136320890685698 0.942693951442185 -0.304540192219315 -0.127801074934508 -0.321575753560336 -0.938219547849908 0 0 0 0 0 0
14.4477372990264 4.52487851364932 8.69099556529184 0.473278694524383 0.862296768469873 -0.180143166386376 -0.176841362622516 -0.107331209173391 -0.978369635671093 0 0 0 0 0 0
14.1928657901166 4.74650162475262 8.32484677647114 0.965530713928965 0.0909411987051382 -0.243885503541924 -0.249771077194819 0.0600454126518454 -0.966441388505485 0 0 0 0 0 0
14.1398745047419 4.99827596343088 7.8810092145584 0.793858562365263 -0.572553588963073 -0.204868178897703 -0.327293531697644 -0.118355223537827 -0.937481191902106 0 0 0 0 0 0
14.290400922666 5.05150103759656 7.35213815282963 0.206044031420685 -0.974384538113178 0.0901145326896932 -0.174562711188092 -0.127213495921673 -0.976393663599907 0 0 0 0 0 0
14.5411830677242 5.07687752513026 6.97892219823347 -0.467066950990304 -0.870171061899771 0.157005688829561 0.159533408431555 -0.257579929120264 -0.952996155138419 0 0 0 0 0 0
14.8038162281684 4.80816407345073 6.60878010022173 -0.874385407145605 -0.484917282653073 0.0174753756804617 0.0883666082403111 -0.194545048519161 -0.976905096027644 0 0 0 0 0 0
14.6997948144233 4.54300398515473 6.1209235535463 -0.908449566106004 -0.255925107312266 0.33048710306004 -0.338872563913341 -0.011953517211472 -0.940756344040833 0 0 0 0 0 0
14.4467194946537 4.30816471519426 5.7837211357677 -0.76888529467988 0.552476826370931 0.321845863649261 -0.430580540056616 -0.0752916097014634 -0.899406233041062 0 0 0 0 0 0
14.035010358501 4.14967471444348 5.60249694788538 0.0945640325998832 0.944263824754697 -0.315314879125737 -0.312934575820514 -0.272483665478571 -0.909848670550987 0 0 0 0 0 0
13.6841229213045 4.28369641030673 5.22999020372306 0.647723749587651 0.514679172605895 -0.561746645300019 -0.518314595505052 -0.242716055819656 -0.820023716933714 0 0 0 0 0 0
13.3461693345511 4.34685368714963 4.84742321617415 0.907140475115506 -0.168478523862154 -0.38563084083673 -0.418680583778312 -0.268866234909749 -0.867420034638644 0 0 0 0 0 0
13.3553759854515 4.49168890919655 4.35457764262858 0.55805970398811 -0.829543304938253 -0.0206705591802485 -0.639403327069201 -0.414002400918585 -0.647893044696795 0 0 0 0 0 0
13.2860733279252 4.29425693728522 3.87127973377646 -0.128470488926893 -0.846884845709649 0.516024603659777 -0.611879952356085 -0.341799014961182 -0.713285607086165 0 0 0 0 0 0
13.1788449121684 3.93622396849812 3.57068843801363 -0.770721393539573 -0.070602946086192 0.633248574845905 -0.561598742243855 -0.394204254873561 -0.727468114868068 0 0 0 0 0 0
12.9146228032768 3.48195054535001 3.45446814218665 -0.565570953079599 0.816887716320394 0.113242906874932 -0.404397076746261 -0.155032306569047 -0.9013478730429 0 0 0 0 0 0
8.83639516039936 6.70876872401885 14.5329805390064 -0.441507222832536 -0.240966572504751 0.864295367985976 -0.421212782310827 -0.794862399822026 -0.436776324183377 0 0 0 0 0 0
8.8929348021041 6.26124658605148 14.5806128859325 -0.927574435817934 0.0932378038854591 0.361818155906606 -0.26262892370365 -0.851487846404 -0.453866165141819 0 0 0 0 0 0
8.81855666304779 5.77246939390524 14.5842044763511 -0.8567506851677 0.436349849118008 -0.274912845533579 -0.276383164418727 -0.838513941350719 -0.469581427003213 0 0 0 0 0 0
8.49099525442431 5.37273225720332 14.4388949609895 -0.341606158568147 0.721329165693637 -0.602486072161039 -0.330061141835005 -0.692293244794426 -0.641708427451734 0 0 0 0 0 0
8.06305787636373 5.25776642109284 14.1638358120525 0.582259004323055 0.363569796982761 -0.727180482828464 -0.385438619049006 -0.66408447687542 -0.640647234067779 0 0 0 0 0 0
7.83179924042353 5.16982120845528 13.6595884564508 0.987224746412336 -0.123987948549107 -0.100071417925807 -0.155131575096524 -0.604668004215176 -0.781223910979758 0 0 0 0 0 0
7.74196071929241 4.86943349528495 13.1635539346926 0.90966371561425 -0.355336803313498 0.215052739359029 -0.066118210210968 -0.635052013698749 -0.769634538060542 0 0 0 0 0 0
7.92588514098289 4.86004933225058 12.6849128120035 0.586068409374027 -0.639886662078803 0.497060237021072 0.0263912812507371 -0.598055877496167 -0.801019767338008 0 0 0 0 0 0
8.27986267499027 4.68902173872468 12.4027198036551 -0.384513173953266 -0.85928221511486 0.337318386459564 0.552700261744447 -0.506975678154192 -0.661436378216165 0 0 0 0 0 0
8.65204003285823 4.4277305061534 12.4683403586078 -0.663905010411213 -0.649036048052884 -0.371459749473319 0.729428760115968 -0.452564391025963 -0.512951416696535 0 0 0 0 0 0
8.95743411352884 3.97780175021749 12.3874591747816 -0.713545843777523 0.0184107325042979 -0.700366599543752 0.656768314102638 -0.330488284586611 -0.677814779524449 0 0 0 0 0 0
9.22511108591416 3.62890607771998 12.1255638732308 -0.736211264082107 0.395059960520172 -0.549473022297208 0.36163659212097 -0.456624604050765 -0.8128425100932 0 0 0 0 0 0
9.07269838932133 3.25493722077551 11.8441977859349 0.125410748952887 0.846786874010067 -0.516937263167724 0.449089071952231 -0.513065280237756 -0.73149369352554 0 0 0 0 0 0
9.04363742935301 3.13441866059414 11.3979134298343 0.763621748503725 0.640167251343087 0.0840697063153586 0.516491956698016 -0.527516376518801 -0.674509103845699 0 0 0 0 0 0
9.2757051760011 3.06020719250045 10.8926962864929 0.721627806508892 0.360372755737306 0.591087798719839 0.678979168017959 -0.535005011164072 -0.502749368400375 0 0 0 0 0 0
9.74843724578662 3.06281163595791 10.6593966274426 0.115794582384922 -0.39131807859823 0.912941277439295 0.73996926269857 -0.579149340564882 -0.342098716139942 0 0 0 0 0 0
10.2497675523486 3.04014106529087 10.6347091439866 -0.342182599211751 -0.761984117503025 0.549810215865281 0.851759955882069 -0.498608472870797 -0.160917893154337 0 0 0 0 0 0
10.6536979026815 2.8223526487234 10.8255162072387 -0.604790570731437 -0.771326152307291 -0.198202755584203 0.79543914309196 -0.597188690072536 -0.103161223754755 0 0 0 0 0 0
10.9431358647485 2.50434573531764 11.0787868055696 -0.274390324699816 -0.348275365311314 -0.896333765752691 0.855722411629248 -0.513662242733823 -0.0623719057355397 0 0 0 0 0 0
11.2092281686012 2.10427475173041 10.9987141766683 -0.106763339309911 0.484902730334034 -0.868027033849751 0.897024410796451 -0.329608511768395 -0.294457866943817 0 0 0 0 0 0
4.34019753654352 7.50825501827516 19.4555583032795 0.955063048272148 -0.0650191874445411 0.289183469598738 0.29219216178235 0.0426620314985736 -0.955407604984056 0 0 0 0 0 0
4.59310398098504 7.74606431412058 19.119562103727 0.601383028775152 -0.768760787425117 0.217589761750723 0.463378400774179 0.113746019457132 -0.878830075016565 0 0 0 0 0 0
5.0803377311806 7.78986149757298 18.8386057823524 0.0300972942172495 -0.998902057698466 0.0359003064968738 0.413086149171437 -0.0202755023083027 -0.910466219784598 0 0 0 0 0 0
5.50608426110541 7.74660980109547 18.5459154771185 -0.65586946693344 -0.704780920267643 -0.270405430365479 0.372550064815003 0.00933990684584133 -0.927965093818969 0 0 0 0 0 0
5.65993380075646 7.60562502511925 18.0914151115534 -0.98638778864465 -0.0460296029384073 -0.157861984233226 0.149307241064906 0.151515595181307 -0.977113285234849 0 0 0 0 0 0
5.67604268280857 7.35485690575985 17.6357450374129 -0.609855192852904 0.792461955860704 -0.00898288727383447 0.402515098079791 0.299959970006071 -0.864873176952421 0 0 0 0 0 0
5.66681505164023 7.46198029410237 17.1236125496433 -0.296448893200542 0.867205588085745 0.40009064187135 0.23623811705422 0.472487600370386 -0.84908599066697 0 0 0 0 0 0
5.5226444362838 7.74265054117099 16.6600486185791 0.222613496893081 0.729202451715929 0.64707574163502 0.200829612532853 0.615194792746932 -0.762366600597747 0 0 0 0 0 0
5.44294069334336 8.10507889073342 16.4481214204292 0.94767943615719 0.135627815143404 0.288978860895078 0.171630754138451 0.546803298943733 -0.819480955543273 0 0 0 0 0 0
5.61509945001451 8.50772337999986 16.200008167858 0.822063537132194 -0.568826537180036 0.0254541061024729 0.292088126178661 0.382906112227818 -0.876394566256555 0 0 0 0 0 0
5.93610361324864 8.76838474589446 15.8677478296019 0.231324923050273 -0.958730552033406 -0.165301266097711 0.374953912010662 0.244641695775586 -0.894181192240111 0 0 0 0 0 0
6.20073121598857 8.74700842673493 15.536315579492 -0.623350167273646 -0.710249565449661 -0.327078161512635 0.52516661931508 -0.0703588324582651 -0.848085878111575 0 0 0 0 0 0
6.41128191540466 8.41360899121631 15.1874844205544 -0.873544551083606 0.0599001770950959 -0.483044393463083 0.478625869345959 -0.0747872762559685 -0.874828063394766 0 0 0 0 0 0
6.44877250981403 8.13419415885206 14.7539265267782 -0.689159467726577 0.68539700040007 -0.235138639711572 0.339956366163678 0.0192537027752639 -0.940244098111882 0 0 0 0 0 0
6.37761576557262 7.97092256771106 14.2651975771632 0.0760874517050442 0.99676112983663 -0.0260374679997478 0.328916753933986 -0.0497421274846744 -0.943047978490399 0 0 0 0 0 0
6.24041181311048 8.16181451360244 13.8331848459285 0.931674095208138 0.341539619017299 0.123830807796832 0.206726532533945 -0.21811468814069 -0.953776768203011 0 0 0 0 0 0
6.33191496491548 8.15311095187722 13.2781031443854 0.891062152654953 -0.265866102512498 0.367863365450727 0.23725998383736 -0.418091274283504 -0.876873643370293 0 0 0 0 0 0
6.62121198713982 8.2227000565693 12.8692821771871 0.276902822961779 -0.837670073982508 0.470779857035044 -0.0420362049803528 -0.500028517241252 -0.864988115187928 0 0 0 0 0 0
6.79948516942327 7.97956070130508 12.5395049149437 -0.636385758010253 -0.685013928980109 0.354639371904687 0.0590934739613658 -0.501695451459722 -0.863023542737858 0 0 0 0 0 0
6.89636981791143 7.55345038026857 12.2687133339438 -0.928031072482169 -0.222938634309705 0.29842368176758 -0.0695673109516792 -0.683308961212145 -0.726807576167264 0 0 0 0 0 0
12.0173686730763 -1.35100332308688 15.9855669412632 -0.580233061069317 0.215715489880442 -0.785363878891672 0.814037918044163 0.184291713253664 -0.550798359122785 0 0 0 0 0 0
12.1435604373401 -1.49084757962829 15.521104541213 -0.401100429707429 0.794240083505699 -0.456400191763082 0.793471721681903 0.0522764149293687 -0.60635781790399 0 0 0 0 0 0
12.278721620978 -1.39958853103928 15.024558917879 -0.18109418492167 0.966196527658265 0.183491596888437 0.722477128631848 0.257287475023552 -0.641739786673607 0 0 0 0 0 0
12.5344940778333 -1.18702260467062 14.5911917660892 0.312517804143808 0.686977247588621 0.656044879096464 0.809813228769956 0.168319849644551 -0.562023987677408 0 0 0 0 0 0
12.7229723649301 -0.878313131102402 14.2618255032317 0.536072543956316 -0.187820306606882 0.82301261232274 0.827629866341855 0.30899162824498 -0.468564806631356 0 0 0 0 0 0
13.1334047167377 -0.499829487154563 14.2488420751248 0.403610027942448 -0.700067491047177 0.589070838968631 0.914290733679415 0.332694377725348 -0.231056065356226 0 0 0 0 0 0
13.5182673931771 -0.258683206450847 14.4501433733887 0.406814891932118 -0.901805388369598 -0.145769287608259 0.910351054912911 0.413473305439934 -0.0173430824113656 0 0 0 0 0 0
13.9491680534024 -0.244765509641672 14.7433507211661 0.210721410342519 -0.664470147545727 -0.71699087179951 0.955746683408327 0.294072073638715 0.00836018300086286 0 0 0 0 0 0
14.4266749598172 -0.305757431140966 14.7915766033504 -0.107176832059973 -0.107737744339271 -0.988385403126874 0.917905605516577 0.371278717032313 -0.140005048623564 0 0 0 0 0 0
14.8035336575496 -0.31097933609627 14.5733904158675 -0.511554071480355 0.644808629636739 -0.567921000754386 0.85886290428576 0.403577762033647 -0.315403712143254 0 0 0 0 0 0
15.0528726253589 -0.180723423151732 14.1967808938517 -0.319628004589745 0.925148170667332 0.204789650599996 0.880999425893156 0.369721380726349 -0.295205203561406 0 0 0 0 0 0
15.3672559586931 0.116384498460902 13.9698448814855 -0.118618934374852 0.232191054670048 0.965410204285715 0.938925857612196 0.342535326393323 0.0329815718215812 0 0 0 0 0 0
15.5299433210747 0.576501679614306 14.0341214312893 0.298102185335459 -0.485027266164158 0.822121425444896 0.843396936519291 0.537176290390497 0.0111013743374164 0 0 0 0 0 0
15.9285673155626 0.833855657269861 14.2256815714846 0.556809603264325 -0.777180083121669 -0.293179440124339 0.689874573654257 0.629271214233717 -0.357897766914217 0 0 0 0 0 0
16.3215421473028 0.944336572267196 14.2428805649235 0.00507293843022428 -0.522466259865293 -0.852644868980078 0.757861201634333 0.558285214988886 -0.337585571051518 0 0 0 0 0 0
16.7834219460491 1.16357502632632 14.0361236124701 -0.317809042989254 -0.394540162656686 -0.86216905085087 0.709801414364596 0.503880174666372 -0.492226291195631 0 0 0 0 0 0
17.1169577675732 1.08004515291124 13.638947659116 -0.728920356342198 0.481429113532719 -0.48672489432231 0.682930619984257 0.461750777687437 -0.566031790267089 0 0 0 0 0 0
17.2720097233009 1.26455570875685 13.1759403043771 -0.605262213991761 0.789070873083582 0.104999093162301 0.580013668228607 0.527503908555973 -0.62074452967881 0 0 0 0 0 0
17.2234070742913 1.49579255943292 12.7284270086436 0.264084456106647 0.76359629742717 0.589219903430268 0.672233230677973 0.292357041774981 -0.680168981722071 0 0 0 0 0 0
17.5444430971653 1.87981864456895 12.3290918492164 0.447729757903818 0.331260796407333 0.830544609669443 0.84981337131933 0.131272726642082 -0.510474979961631 0 0 0 0 0 0
-0.322480989537218 11.8972362532715 7.14081303375766 0.999677406501909 -0.00288091858640218 -0.0252345643456559 0.0215208923888157 -0.431558973921184 0.901827978729249 0 0 0 0 0 0
-0.115315698533257 11.550946457059 7.45010158037906 0.713643896484761 0.680432717432511 0.166504372487505 0.358971192560323 -0.559331499684576 0.747186694456227 0 0 0 0 0 0
0.20202560146839 11.2022377303923 7.65107230870004 0.170466468546863 0.864521699433648 0.472803779923044 0.544593566753398 -0.482543430457578 0.685980819537284 0 0 0 0 0 0
0.72573311800441 11.0703738153868 7.82364089856477 -0.361583557645846 0.506648595917694 0.782665018443268 0.535070396506571 -0.57469147499259 0.619216746667225 0 0 0 0 0 0
1.05821226902248 11.0768058034484 8.16427928191311 -0.816722143781606 -0.200271589806487 0.541161926019524 0.538994340374332 -0.599639940605254 0.591537862419107 0 0 0 0 0 0
1.26426444436413 10.878429195195 8.67136436176823 -0.822554862707862 -0.533496026081095 -0.196940315809966 0.407979677806479 -0.794848577333289 0.44918628831273 0 0 0 0 0 0
1.14215377416587 10.4875725354933 9.06733312177423 -0.285780395730199 -0.600414068443866 -0.746881859353254 0.251903613975695 -0.799044067429386 0.545960756439405 0 0 0 0 0 0
1.00147282415585 9.96343383207453 9.20979749880927 0.556926249096948 -0.268072928786926 -0.786110716068928 0.300288402016683 -0.817464469807896 0.491506577998669 0 0 0 0 0 0
1.13280082264045 9.45807031915337 9.51577122050579 0.670996079160334 -0.152331083756134 -0.725644198401075 0.356001968851719 -0.792293217049617 0.495513931581008 0 0 0 0 0 0
1.19159384802159 8.96654248972685 9.44502200265349 0.953768452101947 0.300536514550964 0.00188233807187525 0.211643190536695 -0.67608127281533 0.705777069936287 0 0 0 0 0 0
1.46175521483353 8.51983648267037 9.59349145431705 0.578531800276955 0.757970322990182 0.301300424052913 0.43295961612311 -0.598429095859435 0.674113186368126 0 0 0 0 0 0
1.8858890492314 8.41972549506459 9.67813542533225 -0.0738893248156853 0.628578039073701 0.774228659035909 0.195157100200237 -0.752226551527813 0.629340068180955 0 0 0 0 0 0
2.23046362213623 8.1682319450661 10.0497849266789 -0.846339169928794 0.362416911437521 0.390338304228947 -0.0187601610856446 -0.752658522637854 0.658143756831776 0 0 0 0 0 0
2.28237063623412 8.11463743043434 10.5275358303719 -0.878633408407288 -0.338509122767333 -0.336771298411669 0.119022590063858 -0.838285285892373 0.532082138875975 0 0 0 0 0 0
2.23756276632154 7.77028655136177 10.9691402007845 -0.581380210735267 -0.330079428699338 -0.743669699070048 -0.031658262220946 -0.90414299314717 0.426055398247723 0 0 0 0 0 0
1.95922645432843 7.49007132459048 11.162706002972 0.485059826540101 -0.490943323444018 -0.723665404619173 -0.304736061163708 -0.870561390974999 0.386340261388978 0 0 0 0 0 0
1.72383384170555 7.08242461925264 10.977915594804 0.833327565428618 -0.537824265926645 -0.127711501742314 -0.508847250267342 -0.836606924529029 0.202887480455167 0 0 0 0 0 0
1.59264893417506 6.69182955081967 10.74283367629 0.739719620829674 -0.303294853786373 0.600688866407813 -0.511683688495943 -0.833268850803424 0.209386783747035 0 0 0 0 0 0
1.55868083040609 6.18356133821542 10.7006281457567 0.208602692402032 0.286228152102225 0.935178251279812 -0.40974987964079 -0.842665826826266 0.34931266858441 0 0 0 0 0 0
1.57699946234077 5.77351725018939 11.00529499677 -0.614816211633864 0.614876309246252 0.493890828260549 -0.469480492119936 -0.788526564676758 0.397258007242009 0 0 0 0 0 0
4.90866962936399 18.4119549402767 4.75964572848804 -0.570572287528286 0.119127570097893 0.812561312608046 -0.731423095496649 -0.523642643769295 -0.436827926076622 0 0 0 0 0 0
4.67690894813109 18.0109255792599 4.92211057387097 -0.734154091147203 0.665946916259761 -0.132410253288558 -0.630319016253557 -0.740949199952484 -0.231715819138276 0 0 0 0 0 0
4.34462095325551 17.5959995150492 5.04982223701282 -0.11508498510442 0.599962574232195 -0.791707241172009 -0.543047152797618 -0.705362768951889 -0.455590994220611 0 0 0 0 0 0
3.89558869671533 17.4888854143399 4.86573116358863 0.489089117926597 0.176376703667489 -0.85421489868134 -0.499447715848878 -0.746262348428522 -0.440050549881815 0 0 0 0 0 0
3.52128185530352 17.3845269971408 4.49358564261031 0.836269732475691 -0.184838799352929 -0.516224324106104 -0.528799673966533 -0.520832168482144 -0.670152786375671 0 0 0 0 0 0
3.50462788452526 17.3827673282576 4.06967636879405 0.368321226976111 -0.923029223882546 0.111159910118692 -0.806214406890463 -0.376652263343428 -0.456236125970456 0 0 0 0 0 0
3.37877765582928 17.1720687053652 3.68536472098176 -0.244669230867781 -0.661450248177078 0.708957358839761 -0.799040317091153 -0.276638760804612 -0.533859127189335 0 0 0 0 0 0
3.01053589687956 16.837729952688 3.47062374172924 -0.337753132145911 -0.247346536225164 0.908153353097945 -0.745085781777077 -0.519296549945799 -0.418543033639352 0 0 0 0 0 0
2.88966623417011 16.3620225219636 3.41263963593849 -0.648760576416136 0.370623372410312 0.664641279421773 -0.695827199740924 -0.642527674444759 -0.320909170441284 0 0 0 0 0 0
2.48586049884633 15.9184028820801 3.42011332239973 -0.551121009347678 0.706012162962486 0.444761125554637 -0.830397338827786 -0.516365180917897 -0.209301838509264 0 0 0 0 0 0
2.03223884144979 15.5537031119649 3.58013052959277 -0.349189332477192 0.925951784277786 0.143805783183144 -0.934418291388942 -0.355581383431279 0.0205994289937611 0 0 0 0 0 0
1.71576043741979 15.5280467519155 3.91723982693663 -0.517519531745254 0.588185441619633 -0.621459106079307 -0.817868152605646 -0.553516280709192 0.157198638490575 0 0 0 0 0 0
1.28044078587546 15.570276095278 4.09861589644638 -0.111649783331195 -0.357387255462229 -0.927258688562837 -0.731253391413118 -0.602287447518809 0.320184803056127 0 0 0 0 0 0
0.81375587013223 15.2518677263314 4.14982245826682 0.504142186950674 -0.498725935398586 -0.705062477158867 -0.625379025096364 -0.773858193301636 0.100222610370363 0 0 0 0 0 0
0.471308284360279 14.9420056981234 3.99917692005533 0.845923373847344 -0.512557004500824 0.147305677812736 -0.530190684197495 -0.778462625548489 0.33599669494557 0 0 0 0 0 0
0.452686402380928 14.4101460562977 3.94407100222707 0.715802868041924 -0.108385858800973 0.689839662323741 -0.392265275454515 -0.879697413890393 0.26881297153811 0 0 0 0 0 0
0.493496408855341 13.8529377760894 4.05971964225115 0.226811816074675 0.412000398356108 0.882503298488632 -0.360795450414473 -0.806106343276636 0.469062049508791 0 0 0 0 0 0
0.641515824577996 13.5082649070298 4.3700093043639 -0.614440964240037 0.5122496964873 0.600052122663059 -0.395267790704558 -0.858091066773598 0.327785135042587 0 0 0 0 0 0
0.542888274430083 13.1829451185827 4.77293896876988 -0.767185724842238 0.596275096472985 0.236393893585307 -0.418647931450874 -0.744704237394209 0.519759086788306 0 0 0 0 0 0
-0.223371759970004 12.5991512165924 4.52384871667815 -0.961419183973443 0.0889506553992682 0.260309303698271 -0.0506653995303441 -0.987347187651188 0.150261599644491 0 0 0 0 0 0
15.2932919616735 5.24709437728055 15.1050553248011 0.515813106268878 0.630771479461225 0.57971042779956 -0.847494613396381 0.474638576529432 0.237636491167143 0 0 0 0 0 0
14.9968218357955 5.37923217496405 15.4173864478465 0.323099697554709 0.887546507232811 -0.328432311045812 -0.945846072810098 0.314342771337581 -0.0810174589673304 0 0 0 0 0 0
14.6217786102129 5.73756135169454 15.5224631912395 0.322198483273191 0.544625549987896 -0.774319796774458 -0.893659345236016 0.444855443578589 -0.0589627763154785 0 0 0 0 0 0
14.3310354695308 6.1941950439794 15.58901620645 0.119509881078419 -0.0838095084113191 -0.989289317957328 -0.815182787600033 0.560510620485428 -0.145961868731801 0 0 0 0 0 0
14.0389153893903 6.64335331046813 15.5638335918132 -0.0142732836866474 -0.63557815211379 -0.771904583435299 -0.860001527304376 0.401625772662444 -0.314792172341427 0 0 0 0 0 0
13.7570414281754 6.90763104060762 15.2013419251363 -0.452626073736842 -0.889091251063694 0.0681643943387402 -0.803492619289424 0.373508563147474 -0.463563333324511 0 0 0 0 0 0
13.1954906128777 6.93174013747271 15.019461729056 -0.279133144623084 -0.888588811823044 0.363998092132004 -0.897850265572861 0.107095998496931 -0.427077683468345 0 0 0 0 0 0
12.9219780653233 6.61902852524537 14.8273462811663 -0.465583440188986 -0.0877331398026193 0.880644625488718 -0.879058864595991 -0.0693010467585586 -0.471649104200753 0 0 0 0 0 0
12.5845227973887 6.3267816987485 14.706414641741 -0.482233048015574 0.739994364847971 0.468891914405501 -0.875609358527177 -0.390302864929068 -0.284555662195971 0 0 0 0 0 0
12.0338818710779 6.17288292144732 14.7486785029862 -0.0653793242661753 0.997732484643654 -0.0159822728452548 -0.853685896234476 -0.0642188807399922 -0.516813627845514 0 0 0 0 0 0
11.5414026861429 6.31008405343942 14.6551744075554 0.405139672719439 0.641824592382104 -0.651093724591422 -0.790021585585614 -0.112656525701768 -0.602639528678295 0 0 0 0 0 0
11.1170225043278 6.32414187218969 14.1614409336098 0.578852634423886 0.720107128284575 -0.38259031798292 -0.689072546408582 0.181094728694169 -0.701700595001299 0 0 0 0 0 0
10.7568592141595 6.62570016558044 14.0190328960322 0.742465151374251 0.0503531866860224 -0.66798956248236 -0.668973062801839 0.0037278270892212 -0.743277299902748 0 0 0 0 0 0
10.5991246829068 6.94205658390971 13.5961176918071 0.363013048763614 -0.816075580592278 -0.449713434520608 -0.65004394522654 0.123985836450076 -0.749713533047183 0 0 0 0 0 0
10.5474271916972 7.08627699308765 13.0535236367838 -0.0367522630636017 -0.997667566353217 -0.0575212848131453 -0.504024372649388 0.0682084878098354 -0.860991889605288 0 0 0 0 0 0
10.5720092427726 6.99218484572638 12.5468233458907 -0.456391457773337 -0.84278829811214 0.285332651192904 -0.373258826565742 -0.109754445952373 -0.921212141683148 0 0 0 0 0 0
10.4773407774401 6.77240655238138 12.1185749805485 -0.820202673912383 -0.13351646785657 0.556274146907876 -0.523786039552706 -0.215731743859662 -0.824080092867776 0 0 0 0 0 0
10.1577108415331 6.59235668784774 11.6576681133246 -0.674866014270834 0.0813331296322643 0.733444466068439 -0.732564275525436 -0.19359286003174 -0.652588221444904 0 0 0 0 0 0
9.71934972693126 6.34370986817064 11.5759923934367 -0.400600473630647 0.829655754175672 0.388832341877703 -0.814193745343265 -0.127692225847876 -0.566377295185744 0 0 0 0 0 0
9.9212454168441 6.13793792946282 10.4703744441249 0.352919597036539 -0.616563760221539 -0.703773321183067 -0.81918097607816 -0.567051982994895 0.0859917264228994 0 0 0 0 0 0
7.99638935264698 11.8259405273273 7.94929442714208 0.923827122890952 0.0695758936358794 -0.37643411380452 0.177473830503357 0.793440405310275 0.582198731282995 0 0 0 0 0 0
8.32628651909725 12.0171478209025 8.28917649973564 0.351392375336473 0.403275093213383 -0.844921651840647 0.318498253469 0.797154794267534 0.512935762560459 0 0 0 0 0 0
8.67323519651553 12.4075831859437 8.47415070646202 -0.163449906669304 0.307216610343016 -0.937497777244908 0.277627316102846 0.926197564713955 0.255110063446091 0 0 0 0 0 0
9.01701573566018 12.7080371891713 8.38926893394865 -0.814687235571176 0.366287339042645 -0.449575681564798 0.263569506736902 0.924444291217328 0.275561005140707 0 0 0 0 0 0
9.18715901624797 13.2527914974753 8.37513258724723 -0.968032968165673 -0.0134856991077331 -0.250460193371987 -0.0605988142783606 0.981546936991524 0.181365361055004 0 0 0 0 0 0
9.02884556866351 13.7568424013079 8.43366194268384 -0.955039068619718 -0.295456578007836 0.0246127593309323 -0.280653493084141 0.927698039731932 0.24619090945281 0 0 0 0 0 0
8.83654533997166 14.2258720354831 8.28052945572096 -0.575139304301215 -0.470987902579167 0.668868579223146 -0.288397863111855 0.881874625231868 0.372993053453637 0 0 0 0 0 0
8.76764676620126 14.7260135390545 8.52894060897819 -0.486895415641006 -0.728438969882662 0.481984980454844 -0.376006818366631 0.672863498014457 0.637082087004142 0 0 0 0 0 0
8.33061499075787 15.0056710631513 8.71001164718383 0.252989727647836 -0.740941977088049 0.622094192460859 -0.29439473864387 0.553561243770748 0.779038951050452 0 0 0 0 0 0
7.69965589925805 14.7172101238361 7.86063565685972 -0.967848929976668 -0.226778948849936 -0.108810647923523 -0.251459013739651 0.88278397105564 0.396813337548421 0 0 0 0 0 0
7.51897475480888 15.1703552105789 7.77597420706223 -0.602581930921268 -0.441164562838625 0.665032965365327 -0.344818645442757 0.895441989532594 0.281573693971813 0 0 0 0 0 0
7.17485718443301 15.5201659967402 7.8328387386746 0.0727486183232711 -0.35741575991931 0.931107734418181 -0.458087605426777 0.817306280206108 0.349522803390591 0 0 0 0 0 0
6.76254635797261 15.8221718176786 8.06056369040462 0.827720609674492 -0.0628629807602713 0.557608140157602 -0.312971020025392 0.773072468799965 0.551731908274112 0 0 0 0 0 0
6.66821844654246 16.0019384274784 8.55180259551885 0.961073764752386 0.275528154284634 -0.0205293667992666 -0.195770962500101 0.731533091732917 0.653094989983435 0 0 0 0 0 0
6.57450656555662 16.4270553152695 8.85943767764407 0.887622653872141 0.203682445748452 -0.413085324874784 -0.0427898943683588 0.929487710856107 0.366362689567888 0 0 0 0 0 0
6.76415052177272 16.7671066265158 9.10627185708398 0.0495679399752513 0.308921953801721 -0.949794844051038 -0.261459908581748 0.921814455378416 0.286176215049078 0 0 0 0 0 0
6.90096286711051 17.2727575387486 9.11141632449553 -0.717107259963161 0.128451303384099 -0.685023678690783 -0.177278475948761 0.916926110657356 0.357517621328038 0 0 0 0 0 0
6.90522504101764 17.8363174717824 9.16560880829472 -0.867218218661789 -0.281167364891956 -0.410947045421654 -0.468709827303797 0.739516754780124 0.483141870663597 0 0 0 0 0 0
6.73443557497612 18.3124703906752 9.12397649052303 -0.797548949656437 -0.545589561649014 0.257386291634873 -0.451359798391709 0.822766972183913 0.345440069880598 0 0 0 0 0 0
6.31675388858001 18.5156446569408 9.22191868003109 -0.074742859960617 -0.447098270446363 0.891356629777765 -0.241670889154047 0.875331678547315 0.418795455881546 0 0 0 0 0 0
11.4272914006755 13.5274520039852 11.0124235779431 -0.85586243200166 0.194612207849753 0.479192639805797 0.0893743713624547 -0.856919022905463 0.507643585526607 0 0 0 0 0 0
11.4460469364718 13.3523299833816 11.4686412023731 -0.893792975981313 -0.301428623269899 -0.332076649525498 0.101604791914668 -0.85729427286328 0.504700897538132 0 0 0 0 0 0
11.2896176957515 13.088078051723 11.871539546445 -0.551837165676911 -0.339792718630208 -0.761588242387949 0.171718015064736 -0.939956292560722 0.294949303063643 0 0 0 0 0 0
11.0289127498472 12.657680634701 12.0896928597144 0.303446529708085 -0.273725085956209 -0.912685477547652 0.134558026584586 -0.935940655979456 0.325436976950081 0 0 0 0 0 0
10.3905042790791 12.8595127918881 12.7155108897464 0.285127378729645 -0.844797534141967 0.452790795187375 -0.313010263499685 0.364432378152128 0.877048240804484 0 0 0 0 0 0
10.0437672893837 12.8003236691071 13.1481991444944 0.852385262496652 -0.298195198731871 0.42955673400818 -0.310513430816682 0.372314962633976 0.874621619834151 0 0 0 0 0 0
9.9716728358313 12.6006579216239 13.6155520128361 0.748908729924333 0.641150430578438 0.167516684578588 -0.400528600434806 0.236559218135473 0.885221202044363 0 0 0 0 0 0
10.0953899756765 12.5324711682802 14.0864563876026 -0.19377539858711 0.965066571576348 -0.176345136956703 -0.378768667153786 0.09221914400674 0.92088540343585 0 0 0 0 0 0
10.1477643409258 12.6058885142879 14.5734122638101 -0.66378534928698 0.611954223718387 -0.430001207143872 -0.433892824333587 0.153215824959252 0.887841161455065 0 0 0 0 0 0
10.1320300853148 12.937312236292 14.9093426160117 -0.940884222531299 -0.294986858798219 -0.166492140739535 -0.251732915847056 0.280064043941792 0.926387969681228 0 0 0 0 0 0
9.91942229436871 13.404236476758 15.1222250703109 -0.580196776553257 -0.796658037903913 0.169433382543987 -0.361475340908941 0.438283038910324 0.822948088106592 0 0 0 0 0 0
9.53074351484428 13.6068180459815 15.4065598275066 -0.176412631675934 -0.94310953218565 0.281820853887237 -0.601580576496657 0.329919882736138 0.727498234332786 0 0 0 0 0 0
9.01684341373228 13.5824834907025 15.5284155119984 0.360972015452338 -0.650766998996503 0.66798317125311 -0.755726219894928 0.21556200676678 0.618393808023657 0 0 0 0 0 0
8.68274460085315 13.3839178714549 15.7985217727932 0.57483631187868 0.246106898871591 0.780381066449927 -0.793731104654702 -0.0640923234938357 0.604882722164212 0 0 0 0 0 0
8.54273340775627 13.1195328460256 16.139067756205 0.171083219240276 0.903657688531511 0.392598158493222 -0.746062551924298 -0.141443968173081 0.65067985406316 0 0 0 0 0 0
8.23610764305286 13.0400106989164 16.6006864922957 -0.0735777730926983 0.986986347091574 -0.142983432472261 -0.819744372273286 0.0218002302713384 0.572314523742314 0 0 0 0 0 0
8.11368189445641 13.1417068809843 17.02710588681 -0.622658876011865 0.389023736784466 -0.678937741138235 -0.75271113160422 -0.0606789607034944 0.655548637468677 0 0 0 0 0 0
7.81759352652731 13.4145778054637 17.2094112434662 -0.563021191676845 -0.665590403885398 -0.489894429421745 -0.652992233092621 -0.00506608057489133 0.757347660159005 0 0 0 0 0 0
7.41477509478332 13.5179990693188 17.3847289656856 0.120671060485056 -0.992386954385245 0.0246298178513173 -0.829548527689405 -0.0871807117857104 0.551587494148367 0 0 0 0 0 0
6.905823492452 13.4494443264766 17.4736859508518 0.644581419028331 -0.645643895735132 0.409461541714708 -0.703620005460605 -0.291479708489853 0.648042025993909 0 0 0 0 0 0
12.1571894034488 -2.54044700469001 7.04879607646477 -0.0580971773172203 0.591678329051703 0.804078026635696 -0.872048400979913 -0.422150483578902 0.247629876150834 0 0 0 0 0 0
11.7504373911602 -2.75122112798226 7.24006614511867 0.113699669437541 0.820065814812332 0.560860450153138 -0.804832663481337 -0.254958711236853 0.535948168536828 0 0 0 0 0 0
11.4395102642287 -2.90483001921308 7.71316736089371 0.217788748350319 0.97412018547316 0.0604807849299133 -0.715111332964471 0.117094256367835 0.689133308287621 0 0 0 0 0 0
11.4136468443438 -2.95006645588204 8.18686880822125 -0.444448427430898 0.808672561821341 -0.385375509226405 -0.569862225790854 0.0766958943290896 0.818153276232366 0 0 0 0 0 0
11.2803801155346 -2.74962490239906 8.61557788221021 -0.551025463987508 0.437065322694613 -0.710876108569704 -0.698081101889523 0.225322171218683 0.679641592563322 0 0 0 0 0 0
10.9901994401912 -2.3773471656357 8.88041475423729 -0.628950322067749 0.0150264736779582 -0.777300262099325 -0.736215151140132 0.309759412976923 0.601694571442942 0 0 0 0 0 0
10.7308132671746 -1.94353883569911 8.92378652761425 -0.685859160573992 -0.683879210335011 -0.248810043061567 -0.726300760131175 0.621808564849683 0.292986884540001 0 0 0 0 0 0
10.3445633171727 -1.65035015826043 8.85744213501051 -0.25200369296692 -0.713510852744552 0.653755613166554 -0.653192021880941 0.623867002176956 0.429103887358092 0 0 0 0 0 0
9.87622397030701 -1.54612537989221 9.04671369842894 0.478799837798436 -0.165345497384859 0.862213188149395 -0.717839837523234 0.491671953874671 0.492914452453648 0 0 0 0 0 0
9.48115661905171 -1.46288761914286 9.44399221286694 0.754392120784429 -0.145969507435708 0.639988617865463 -0.628102538794539 0.122774215566353 0.76838381864269 0 0 0 0 0 0
9.29646975888889 -1.69460207997805 9.75618986610622 0.512807175128404 0.690514134986471 0.510116683240916 -0.755713364611111 0.081146734558528 0.649855767088853 0 0 0 0 0 0
9.17472938828814 -1.69796451690719 10.256474359776 0.126637408135878 0.989059102948424 -0.0756641112779922 -0.80127690531549 0.146961938831232 0.579963369138945 0 0 0 0 0 0
8.97455696816825 -1.62885389491058 10.6991304412143 -0.133065544274092 0.815165026494955 -0.563737120036032 -0.801066762684508 0.246467407348647 0.545477642838822 0 0 0 0 0 0
8.86661286639793 -1.33083430991582 11.0696226285483 -0.390870467516755 0.480415593347898 -0.785124916998194 -0.725842119637352 0.36365278027821 0.583874877654694 0 0 0 0 0 0
8.55789787860227 -0.954490951803093 11.2542237306383 -0.481270297128689 -0.130517288315315 -0.866801095149562 -0.834553277208885 0.37071142202597 0.407546155765693 0 0 0 0 0 0
9.05476685543048 -0.435212985699165 11.2172213765362 -0.579660914080251 -0.181778162596693 -0.794323563977941 -0.704691495835459 0.601286301571439 0.37664927882544 0 0 0 0 0 0
8.66289384068685 0.0326927458510161 11.1767594639988 -0.605388643996304 -0.720022860132928 -0.339222155240948 -0.79581428765983 0.540306039141293 0.273402640118791 0 0 0 0 0 0
8.34271229479187 0.237818910414503 10.904859478308 -0.522744057349619 -0.615287302186358 0.590051003112351 -0.757619503672206 0.652629582598228 0.00934428023675355 0 0 0 0 0 0
7.85844063062086 0.325156661603934 10.6270889356598 -0.102194369191383 -0.105851578365976 0.98911665351616 -0.826172876705851 0.562856234448945 -0.0251244330788417 0 0 0 0 0 0
7.36111435973748 0.338871361225816 10.765454464538 0.400263162221416 0.505140290194973 0.764606230807892 -0.830617443830168 0.552445954821402 0.0698436039054841 0 0 0 0 0 0
11.2394525822096 3.32764545907948 4.05818797909266 0.954217933367509 0.183185053643994 0.236455855840547 -0.296828792233052 0.677423909122738 0.673044957971112 0 0 0 0 0 0
11.3047786800392 3.42858875523638 4.64798438047718 0.705799983284256 0.622591360081654 -0.337973936787468 -0.0388160337257633 0.510358496563915 0.85908528127935 0 0 0 0 0 0
11.5823053584212 3.64656759598357 4.95378100955852 -0.337018606747857 0.86825610765314 -0.364073880179216 -0.0245669445753868 0.378454857348188 0.925293675642383 0 0 0 0 0 0
11.7448374828008 4.00000817359887 5.33201762342991 -0.841419890573537 0.392491741864178 -0.371433439953432 -0.18475566342772 0.436982974844974 0.880290420558476 0 0 0 0 0 0
11.6931688818606 4.45604581773197 5.6363783932608 -0.926725177103555 -0.239553635234162 -0.289472800049474 -0.360901139365981 0.353134290512736 0.863160784830034 0 0 0 0 0 0
11.4052755216951 4.8515146641555 5.8686503931026 -0.599166426181409 -0.797704549961762 -0.0683157720244795 -0.518974859679987 0.321996828393847 0.791822667978405 0 0 0 0 0 0
10.9307215333455 5.07791868651776 6.07598102805288 0.140932924110237 -0.916754796098871 0.37376269842168 -0.482236042692858 0.266147617629803 0.834633958545847 0 0 0 0 0 0
10.5238435932764 4.9879670229777 6.40064903659736 0.720845159572535 -0.620018808673615 0.309772388717582 -0.311346333840459 0.109637620065326 0.943950768139162 0 0 0 0 0 0
10.3662835847774 4.7476751073658 6.90441450388789 0.976501871228565 -0.0863728538137652 0.197443221233792 -0.187683096172509 0.10945375083259 0.976112151261205 0 0 0 0 0 0
10.4087629012821 4.45267691907389 7.34383392799297 0.828520207640822 0.545969358384828 0.124385389960667 -0.0774920033110219 -0.108202360109995 0.991104050384959 0 0 0 0 0 0
10.6092739177091 4.33379148486807 7.78749722220752 0.350200018131538 0.929649959777821 0.114502836583928 0.224893287917458 -0.20211968835319 0.953189719116653 0 0 0 0 0 0
10.9908394305776 4.31990473735772 8.1770011829798 -0.144664959532845 0.985262162830951 0.0912716822296855 0.128818896169451 -0.0727035550329727 0.988999436337174 0 0 0 0 0 0
11.3131898332834 4.45380108936307 8.51474543876228 -0.825607132393328 0.536143259415455 0.175850130294623 0.178886092000295 -0.0468673027441659 0.982752879427147 0 0 0 0 0 0
11.4702090256793 4.65715908211221 8.9343243418606 -0.954197327102419 -0.284733042333579 0.0918398364222323 0.128926220792583 -0.114335399500671 0.985040834693244 0 0 0 0 0 0
11.4498334012771 5.40612879375417 8.47525208077876 -0.729483681053824 -0.139823145019098 -0.669554364628542 -0.663473142271217 0.38264713521273 0.642949888714701 0 0 0 0 0 0
10.996986725542 5.68365391267304 8.77216907326899 -0.566902900396458 -0.570820735722837 -0.593956891694106 -0.818572213918147 0.309355001469384 0.483982451817231 0 0 0 0 0 0
10.4861632837268 5.8209105885572 8.8301084910341 -0.18239820784431 -0.936800036853288 -0.298557506565924 -0.977733567331383 0.140768245814396 0.155632169822897 0 0 0 0 0 0
10.0158968028699 5.87035816755089 8.58104406231768 -0.0217683583575181 -0.851240111536674 0.524324719124942 -0.990332326078821 0.0902243266151085 0.105363441525793 0 0 0 0 0 0
9.55985283880281 5.68498089302456 8.50539651109509 0.120858361511244 -0.218810539941261 0.968253687864617 -0.992513369016206 -0.00932252018005056 0.121779731242894 0 0 0 0 0 0
8.97900754673257 5.73837855554664 8.60839423817503 0.430374596225924 -0.426842592234258 0.795350934102746 -0.901750348514225 -0.242649547074474 0.357725462134057 0 0 0 0 0 0
4.81012791273228 13.1396126649365 11.0588194251319 0.706362752788087 0.570151480798495 0.419498451030419 0.52029665218644 -0.0163788712006581 -0.853828511061662 0 0 0 0 0 0
4.90300270150663 13.4609000890147 10.7293936656885 0.885715000438947 -0.268031057409023 0.379036001273806 0.397646913225094 0.0167122389267592 -0.917386305474748 0 0 0 0 0 0
5.30107063490143 13.495261808326 10.377127957445 0.42014742900619 -0.705737692821586 0.570447584647664 0.608206445660451 -0.247532796973656 -0.754196548573037 0 0 0 0 0 0
5.71705183860767 13.3863651208429 10.109673044255 -0.226545436391871 -0.867824134940815 0.442219895599737 0.398318393350766 -0.496869295347299 -0.77101450106956 0 0 0 0 0 0
6.08542826667435 12.9991532180942 10.0161175111527 -0.878173617312703 -0.47771908480929 0.0244043820838299 0.281287402802957 -0.556999783125586 -0.78142730859781 0 0 0 0 0 0
6.28688584493569 12.5359569160358 9.80269773646005 -0.941765782314663 0.170684092268065 -0.289731171791847 0.204440293059877 -0.393460775809361 -0.896321808544837 0 0 0 0 0 0
6.21140134126891 12.2383157843396 9.40009233217886 -0.748195953890157 0.639336285666896 -0.177346915428647 -0.107895948948763 -0.380986510994528 -0.918263438584299 0 0 0 0 0 0
5.93749389390936 12.0217140467349 9.10959238181919 0.184024775764917 0.873712025432842 -0.450291215236 -0.140229960605156 -0.430091802527212 -0.891827673683414 0 0 0 0 0 0
5.66292085973752 11.9689176177288 8.64618927380486 0.834628563055872 0.532998912239565 -0.138950787269205 -0.0283593822042061 -0.210348017545611 -0.977215153871258 0 0 0 0 0 0
5.66563786210669 12.1324295324793 8.12850731991971 0.948947837178859 -0.181458832085627 0.258012973649942 0.184174132630344 -0.345319190559491 -0.920236135728867 0 0 0 0 0 0
6.0252002785255 12.1637954005835 7.74906796029873 0.345569603847352 -0.79477799306218 0.498908399048201 0.211214068399803 -0.452142970198565 -0.866576800872273 0 0 0 0 0 0
6.45235326114809 11.9202144007919 7.44531882691098 -0.474096475570459 -0.808109418510013 0.349559293349606 0.35733607972815 -0.539443192958477 -0.762438173031283 0 0 0 0 0 0
6.62103543857542 11.5424180532728 7.11528524092168 -0.71141339512689 -0.504555753673445 0.489197784816174 0.130258891814786 -0.778703098808687 -0.613721520731456 0 0 0 0 0 0
6.7584237790231 11.1518008640897 7.10063860345198 -0.940032308591397 -0.0910412033758789 -0.328710751409503 0.308053569812104 -0.640346436386866 -0.703604604541969 0 0 0 0 0 0
6.76425992323804 10.7352820722635 6.8237608712231 -0.690799754200201 0.455361239302349 -0.561642093630784 0.325069954716443 -0.49824956642218 -0.803789085582006 0 0 0 0 0 0
6.66867125356527 10.3433074659228 6.47545488946658 -0.279076111475954 0.80838238126488 -0.518299575211078 0.309999521667208 -0.435002544642573 -0.845383393922893 0 0 0 0 0 0
6.58538908435252 10.0803093522968 6.0412398697379 0.486098732343526 0.873901333398309 -0.00211704952095483 0.50568247734619 -0.283254839310416 -0.814893814010298 0 0 0 0 0 0
6.75483557977393 10.2501788298201 5.57563754582263 0.904247924563324 0.215373260339022 0.36871404862557 0.426466490418839 -0.412038315162458 -0.805202309601705 0 0 0 0 0 0
7.06440675012207 10.375261419938 5.26708882755563 0.584736530770952 -0.638691763056319 0.500155997050884 0.511067952846293 -0.188773525392756 -0.838554770831512 0 0 0 0 0 0
7.39898810305338 10.3665477499803 4.89859056080923 -0.0358419327305571 -0.890922502253089 0.452738832923832 0.503203548204958 -0.407497694612625 -0.762057621154291 0 0 0 0 0 0
10.9559850180924 17.9131991003759 13.3097981108758 -0.694626360780133 -0.262008720623422 0.669959438493575 0.543539874574641 -0.801224202629059 0.250208276979024 0 0 0 0 0 0
11.2621273159511 17.781835802213 13.7061603344778 -0.773920973026374 -0.631716206987698 -0.0445079918552221 0.597007746485946 -0.751231459334074 0.281483649867217 0 0 0 0 0 0
11.5576246145489 17.420198591991 13.9063298083155 -0.862686713095513 -0.413052480126296 -0.291820636196237 0.368377586490416 -0.908563321145868 0.197004175691498 0 0 0 0 0 0
11.7135096019626 16.9344401228331 13.9964047050071 -0.943792824481001 -0.173053217221324 -0.281616207750057 0.146453451302764 -0.982733747113927 0.113074174261544 0 0 0 0 0 0
11.6193333436197 16.5141772443695 14.289156770825 -0.5637384171061 -0.0915385212905944 -0.820865211955434 -0.0318761063473322 -0.990688018689934 0.132367531775527 0 0 0 0 0 0
12.5921002584151 16.4647485644517 14.0515776381528 0.618440969999349 0.779050555872193 -0.103009698676831 0.773776936774061 -0.580828149383214 0.252800144384101 0 0 0 0 0 0
13.0298460664072 16.2918072233374 13.8487895302165 0.240874823658499 0.59752577426548 0.764815185790611 0.765620830562816 -0.601289193960247 0.228639561395092 0 0 0 0 0 0
13.5552764753714 16.3342501716274 13.8234672510076 -0.330151025283644 -0.202547161779334 0.921940859144064 0.838905365543819 -0.510697641222242 0.188217180171815 0 0 0 0 0 0
13.9396685353319 16.1111582055264 14.105371600036 -0.733889676511316 -0.333090386382317 0.591993865854872 0.560156281862935 -0.789741682570828 0.250066020681916 0 0 0 0 0 0
14.2610111299111 15.6671894438218 14.3536977816264 -0.917767927920634 -0.294674115263822 0.2662126899187 0.387715739059694 -0.809894714546416 0.440167078545382 0 0 0 0 0 0
14.3264723535477 15.3179087747433 14.8157281556839 -0.789437416178925 -0.319642596744949 -0.524039288873351 0.0499134111200672 -0.884319330321741 0.464206821804318 0 0 0 0 0 0
14.0078240014698 15.054413266526 15.1458376637739 -0.0982633329818636 -0.515248542492075 -0.851389016167749 -0.264169035684318 -0.811330793487471 0.521495027900178 0 0 0 0 0 0
13.5812141801574 14.8117340546725 15.2133446103324 0.704121958457074 -0.646434685914462 -0.293827269778089 -0.444684744940892 -0.724036409283036 0.527282424938838 0 0 0 0 0 0
13.3314074208268 14.5446332486985 15.5104114187593 0.969063945655768 -0.146750226181127 -0.198442536634315 0.0778652538357473 -0.581186681471338 0.810036445800699 0 0 0 0 0 0
13.3949877833321 14.1063968029232 15.7204351821926 0.753612727375455 0.613288954079079 0.236525930803195 0.17069544725369 -0.530082503743068 0.83058750503023 0 0 0 0 0 0
13.7483371486293 13.7363877396526 16.0760067523886 0.399779311281092 0.865358563889627 0.302210288002408 0.385357590542511 -0.457826208087204 0.801183306490944 0 0 0 0 0 0
14.1832082248233 13.6336565099107 16.4555776571691 -0.17869208867172 0.94374155271742 0.278246328135076 0.40837735598707 -0.186148215587806 0.893631230961902 0 0 0 0 0 0
14.5471841731641 13.7114727703117 16.9490395056707 -0.661233832597419 0.706759628538553 0.25151669148702 0.167122555905077 -0.18806821872411 0.967832834953275 0 0 0 0 0 0
14.6348585281748 13.9327203679231 17.3685179105226 -0.993149934109225 0.0324612894349558 0.112247374432821 0.108979542530049 -0.0892027281382971 0.990033500747639 0 0 0 0 0 0
14.6142007093289 14.1926869346291 17.7757241581311 -0.688039933563009 -0.697981444304781 0.198552142342566 0.325996318866231 -0.0528474732333398 0.943892761206758 0 0 0 0 0 0
3.75132060474079 3.37076408359282 2.75707033382553 -0.257297622263594 0.963394949710608 -0.0752868145799483 0.881551908851976 0.202098612161963 -0.426640812583192 0 0 0 0 0 0
4.03142311094678 3.48989983362778 2.33417552027974 -0.0993384376648283 0.869966778305022 0.483000703361695 0.833911659744048 0.337612634926231 -0.436587966486817 0 0 0 0 0 0
4.2170374704328 3.76468375254043 2.05002386073154 0.547430760097363 -0.103706806338919 0.830400181369323 0.73806686152668 0.527528369076792 -0.420679364522835 0 0 0 0 0 0
4.44715401513947 4.2319652161227 2.03119061141504 0.593583968854461 -0.728275398997323 0.342451478510866 0.80447714685598 0.548483661283452 -0.227996038324273 0 0 0 0 0 0
4.91363867649183 4.38741510013925 2.17243715970594 0.381632576393425 -0.792220493452034 -0.476175667574408 0.904218879484937 0.426820318467878 0.0145819657791543 0 0 0 0 0 0
5.40574179136344 4.35434906945937 2.22709607704122 -0.0775475844750622 -0.176748290103843 -0.981196419728207 0.865368263707521 0.476796668129352 -0.154281254300644 0 0 0 0 0 0
5.84384164262997 4.33271611098407 2.12920748890986 -0.467362736113796 0.577242681540329 -0.669599103568962 0.827886704394452 0.551460512643794 -0.102444656676354 0 0 0 0 0 0
6.19424012117204 4.39981806264659 1.8350229164672 -0.517459940837173 0.850125507532829 0.0975798702132787 0.797729896672218 0.520513616938625 -0.304454572205448 0 0 0 0 0 0
6.5231157729624 4.7618115581764 1.64201559063394 -0.466275767781741 0.594990370752702 0.654655151275166 0.806461676916826 0.590056264941145 0.0381204389823368 0 0 0 0 0 0
6.80675004524188 5.29887377945743 1.60945311935428 -0.52869345269104 0.0928355086222074 0.843720807744176 0.443053913913545 0.878029763916048 0.181016471746134 0 0 0 0 0 0
6.70533631007141 5.69498248140283 1.76498273092096 0.399647677876507 -0.291115063520212 0.869214446129112 0.411339619047264 0.904355413548723 0.113758532810384 0 0 0 0 0 0
6.64443553362547 6.15119225455376 1.94162311056129 0.724653718322846 -0.451132798977849 0.520918598446328 0.39061120669532 0.891662037141921 0.228826783231217 0 0 0 0 0 0
6.70326285280271 6.42307908359336 2.31189187207413 0.935950469627753 -0.180896031044279 -0.302114786721895 0.283343655504279 0.896298050751748 0.34112487025148 0 0 0 0 0 0
7.02949319077773 6.76179087972328 2.51379764019918 0.669521711208194 -0.217418880216814 -0.71026031055249 0.450606680588532 0.879044225999578 0.155675521986559 0 0 0 0 0 0
7.45230315297487 6.43196496122142 2.56762337154487 0.473012930871205 0.222127859365156 -0.852594851803884 0.593057283926997 0.635370616623739 0.494557617990363 0 0 0 0 0 0
7.8969281919148 6.59020113799175 2.75020420777376 -0.191077703761205 0.527202261918938 -0.827977708729469 0.423057630295965 0.80538437876518 0.415184590139602 0 0 0 0 0 0
8.18311974293152 6.93773444831201 2.67783545122268 -0.814395363666005 0.580303513237697 -0.00283269541292279 0.499687940164792 0.70372521563395 0.505057207982242 0 0 0 0 0 0
8.31497964235385 7.33578736699456 2.57719297753655 -0.53843906253869 0.108092266938377 0.835702960243997 0.573016850711676 0.774115965651501 0.269065346196637 0 0 0 0 0 0
8.34215438672539 7.79767009423037 2.63423811472413 0.249865019151157 -0.529487896389823 0.810684920163975 0.396671930124786 0.819736063144473 0.413139403387621 0 0 0 0 0 0
8.36031961956071 8.12813933711918 3.01007505677937 0.840895778145977 -0.469312934436826 0.269517457443052 0.323223490750797 0.834938397975421 0.445426140468998 0 0 0 0 0 0
4.51401465570411 8.0293315350037 11.4121940118406 0.791350136257193 -0.127633594322034 -0.597891819183171 0.610133725754763 0.226868193229988 0.759122954202527 0 0 0 0 0 0
4.86090670848066 7.90863310836397 11.6688317804003 0.409540715375653 0.742458591319683 -0.53012417660883 0.652669371842699 0.16755776406235 0.738882322674512 0 0 0 0 0 0
5.29358678238857 7.93277269666469 11.7751116670317 -0.375618733811321 0.919672565750624 0.114511740077789 0.698964051404644 0.199981092424707 0.68662713135779 0 0 0 0 0 0
5.68392690799575 8.19036804238631 11.9631911714225 -0.610926610969091 0.710096430273364 0.35004533381099 0.666567435301839 0.222803945383783 0.711369282522481 0 0 0 0 0 0
5.97332823262659 8.58975182653345 12.1048944080121 -0.742825954839747 -0.0422967890227085 0.668147126353759 0.618905922007868 0.337153445175271 0.709424424523172 0 0 0 0 0 0
6.02034024043178 9.07186939703837 12.4788695931724 -0.431102744067441 -0.61632140957262 0.659013159322285 0.587140616780809 0.36297228007079 0.72354476020939 0 0 0 0 0 0
5.98615612127958 9.36816500296355 12.8067683441152 0.281994837658955 -0.882857150855928 0.375555805062646 0.621218269710271 0.46632612868044 0.62978393365351 0 0 0 0 0 0
6.02018266527443 9.56293413978791 13.2855200688372 0.762264747155527 -0.623796521748298 -0.172714662662567 0.536971279902627 0.460454888704374 0.706854398039637 0 0 0 0 0 0
6.31540584613132 9.51550781736518 13.6539600833779 0.763080761990297 0.071235192495051 -0.642365392927188 0.617673610347765 0.212160007655659 0.757276331487726 0 0 0 0 0 0
6.73166108816945 9.282460004951 13.9192030276332 0.446920553752974 0.620896717832442 -0.644010313906569 0.644013604504088 0.27635122322389 0.713355786852754 0 0 0 0 0 0
7.18997590447568 9.30299863609067 14.0611319144116 -0.0720327338456897 0.921692190862993 -0.381175537720999 0.64015305469438 0.335790418717037 0.690976744372263 0 0 0 0 0 0
7.69755632552703 9.42975652550571 14.1758541667914 -0.543030259608654 0.835301965811181 0.085957914477582 0.665720029853398 0.365859076407243 0.650356808269453 0 0 0 0 0 0
8.01339273411587 9.86041969289476 14.2065392726958 -0.697067305513965 0.376522872998301 0.610186608909607 0.685266661488008 0.600246667671032 0.412448227784895 0 0 0 0 0 0
8.23566810987076 10.3185837039618 14.1504891034165 -0.370822145421008 -0.167791816443577 0.913420408574237 0.644363163088837 0.6618021270261 0.383163227251624 0 0 0 0 0 0
8.27342624080134 10.840915687397 14.3888177961658 -0.0364242935384848 -0.572749872820446 0.818920541947986 0.681539697682805 0.585085755061081 0.439520533885544 0 0 0 0 0 0
8.38699334335983 11.2211175203605 14.8491168446509 0.332805841729203 -0.904968930457485 0.265087733811944 0.648981015533064 0.423754664518171 0.631866778503795 0 0 0 0 0 0
8.31747489820549 11.2134875434814 15.3379817229082 0.836850893556265 -0.500600122212554 -0.221540288875084 0.521467680233262 0.605814903698105 0.600882485124501 0 0 0 0 0 0
8.5335393881544 11.1900042445594 15.728364081405 0.692960477089494 0.396482684685745 -0.602168795219649 0.149864989712858 0.737758727964358 0.658219221969989 0 0 0 0 0 0
8.48293817704416 11.0804987965496 16.3741695646971 -0.0762425873616714 0.93588659525082 -0.343952538444223 0.165050231282228 0.352043647434437 0.921316281987212 0 0 0 0 0 0
8.86087414492803 11.3748987188403 16.5563930524114 -0.667696304048975 0.74381285494614 -0.0303987232661407 0.420248988168909 0.410320333004869 0.8093380086625 0 0 0 0 0 0
9.974042081479 9.59480834031209 0.433956977001478 0.873011459059919 -0.404292856550917 -0.272760478244137 0.232894946613862 -0.145791447676401 0.961511725163113 0 0 0 0 0 0
10.0952197703015 9.24479675253743 0.791120515578976 0.765746841822562 0.641344365410051 0.0480539196689713 0.225540738520482 -0.337758194256186 0.913811127903593 0 0 0 0 0 0
10.4179209176359 9.01435792748562 1.12649946909161 0.131519541131966 0.971956203169881 0.194945503718412 0.267810819564785 -0.224178555625256 0.93702792921119 0 0 0 0 0 0
10.7704399007299 8.98440787993301 1.41546616759712 -0.664832056086865 0.664023993305194 0.342155627623359 0.244008770030891 -0.239868140865131 0.939639822030717 0 0 0 0 0 0
10.9059252832668 9.10578813737084 1.91988465473402 -0.989907007834002 0.140831880864583 0.015827102491485 -0.0110725604719561 -0.188196809269899 0.982068917838878 0 0 0 0 0 0
10.8327825897641 9.21382336566384 2.48745258763643 -0.93873776043964 -0.306169672956114 -0.15821361662865 -0.0790714597473511 -0.255489094278744 0.963573052216618 0 0 0 0 0 0
10.5427433586168 9.26762459831964 2.91216706933434 -0.368559077465678 -0.872945456491116 -0.319578529330688 -0.208382804088347 -0.257448696740575 0.943555390799531 0 0 0 0 0 0
10.2003955993849 9.20768973290934 3.21629721497569 0.526553716890721 -0.84969186611033 -0.0276571129099081 -0.156493355304898 -0.128852652188231 0.979237879051599 0 0 0 0 0 0
10.0748336147016 8.90198031763538 3.55896266722287 0.991069409219558 -0.0323940683876148 0.129352427277168 -0.132150045590052 -0.108918077494962 0.985227495477744 0 0 0 0 0 0
10.1024258699392 8.62749462281067 3.98655237579468 0.70024383402198 0.712517109478965 0.0444740555148652 -0.189132639344347 0.125082403132948 0.973952379308725 0 0 0 0 0 0
10.3640085124386 8.60623483115665 4.42526073543353 -0.0727506368815606 0.995823112479509 -0.0551694977768505 0.0257241465290787 0.0571712210506118 0.998032925192818 0 0 0 0 0 0
10.6405494014187 8.68647530615643 4.84225974403691 -0.813384174230638 0.579273532604665 -0.0533700246848064 -0.143343171833877 -0.110665245010021 0.983466287493108 0 0 0 0 0 0
10.6785327278401 8.8480079992609 5.26380325181109 -0.964296789123261 -0.125480939794317 -0.233208568099252 -0.228546336420965 -0.050553046131528 0.972219605662927 0 0 0 0 0 0
10.4532920074876 9.12527296531694 5.5599853631632 -0.2357509611668 -0.971328076115287 0.0307124219023309 -0.108068099201325 0.0576101982653879 0.992472846475325 0 0 0 0 0 0
10.0839452269826 9.00974196887625 6.00970484728929 0.482068974549231 -0.875666867754192 -0.0285839202107579 -0.33729045490213 -0.215596840176091 0.916380462219705 0 0 0 0 0 0
9.73604337813283 8.71084189214169 6.18029744965083 0.902738569656185 -0.189267692392056 0.386316988329133 -0.429080591519252 -0.331708562485761 0.840154316512817 0 0 0 0 0 0
9.59410814267984 8.48332541164339 6.64654524724142 0.955519385891387 0.267530273481892 0.124138052008441 -0.074999382129561 -0.186659350124106 0.979557746991687 0 0 0 0 0 0
9.88102363534783 8.25699525146473 7.00860315012147 0.467455078800561 0.878036457691816 0.102653437680234 0.12872892250882 -0.182493297737884 0.974743587201511 0 0 0 0 0 0
10.1569243657461 8.10928103254405 7.38789731081686 -0.340255076673213 0.939997103742085 0.0251381732549932 0.0766085052718145 0.00106611893013422 0.997060680355236 0 0 0 0 0 0
10.3142900072883 8.32413709683261 7.88900193176783 -0.935883225602235 0.342167339826811 -0.0839291343467781 -0.132848459063236 -0.122101291552622 0.983586580594564 0 0 0 0 0 0
4.79266278906941 12.2213909280154 0.125442921532493 -0.911894478248986 -0.205634807998715 0.35519401216566 0.211554998006725 0.506098720976508 0.836127123973572 0 0 0 0 0 0
4.68829853275167 12.5882643533285 0.46321972113272 -0.497745304288518 -0.801072190823129 0.332464971310606 -0.0138270599984433 0.390603345103694 0.920455234764626 0 0 0 0 0 0
4.46841907181758 12.8115465524243 0.923449341921334 0.229098447898974 -0.923883830972551 0.306516831573347 -0.0769483859308027 0.296717391069423 0.951860145052623 0 0 0 0 0 0
4.22557056868849 12.7403790315457 1.40329158647684 0.958049839424519 -0.286351159034234 -0.0119799373288384 0.040935066653325 0.0953464377840606 0.994602120005773 0 0 0 0 0 0
4.28567724364136 12.4704355347824 1.8436432835735 0.892367258675816 0.433667505831145 -0.124952671158344 0.140517639225398 -0.00387710952734873 0.990070583891993 0 0 0 0 0 0
4.59301541091849 12.2934094669432 2.22218513020251 0.23352682216153 0.972349299350357 -0.00143644840093931 0.19640081690873 -0.0457221690737876 0.979457095728431 0 0 0 0 0 0
4.91672982444361 12.3484354608745 2.63841145261676 -0.441501222469606 0.895923512705704 0.0489666206605666 0.0947431533040147 -0.00771904415294066 0.995471823438201 0 0 0 0 0 0
5.14134111455299 12.5961929346582 3.0179534093385 -0.939878339083867 0.295936459067272 0.17044154398408 0.154629792657589 -0.0762207171257982 0.985027933362044 0 0 0 0 0 0
5.25657618562748 12.8032510040174 3.48270361744293 -0.978910010512247 -0.203480855952263 0.0181860545431908 0.0522033696932276 -0.163086395897121 0.985229737505907 0 0 0 0 0 0
5.16008381771496 13.0277158937634 3.91876605826216 -0.260920468237104 -0.952896302668762 -0.154625824541481 0.142144729224428 -0.196351575711804 0.970175723603309 0 0 0 0 0 0
4.74173454259081 13.1829760420018 4.34301195937722 0.519788325832099 -0.842326352748793 0.142500567695642 -0.222546973560561 0.0275358721402882 0.974533026790016 0 0 0 0 0 0
4.51731545791084 12.9634929159958 4.77558170877863 0.96470065923432 -0.047954386149681 0.25894596911687 -0.25798504919119 0.0253544307701281 0.965816166376471 0 0 0 0 0 0
4.40812767770458 12.7591130027772 5.23292224250649 0.688828679708445 0.724909866205532 0.00455366764250447 -0.234010123140246 0.216408589423112 0.947843122405699 0 0 0 0 0 0
3.72221015729035 12.1982001288204 5.50269319355053 0.266258433223315 0.753579213422939 0.601019813179506 -0.83763042367863 0.489421363933731 -0.242573703960682 0 0 0 0 0 0
3.30849357772841 12.4613132289494 5.63076625786755 0.656756830376013 0.713996696042533 -0.242650332360785 -0.730913253118939 0.52352428002094 -0.437822046776591 0 0 0 0 0 0
2.92507727577374 12.8037896928247 5.40541606146164 0.887786963341252 0.338156772531364 -0.312224766654553 -0.457591676338939 0.575630128422971 -0.677687105526638 0 0 0 0 0 0
2.75571857704531 13.3241692323051 5.27400701086144 0.710924323734723 -0.460887042970776 -0.531196516878623 -0.383459308890047 0.379131955188069 -0.842150769744254 0 0 0 0 0 0
2.97165668933491 13.6092218989768 4.87508577250603 -0.0323186958438146 -0.817599514158556 -0.574879584214509 -0.36990016496056 0.544123479218989 -0.753062751253023 0 0 0 0 0 0
2.91528280608897 13.7898987925441 4.39724385668849 -0.498117523547915 -0.86423541021835 -0.0705413953591138 -0.641408590013364 0.421984832743949 -0.640721329121429 0 0 0 0 0 0
2.70616868048233 13.8656831198265 3.95152744638763 -0.621156755399311 -0.642530707801467 0.448685385046077 -0.712496292388992 0.224583829676801 -0.664763970729192 0 0 0 0 0 0
3.3896714519349 7.47900033229933 8.08192974749862 0.506128144038498 0.821841272204396 0.261555395879359 0.475284485803818 -0.518844091815725 0.710567003133495 0 0 0 0 0 0
3.80132900788363 7.31355351474641 8.17083181012038 -0.326426409795553 0.457745358758856 0.826991526874799 0.336505958228095 -0.761318101421024 0.55421880924927 0 0 0 0 0 0
4.20055792042959 7.28077667740937 8.43948406888319 -0.813200575072787 -0.134379794857455 0.56625691645697 0.450768079324701 -0.760868673567613 0.466783676069956 0 0 0 0 0 0
4.36900037916523 7.04711116432601 8.88931928220444 -0.930522228815927 -0.365918385660999 -0.0152353770773061 0.279691864172003 -0.736875287715814 0.615456961508866 0 0 0 0 0 0
4.26527213627582 6.77362768285439 9.35799433460193 -0.375343451171718 -0.616404202343469 -0.692216117260943 0.265870177053986 -0.787035964296869 0.556675345112912 0 0 0 0 0 0
4.18342151366203 6.36498238882732 9.6828415888693 0.297593759347537 -0.478693637965238 -0.826008689644974 0.364891081318484 -0.742487363900319 0.56175351643099 0 0 0 0 0 0
4.23894050733094 5.91310720933828 9.88919473934306 0.721055860159626 0.137820961119103 -0.679031537710633 0.538698720783807 -0.727850253549696 0.424308492294857 0 0 0 0 0 0
4.62975950806586 5.45654641289745 9.87485073337038 0.738878974337117 0.551542372365169 -0.387116097273585 0.633516481195679 -0.764337006210338 0.120190719237646 0 0 0 0 0 0
4.8069477137371 5.13399775924591 9.56843178280791 0.733591253187304 0.475652002697403 0.485385460821633 0.509282992435312 -0.857683876087185 0.0707757184081878 0 0 0 0 0 0
5.2337918341662 4.82468380999573 9.51536225989726 0.298864489614793 0.526598548923834 0.795847966083097 0.669072342098592 -0.710282726727139 0.218725053781605 0 0 0 0 0 0
5.72272353284368 4.78179781379515 9.64855593412463 -0.410029566383186 0.033672578209772 0.911450444164862 0.65902934272664 -0.67989614607109 0.321592220028676 0 0 0 0 0 0
6.14122954782605 4.48913829352479 9.89298531048468 -0.682752051470891 -0.110625082642069 0.722226922305399 0.45027823745649 -0.842161178823202 0.296671632880854 0 0 0 0 0 0
6.40176548339374 4.2401545142892 10.2121955713119 -0.911970671021196 -0.36534700388503 -0.186630817255301 0.328147557745091 -0.922633587568518 0.202648571266558 0 0 0 0 0 0
6.39893841586962 3.81369339956437 10.5122504052439 -0.271410454068622 -0.0805910406913337 -0.959083650982828 0.386923252744107 -0.921554503440717 -0.0320576617059494 0 0 0 0 0 0
6.34882325047369 3.32518117850097 10.5370086307564 0.234832023234126 0.216981476167423 -0.947508817829139 0.19930678179541 -0.964805071046211 -0.171545858632246 0 0 0 0 0 0
6.15582769884606 2.89466590821195 10.2369491755131 0.957470904134516 0.173389374148467 -0.2306200179261 0.111238727921392 -0.959333421913246 -0.259432709985948 0 0 0 0 0 0
6.19632164323797 2.49152028635673 9.88214061023994 0.932714044756852 0.14319374637602 0.330968369655038 0.248847379130805 -0.919820067657275 -0.303324949575033 0 0 0 0 0 0
6.50768521598429 2.15103721670643 9.57625223363837 0.668175511241218 0.524289861127517 0.527884104417273 0.718473389600978 -0.638970106998011 -0.274796635347362 0 0 0 0 0 0
6.934414355691 2.10527683149523 9.38679632235796 0.0493313873273691 -0.372997203201037 0.926520102657554 0.724641496599197 -0.625038409889116 -0.290209730315441 0 0 0 0 0 0
7.48107677353012 2.01820557625224 9.39798354511217 -0.478478119581702 -0.615847850731836 0.625931397064038 0.803515928617346 -0.594564597158415 0.0292419606739273 0 0 0 0 0 0
13.5108102145667 2.09876857746507 -6.32220378008373 -0.648121274254446 -0.725652133906825 0.231014706058432 -0.496466532820005 0.632644613575288 0.594375112789775 0 0 0 0 0 0
13.0841755086544 2.41890003274426 -6.31796924654634 0.0576022033393286 -0.700340742511662 0.711480730974964 -0.53002418562753 0.582480547530444 0.616271672558871 0 0 0 0 0 0
12.8945898024756 2.5763460434835 -5.77966419771616 0.501980639918774 -0.779193216106775 0.375331012733985 -0.455203858970285 0.13097045040718 0.880702099406322 0 0 0 0 0 0
12.6716063928833 2.43345171825659 -5.41572920075295 0.94604336318681 -0.179538292137806 0.269755364407143 -0.179751965722932 0.401883071737152 0.897874839534917 0 0 0 0 0 0
12.61833343777 2.24843168370266 -4.91683238666517 0.842008113851566 0.524309776125038 -0.126970842589323 -0.0206204531390346 0.26647310613839 0.963621751839018 0 0 0 0 0 0
12.9381418304005 2.25877367768152 -4.5355536216092 0.229036160155016 0.92892147803838 -0.290942133388133 0.0884681457413287 0.277786017239887 0.956560670221755 0 0 0 0 0 0
13.2415473445948 2.42790324803972 -4.19787963501466 -0.635114606346979 0.769379359646698 -0.0684458746336031 0.251049480106362 0.289412978191945 0.923695992517233 0 0 0 0 0 0
13.4128324269663 2.87555732715387 -3.89946831887216 -0.983229618551968 -0.0653257269221861 0.170270568813991 0.129608642812341 0.40653256536855 0.904396413639069 0 0 0 0 0 0
13.2900123998929 3.27222944020164 -3.60976628047936 -0.313181383125773 -0.796906900249095 0.516581855661625 0.386708594819775 0.389799674848244 0.835770707898236 0 0 0 0 0 0
13.1585368236125 3.39720982566177 -3.18995753095542 0.345436523950928 -0.86107360964001 0.37312979873259 0.40388591767134 0.495309843717165 0.769119187267915 0 0 0 0 0 0
13.1553771105488 3.56810881858287 -2.71614801824679 0.827062446263205 -0.486082196885705 -0.282297374858302 0.543978900106721 0.565605821555469 0.619820143962138 0 0 0 0 0 0
13.4429817846307 3.52758981959303 -2.33518311888456 0.706161529538814 0.260763223295274 -0.658284464024528 0.452830962193184 0.548395012308166 0.702998598970668 0 0 0 0 0 0
13.8010722319808 3.61788765211169 -2.02736951761056 -0.138137603699198 0.791542708534245 -0.595296684864375 0.242242513888648 0.609805697680013 0.754622803486551 0 0 0 0 0 0
14.1371575357497 3.97999353356837 -1.76358037818065 -0.745613626914644 0.544539041229518 -0.384106172738769 0.0639466142758741 0.632216338176184 0.77214851697439 0 0 0 0 0 0
14.3094815327182 4.44719417286221 -1.72374795761089 -0.960258066492076 0.0901123485237017 0.264167012286628 0.216539201191981 0.837695400414558 0.501375299024025 0 0 0 0 0 0
14.2453139020294 4.86841728973237 -1.86129147537944 -0.445294795732904 -0.112407595346102 0.888300105483332 0.0464205560083375 0.98785598120639 0.148275730902394 0 0 0 0 0 0
14.0502768184372 5.34291391378434 -1.83876320716066 0.0934737989458538 -0.262083844571798 0.960507525907577 0.146425326254952 0.957859817154423 0.247111704522524 0 0 0 0 0 0
13.8556764531109 5.68618537592948 -1.60100938622838 0.829919655623635 -0.217903420745953 0.513567390355695 0.106080864130358 0.965407675959594 0.238190825733598 0 0 0 0 0 0
13.7656243766643 6.08443884342444 -1.27248685703457 0.990276270127843 -0.129369058853445 -0.0511522769098439 0.132773769548802 0.988673811347757 0.0699658550644822 0 0 0 0 0 0
14.0386112364537 6.51560503037849 -1.07935148434424 0.756054946890902 -0.199817339439155 -0.623260738488519 0.257891442776925 0.96616897395929 0.00308504471464938 0 0 0 0 0 0
12.6951654752176 7.2100592119719 6.91704407513314 -0.603834256216225 0.518072664566469 -0.605792790687375 0.69654586036946 0.712459738248311 -0.0849999163371116 0 0 0 0 0 0
12.9588669964426 7.41761261426352 6.58490502440431 -0.579113583842028 0.785910436204731 0.216730808317901 0.79934686361721 0.59963450616241 -0.0385103965792325 0 0 0 0 0 0
13.1500435566274 7.72989556799783 6.32488791677219 -0.0342980380450396 0.20949909128817 0.977207130211242 0.87815965890399 0.473127710363745 -0.0706100783145464 0 0 0 0 0 0
13.5642397644421 8.16096648731403 6.35375856611619 -0.193999528154726 -0.186087833709061 0.963190272594783 0.760164054873468 0.592108989002953 0.267502438905189 0 0 0 0 0 0
13.7850044109903 8.57619348098403 6.53693526178063 0.195513974004323 -0.736377458934897 0.647705584306343 0.743911471950255 0.541718776903071 0.39132657544747 0 0 0 0 0 0
14.0196280359839 8.78181282816023 6.91711296179489 0.399157870180395 -0.913555245975734 0.0780372169113293 0.772009946639905 0.380785728506619 0.508923246919153 0 0 0 0 0 0
14.1377053257392 8.88157175660469 7.39795190766122 0.667735771614318 -0.515184673702336 -0.537320845760565 0.743809479273487 0.433056225857135 0.509126471310692 0 0 0 0 0 0
14.5524764929561 8.79575252911282 7.71421435094374 0.473035996418226 0.264555227950361 -0.840385314874522 0.781684710141291 0.314022479737369 0.538849604389683 0 0 0 0 0 0
15.0143064927273 8.76112142103134 7.819833001961 -0.19656079446653 0.821892951931552 -0.534654869653243 0.722991309249642 0.489830187934931 0.487185748700758 0 0 0 0 0 0
15.5269575186836 9.00187120258629 7.82028545181956 -0.704632581304289 0.708631837226949 0.0365218377524219 0.696977114217482 0.681552907748185 0.222954112312519 0 0 0 0 0 0
15.9377575382249 9.27473865578545 7.58144320258747 -0.709891422555245 0.465518910982636 0.528532223899386 0.691401399560662 0.603627582453913 0.396985952379173 0 0 0 0 0 0
16.0996979737112 9.74995405119425 7.64539938820084 -0.531631888105372 -0.102237715976313 0.840782364813549 0.654789047367788 0.58004581469659 0.484559755138778 0 0 0 0 0 0
16.2153056487359 10.1877451903211 7.85181704676534 0.0268954746219801 -0.73908523944608 0.673074767227082 0.864762664729118 0.354966661651689 0.355224158534369 0 0 0 0 0 0
16.6546289283399 10.2948888828106 8.15917159603545 -0.525427645908525 -0.649313113217027 0.549834766015607 0.75372065598897 -0.055385538305194 0.654856942302822 0 0 0 0 0 0
16.7416655739163 10.4715234109108 8.58147194578778 0.0749980727789862 -0.996546343851349 0.0356465094497128 0.895956582109703 0.083034744195328 0.436310708361274 0 0 0 0 0 0
16.9351075971346 10.4678296860313 8.96568512304326 0.457918768619294 -0.510008669246133 -0.728149406811526 0.888962594991023 0.269583928381067 0.370229672319032 0 0 0 0 0 0
17.338527563939 10.2662534424829 9.18552460967237 0.220657326235473 0.389109048497915 -0.894373799233664 0.860103067279444 0.354772364556511 0.366550519033152 0 0 0 0 0 0
17.8687120427083 10.3042680446151 9.27732489013817 -0.280197113581754 0.700607076451986 -0.656231134559962 0.90346643637446 0.423490180880156 0.0663661438003187 0 0 0 0 0 0
18.2740426518652 10.4452417309783 9.0808883599959 -0.346560790033268 0.847616296744248 0.40179874602229 0.931854624336829 0.360157080342944 0.0439754088203087 0 0 0 0 0 0
18.6019372867473 10.8250425567813 8.96603180159233 -0.302889278276612 0.277106000284073 0.911849960087534 0.929466946131115 0.297317872453287 0.218387908936251 0 0 0 0 0 0
-2.49683818028578 -1.65289514281584 0.888049767954794 0.769409698000038 -0.0835401876788926 -0.633269100514202 0.429183277925925 -0.666663050471915 0.609394856463558 0 0 0 0 0 0
-2.28817210692117 -2.16326255189762 1.01945432247525 0.790765485851029 0.48628795415888 -0.371771397537195 0.608811420224691 -0.561760766436929 0.560154885630919 0 0 0 0 0 0
-1.8418705578403 -2.46784646185691 1.06204705518885 0.468002032404984 0.878676211451939 0.0943515399623886 0.690611950428928 -0.430256718101413 0.581321159474998 0 0 0 0 0 0
-1.34407757573207 -2.75768522834856 0.938810698286417 0.0638164417865826 0.775094933280207 0.628613797304078 0.850020375487333 -0.372244385555683 0.372692203673013 0 0 0 0 0 0
-0.906638600928334 -2.66994616580079 1.11878498090795 -0.360965304677844 0.402488070484784 0.841253470683045 0.775300442030437 -0.371810622270656 0.510554684391513 0 0 0 0 0 0
-0.518222728544424 -2.53389758518901 1.39355424457056 -0.632578102578536 -0.291814520981272 0.717418447966466 0.76084635196349 -0.407285296514096 0.505204429857136 0 0 0 0 0 0
-0.193495966881119 -2.73401582375148 1.83125475428437 -0.847205330022462 -0.41570453952576 0.330806385366441 0.512706556273202 -0.47661815100594 0.71411982557982 0 0 0 0 0 0
-0.120831805996262 -2.75670392242398 2.36312905524268 -0.645412511803123 -0.737472215236616 -0.198940748369919 0.405491534065997 -0.551521305253205 0.728972472493033 0 0 0 0 0 0
-0.229478004219267 -3.0230648407255 2.79159089285782 0.150161521845279 -0.675648803327782 -0.721768807804027 0.333068058316878 -0.652799989096537 0.680380660192945 0 0 0 0 0 0
-0.380281453585344 -3.38864568829636 3.23841176885268 0.592982796703086 -0.399144195619438 -0.699324898682651 0.328116973155704 -0.673339711793572 0.66253519487563 0 0 0 0 0 0
-0.282467682199725 -3.90926615558198 3.33343009354139 0.815978072824704 0.188487860858531 -0.546490723597627 0.521527941396192 -0.647835993535612 0.555263119451289 0 0 0 0 0 0
0.0480029516535694 -4.25029151325975 3.2698833025914 0.766845589210444 0.625912242230562 0.14206233608665 0.515199338801727 -0.732283058642312 0.445343870872525 0 0 0 0 0 0
0.374898769326072 -4.58194415975934 3.41988922076223 0.17915246305979 0.805094193898545 0.565444722258917 0.570500446883797 -0.553258076501203 0.606988254327526 0 0 0 0 0 0
0.78845663060807 -4.60759101267923 3.60781802233063 -0.425451868316221 0.293728389862182 0.85598734846679 0.625091439222906 -0.588590329958584 0.512661795035949 0 0 0 0 0 0
1.14819193522808 -4.70160238568902 3.87638998523213 -0.798751083823601 -0.226988325731053 0.557201046366964 0.554173923830087 -0.638176464973756 0.534436209196538 0 0 0 0 0 0
1.30424148453505 -4.68533934352133 4.36523420117133 -0.512517621156818 -0.844140513864022 -0.157329211709533 0.526178044830009 -0.453535679968215 0.7193344508187 0 0 0 0 0 0
1.27485487446917 -4.95323840266801 4.78761482152859 0.0519988899077013 -0.733085290176925 -0.678146055635939 0.691372254200764 -0.46358770207626 0.55415778313131 0 0 0 0 0 0
1.26081975081196 -5.29029112491429 5.09073721268235 0.858145452385546 -0.00584354426509172 -0.513373388032949 0.489807782078136 -0.290358207540135 0.822058664530566 0 0 0 0 0 0
1.46568142661517 -5.72252295317404 5.24374264771591 0.646227010739634 0.763131712997791 0.00454303946439791 0.393843989973069 -0.338597948638425 0.854539841517026 0 0 0 0 0 0
1.95897133931874 -5.6905032250205 5.43868274681624 -0.137738368425066 0.808446302069725 0.572226107874665 0.597471368391824 -0.392967174000254 0.699002692491421 0 0 0 0 0 0
4.73875867611008 5.01361280316787 10.651933207934 -0.316478854586337 0.411386903296909 0.854752566767423 0.475815694395143 -0.710670199708726 0.518215488202763 0 0 0 0 0 0
5.16526325405088 4.94834483675755 10.9348378871156 -0.838160089942631 -0.181560782011535 0.514318331447286 0.516769909085185 -0.565969065079009 0.642361174447585 0 0 0 0 0 0
5.34550851015611 4.87260006671838 11.4436483958094 -0.705300244410537 -0.69855576408107 -0.120712094272077 0.554147606194962 -0.649472326668104 0.520678526003056 0 0 0 0 0 0
5.372219657559 4.56586214075103 11.8557492159465 -0.286421004241138 -0.763421178526585 -0.578922371744759 0.598995183076012 -0.614273126214681 0.513685990720186 0 0 0 0 0 0
5.29126302916933 4.19694146989523 12.2138763948877 0.331296612400581 -0.537346477011427 -0.775565160547653 0.369520722039105 -0.682432030943981 0.630667074711668 0 0 0 0 0 0
5.3231608320419 3.74600597550101 12.410430032471 0.862729564000872 -0.0518367368785222 -0.50300164225244 0.440202605767877 -0.412512858191527 0.79753044311915 0 0 0 0 0 0
5.60668897312946 3.4235824808416 12.6876002411643 0.696418889097952 0.601454770623486 -0.391475273550992 0.572412218354826 -0.136542443934433 0.808517416808394 0 0 0 0 0 0
6.14483055320886 3.29775999867653 12.8240936567564 0.358840624295622 0.931644110582397 0.0572071461642876 0.715007699631555 -0.313761662410528 0.624754038537546 0 0 0 0 0 0
6.65261129520306 3.19683563413162 12.8755301746004 -0.248154837002843 0.681650244490161 0.688311064169824 0.566398338844427 -0.474332769608228 0.673944615996049 0 0 0 0 0 0
7.04840994909723 3.04661528330994 13.1288661242859 -0.737065997056096 0.234439562409986 0.63385472117885 0.598013647969465 -0.210662560682099 0.773305219411531 0 0 0 0 0 0
7.18926402008158 3.23084350808061 13.5955719010657 -0.847382372049012 -0.461439845988657 0.262709695433107 0.416276471263345 -0.270172692019835 0.868170844914348 0 0 0 0 0 0
7.19719930667258 3.14177908266606 14.0260726188124 -0.364390105997037 -0.88660757791342 -0.284862867776702 0.32987807342431 -0.408950790941227 0.850846465152445 0 0 0 0 0 0
7.02421933562648 2.88618857983255 14.4341541752785 0.308823275639873 -0.835006434282814 -0.45540360025955 0.220769780435866 -0.402799200436871 0.888264323370987 0 0 0 0 0 0
7.18654964494273 2.77070740204994 14.9797675904419 0.203052216521313 -0.723659956338975 -0.659610540362458 0.58595845411506 -0.449905517606832 0.673971598272522 0 0 0 0 0 0
7.19005288805586 2.40528114116569 15.2877738183183 0.802074990179485 -0.0658850522638452 -0.593578023529148 0.464919895432775 -0.554969619795028 0.68982476900684 0 0 0 0 0 0
7.26270859111552 1.88291347815796 15.4877121339634 0.812213779029858 0.424802010659569 -0.399814993332697 0.558045858635006 -0.366083915835513 0.744692813331011 0 0 0 0 0 0
7.64853318093962 1.5322207093597 15.6531208275862 0.459723072025716 0.880126781227877 -0.11845482688643 0.6597702066006 -0.249207235289429 0.708942189717611 0 0 0 0 0 0
8.09194753725087 1.45178413723815 15.723106997081 -0.212761768796197 0.824806610454379 0.523857313673744 0.727985920180789 -0.223798871709982 0.648035928818664 0 0 0 0 0 0
8.53503528256891 1.58142788780997 15.9210496713976 -0.602191336883517 0.207903839381358 0.770805803917521 0.661500761303147 -0.410610027850914 0.627547725534585 0 0 0 0 0 0
8.84056694400902 1.74932480090074 16.2773135215159 -0.551696346791421 -0.810643854929344 0.196182775498499 0.747813863829574 -0.376618860873732 0.546747344482308 0 0 0 0 0 0
3.2602952884962 14.3522602196645 6.2874422036823 0.77805783225879 -0.105520902972963 0.619266783136738 0.384209799456025 0.859851180643455 -0.33621239886122 0 0 0 0 0 0
3.42359601721595 14.7823902989652 6.51021443084652 0.905189706082462 -0.42454520597228 -0.0198233218281107 0.405281000790887 0.876280955183836 -0.260535982121548 0 0 0 0 0 0
3.65796312792915 15.2752746316201 6.71543388368911 0.577405512687944 -0.569397723845994 -0.585140244724779 0.517488348581781 0.809567577302141 -0.277139219280207 0 0 0 0 0 0
4.11064376222898 15.4592408978761 6.86958824201743 -0.0574967594046591 -0.116907511589072 -0.991477057925202 0.610387521905465 0.781761679858265 -0.127576443778964 0 0 0 0 0 0
4.60634639031138 15.6195395629395 6.69947062102548 -0.628369113032989 0.286543749307341 -0.723218457673078 0.569985890044748 0.802283248452931 -0.177363114546704 0 0 0 0 0 0
4.92666743864189 15.7296696903318 6.31422004281236 -0.70155839612322 0.711702772979195 -0.0359858272482476 0.703021933053221 0.682977286918797 -0.198247792419362 0 0 0 0 0 0
5.06987804409522 16.0788949755592 6.00764619452973 -0.330906707635599 0.561732704228173 0.7582592695393 0.7920490991596 0.602140502944526 -0.100424296035261 0 0 0 0 0 0
5.19350591160586 16.5220509287522 5.7420052593772 -0.00507799078610891 0.104796894218598 0.994480681044993 0.817397719704408 0.573321727705936 -0.056242015987284 0 0 0 0 0 0
5.4318816100895 17.0317870032053 5.80461327494296 0.232743075311185 -0.434163221517934 0.870248790849986 0.779138841675043 0.618770881024727 0.100325780281827 0 0 0 0 0 0
5.73243131560925 17.3459542081782 6.08100688475698 0.507000925142696 -0.784093467032704 0.357976950181271 0.810893225037347 0.574699882486248 0.110327796401558 0 0 0 0 0 0
6.04330429165458 17.4331973599847 6.41379298096667 0.598096913042675 -0.516523056113025 -0.612767504941706 0.744024517205703 0.642021622910464 0.185029061263989 0 0 0 0 0 0
6.50233381754605 17.4280460222897 6.57066086438708 0.0632940956711145 0.264417900969993 -0.962328961997819 0.831577018662469 0.519167153161722 0.197345202906968 0 0 0 0 0 0
6.85710339536028 17.6709686737349 6.38780147082074 -0.513376810595656 0.844265408257052 -0.153818629441252 0.856614953706905 0.514913799098488 -0.0327811010138265 0 0 0 0 0 0
7.37575041940978 17.9992053046267 6.27546989331651 -0.704785713150182 0.709415439462335 -0.00261396095058451 0.705577664607995 0.701346452331909 0.10135735300299 0 0 0 0 0 0
7.73751109095919 18.4404455465681 6.11876400115531 -0.749061243905353 0.347241999992595 0.564207626960243 0.556258905106689 0.79221583917938 0.250938427991442 0 0 0 0 0 0
7.92246759334138 19.0343290726698 6.15281503344187 -0.809540674970973 0.0111247199289483 0.586958376866744 0.17189763131493 0.960491091759913 0.21887911503423 0 0 0 0 0 0
7.75000156249158 19.4650671819583 6.11088932193664 0.052716375829542 -0.0320292196848027 0.998095743306112 0.135586260541243 0.990459528635852 0.0246229179198405 0 0 0 0 0 0
7.49854840474885 19.8797579059354 6.33200945676078 0.815608368403196 -0.165441964634506 0.554447423773032 0.218816564113413 0.975277521038728 -0.0308718030920516 0 0 0 0 0 0
7.50471760344564 20.3043548467094 6.69729444767141 0.942629512471686 -0.258965597026117 -0.210680852889622 0.287389945690355 0.950593045402951 0.11738773848932 0 0 0 0 0 0
7.77842310717643 20.8078044007975 6.75253211437555 0.594402601283097 -0.457223678081676 -0.661537645028121 0.357942268650017 0.887079768177428 -0.291490681161439 0 0 0 0 0 0
5.55850056316624 6.5564445299321 10.9988797661636 0.09482212557817 0.899703082770482 0.426078780689823 -0.346818249963877 -0.37133668495221 0.861293311190036 0 0 0 0 0 0
5.56649145816523 6.4001078943894 11.5103312895738 -0.31583351355348 0.947989394303905 0.0395638724567933 -0.3039918679005 -0.140602375267349 0.942241962724832 0 0 0 0 0 0
5.69479762963265 6.6692648640643 11.912958575544 -0.907788909035447 0.401216747676092 -0.122247364047053 -0.1148452630494 0.0425500487061375 0.9924716917425 0 0 0 0 0 0
5.6012904252342 6.98521263852422 12.3263451450129 -0.867957633998278 -0.47177381334868 -0.155174142892934 -0.228554510676124 0.102042373235462 0.968168471762054 0 0 0 0 0 0
5.23561793938478 7.15718050353959 12.6432075755379 -0.187713143370916 -0.981509865268679 -0.0374454294416504 -0.37675785012037 0.0367429375967656 0.925582777988785 0 0 0 0 0 0
4.74270107096583 7.08500386341926 12.922476110946 0.499080709204066 -0.820403300729801 0.279028439145572 -0.361092111665192 0.0958200147564101 0.92759420635602 0 0 0 0 0 0
4.47178953030518 6.8845851035075 13.2727315128751 0.901000369585548 -0.289591398399326 0.323009529239972 -0.350076354815409 -0.0456088348843836 0.935610164534163 0 0 0 0 0 0
4.42334582747915 6.56957045690619 13.6579019708438 0.748145769959508 0.511092890945718 0.423157138326231 -0.416255255253749 -0.135127077151322 0.899150841346532 0 0 0 0 0 0
4.38398766483766 6.34464107021463 14.1439634989331 0.256267129449852 0.963909753677447 0.0721466917399367 -0.307408644057849 0.0105090148383043 0.951519566885329 0 0 0 0 0 0
4.65861587705363 6.48892122772949 14.5298207982039 -0.64429961456288 0.764045906113666 -0.0333445651504393 -0.248478022267182 -0.167901458056708 0.953974723371967 0 0 0 0 0 0
4.64258853806864 6.57575051064004 15.0813906595084 -0.837823092893307 0.439837965323827 -0.323411547837255 -0.345381187948516 0.0317559140738248 0.937925048675324 0 0 0 0 0 0
4.54381341491596 6.99437354371886 15.3105443419112 -0.810462175938349 -0.551132961410746 0.198503199520558 -0.087948986059553 0.449503897959653 0.888938255206836 0 0 0 0 0 0
4.24949773362196 7.20340456234573 15.7251454859222 -0.104705668670099 -0.934713055948924 0.339629542276542 -0.00928780523856809 0.342410895743336 0.939504398685869 0 0 0 0 0 0
3.98976332717726 7.28250447169741 16.1405362643275 0.479597523726148 -0.78950458325438 0.382973534667963 -0.133081936739818 0.365950459809051 0.921069736273602 0 0 0 0 0 0
3.735780766569 7.23594291592306 16.6324721188819 0.860439944339421 -0.488526160400757 0.144863013876099 -0.0519156574286143 0.198767019821457 0.978670749713636 0 0 0 0 0 0
3.79373768956026 7.05193498577807 17.0536319511398 0.964464440930711 0.262744002435604 0.0278196219300372 -0.0404481678100648 0.0427771898396538 0.998265524672785 0 0 0 0 0 0
4.08521277010833 6.76015786817952 17.5417036507367 0.5862746162001 0.80968681996224 0.0262550562532408 0.0548557008743177 -0.0720127321212236 0.995894079957314 0 0 0 0 0 0
4.49458338773711 6.65398850954625 17.9021446153013 -0.0231671938489912 0.977687299180651 0.208784161635906 0.190120498671454 -0.200720469402278 0.961023147040615 0 0 0 0 0 0
4.76541508468056 6.74185747078668 18.3510959675097 -0.66776337667211 0.657652473033733 0.348690833673725 0.0317201673188926 -0.442869313899417 0.896024889046906 0 0 0 0 0 0
4.90836855964127 6.80397160903195 18.8186613014784 -0.999574606486895 0.0291199246947562 0.00162359241822844 -0.00587375585312245 -0.255526779866233 0.966784135039137 0 0 0 0 0 0
-2.68353632929913 -0.207590239501864 3.25209886140511 -0.529325192034756 0.835021647807262 0.150178855937226 0.649796613788332 0.285191399230168 0.704578048561234 0 0 0 0 0 0
-2.3185196411208 0.105412722448783 3.3621505216313 -0.739759464569085 0.162404842063831 0.652978255269409 0.672179802831687 0.222353435905293 0.706210494262344 0 0 0 0 0 0
-2.32168193431566 0.542715039215246 3.67816809953449 -0.305532122083268 -0.621129742447727 0.721697973824311 0.651945438914723 0.415954998406778 0.633994151375788 0 0 0 0 0 0
-2.20404088729014 0.832513948368283 4.12030513614916 0.186349733194182 -0.938445473292175 0.290850254591403 0.451617871758196 0.344726201110539 0.822924750008464 0 0 0 0 0 0
-1.95042247329366 1.03938058975097 4.52320540867718 -0.215299448843744 -0.974077016527377 -0.0694270350850942 0.551284819459321 -0.179916602478222 0.814687095752963 0 0 0 0 0 0
-2.05444149331653 0.87186803009034 4.94656566781713 0.489169873103848 -0.816780221959601 -0.305913229957762 0.193837293794084 -0.240162629472255 0.951182955555639 0 0 0 0 0 0
-1.94098752801814 0.604477547686355 5.39219270261642 0.749840839707583 -0.455121572855216 -0.480211483649052 0.376338092012938 -0.303557069145856 0.875341502655758 0 0 0 0 0 0
-1.89071438196365 0.159398790541975 5.74707710668148 0.904442285114911 0.220512870460647 -0.365182456940805 0.407199482846815 -0.191067911101069 0.893130244990483 0 0 0 0 0 0
-1.57107390810265 -0.173467788382293 5.8981674938675 0.614128260777608 0.77431217529927 0.152601227051369 0.43770641901761 -0.495073819212649 0.750543139520296 0 0 0 0 0 0
-1.21073301645935 -0.437438542502823 6.2259817104205 -0.0165594858424573 0.929471210193074 0.368522798278285 0.374739818253019 -0.335938332521023 0.864127019227318 0 0 0 0 0 0
-0.760396950283469 -0.528515893464285 6.49267857417121 -0.600865128047547 0.644999880657728 0.472161256191064 0.390511629118811 -0.278532666479811 0.877450979386666 0 0 0 0 0 0
-0.481630473210178 -0.277982077029793 6.916452422568 -0.910377784352458 0.0919597866205934 0.403429903951362 0.401142862202523 -0.0429534282629492 0.915007872700792 0 0 0 0 0 0
-0.402230908046873 0.0203182351407278 7.37639330945837 -0.753390278122978 -0.624078867460477 0.207192316505779 0.169145484823397 0.120562891004177 0.978189344798119 0 0 0 0 0 0
-0.577962345415177 0.141088886036711 7.76304735880779 0.0181360390376953 -0.999383226872864 0.030070748796868 0.267699216024662 0.0338312460861763 0.962908394671081 0 0 0 0 0 0
-0.159670434724887 0.463564753292221 8.27790403219388 0.158323058109917 -0.9485080176742 -0.274347133534296 -0.0279367524939527 -0.282043482472979 0.958994792402236 0 0 0 0 0 0
-0.35002352639569 0.150329807283252 8.67756928264902 0.803207430789071 -0.515903503374924 -0.297827799794948 0.0733723903122225 -0.410477248470396 0.9089141438156 0 0 0 0 0 0
-0.327512862576622 -0.228491665987834 8.96061935738379 0.959030246590535 0.272334536517323 -0.0780697530698795 0.15524429939803 -0.274668546109528 0.948923810051414 0 0 0 0 0 0
-0.124656175496354 -0.539326438519548 9.29557665524599 0.521098986539133 0.844591375310081 0.122968512147272 0.317672662010598 -0.325654890658513 0.890523987325043 0 0 0 0 0 0
0.316412731343429 -0.706037958553411 9.50841971668098 -0.348569290253572 0.794737605199499 0.496881866014334 0.321668692225716 -0.396499370082359 0.859835741270443 0 0 0 0 0 0
0.715276585356232 -0.712729148667503 9.79927057381709 -0.855832548045659 0.137953797852089 0.498517200670006 0.34071478820435 -0.574800478199231 0.743987797857465 0 0 0 0 0 0
