t = 20
b = 13 13 13
E = -1.02870949395125 -1.02870949395125 0
9.37995347095462 3.23209781773652 16.8589605018388 -0.36874048262083 0.0231069363121968 -0.929245137717073 0.386340454045767 0.913063070473019 -0.130602001922229 0 0 0 0 0 0
9.715856037924 3.51355401822419 16.6032994873395 -0.794999740552815 0.236744789784 -0.558504536267241 0.462786071053658 0.831946164410267 -0.30609578886643 0 0 0 0 0 0
9.87356550376495 3.75834416803988 16.1598718935301 -0.916121368801755 0.398497549879805 0.0438330966803813 0.240532853364819 0.633830532597774 -0.735120944062268 0 0 0 0 0 0
9.77342635095418 3.93745634168054 15.6865016307836 -0.546054759335488 0.685018193258304 0.482259551188144 0.335098501138821 0.706202648292594 -0.623688074344093 0 0 0 0 0 0
9.68774348385758 4.37276378819835 15.3250819310055 0.151671411129908 0.635433586970375 0.757112897523101 0.074939416695166 0.756377335981024 -0.649828753934171 0 0 0 0 0 0
9.46824435509713 4.78444268752952 15.2440328045486 0.840443052750141 0.455589909717837 0.293416613788851 -0.191841706787156 0.756536076736893 -0.625179913410964 0 0 0 0 0 0
9.3680161806455 5.30982023631726 15.1780256553193 0.926538770864048 -0.0295335547084308 -0.375038231693813 -0.212357699809021 0.781838582309847 -0.586201875247386 0 0 0 0 0 0
9.46475812500547 5.81960890572387 15.0085992260042 0.553362543028647 -0.408827951692964 -0.725706277971607 -0.284992083717265 0.725743342410439 -0.626159814396786 0 0 0 0 0 0
9.55325067642625 6.25278470173917 14.7192832911771 0.171453979770041 -0.654874136001558 -0.736032199579085 -0.187401388604593 0.711775660650916 -0.676946178402702 0 0 0 0 0 0
9.7762852169585 6.53530038927378 14.3474384757496 -0.6420696589438 -0.601462721885784 -0.475383158352856 -0.151810620102496 0.707550413696013 -0.690163710798167 0 0 0 0 0 0
9.71968348084698 6.75491805333366 13.8896657959407 -0.874095403142052 -0.482857254653794 0.0529726140013457 -0.347715429106582 0.545819424401504 -0.762348434973953 0 0 0 0 0 0
9.62462110247861 6.68711445840749 13.3652128248819 -0.926736809647125 0.0467538919513584 0.372790771388549 -0.281918433737995 0.56935729948335 -0.772239769918477 0 0 0 0 0 0
9.3520951989047 6.78413503439354 12.9350239100834 -0.563498846881055 0.435302854049764 0.702125683065255 -0.456248690265675 0.544550315351855 -0.703777014885433 0 0 0 0 0 0
8.96871606984411 6.81176730417155 12.4826009028383 -0.154714476521862 0.742802706760666 0.651388954146133 -0.538073485770804 0.489609005961911 -0.686119483174356 0 0 0 0 0 0
8.64538771991011 7.19535049138397 12.210158288934 0.153868918622864 0.586842424874348 0.794946743027119 -0.535664238433482 0.725587048819735 -0.431957472731454 0 0 0 0 0 0
8.23176618009661 7.53621128886054 12.2538818332785 0.788508862104922 0.563212479683794 0.247073829270591 -0.389248627661748 0.768040084241965 -0.508527221356971 0 0 0 0 0 0
7.90756795877656 8.07755431190271 12.272895896844 0.962655042522862 0.238349591677469 -0.128392917454552 -0.265600895218609 0.923339896562987 -0.2773077710309 0 0 0 0 0 0
7.96037669195588 8.58678851705874 12.4359200181189 0.605887455932684 -0.032385215888383 -0.794890928703608 -0.333856381778442 0.896580937893862 -0.291002642859425 0 0 0 0 0 0
8.14438081378347 9.09087230044931 12.4139119151535 -0.058590674202702 -0.25787378667131 -0.964400457820439 -0.400538798788604 0.890962527522072 -0.213902887349522 0 0 0 0 0 0
8.22591270939895 9.60064509849873 12.1744118933784 -0.666108853394736 -0.408288659995965 -0.624178953143928 -0.361725061592072 0.908699481117728 -0.208375221253832 0 0 0 0 0 0
11.5777942595811 4.54959920323973 -2.31288883110782 -0.880551557843207 0.442315537876905 0.170252515201875 0.436043723385651 0.615283073663527 0.656728719152087 0 0 0 0 0 0
11.7332118843302 5.05854814143468 -2.23871712258002 -0.620389398208199 -0.200711652726742 0.758176646336834 0.459031443242905 0.690907688636684 0.558512936194903 0 0 0 0 0 0
11.6228609233211 5.53353613484599 -2.04916137918276 0.131581537624708 -0.544691757746047 0.828249472079421 0.388908891190046 0.796894557050133 0.462286641919493 0 0 0 0 0 0
11.4547671338547 5.85955287008079 -1.65655130747288 0.662143009536232 -0.53600362103382 0.523704834005698 0.283711830251571 0.826138107049745 0.486829975921335 0 0 0 0 0 0
11.5914889527231 6.11259945847854 -1.22842412156096 0.831748697290898 -0.550750823416136 -0.0697684388627307 0.528929634158731 0.748009510763685 0.400893020537629 0 0 0 0 0 0
11.9308549319108 6.22127071138664 -0.826296787150891 0.630916051036947 -0.198979565128123 -0.749901372985387 0.572191773534857 0.772090974353977 0.276535895717286 0 0 0 0 0 0
12.4286777313003 6.19552296486407 -0.599919680254761 0.154582954034343 0.438841551799815 -0.885167895224374 0.60495754462474 0.666295115097838 0.435978426987351 0 0 0 0 0 0
12.9351714157672 6.37235440164928 -0.570256695273021 -0.531369319423585 0.63707436660318 -0.558375230281999 0.499911227278909 0.767940979478881 0.400444024649529 0 0 0 0 0 0
13.243206115242 6.81097139645421 -0.642623835112246 -0.865275501536963 0.497117480123545 -0.0645950260900521 0.386137218698058 0.743117975394458 0.54651049668032 0 0 0 0 0 0
13.3220156704565 7.30701609841085 -0.718850544731387 -0.885867957844704 0.112303146828538 0.450139938770669 0.350129764694636 0.798402212190161 0.489860240726614 0 0 0 0 0 0
13.2842011058648 7.82292557493621 -0.610548287245648 -0.396297619706392 -0.334349071098035 0.855078297742919 0.495897849918076 0.705848942202035 0.505828620422865 0 0 0 0 0 0
13.2814514074528 8.30373128080455 -0.440447329074799 0.120643342809402 -0.677492361923896 0.725568248595923 0.529690384311464 0.662094261910394 0.530150247678246 0 0 0 0 0 0
13.4447173441264 8.59803687230536 -0.0108770511296666 0.428638163012455 -0.874068619367029 0.22863371109074 0.557091633411235 0.454925722619972 0.694760029709466 0 0 0 0 0 0
13.4922432868236 8.71068339101065 0.512321905972392 0.865064449545728 -0.459726975384393 -0.200784975125295 0.482575014897743 0.653244406999432 0.583432172339171 0 0 0 0 0 0
13.7806244879511 8.74093084378592 0.923528693620099 0.7918930072274 0.141303682913183 -0.594086470389215 0.332206572019451 0.716619554281621 0.613266017261919 0 0 0 0 0 0
14.0771693901736 8.80982238487726 1.28876227125141 0.339548406205356 0.53322823231296 -0.774838390961495 0.314743436573422 0.711878070129629 0.62782655439418 0 0 0 0 0 0
14.3553430619638 9.25870768086388 1.58132579740398 0.241222873490194 0.222854947473352 -0.944535440145993 0.42381153140909 0.85137222426708 0.309110209458063 0 0 0 0 0 0
14.8616282869024 9.43849193625205 1.58748977678534 -0.361246637978327 0.458256677909318 -0.812097090070437 0.455205136565647 0.846750487623678 0.275321440053829 0 0 0 0 0 0
15.2221652632802 9.89594090861044 1.57744311315771 -0.897394884793002 0.31056985161431 -0.313414722078625 0.0635937906247126 0.793946398945368 0.604652747778146 0 0 0 0 0 0
15.2492698307332 10.4484889064737 1.48716433287462 -0.937223107336842 -0.17403086201029 0.302202094866713 -0.0450421442782961 0.919729465256391 0.389960146653484 0 0 0 0 0 0
9.40752048665259 10.2400831318128 2.30169408094264 0.701974379411075 -0.630272459890802 -0.331645287850791 0.166393308725771 -0.307637314904085 0.936841795230066 0 0 0 0 0 0
9.41082630945605 9.91434095132315 2.61468198071202 0.942723655930756 0.241245239355536 -0.230375439309053 0.312784014327305 -0.399289437040933 0.861820228266215 0 0 0 0 0 0
9.67997597329056 9.56326049597241 2.91359259041508 0.72856332326478 0.674206099488029 -0.121002559503994 0.482765833637887 -0.380089142095866 0.788967295857531 0 0 0 0 0 0
10.1221414209906 9.26917389195128 2.99537210076996 0.288822681864055 0.839007566817275 0.461137464607042 0.454737617950532 -0.544086181379406 0.705112704503792 0 0 0 0 0 0
10.6267631009199 9.13755423472174 3.12467147468365 -0.336183593099387 0.59386324735421 0.730963087421451 0.479996768626711 -0.559728544431468 0.67550503969737 0 0 0 0 0 0
11.0239405437715 8.91249706549556 3.52405562515087 -0.695127218987367 0.40339651795083 0.595037308685796 0.464834657804445 -0.379190191822736 0.800089707051191 0 0 0 0 0 0
11.2120900245318 9.03907820097656 4.00006570579582 -0.93499778861962 -0.0352796113425778 0.352894437898839 0.344571671820034 -0.325933525889202 0.880362254802294 0 0 0 0 0 0
11.2642476971106 9.1516598841117 4.52080395378428 -0.730321094164046 -0.641293127709579 0.235317283197595 0.484530638236656 -0.243489949315846 0.840203966422526 0 0 0 0 0 0
11.4699447073891 9.132597688694 4.98467165689272 -0.5021777243998 -0.852009779830032 -0.147975904087858 0.483589131304926 -0.418543172565535 0.768741285988026 0 0 0 0 0 0
11.4572703091582 8.78491923069784 5.47228220221242 -0.168277749397669 -0.754335071431722 -0.634555906966245 0.61432679868493 -0.583688312514386 0.53095248210328 0 0 0 0 0 0
11.4079087465269 8.35524586395081 5.79107576576294 0.377061554367888 -0.337714680856147 -0.862422969633754 0.545289596430438 -0.671722699112899 0.501445781237824 0 0 0 0 0 0
11.5657186054077 7.87852495952451 5.91067715581659 0.788193841612119 0.330967116866816 -0.518855698241426 0.59525433630188 -0.624071511072369 0.506168968015285 0 0 0 0 0 0
11.7533781854862 7.48804406881934 5.75103888585943 0.659026294397494 0.668589458113041 0.344488722301353 0.424798330528343 -0.708853760147982 0.563092110674976 0 0 0 0 0 0
12.2177597602037 7.2900239437683 5.89726970325582 -0.00115535328780715 0.729871005505264 0.683583923510139 0.681545865892768 -0.499655221389339 0.534639965231602 0 0 0 0 0 0
12.7012144078074 7.18638331913259 6.07220460911972 -0.569568397655538 0.162490353767092 0.805722486545304 0.673397329632398 -0.469837065609685 0.570779439208558 0 0 0 0 0 0
13.0677668312381 7.08014076165391 6.51375537801831 -0.929385295079252 -0.109033626891582 0.352639534790583 0.352435693647318 -0.546047189986561 0.760014176282991 0 0 0 0 0 0
13.0761397427557 6.9544551828443 6.99005150177848 -0.955612236390455 -0.293939676406345 -0.0201176612697735 0.128630313980276 -0.477664186130989 0.869074891832203 0 0 0 0 0 0
12.9019498494699 7.01005585662056 7.4806987518821 -0.564271653544246 -0.7736099306938 -0.288314370329294 0.0398170436714318 -0.374316832171661 0.926445633691605 0 0 0 0 0 0
12.6258927307966 6.93566345269744 7.94421395869815 0.240737599927796 -0.877507986704748 -0.41475913642786 -0.0541858597223411 -0.438811181027349 0.896944056232903 0 0 0 0 0 0
12.324437808028 6.61238357463962 8.24966469466035 0.913801040192767 -0.380055695151954 -0.14326663088515 -0.0601997976197707 -0.475571272569413 0.877614920721638 0 0 0 0 0 0
4.34129108538841 10.9738756390466 3.43519925355669 -0.0521603029465652 0.818669295007055 0.571891500381999 0.363470098765597 -0.517829677061909 0.774430056788401 0 0 0 0 0 0
4.74124268997134 11.0404717155513 3.78774539054318 -0.750268866392141 0.260959051614081 0.607451233847896 0.454658765825932 -0.463393722943848 0.760625837185328 0 0 0 0 0 0
4.98443844832977 11.2713137854782 4.2075701920815 -0.826362426430962 -0.417250253712464 0.378189589967806 0.528955942500279 -0.344700925054993 0.775491381744423 0 0 0 0 0 0
5.11667893109599 11.3317913916983 4.74247912880843 -0.440338337976705 -0.884491704383522 -0.154196540118918 0.610975253426955 -0.42104266646825 0.670397130597361 0 0 0 0 0 0
5.15143627900469 11.2355656956447 5.17061014010879 0.197259945469318 -0.78692971085062 -0.584662418917105 0.624839880346794 -0.358628382310617 0.693513379344246 0 0 0 0 0 0
5.28840197685338 10.8437599196033 5.50192026229644 0.574665996306107 -0.217380129741663 -0.788989779327342 0.74497074300924 -0.260150480167243 0.614280326666103 0 0 0 0 0 0
5.52506777260203 10.3865984786172 5.6557962517052 0.592365144013659 0.43395927969308 -0.678809899549159 0.802305402604912 -0.394650236601746 0.447836166137972 0 0 0 0 0 0
5.9299237954094 10.0424491783406 5.57618493320061 0.498545006834781 0.850530471484694 -0.16748371036054 0.801380601651457 -0.378535039095468 0.463141830839909 0 0 0 0 0 0
6.36982107033924 9.81175082217229 5.61481428795362 0.0641220824781755 0.911498767326251 0.406273744784707 0.770019162185361 -0.304154710262115 0.560856846345594 0 0 0 0 0 0
6.84927524382807 9.83298104884483 5.84168611893772 -0.424820839414268 0.755711194841098 0.498425364915548 0.607595893924766 -0.17012472320466 0.775812353755921 0 0 0 0 0 0
7.20060649264487 10.0316935632999 6.13308547978408 -0.794363107757336 0.234450638929834 0.560375009203212 0.564265206497361 -0.0567910143788593 0.823638001443785 0 0 0 0 0 0
7.40950572161657 10.3706010389541 6.37719718091862 -0.619809406087883 -0.497927694584312 0.606551161148784 0.694180836047902 0.0125907967306167 0.719690515917449 0 0 0 0 0 0
7.56104442721951 10.4880233005359 6.91999645822394 -0.29846120388161 -0.948100887824565 0.109661370973606 0.649205282955353 -0.117448561279273 0.751490742482095 0 0 0 0 0 0
7.66087819912252 10.3784069893932 7.43067403222345 0.0753808418082197 -0.940699327500483 -0.330760493300552 0.635499019358588 -0.210291954133936 0.742912034106869 0 0 0 0 0 0
7.7935878918791 10.0571836417319 7.85667249759837 0.472919730919493 -0.519302918848111 -0.711808546297997 0.811282801841556 -0.0585377120946055 0.581716040434545 0 0 0 0 0 0
8.11084403776836 9.71270473867433 8.12784437898975 0.728957724528406 0.240823446000216 -0.640800049708917 0.684234512475129 -0.227515548963267 0.692863483608327 0 0 0 0 0 0
8.52811102734863 9.41016839985212 8.1761699615306 0.604178340704527 0.760113025196003 -0.239158360821664 0.578604806498194 -0.212117394636681 0.787542182228822 0 0 0 0 0 0
8.99291557062374 9.3331993089515 8.57928677799531 0.121839278461786 0.937803429078053 -0.325084479225564 0.492399276563398 0.227269186998978 0.840173594610463 0 0 0 0 0 0
9.52193428500935 9.41796852948755 8.61976493504168 -0.391909393181296 0.895111458453886 0.21256176627236 0.695438675161627 0.136972560776684 0.705410211638391 0 0 0 0 0 0
9.92546041314068 9.78444608308019 8.81397493439522 -0.605021426754773 0.274808107780457 0.74728145772911 0.767045475288832 -0.0505183200737239 0.639600764677358 0 0 0 0 0 0
10.9783111934592 13.1841691774307 7.70556028976886 0.965975520003133 -0.0619662076351477 -0.251100545331932 -0.258606291508626 -0.245500580310484 -0.934265621255203 0 0 0 0 0 0
10.9884795697104 13.4119205778715 7.2273908186894 0.774385687458936 -0.630762095275576 -0.0496586973481558 -0.18812916397822 -0.154607602437181 -0.969898915830656 0 0 0 0 0 0
11.1387675805714 13.4343732164309 6.7272250495145 0.162221612702325 -0.960115914054212 0.227731376740453 0.0184515459171146 -0.227796436596565 -0.973533935683383 0 0 0 0 0 0
11.3034897891491 13.2579628841195 6.22933299266106 -0.457446178105617 -0.83794924945929 0.297630726685229 -0.108394405261403 -0.27966271334993 -0.953959862714245 0 0 0 0 0 0
11.4795154656668 12.9293659751298 5.84239096247142 -0.864581189138191 -0.354366479068124 0.356263618548472 -0.246084691754206 -0.319557668700172 -0.915054763857961 0 0 0 0 0 0
11.4626783486669 12.4987640945202 5.52148033001286 -0.96897640560587 0.179536976607813 0.169856408208974 -0.196816062897235 -0.14483442845647 -0.969683673018846 0 0 0 0 0 0
11.2253307604432 12.1025120001441 5.24700719437793 -0.652426343871497 0.747856243255769 -0.122682130914978 0.052293415189283 -0.117070489853856 -0.991745884354061 0 0 0 0 0 0
11.1053107427826 11.6188247131618 4.77917154421263 -0.256653237485014 0.949518970862324 -0.180396340486761 0.00324142078511073 -0.185801722113126 -0.982581911725985 0 0 0 0 0 0
10.7025532679891 11.5530581852427 4.4585784926289 0.603224090006683 0.739708236714769 -0.298248925852107 -0.0612690386586447 -0.329863743846196 -0.942038223957826 0 0 0 0 0 0
10.6919572892051 10.9341062338632 3.76313135268775 0.760621959663865 0.356154102699773 -0.542778490368972 -0.355886482868482 -0.470500886888209 -0.807448900394886 0 0 0 0 0 0
10.5184986864612 10.9776113456008 3.24554612021606 0.969767863694742 -0.138809965816207 -0.20070397090003 -0.240743598445809 -0.409691095454873 -0.879883927636111 0 0 0 0 0 0
10.5965895184506 10.9682293944457 2.68026889337515 0.724792206541085 -0.658386080186326 0.202987750256484 -0.0753927830730706 -0.368649205778252 -0.926506174474601 0 0 0 0 0 0
10.7891470732947 10.8771898815255 2.24067486470213 -0.0113315999898386 -0.88298278435313 0.469268577019242 -0.38972700547468 -0.428286535932504 -0.815281242481804 0 0 0 0 0 0
10.7740606266346 10.5349999526185 1.79036942841484 -0.308833541973868 -0.672163411705521 0.672917670533528 -0.50996740411705 -0.480183062246556 -0.713692842523755 0 0 0 0 0 0
10.8127212305978 10.072272629558 1.52004761221641 -0.728874182482356 -0.228547346409985 0.645374725690147 -0.524023206542705 -0.420421087301905 -0.740706276709321 0 0 0 0 0 0
10.6781315921301 9.70188433527865 1.2686515431 -0.778259985536468 0.387476464644343 0.494139033329181 -0.600630264450943 -0.229789054115383 -0.76579388613017 0 0 0 0 0 0
10.294331663198 9.34331816610065 1.1554569363775 -0.31742878398701 0.946209796696583 -0.0626577028938792 -0.671794217048202 -0.271019818133537 -0.689377101534028 0 0 0 0 0 0
9.77779412660323 9.2149663943257 0.974110859207545 0.150019822280369 0.910406859873044 -0.385555965352722 -0.788234381779405 -0.125266058844819 -0.602490642153325 0 0 0 0 0 0
9.20032196895752 9.29472907156896 0.762722639072205 0.5453004174611 0.455040390828966 -0.703978477960068 -0.785888341364911 -0.014616713327943 -0.618195653978736 0 0 0 0 0 0
8.81420604934483 9.56868900834584 0.512983163961486 0.703425428038828 -0.269992782708543 -0.657492634539497 -0.671570578133744 0.0504863194745326 -0.739218567225571 0 0 0 0 0 0
-0.00972084846846791 -1.19021757505622 11.3419902095259 0.804390877368567 0.400652174421851 0.43867203186124 -0.431890960725946 -0.112669410781199 0.894860772364862 0 0 0 0 0 0
0.0426970734382976 -1.42236625000275 11.8237001391536 0.386092737302767 0.913403370383888 0.128944488728332 -0.490689667769474 0.0849939327420188 0.867179151814277 0 0 0 0 0 0
0.0263564260974008 -1.49809562256303 12.3974862455697 -0.0885520486576218 0.956933881487062 -0.276470760010245 -0.308439337401807 0.237575415727494 0.921098852993012 0 0 0 0 0 0
-0.0293431318071351 -1.26420402952283 12.9248441654987 -0.363438704115357 0.74700784094837 -0.556679076230287 -0.385107458080167 0.423631162361359 0.819895654341085 0 0 0 0 0 0
-0.0234286268623364 -0.835092555007524 13.2547488158576 -0.854752089310489 0.092278524417576 -0.510767598571669 -0.415316191690419 0.468623961286736 0.779682014559586 0 0 0 0 0 0
-0.167760013596409 -0.407383815027251 13.505506361106 -0.804756256749495 -0.557526927921385 -0.203791785568223 -0.517444954559063 0.490630992359346 0.701093394875357 0 0 0 0 0 0
-0.611174840353179 -0.067348572762848 13.5388278248121 -0.433897392207761 -0.843957911078522 0.315385632778798 -0.535483472831689 0.523085556832477 0.663052750961318 0 0 0 0 0 0
-1.08926699501945 0.204203928929096 13.6562236418577 0.109888663863179 -0.748211990727128 0.654296032760793 -0.550447950206522 0.502307039672526 0.666854325927981 0 0 0 0 0 0
-1.56916499555926 0.279324805630328 13.94685481434 0.589710661733123 -0.405691861206864 0.698323312792 -0.615663867440892 0.333789046465614 0.713822719439007 0 0 0 0 0 0
-1.84908635069689 0.255363182662432 14.4048449645409 0.869222634805626 -0.0415774687913355 0.492669590324459 -0.467482768518536 0.255309717438304 0.846331382686367 0 0 0 0 0 0
-1.91974279787481 0.130341864473032 14.9225924305789 0.766296379279687 0.642085836949856 -0.0227076438946441 -0.23591163401328 0.314071223069001 0.919622187518943 0 0 0 0 0 0
-1.7098538671764 0.121307074417398 15.4171125125344 0.132969175842811 0.938502599183635 -0.31864097288523 -0.0736659094831013 0.329964917382675 0.941114492012886 0 0 0 0 0 0
-1.50543325776159 0.365032803454509 15.8574401562604 -0.398891343325117 0.827378381691226 -0.395386784971742 0.00899555033845945 0.43468495609809 0.900537655523693 0 0 0 0 0 0
-1.32400937487232 0.673032082711442 16.2475476660366 -0.768336644815034 0.467361001705431 -0.437301376992198 -0.175191036319919 0.503576473226923 0.84600167636092 0 0 0 0 0 0
-1.26456512347311 1.18049617985189 16.4137754411145 -0.998714318235092 -0.0366389281345757 -0.0350328345608241 -0.0505627024834722 0.67060834733175 0.740086385232526 0 0 0 0 0 0
-1.40605748816375 1.56604799187221 16.4982355095459 -0.629841576593857 -0.544905503515542 0.553513848636364 -0.0936509132821657 0.760703618275101 0.64230795696814 0 0 0 0 0 0
-1.80552182893622 1.82329945961028 16.740462470104 0.131469678459093 -0.580473347578651 0.80359592855906 -0.183311563478246 0.782416668303981 0.595164706493303 0 0 0 0 0 0
-2.10482749134175 2.07509993131414 16.9974962899066 0.54754361239383 -0.531829603144146 0.646028842812963 -0.247729451421024 0.634408209670545 0.732226974647379 0 0 0 0 0 0
-2.23877830617622 2.22105736488453 17.4753433289837 0.951232541736919 -0.28287309907942 0.123042518496351 0.0847350596005561 0.623138881046554 0.777507494885122 0 0 0 0 0 0
-2.06954510426077 2.38559806747946 17.9852988824145 0.872838190849549 0.122365799836659 -0.472419414953301 0.339600247551603 0.542905787377287 0.76806573800368 0 0 0 0 0 0
3.08357766778984 12.2131748649635 12.137246713504 -0.858853118872665 0.231217721795862 -0.457066390506048 -0.359653869761276 -0.907575931236731 0.216691077355577 0 0 0 0 0 0
2.7721929010512 11.890858540128 12.4379112937312 -0.316847657039561 -0.0955184543246788 -0.943654485027208 -0.473368008613685 -0.846223839410777 0.244597510277595 0 0 0 0 0 0
2.32670711513568 11.5755010056073 12.4579824581946 0.595121090793872 -0.35108674074273 -0.722889333001228 -0.206559460208801 -0.936128209324475 0.284600008969082 0 0 0 0 0 0
2.1295777467462 11.0844675360032 12.3646484024311 0.983970033246785 -0.166470656840418 -0.0639569705617877 -0.135925152195895 -0.932248724911106 0.335315773416851 0 0 0 0 0 0
2.17264012178855 10.4935480414647 12.3892928029012 0.965030818313094 0.0303537924796669 0.260373130311216 -0.0785248092201569 -0.914186683020692 0.397613584934625 0 0 0 0 0 0
2.19360802641685 9.98763000014048 12.3416739150009 0.607384347189063 0.398411458666266 0.687279102252596 -0.0543078858825313 -0.842297817042031 0.536269559957676 0 0 0 0 0 0
2.50422267254285 9.47102508740519 12.5163170122694 0.015882564376626 0.477613693486135 0.878426379353076 -0.116457957087489 -0.871674140496365 0.476048040664945 0 0 0 0 0 0
2.72699507220584 9.09806552135427 12.8176135692415 -0.62516398870346 0.479803843011765 0.61559585724688 -0.10953224725834 -0.834854912533864 0.539462660272806 0 0 0 0 0 0
2.78044189199652 8.83787218986886 13.2526233519786 -0.904866965420463 0.362126264488859 0.223786379071889 -0.149053305005344 -0.761938483536996 0.63026411889963 0 0 0 0 0 0
2.61007024078955 8.67090644979306 13.7064550944937 -0.851699551870985 -0.152757600392629 -0.501271372477074 -0.265929754729426 -0.698254356420995 0.664621861879858 0 0 0 0 0 0
2.28238114046265 8.40401272093879 13.9997656316043 -0.209591458622077 -0.449365103120473 -0.868413740431482 -0.209505876449426 -0.846875115796074 0.488784027949507 0 0 0 0 0 0
1.83973553501739 8.12264940571644 14.1163188595538 0.356894240479389 -0.593815105984273 -0.721117272721661 -0.406549154039169 -0.793748976038557 0.452416123041364 0 0 0 0 0 0
1.42400132560909 7.79476480150701 14.0249851003602 0.808343355260128 -0.503484157003479 -0.305097891918798 -0.400695777782612 -0.850215678404411 0.341432561221853 0 0 0 0 0 0
1.27898637169588 7.28266077581017 14.0068644830005 0.961936321836524 -0.151633584683689 0.227345043331922 -0.225742414358175 -0.909772612220164 0.348359234718762 0 0 0 0 0 0
1.32615446914136 6.75440084933179 13.9208312174644 0.637796869720615 0.14965818738781 0.755524705037751 -0.323437907700256 -0.838212317278067 0.439076338494589 0 0 0 0 0 0
1.44502452264031 6.27575950013751 14.1964453967472 0.223804045711141 0.579172690826843 0.783881842705722 -0.24116703554256 -0.746363093917453 0.620306853908274 0 0 0 0 0 0
1.55144235286728 5.8837932548481 14.507868526476 -0.435975302690457 0.705820485004415 0.558339483103334 -0.247608874653455 -0.690537438758524 0.679593916148215 0 0 0 0 0 0
1.68727508900388 5.76273272769921 15.0862103142505 -0.759152756538093 0.601598991169115 0.248527153576663 -0.101043023389173 -0.486102502605528 0.868040704336506 0 0 0 0 0 0
1.69574841444355 5.75549491923176 15.6233889800619 -0.961326183381179 0.247240732629571 -0.12134244630206 -0.250947716890758 -0.604800715864023 0.755805092254399 0 0 0 0 0 0
1.46074542340152 5.78328748688784 16.1245131378267 -0.707646286547954 -0.465740623574192 -0.531340196754973 -0.224512797093397 -0.56481345375617 0.794090527835036 0 0 0 0 0 0
4.35586023274665 14.7948710088788 14.0244965922539 0.53024873749524 0.843437423222963 -0.086311004464736 0.655165573013743 -0.343003539868394 0.67313196594377 0 0 0 0 0 0
4.81056266180786 14.4872693699175 14.0541614509758 0.230929779747354 0.873220308695134 0.429136026579234 0.676921356103808 -0.461007178102 0.57380297959231 0 0 0 0 0 0
5.3076671197001 14.4205896152275 14.2468427172591 -0.394679487586145 0.608490273161942 0.688453113542268 0.434067380615569 -0.53691682791401 0.723398803557413 0 0 0 0 0 0
5.70710625936634 14.3944890345065 14.5800515705289 -0.839115475236034 0.199775220861686 0.505939799135302 0.342612302598255 -0.528324474755437 0.776846226406947 0 0 0 0 0 0
5.91121391305084 14.3336735502833 15.041906516501 -0.993470543153291 -0.100039672403641 0.0548483712800835 0.0823121113002951 -0.295605964527352 0.951757232738024 0 0 0 0 0 0
5.79854105411575 14.5009283297663 15.5399183313385 -0.828628011817508 -0.534623306157889 -0.165992585810851 -0.0289513236053124 -0.255197540549967 0.966455397914849 0 0 0 0 0 0
5.58714596114498 14.5935130265286 16.0515365823956 -0.356042830062338 -0.85799745018615 -0.37023489656604 0.0527814476099452 -0.414029954811767 0.908731706999798 0 0 0 0 0 0
5.47453532426011 14.3022330608859 16.4533021300252 0.349562400191527 -0.675258302332142 -0.649486222720584 0.29825544038124 -0.576954179571666 0.760373307631046 0 0 0 0 0 0
5.40787467639927 13.8268320066972 16.6946220376611 0.935248812855386 -0.0361718268589734 -0.352138122040592 0.265877929608624 -0.58496927973052 0.766237475146307 0 0 0 0 0 0
5.63061497900251 13.4372542362581 17.0356662864212 0.834004707655827 0.3254159157504 -0.445578982206575 0.546494164568134 -0.598464343680465 0.585819560475824 0 0 0 0 0 0
5.90005951514653 13.0072685892825 17.2437790127808 0.618085094856836 0.786021482659724 0.0118762078638172 0.602262410850127 -0.483188157981715 0.635459827576243 0 0 0 0 0 0
6.41725827241978 12.8593976157469 17.2963115450932 0.00411520365757931 0.809912983340902 0.586535612315822 0.662744660419554 -0.441434270133736 0.604901066486799 0 0 0 0 0 0
6.96206817987802 12.8637622454292 17.4768416662967 -0.562628211413486 0.501598396052602 0.657151843031061 0.588232175066804 -0.315642168972793 0.744548809267954 0 0 0 0 0 0
7.26221805501162 12.9043871209209 17.9164865391364 -0.833685176675171 0.263521618737819 0.485309574034852 0.384125779709604 -0.354658954203985 0.852446134113719 0 0 0 0 0 0
7.31355238235076 12.9740223069832 18.4535657663515 -0.913551485098562 -0.36049521965559 0.188326526755206 0.299852744620424 -0.284117079680939 0.910695238033654 0 0 0 0 0 0
7.31930634429909 12.9225616460397 18.9137200765386 -0.514326945911076 -0.835136829359788 -0.194972482562708 0.110414173143993 -0.289940929706865 0.950653968407878 0 0 0 0 0 0
7.24722772598113 12.7122982815334 19.4086219497103 -0.0793582430436659 -0.903172084329101 -0.421879669277449 0.333523179476573 -0.422880185261389 0.842576191014873 0 0 0 0 0 0
7.19228181390321 12.5469719961602 19.8498447010549 0.429740004124641 -0.693501592088499 -0.578255195070196 0.485382989635579 -0.362587215795881 0.795571407426021 0 0 0 0 0 0
7.1736931452113 12.1055653899541 20.1556220244655 0.966338732205245 0.168855693857233 -0.19410618045789 0.232662377544998 -0.251545153580211 0.939464344073482 0 0 0 0 0 0
7.46209074586589 11.8115228792569 20.4026713462153 0.715161521760112 0.694811766568036 0.0760303020667797 0.22645445301519 -0.333238102192851 0.915243545706004 0 0 0 0 0 0
3.83638419254154 5.79514300090291 5.36908916731974 0.502275218890138 0.269327724472185 -0.82169470079799 0.668865851054943 0.481239646353327 0.566592336755688 0 0 0 0 0 0
4.3397076339123 5.77772193091114 5.55629793262039 -0.022458928234901 0.736550570233916 -0.676009507352252 0.532199875397282 0.581217795332774 0.615588472126977 0 0 0 0 0 0
4.84787506352726 5.94413493249934 5.6088115356132 -0.508682474965613 0.771131161230707 -0.382882321140375 0.544059459470714 0.632582631736496 0.551215491968217 0 0 0 0 0 0
5.08967742814821 6.36918791404762 5.84297582321931 -0.925720111148126 0.336951401494273 -0.17177319012857 0.172065669967506 0.779662961224007 0.60209556725992 0 0 0 0 0 0
5.15585955061976 6.86875606526991 5.97874968532517 -0.987066542079335 -0.159830165105206 0.0124080550445086 -0.121725304714836 0.797604681008267 0.590770448673409 0 0 0 0 0 0
4.95893153883029 7.33960454517597 5.9249987455655 -0.661770620975123 -0.441430009091876 0.605969629839109 -0.0285664944195255 0.822536151798372 0.567994924608755 0 0 0 0 0 0
4.71490904930561 7.68645396185131 6.16017238698627 -0.0134491123448607 -0.579708472640074 0.814712960573507 -0.00333872111658764 0.814808145841617 0.579721086740384 0 0 0 0 0 0
4.44275621200279 7.97711670592755 6.57872637622812 0.4595285503992 -0.483586399288748 0.744968258243902 -0.0259343714103584 0.831110639129761 0.555502037714417 0 0 0 0 0 0
4.23295193902177 8.37863761185346 6.99449007275824 0.825196807370936 -0.427373115005374 0.369327022671531 0.185052539051675 0.822320036100626 0.538094151629612 0 0 0 0 0 0
4.29293969522676 8.70636296376957 7.47545971536885 0.886393814203329 -0.34525173107081 -0.308394630846068 0.461923996141367 0.703564829633727 0.540021066525421 0 0 0 0 0 0
4.61583560961042 8.63680079075712 7.86626276930165 0.695364953466898 0.160944457372743 -0.700403071902867 0.426159601010144 0.692408382926432 0.58220153359475 0 0 0 0 0 0
5.03800151760748 8.75532181929445 8.17676850843996 0.151734412107528 0.594948370671598 -0.789311791637243 0.328193738902236 0.722926979013478 0.608001194702623 0 0 0 0 0 0
5.49588161305485 8.9657287440031 8.32187759565847 -0.351157667042821 0.795373087957301 -0.49403435490896 0.53923097216475 0.603142544584481 0.587749121284257 0 0 0 0 0 0
5.94020252872691 9.26726973300696 8.34023673412624 -0.742029075846734 0.669631578239287 0.0314070059509628 0.460380504183677 0.474980054631511 0.749962491775309 0 0 0 0 0 0
6.14594021519137 9.7271035863718 8.65415709133459 -0.979628967290938 0.0933730892935811 0.177787942899019 0.195513177172547 0.645578886858804 0.738242845135694 0 0 0 0 0 0
6.0698848826603 10.2485643899258 8.75893933634204 -0.644253873950368 -0.470772227442641 0.602752400052159 0.230013085038648 0.632355464215963 0.739743568804229 0 0 0 0 0 0
5.94000195566817 10.5977332195553 9.12569440815542 -0.120491198034315 -0.748362102057065 0.652254578673839 0.315697531293437 0.594045630232387 0.739895166856114 0 0 0 0 0 0
5.93325491750201 10.9343632897876 9.5393772636843 0.33117175259674 -0.876796088506412 0.348645793695924 0.460755133603399 0.472718739534218 0.751160236002475 0 0 0 0 0 0
5.72013088969727 10.9853502578528 10.0445316496421 0.957034666517665 -0.289870509364248 -0.00772883460378708 0.163429413824899 0.517177093520426 0.840130156960584 0 0 0 0 0 0
5.67860116822616 10.8679628042797 10.5496971232463 0.860239785440685 0.449763102185015 -0.240209623990953 -0.108847845342775 0.622225212995005 0.775234113592505 0 0 0 0 0 0
7.24499954397088 1.82403479556527 3.56037161553553 0.61572887100095 -0.762181898659572 0.199891747632526 -0.349691448780644 -0.036985319554893 0.936134593307563 0 0 0 0 0 0
7.00204344192769 1.52354589188956 3.93368629963744 0.948482517388751 0.137993677426883 0.285199332394208 -0.295589282466118 0.0613711131583544 0.953341786853419 0 0 0 0 0 0
7.03506324183905 1.2154059450795 4.37259923874048 0.642898570466518 0.730585845910419 0.230055971118911 -0.178846637220071 -0.148867581381798 0.97254939389658 0 0 0 0 0 0
7.2801872065349 1.10598451484021 4.79084621915152 -0.119740539315259 0.990423306327896 0.0687304701497754 -0.355787696759831 -0.107438468222881 0.928370664325546 0 0 0 0 0 0
7.28613925355003 1.19250625705551 5.33653642719301 -0.382514245483638 0.881321309180884 -0.277408727306434 -0.20915654388331 0.209852668941866 0.955099679347012 0 0 0 0 0 0
7.46691253730772 1.48187108859673 5.73225139413107 -0.941735725091392 0.261190235010458 -0.211928018963448 -0.193965560948352 0.0930420437957199 0.976586165810424 0 0 0 0 0 0
7.28723326446795 1.79507521011991 6.13519492903908 -0.896882243175256 -0.287067218155153 -0.336444132268021 -0.333862939695727 -0.0594703064163026 0.940743759029247 0 0 0 0 0 0
6.92640829626989 1.91658905700184 6.52386860539281 -0.487492517810499 -0.765293251322856 -0.420329971044741 -0.456155071477707 -0.18725474835304 0.869975982418139 0 0 0 0 0 0
6.51397363310072 1.8503086851714 6.75721326359951 0.210075313047696 -0.958945545551731 -0.190504077421992 -0.39537984712641 -0.261534911156558 0.880496602340196 0 0 0 0 0 0
6.22209540356322 1.55174376529839 7.04208083815085 0.860362635074109 -0.476169385559778 0.181765927566082 -0.36714808565666 -0.331647894604548 0.869029318954786 0 0 0 0 0 0
6.14255967588642 1.11081346619924 7.33862702591527 0.79737035257296 0.415499289631582 0.437676662792665 -0.336946765731629 -0.295160152827563 0.894062280406575 0 0 0 0 0 0
6.24174729359741 0.692141839917363 7.63005008224899 0.0797210789388422 0.903456408998902 0.421201930921068 -0.569144705964859 -0.305646442156053 0.763318122455847 0 0 0 0 0 0
6.16928074958844 0.480058868120798 8.054628270151 -0.375779393520456 0.923288639015257 -0.0795483278941284 -0.557365575373163 -0.156598431733659 0.815365284131904 0 0 0 0 0 0
6.16367792297768 0.643272004446519 8.56650245643416 -0.725168064317347 0.585522084563266 -0.362346749651379 -0.513230837913819 -0.108797126663307 0.851326783464544 0 0 0 0 0 0
6.0057827306813 0.945743823578046 8.98155065724862 -0.797669077603004 0.067064540136147 -0.599354978366159 -0.60217244854403 -0.0336063965208938 0.797658418326647 0 0 0 0 0 0
5.66627558886382 1.25623175940379 9.25907046641537 -0.677497682842177 -0.558951161395778 -0.47809046101945 -0.577859859268326 0.00234992431280863 0.816132624578943 0 0 0 0 0 0
5.20629880601296 1.4250057195035 9.35628900088643 -0.269177381167139 -0.963070787946245 0.00618020004518441 -0.393097818759665 0.115724129995646 0.912185304980926 0 0 0 0 0 0
4.80542186090893 1.38003678473367 9.62410363912757 0.614582839420747 -0.728469274226397 0.302688701470005 -0.499028438344044 -0.0618524886378794 0.864375431958363 0 0 0 0 0 0
4.47303358615426 1.12558543000097 9.87880438458276 0.854804347620638 -0.11807306041357 0.505339766586233 -0.518630467361523 -0.228555953653847 0.823883859760433 0 0 0 0 0 0
4.35731403858545 0.7738442286361 10.1692367424428 0.626335962238684 0.532764429037782 0.569091667096426 -0.546857474722589 -0.219985033882363 0.807807828142194 0 0 0 0 0 0
