t = 0
b =  13.0 13.0 13.0
E = 0. 0. 0.
9.401476035947535 9.119679066349434 5.526827852861686 0.5179052524056319 0.8129300031816732 -0.2663061386031192 0.3553054039892253 0.07876435274581157 0.9314259211727934 0.0 0.0 0.0 0.0 0.0 0.0
9.872763878608973 9.04002643098137 5.772242459510943 -0.03676640419331565 0.9968500938096095 -0.07027177238739946 0.3553054039892253 0.07876435274581157 0.9314259211727934 0.0 0.0 0.0 0.0 0.0 0.0
10.335670818277688 9.18760580586314 6.001638613433389 -0.577469889137725 0.8020501673544903 0.15246001503967382 0.3553054039892253 0.07876435274581157 0.9314259211727934 0.0 0.0 0.0 0.0 0.0 0.0
10.66694347854734 9.518012541629911 6.265788032581289 -0.8987829084170338 0.30253797275770367 0.3172696937576556 0.3553054039892253 0.07876435274581157 0.9314259211727934 0.0 0.0 0.0 0.0 0.0 0.0
10.793338546563088 9.91738281780617 6.602259088404152 -0.8786332739398304 -0.31191345585489855 0.3615433113506995 0.3553054039892253 0.07876435274581157 0.9314259211727934 0.0 0.0 0.0 0.0 0.0 0.0
10.719449132138015 10.245652411905935 7.021143953425383 -0.5246761687279278 -0.8078637476733425 0.26846058027979597 0.3553054039892253 0.07876435274581157 0.9314259211727934 0.0 0.0 0.0 0.0 0.0 0.0
10.525959768542451 10.389769439304091 7.501224416168518 0.02861418510145866 -0.9968930949891074 0.07338518633905294 0.3553054039892253 0.07876435274581157 0.9314259211727934 0.0 0.0 0.0 0.0 0.0 0.0
10.338993009341113 10.306644654332196 7.998033034446708 0.5710335316071382 -0.8071860883547842 -0.14957046682678224 0.3553054039892253 0.07876435274581157 0.9314259211727934 0.0 0.0 0.0 0.0 0.0 0.0
10.282193361637216 10.039521775121681 8.460747060105492 0.8965076922837463 -0.31081559132276193 -0.3157017989602734 0.3553054039892253 0.07876435274581157 0.9314259211727934 0.0 0.0 0.0 0.0 0.0 0.0
10.429752670598054 9.701548472089316 8.85149685075771 0.8813835918524633 0.3036389454123437 -0.36189273941615535 0.3553054039892253 0.07876435274581157 0.9314259211727934 0.0 0.0 0.0 0.0 0.0 0.0
10.778223397054436 9.432789676217707 9.159753180073045 0.5314071289286084 0.8027359702128547 -0.2705945776438976 0.3553054039892253 0.07876435274581157 0.9314259211727934 0.0 0.0 0.0 0.0 0.0 0.0
11.247828395270844 9.347014570014242 9.406327466900182 -0.020459786928622145 0.9968601788997933 -0.07649301172464498 0.3553054039892253 0.07876435274581157 0.9314259211727934 0.0 0.0 0.0 0.0 0.0 0.0
11.712769584413103 9.488473772957235 9.635465169297829 -0.5645536876622734 0.8122605390093017 0.14666952824375568 0.3553054039892253 0.07876435274581157 0.9314259211727934 0.0 0.0 0.0 0.0 0.0 0.0
12.04902074268904 9.815087791325213 9.898036195273605 -0.894164203618721 0.31906954007716926 0.3141098622486106 0.3553054039892253 0.07876435274581157 0.9314259211727934 0.0 0.0 0.0 0.0 0.0 0.0
12.181447142615173 10.21443372139332 10.232208574232432 -0.8840667889921615 -0.29534131168850997 0.36221460794837934 0.3553054039892253 0.07876435274581157 0.9314259211727934 0.0 0.0 0.0 0.0 0.0 0.0
12.112350490173341 10.546456590169102 10.64894778447019 -0.5380976204189949 -0.7975470613003167 0.2727079681832615 0.3553054039892253 0.07876435274581157 0.9314259211727934 0.0 0.0 0.0 0.0 0.0 0.0
11.920594468225735 10.696678581226623 11.127850784636092 0.012303830663797642 -0.9967513480483547 0.07959501187123875 0.3553054039892253 0.07876435274581157 0.9314259211727934 0.0 0.0 0.0 0.0 0.0 0.0
11.731643104865082 10.619691071133696 11.624897470262503 0.5580308507683347 -0.8172731328789791 -0.14375742020829982 0.3553054039892253 0.07876435274581157 0.9314259211727934 0.0 0.0 0.0 0.0 0.0 0.0
11.669894891495534 10.356406124685469 12.0891746474291 0.8917526208876922 -0.3272991904507717 -0.31249400485481243 0.3553054039892253 0.07876435274581157 0.9314259211727934 0.0 0.0 0.0 0.0 0.0 0.0
11.811421716116374 10.018513317475506 12.482218806356403 0.8866826610230739 0.28702118658033066 -0.36250889243583784 0.3553054039892253 0.07876435274581157 0.9314259211727934 0.0 0.0 0.0 0.0 0.0 0.0
4.94112340098772 1.0836407204782814 2.8627379612074844 0.6863059099251956 -0.5177376082567141 0.5108150027146486 0.19255080153982176 0.8066110768801716 0.5588405492451153 0.0 0.0 0.0 0.0 0.0 0.0
4.847638771988022 1.2386864009484597 3.3686100430885544 0.9671955418676756 -0.2521686818660926 0.030720346306812044 0.19255080153982176 0.8066110768801716 0.5588405492451153 0.0 0.0 0.0 0.0 0.0 0.0
4.974626397189913 1.3362502224527635 3.881484828876879 0.8806314168075096 0.10920334280098667 -0.4610454832797827 0.19255080153982176 0.8066110768801716 0.5588405492451153 0.0 0.0 0.0 0.0 0.0 0.0
5.302353981562182 1.4587069493846403 4.28926428224476 0.45950069313004555 0.4290871917554442 -0.777652425498972 0.19255080153982176 0.8066110768801716 0.5588405492451153 0.0 0.0 0.0 0.0 0.0 0.0
5.734824763391655 1.6789741151784183 4.519777840751283 -0.1362020263094248 0.585953642606733 -0.7988162096158962 0.19255080153982176 0.8066110768801716 0.5588405492451153 0.0 0.0 0.0 0.0 0.0 0.0
6.136248289038292 2.032809432241459 4.568201219141074 -0.6801593187775014 0.5202065080092511 -0.5164963602049348 0.19255080153982176 0.8066110768801716 0.5588405492451153 0.0 0.0 0.0 0.0 0.0 0.0
6.382629476568354 2.505225839173529 4.4988892359705694 -0.9657127143846198 0.25682422363005264 -0.03795090819348016 0.19255080153982176 0.8066110768801716 0.5588405492451153 0.0 0.0 0.0 0.0 0.0 0.0
6.408876420468248 3.0361853359630557 4.420926342083234 -0.8843757039414584 -0.10412987717823946 0.45501272834602585 0.19255080153982176 0.8066110768801716 0.5588405492451153 0.0 0.0 0.0 0.0 0.0 0.0
6.2335298948277655 3.543408423973352 4.446683613939371 -0.4670495775976693 -0.42552329668781336 0.7751094219797443 0.19255080153982176 0.8066110768801716 0.5588405492451153 0.0 0.0 0.0 0.0 0.0 0.0
5.951719403278158 3.9536334631145507 4.649127102924643 0.12771649192799403 -0.5852533014155594 0.8007290870649038 0.19255080153982176 0.8066110768801716 0.5588405492451153 0.0 0.0 0.0 0.0 0.0 0.0
5.699021890082142 4.2304499937830515 5.034096812501337 0.6739609308643383 -0.5226357920221422 0.5221383844976942 0.19255080153982176 0.8066110768801716 0.5588405492451153 0.0 0.0 0.0 0.0 0.0 0.0
5.5999537922828635 4.388131679215347 5.538087983253388 0.9641563441394546 -0.26146020723504837 0.04517857997155626 0.19255080153982176 0.8066110768801716 0.5588405492451153 0.0 0.0 0.0 0.0 0.0 0.0
5.7206651634673955 4.486213502181556 6.052377612731501 0.8880526424415522 0.09904848166218945 -0.44894532243135216 0.19255080153982176 0.8066110768801716 0.5588405492451153 0.0 0.0 0.0 0.0 0.0 0.0
6.043808162439096 4.606873429659226 6.464330141835302 0.4745628944317031 0.4219269963736589 -0.772507390877075 0.19255080153982176 0.8066110768801716 0.5588405492451153 0.0 0.0 0.0 0.0 0.0 0.0
6.4751277881286455 4.8237116292362225 6.700189586881695 -0.11922123144122845 0.5845083909195826 -0.8025809858937829 0.19255080153982176 0.8066110768801716 0.5588405492451153 0.0 0.0 0.0 0.0 0.0 0.0
6.8792709303598665 5.173788534914921 6.753100670940354 -0.6677112182169442 0.5250252752960037 -0.5277406459309334 0.19255080153982176 0.8066110768801716 0.5588405492451153 0.0 0.0 0.0 0.0 0.0 0.0
7.131209279388971 5.643544968617288 6.6857132581536725 -0.9625265496558003 0.2660762796329784 -0.05240281122585167 0.19255080153982176 0.8066110768801716 0.5588405492451153 0.0 0.0 0.0 0.0 0.0 0.0
7.163739671138094 6.173953498634094 6.606380622899201 -0.8916619522946886 -0.09395954322077942 0.44284372759221285 0.19255080153982176 0.8066110768801716 0.5588405492451153 0.0 0.0 0.0 0.0 0.0 0.0
6.993015692805461 6.682943947817282 6.627994229283473 -0.4820400714639809 -0.41829856468517407 0.7698465303457063 0.19255080153982176 0.8066110768801716 0.5588405492451153 0.0 0.0 0.0 0.0 0.0 0.0
6.7124106650152 7.096583226018701 6.825094376483305 0.11071689179610485 -0.5837189678466211 0.8043717650732675 0.19255080153982176 0.8066110768801716 0.5588405492451153 0.0 0.0 0.0 0.0 0.0 0.0
8.167542747364982 1.445814403789214 -0.05164517792573131 -0.6823642911730499 0.17773810491111536 0.7090755532342845 0.6471479178111783 0.5979853504519236 0.472877460995496 0.0 0.0 0.0 0.0 0.0 0.0
8.222395626137791 1.9741126879852908 0.02945467857337858 -0.3533953888981978 -0.31430490621860935 0.8810925746097301 0.6471479178111783 0.5979853504519236 0.472877460995496 0.0 0.0 0.0 0.0 0.0 0.0
8.196692014891655 2.430765158919218 0.311399615178394 0.10983433007489733 -0.6869382285780843 0.7183677958086667 0.6471479178111783 0.5979853504519236 0.472877460995496 0.0 0.0 0.0 0.0 0.0 0.0
8.196025142642034 2.7308300390342284 0.75709651344147 0.5313361507204674 -0.7985922329060319 0.28272308091083576 0.6471479178111783 0.5979853504519236 0.472877460995496 0.0 0.0 0.0 0.0 0.0 0.0
8.31647636266766 2.8488557945305693 1.2672401468940655 0.7509744842406267 -0.6068476962028624 -0.26033285930286104 0.6471479178111783 0.5979853504519236 0.472877460995496 0.0 0.0 0.0 0.0 0.0 0.0
8.608112240005381 2.8285505985829773 1.7180408968771888 0.685305055573958 -0.18455157375980563 -0.7044839937341042 0.6471479178111783 0.5979853504519236 0.472877460995496 0.0 0.0 0.0 0.0 0.0 0.0
9.055963426324341 2.766176865589914 2.0082544983220023 0.3592767786052259 0.3078587770923697 -0.8809898806014983 0.6471479178111783 0.5979853504519236 0.472877460995496 0.0 0.0 0.0 0.0 0.0 0.0
9.585711765631023 2.773979550521847 2.0976464287633187 -0.10324675334304181 0.6833084314028851 -0.7227929824630632 0.6471479178111783 0.5979853504519236 0.472877460995496 0.0 0.0 0.0 0.0 0.0 0.0
10.091925004264496 2.9375424138923982 2.022277676109466 -0.5265451175026262 0.7991577883157035 -0.2899949458326801 0.6471479178111783 0.5979853504519236 0.472877460995496 0.0 0.0 0.0 0.0 0.0 0.0
10.478112266795478 3.28327332025505 1.8808045664283504 -0.7498001881580618 0.6113937402416879 0.25297701917647525 0.6471479178111783 0.5979853504519236 0.472877460995496 0.0 0.0 0.0 0.0 0.0 0.0
10.693382552843333 3.7683714489433258 1.7969975762284454 -0.6881936313416197 0.19135098829163186 0.6998387850502792 0.6471479178111783 0.5979853504519236 0.472877460995496 0.0 0.0 0.0 0.0 0.0 0.0
10.751779078972824 4.297088041433546 1.8727188591012103 -0.36513080799456826 -0.30138920332833263 0.8808200958029665 0.6471479178111783 0.5979853504519236 0.472877460995496 0.0 0.0 0.0 0.0 0.0 0.0
10.726944025931095 4.757102955541849 2.149223110527305 0.09665131397118146 -0.6796265976451002 0.7271631256334369 0.6471479178111783 0.5979853504519236 0.472877460995496 0.0 0.0 0.0 0.0 0.0 0.0
10.724140642950236 5.062196965332469 2.591484219321763 0.5217139858354831 -0.7996624847657314 0.2972447265166367 0.6471479178111783 0.5979853504519236 0.472877460995496 0.0 0.0 0.0 0.0 0.0 0.0
10.840261979456328 5.185007886559325 3.1015022728785064 0.7485687918881974 -0.6158932242800889 -0.24560191387064031 0.6471479178111783 0.5979853504519236 0.472877460995496 0.0 0.0 0.0 0.0 0.0 0.0
11.127019595627084 5.1674259279324275 3.5555353624405623 0.6910297984998027 -0.19813583070485608 -0.695140280933438 0.6471479178111783 0.5979853504519236 0.472877460995496 0.0 0.0 0.0 0.0 0.0 0.0
11.571297476109157 5.104678900462005 3.851111203091221 0.37095703125921853 0.2948966776095844 -0.8805832331439071 0.6471479178111783 0.5979853504519236 0.472877460995496 0.0 0.0 0.0 0.0 0.0 0.0
12.100135023538947 5.1091535799316246 3.9459580680391353 -0.09004851422756335 0.6758930076906214 -0.7314778925164687 0.6471479178111783 0.5979853504519236 0.472877460995496 0.0 0.0 0.0 0.0 0.0 0.0
12.608446009317184 5.267698091771325 3.8740645243719363 -0.5168431236284228 0.8001062838215234 -0.3044718708638409 0.6471479178111783 0.5979853504519236 0.472877460995496 0.0 0.0 0.0 0.0 0.0 0.0
12.99894258880183 5.608626856183522 3.732766608161103 -0.7472803892066306 0.6203458056649312 0.23820810502817605 0.6471479178111783 0.5979853504519236 0.472877460995496 0.0 0.0 0.0 0.0 0.0 0.0
1.9175892202383458 5.363741896221131 2.8851423536000027 0.8820987771688008 -0.31826752252969 -0.3472859505078193 0.4575165632180516 0.7543747778534023 0.4707412122597431 0.0 0.0 0.0 0.0 0.0 0.0
2.2359106650175518 5.419502479340689 3.3143827492784683 0.6487679724522509 0.07884361769510882 -0.7568908784421587 0.4575165632180516 0.7543747778534023 0.4707412122597431 0.0 0.0 0.0 0.0 0.0 0.0
2.7021187895307617 5.4932354675946655 3.5710898454004383 0.1689593681790279 0.44600074936254425 -0.8789403071156723 0.4575165632180516 0.7543747778534023 0.4707412122597431 0.0 0.0 0.0 0.0 0.0 0.0
3.2068412073366948 5.668634340699266 3.627442470859495 -0.37503972491540083 0.6437147396122705 -0.6670656180176631 0.4575165632180516 0.7543747778534023 0.4707412122597431 0.0 0.0 0.0 0.0 0.0 0.0
3.6260733080475203 5.9907680089529975 3.5317374677021753 -0.7765549561846505 0.5968707379467798 -0.20176154789236078 0.4575165632180516 0.7543747778534023 0.4707412122597431 0.0 0.0 0.0 0.0 0.0 0.0
3.8682896820617185 6.448958380702262 3.390040913354356 -0.8830439762928542 0.3232655637887342 0.3401951075504411 0.4575165632180516 0.7543747778534023 0.4707412122597431 0.0 0.0 0.0 0.0 0.0 0.0
3.909216153894942 6.980837147888734 3.3258918444769145 -0.6540498260994339 -0.07315360276465699 0.7529059538759474 0.4575165632180516 0.7543747778534023 0.4707412122597431 0.0 0.0 0.0 0.0 0.0 0.0
3.8010519472890927 7.496040549023221 3.4333677114757144 -0.1765712118408918 -0.4417804925647399 0.8795752404077174 0.4575165632180516 0.7543747778534023 0.4707412122597431 0.0 0.0 0.0 0.0 0.0 0.0
3.652638327388291 7.910540072976932 3.741342782201327 0.36798975790923755 -0.6425675870635302 0.6720791873947982 0.4575165632180516 0.7543747778534023 0.4707412122597431 0.0 0.0 0.0 0.0 0.0 0.0
3.588107984381714 8.178566295241094 4.202518324840587 0.772745266168992 -0.5992325120797378 0.20924901452580247 0.4575165632180516 0.7543747778534023 0.4707412122597431 0.0 0.0 0.0 0.0 0.0 0.0
3.699724949112823 8.309997447521802 4.711392186925033 0.8839219281992696 -0.32823898712352195 -0.33307835741850367 0.4575165632180516 0.7543747778534023 0.4707412122597431 0.0 0.0 0.0 0.0 0.0 0.0
4.012831945189598 8.366606512359649 5.144340826955605 0.659281871320103 0.06745801690412939 -0.7488636926063542 0.4575165632180516 0.7543747778534023 0.4707412122597431 0.0 0.0 0.0 0.0 0.0 0.0
4.476222264578125 8.43859263427336 5.406585964693528 0.18416960892135117 0.4375265924720044 -0.8801431906397912 0.4575165632180516 0.7543747778534023 0.4707412122597431 0.0 0.0 0.0 0.0 0.0 0.0
4.981594052115178 8.61031295670786 5.468202434431367 -0.3609117670582788 0.6413715005052341 -0.6770415753397525 0.4575165632180516 0.7543747778534023 0.4707412122597431 0.0 0.0 0.0 0.0 0.0 0.0
5.404695990995192 8.92823393286331 5.375487255767366 -0.7688767286095094 0.6015486523368786 -0.2167205460366471 0.4575165632180516 0.7543747778534023 0.4707412122597431 0.0 0.0 0.0 0.0 0.0 0.0
5.652532455395927 9.383277943246707 5.233370621815189 -0.8847325660286092 0.33318741378861194 0.32593624208008404 0.4575165632180516 0.7543747778534023 0.4707412122597431 0.0 0.0 0.0 0.0 0.0 0.0
5.698694103532291 9.914272035086976 5.165551164500767 -0.6644637096737569 -0.061757293854439566 0.7447644024672258 0.4575165632180516 0.7543747778534023 0.4707412122597431 0.0 0.0 0.0 0.0 0.0 0.0
5.593391228141142 10.431188549849928 5.267500776162793 -0.19175398077304917 -0.43323937303529847 0.8806441145602851 0.4575165632180516 0.7543747778534023 0.4707412122597431 0.0 0.0 0.0 0.0 0.0 0.0
5.444378026799229 10.849348135897587 5.570193241448342 0.3538062913789322 -0.6401265710240029 0.6819524039474721 0.4575165632180516 0.7543747778534023 0.4707412122597431 0.0 0.0 0.0 0.0 0.0 0.0
5.376014980709673 11.121590849938714 6.028336778671381 0.7649496381103162 -0.6038189823351529 0.22417557343884384 0.4575165632180516 0.7543747778534023 0.4707412122597431 0.0 0.0 0.0 0.0 0.0 0.0
2.61968437734286 4.937571760760268 10.420666727014915 0.9779859860440344 -0.08572175157140088 -0.1902503414162745 0.20068290575267758 0.636217559404496 0.7449520712395185 0.0 0.0 0.0 0.0 0.0 0.0
2.829487058321049 4.906021087035117 10.914298666986605 0.7586794216170708 0.3801526586997451 -0.5290458309998314 0.20068290575267758 0.636217559404496 0.7449520712395185 0.0 0.0 0.0 0.0 0.0 0.0
3.2122307373287318 4.961126223822092 11.287334593135432 0.25113786047428516 0.7016007181173455 -0.666847964211951 0.20068290575267758 0.636217559404496 0.7449520712395185 0.0 0.0 0.0 0.0 0.0 0.0
3.6522212995335916 5.176161266379813 11.508362504859743 -0.3518151726637959 0.756498934583701 -0.5513034067165452 0.20068290575267758 0.636217559404496 0.7449520712395185 0.0 0.0 0.0 0.0 0.0 0.0
4.012015582059859 5.563640264879162 11.603720787676233 -0.8211077396708896 0.5239905578140107 -0.2263094677081013 0.20068290575267758 0.636217559404496 0.7449520712395185 0.0 0.0 0.0 0.0 0.0 0.0
4.184638329491955 6.070562927519601 11.647491820207822 -0.978447748187698 0.09240940747583702 0.18466322177517464 0.20068290575267758 0.636217559404496 0.7449520712395185 0.0 0.0 0.0 0.0 0.0 0.0
4.134223881937763 6.598550317501823 11.7333568399535 -0.7640590983940264 -0.37427962176530855 0.5254792659016378 0.20068290575267758 0.636217559404496 0.7449520712395185 0.0 0.0 0.0 0.0 0.0 0.0
3.909642138863499 7.041220655925919 11.939004874895684 -0.2593916227335682 -0.6987735650762422 0.6666569513672561 0.20068290575267758 0.636217559404496 0.7449520712395185 0.0 0.0 0.0 0.0 0.0 0.0
3.6259320672253494 7.324605538203943 12.296617382878424 0.34382306720003314 -0.7577917481437242 0.5545605150986129 0.20068290575267758 0.636217559404496 0.7449520712395185 0.0 0.0 0.0 0.0 0.0 0.0
3.4205964745738555 7.435251767648654 12.780641977727166 0.8164136254892082 -0.5289121764890174 0.23177726738663607 0.20068290575267758 0.636217559404496 0.7449520712395185 0.0 0.0 0.0 0.0 0.0 0.0
3.4013623935411177 7.425332449820448 13.317500207969573 0.9788349977471227 -0.09909002604611603 -0.17906203931478376 0.20068290575267758 0.636217559404496 0.7449520712395185 0.0 0.0 0.0 0.0 0.0 0.0
3.605253781043924 7.392825557437157 13.81354124071598 0.7693805891124644 0.3683780819885925 -0.5218726835228701 0.20068290575267758 0.636217559404496 0.7449520712395185 0.0 0.0 0.0 0.0 0.0 0.0
3.9845254980435105 7.4442904604342 14.190621378832601 0.26762563131650463 0.6958931977227468 -0.666415170014647 0.20068290575267758 0.636217559404496 0.7449520712395185 0.0 0.0 0.0 0.0 0.0 0.0
4.424802486122546 7.6543842397484525 14.4157921579756 -0.3358047782785379 0.7590268529282166 -0.5577753915503874 0.20068290575267758 0.636217559404496 0.7449520712395185 0.0 0.0 0.0 0.0 0.0 0.0
4.788532764426877 8.037498214070506 14.51381801906426 -0.8116573382490719 0.5337935164540183 -0.23722741632889688 0.20068290575267758 0.636217559404496 0.7449520712395185 0.0 0.0 0.0 0.0 0.0 0.0
4.967245726938498 8.542290437264091 14.557767883136378 -0.9791477052317551 0.10576309852726938 0.17344722058683248 0.20068290575267758 0.636217559404496 0.7449520712395185 0.0 0.0 0.0 0.0 0.0 0.0
4.922761939233614 9.071191362094806 14.641255046598788 -0.7746434885202633 -0.3624484887946989 0.5182263585187401 0.20068290575267758 0.636217559404496 0.7449520712395185 0.0 0.0 0.0 0.0 0.0 0.0
4.701698143946343 9.517472142500313 14.842871924791561 -0.27583925917146146 -0.6929598354079844 0.6661226385667104 0.20068290575267758 0.636217559404496 0.7449520712395185 0.0 0.0 0.0 0.0 0.0 0.0
4.417756780851644 9.805792706620558 15.196331479405195 0.3277609165230558 -0.760204154879166 0.5609477912465802 0.20068290575267758 0.636217559404496 0.7449520712395185 0.0 0.0 0.0 0.0 0.0 0.0
4.208528528991386 9.920824709716237 15.677659100683734 0.8068392401601687 -0.5386342059760748 0.24265949948494128 0.20068290575267758 0.636217559404496 0.7449520712395185 0.0 0.0 0.0 0.0 0.0 0.0
11.927772905221989 2.4666844486776784 12.161880636191297 -0.17016001978427825 0.013556911968816742 0.9853231844450244 0.4259490931789135 0.9026789885760776 0.061139296719302925 0.0 0.0 0.0 0.0 0.0 0.0
11.761767173793066 2.9713799332485364 12.241941032798444 0.3832147570932315 -0.24121766256002286 0.8916055681830696 0.4259490931789135 0.9026789885760776 0.061139296719302925 0.0 0.0 0.0 0.0 0.0 0.0
11.683115258301413 3.4210898440489133 12.525242946727332 0.7909998407419552 -0.40434961413805953 0.459152089718215 0.4259490931789135 0.9026789885760776 0.061139296719302925 0.0 0.0 0.0 0.0 0.0 0.0
11.784771781395733 3.77862824758364 12.913208593954726 0.8982708600807219 -0.4138623869400139 -0.14774094424415316 0.4259490931789135 0.9026789885760776 0.061139296719302925 0.0 0.0 0.0 0.0 0.0 0.0
12.091189175309589 4.041826706993192 13.267496688292992 0.664273761386933 -0.2661419195333439 -0.6985047233913044 0.4259490931789135 0.9026789885760776 0.061139296719302925 0.0 0.0 0.0 0.0 0.0 0.0
12.549027794032998 4.244358107470951 13.462560608955727 0.1779079546772189 -0.017309687240351913 -0.9838948797459052 0.4259490931789135 0.9026789885760776 0.061139296719302925 0.0 0.0 0.0 0.0 0.0 0.0
13.047420536622962 4.442943764197622 13.433345660822086 -0.37604805847675143 0.2380987846377871 -0.89548692143988 0.4259490931789135 0.9026789885760776 0.061139296719302925 0.0 0.0 0.0 0.0 0.0 0.0
13.460093112450782 4.695804046374265 13.200004440769687 -0.7871371270271477 0.40304954743263854 -0.4668685099359269 0.4259490931789135 0.9026789885760776 0.061139296719302925 0.0 0.0 0.0 0.0 0.0 0.0
13.693337755405457 5.040539485570151 12.860240529187358 -0.8991796407889718 0.4148750485287532 0.13912105411791473 0.4259490931789135 0.9026789885760776 0.061139296719302925 0.0 0.0 0.0 0.0 0.0 0.0
13.72161437094956 5.479845705132227 12.552189266268655 -0.669608775533173 0.26908258234788224 0.6922562037323748 0.4259490931789135 0.9026789885760776 0.061139296719302925 0.0 0.0 0.0 0.0 0.0 0.0
13.597253645041604 5.9804893078072 12.40193782677262 -0.18564234119061274 0.0210611443121858 0.9823916476423894 0.4259490931789135 0.9026789885760776 0.061139296719302925 0.0 0.0 0.0 0.0 0.0 0.0
13.430575741618005 6.485933798990824 12.475622594267668 0.3688527223446887 -0.23496177457126508 0.8993000799006042 0.4259490931789135 0.9026789885760776 0.061139296719302925 0.0 0.0 0.0 0.0 0.0 0.0
13.347977827858845 6.937818746267846 12.754302843272573 0.7832144697725913 -0.40171878694371166 0.4745493763090523 0.4259490931789135 0.9026789885760776 0.061139296719302925 0.0 0.0 0.0 0.0 0.0 0.0
13.443913677128226 7.298131883420949 13.141156637538844 0.9000199454862596 -0.4158561157762939 -0.130490569384776 0.4259490931789135 0.9026789885760776 0.061139296719302925 0.0 0.0 0.0 0.0 0.0 0.0
13.745009101290368 7.563650605897915 13.498265102407963 0.67489279637866 -0.2720027534819804 -0.685954966083352 0.4259490931789135 0.9026789885760776 0.061139296719302925 0.0 0.0 0.0 0.0 0.0 0.0
14.199946359622556 7.767166292160085 13.699010111174779 0.1933625903209809 -0.024810997496339943 -0.9808136026114218 0.4259490931789135 0.9026789885760776 0.061139296719302925 0.0 0.0 0.0 0.0 0.0 0.0
14.698960626502576 7.965026310762285 13.676178628364978 -0.36162929664974847 0.23180687125591679 -0.9030447531784623 0.4259490931789135 0.9026789885760776 0.061139296719302925 0.0 0.0 0.0 0.0 0.0 0.0
15.115541483832603 8.215726712961086 13.447498065653804 -0.7792321677038243 0.40035743401384033 -0.4821941039098794 0.4259490931789135 0.9026789885760776 0.061139296719302925 0.0 0.0 0.0 0.0 0.0 0.0
15.354496344015967 8.557688604840605 13.108901341784112 -0.9007917101801305 0.41680551397056465 0.12185014728956375 0.4259490931789135 0.9026789885760776 0.061139296719302925 0.0 0.0 0.0 0.0 0.0 0.0
15.38811570552032 8.994661326744518 12.798080362823097 -0.6801254215247495 0.27490221055329817 0.6796014903078794 0.4259490931789135 0.9026789885760776 0.061139296719302925 0.0 0.0 0.0 0.0 0.0 0.0
2.447711519346706 5.392572327836557 4.912974803984999 -0.4277549573537481 0.8463193451493843 -0.31744174660118407 0.7162535180112606 0.5315908202811205 0.4520974427370039 0.0 0.0 0.0 0.0 0.0 0.0
2.8721113051075284 5.684270335514259 4.759735787147291 -0.6698062399931197 0.7054799254762716 0.23164126492547382 0.7162535180112606 0.5315908202811205 0.4520974427370039 0.0 0.0 0.0 0.0 0.0 0.0
3.143828737386436 6.136782514402234 4.659299403937949 -0.6573869334959663 0.2966168871193695 0.6927198870715241 0.7162535180112606 0.5315908202811205 0.4520974427370039 0.0 0.0 0.0 0.0 0.0 0.0
3.265694797490229 6.656908522042133 4.716768540783022 -0.39521534004028824 -0.22493586582407252 0.8906226424602139 0.7162535180112606 0.5315908202811205 0.4520974427370039 0.0 0.0 0.0 0.0 0.0 0.0
3.2974715083963693 7.125760391989817 4.977255137000383 0.01710516874480999 -0.6610317226138238 0.7501629655617585 0.7162535180112606 0.5315908202811205 0.4520974427370039 0.0 0.0 0.0 0.0 0.0 0.0
3.3331473430561043 7.443930059968288 5.408741404821457 0.42292713794058423 -0.8459905761215519 0.3247038359904461 0.7162535180112606 0.5315908202811205 0.4520974427370039 0.0 0.0 0.0 0.0 0.0 0.0
3.465229432116817 7.56925614950072 5.914243922273376 0.6680720164680626 -0.7095434655525481 -0.22411570963227123 0.7162535180112606 0.5315908202811205 0.4520974427370039 0.0 0.0 0.0 0.0 0.0 0.0
3.74959855835234 7.53284178373463 6.368659256662807 0.6594051663708562 -0.3035289294860105 -0.6877899501508434 0.7162535180112606 0.5315908202811205 0.4520974427370039 0.0 0.0 0.0 0.0 0.0 0.0
4.184279113010313 7.427237988941655 6.666292850274011 0.40021926890290016 0.21780132162533952 -0.8901612893723717 0.7162535180112606 0.5315908202811205 0.4520974427370039 0.0 0.0 0.0 0.0 0.0 0.0
4.71018966260762 7.3712820122663025 6.7610141499638186 -0.011016620130611478 0.6563852092073154 -0.7543454720582383 0.7162535180112606 0.5315908202811205 0.4520974427370039 0.0 0.0 0.0 0.0 0.0 0.0
5.233588973299515 7.464949064682949 6.683782375562436 -0.4180671109884376 0.845597381635962 -0.33194119792545573 0.7162535180112606 0.5315908202811205 0.4520974427370039 0.0 0.0 0.0 0.0 0.0 0.0
5.661689872887096 7.751370066850272 6.530884594649401 -0.6662869166724058 0.7135529711468135 0.21657308706008072 0.7162535180112606 0.5315908202811205 0.4520974427370039 0.0 0.0 0.0 0.0 0.0 0.0
5.937910648854453 8.200445491242489 6.4273546557461945 -0.6613731829893363 0.3104178569495111 0.6828076353625717 0.7162535180112606 0.5315908202811205 0.4520974427370039 0.0 0.0 0.0 0.0 0.0 0.0
6.063371386949255 8.720280675893656 6.479470738808458 -0.40519271951867347 -0.2106501910127128 0.8896321470559443 0.7162535180112606 0.5315908202811205 0.4520974427370039 0.0 0.0 0.0 0.0 0.0 0.0
6.096468431880369 9.192098142875361 6.73437849778444 0.004927232558137306 -0.6516887095258274 0.7584705322264537 0.7162535180112606 0.5315908202811205 0.4520974427370039 0.0 0.0 0.0 0.0 0.0 0.0
6.130688639628144 9.515363148015236 7.1621796384467515 0.4131752466071764 -0.8451397916358971 0.3391532812530807 0.7162535180112606 0.5315908202811205 0.4520974427370039 0.0 0.0 0.0 0.0 0.0 0.0
6.2590921578406045 9.645978511059349 7.667290780242175 0.6644510765484096 -0.7175081369196934 -0.2090139716088138 0.7162535180112606 0.5315908202811205 0.4520974427370039 0.0 0.0 0.0 0.0 0.0 0.0
6.538957319859256 9.613037871716193 8.124757180632736 0.6632908334793215 -0.31728314489137327 -0.6777733221292698 0.7162535180112606 0.5315908202811205 0.4520974427370039 0.0 0.0 0.0 0.0 0.0 0.0
6.9700196482399965 9.507772529511717 8.427725130917763 0.41013531314008805 0.20348301857247508 -0.8890352558071675 0.7162535180112606 0.5315908202811205 0.4520974427370039 0.0 0.0 0.0 0.0 0.0 0.0
7.494572334155945 9.448891147793441 8.52803746666801 0.0011625302421728215 0.6469425812259935 -0.7625378319271018 0.7162535180112606 0.5315908202811205 0.4520974427370039 0.0 0.0 0.0 0.0 0.0 0.0
8.001633527069675 7.0700865361771355 1.2344714993280441 -0.3438064704103511 0.905416782147406 0.24903325382328648 0.7040546574890135 0.07305692065834869 0.706377891508467 0.0 0.0 0.0 0.0 0.0 0.0
8.455476030740865 7.348885445394168 1.3050636532774658 -0.6428533874111473 0.4882100567570633 0.5902461035663672 0.7040546574890135 0.07305692065834869 0.706377891508467 0.0 0.0 0.0 0.0 0.0 0.0
8.762780084524273 7.738971852410524 1.5102024251069608 -0.697669554598974 -0.11447583163215243 0.7072145901759921 0.7040546574890135 0.07305692065834869 0.706377891508467 0.0 0.0 0.0 0.0 0.0 0.0
8.911050341384641 8.102963490004344 1.8765507850196121 -0.4874293935817342 -0.6736704376504742 0.5555004299803568 0.7040546574890135 0.07305692065834869 0.706377891508467 0.0 0.0 0.0 0.0 0.0 0.0
8.948211052641065 8.313391930138668 2.3695254854251315 -0.09200665655792116 -0.9769263812363025 0.19274236896327449 0.7040546574890135 0.07305692065834869 0.706377891508467 0.0 0.0 0.0 0.0 0.0 0.0
8.964398843640119 8.301129970931143 2.9064358149004765 0.3383709475615113 -0.909031659252385 -0.2432417405035172 0.7040546574890135 0.07305692065834869 0.706377891508467 0.0 0.0 0.0 0.0 0.0 0.0
9.057718302782675 8.081654216394316 3.387899181974433 0.6401957714417713 -0.4957806117196293 -0.5868142459679938 0.7040546574890135 0.07305692065834869 0.706377891508467 0.0 0.0 0.0 0.0 0.0 0.0
9.296970408169173 7.749165255816242 3.735598223215848 0.6987995182487974 0.10582577921520747 -0.7074462083782359 0.7040546574890135 0.07305692065834869 0.706377891508467 0.0 0.0 0.0 0.0 0.0 0.0
9.695513885728241 7.440799284940086 3.922034878997618 0.4919176447682044 0.6672271873135118 -0.5593075283557355 0.7040546574890135 0.07305692065834869 0.706377891508467 0.0 0.0 0.0 0.0 0.0 0.0
10.20619000589043 7.284527772406378 3.9809773660920613 0.09814803361573993 0.9751378315077356 -0.19867856718769122 0.7040546574890135 0.07305692065834869 0.706377891508467 0.0 0.0 0.0 0.0 0.0 0.0
10.739238973403562 7.350538959247614 3.99463106754464 -0.33290965645495807 0.9125773100770529 0.2374317033834601 0.7040546574890135 0.07305692065834869 0.706377891508467 0.0 0.0 0.0 0.0 0.0 0.0
11.196401174252768 7.624572172635201 4.062407333254278 -0.6374894020857811 0.5033134110691201 0.5833377001928466 0.7040546574890135 0.07305692065834869 0.706377891508467 0.0 0.0 0.0 0.0 0.0 0.0
11.508247645837889 8.013335693912772 4.263155446077622 -0.6998762656097934 -0.09716766775545423 0.7076239518127228 0.7040546574890135 0.07305692065834869 0.706377891508467 0.0 0.0 0.0 0.0 0.0 0.0
11.660557300655618 8.379949842268102 4.6252064609820955 -0.4963684345214883 -0.6607331250429604 0.5630720332973832 0.7040546574890135 0.07305692065834869 0.706377891508467 0.0 0.0 0.0 0.0 0.0 0.0
11.69971975520592 8.595949853979894 5.115609763593794 -0.10428193632080278 -0.9732750212578997 0.2045996352700017 0.7040546574890135 0.07305692065834869 0.706377891508467 0.0 0.0 0.0 0.0 0.0 0.0
11.715111139090657 8.590091793971803 5.652651559503026 0.3274230129891541 -0.9160534646063717 -0.23160358491993568 0.7040546574890135 0.07305692065834869 0.706377891508467 0.0 0.0 0.0 0.0 0.0 0.0
11.805138609088653 8.375419317883027 6.136899310942342 0.6347344854436819 -0.5108078811537009 -0.5798167309933454 0.7040546574890135 0.07305692065834869 0.706377891508467 0.0 0.0 0.0 0.0 0.0 0.0
12.039853825015484 8.044308169212673 6.488977820307764 0.7008997146834827 0.08850215660160142 -0.707747806943601 0.7040546574890135 0.07305692065834869 0.706377891508467 0.0 0.0 0.0 0.0 0.0 0.0
12.434339152958257 7.733371089924377 6.679725194811077 0.5007814238967155 0.6541887453868047 -0.5667936581236727 0.7040546574890135 0.07305692065834869 0.706377891508467 0.0 0.0 0.0 0.0 0.0 0.0
12.942977622235396 7.571556355731082 6.741271937110911 0.11040789755267151 0.9713380923470075 -0.21050512229794605 0.7040546574890135 0.07305692065834869 0.706377891508467 0.0 0.0 0.0 0.0 0.0 0.0
10.498599601847753 9.609444030755764 4.2542321350412 0.054084746910158396 0.9074539717624942 -0.41665588833489225 0.6619146314973293 0.2798347353752778 0.695385893937462 0.0 0.0 0.0 0.0 0.0 0.0
11.025785797719164 9.711678698597131 4.271778920853821 -0.3945760185006492 0.9188448344010552 0.005825454374753995 0.6619146314973293 0.2798347353752778 0.695385893937462 0.0 0.0 0.0 0.0 0.0 0.0
11.463028377758002 10.023364075351713 4.290653619174466 -0.6933307575238318 0.5811511821842589 0.4260936095710279 0.6619146314973293 0.2798347353752778 0.695385893937462 0.0 0.0 0.0 0.0 0.0 0.0
11.742226189803601 10.467522882371144 4.4066563692038825 -0.7286775498916129 0.022668479526046222 0.6844816785860178 0.6619146314973293 0.2798347353752778 0.695385893937462 0.0 0.0 0.0 0.0 0.0 0.0
11.855321931423532 10.916848970011802 4.6786867394042275 -0.48718755821661935 -0.544426357500878 0.682823713982792 0.6619146314973293 0.2798347353752778 0.695385893937462 0.0 0.0 0.0 0.0 0.0 0.0
11.857363253818608 11.242073052329737 5.106366796692029 -0.06060686783353135 -0.9046845189899274 0.4217496042338058 0.6619146314973293 0.2798347353752778 0.695385893937462 0.0 0.0 0.0 0.0 0.0 0.0
11.845589238784033 11.361074270077978 5.630184689535296 0.38899938493230873 -0.9212379061961554 0.00044576855904254975 0.6619146314973293 0.2798347353752778 0.695385893937462 0.0 0.0 0.0 0.0 0.0 0.0
11.92248764578466 11.270079278122013 6.154104195335624 0.6908182676394773 -0.5877976105620408 -0.42102742204415383 0.6619146314973293 0.2798347353752778 0.695385893937462 0.0 0.0 0.0 0.0 0.0 0.0
12.156858098630334 11.045095802343353 6.5820504870333405 0.7301837406049014 -0.03104317522343408 -0.6825452558096643 0.6619146314973293 0.2798347353752778 0.695385893937462 0.0 0.0 0.0 0.0 0.0 0.0
12.557673958122159 10.813036033795736 6.854410566192926 0.4921402024934067 0.5375050813967671 -0.6847527353449582 0.6619146314973293 0.2798347353752778 0.695385893937462 0.0 0.0 0.0 0.0 0.0 0.0
13.07067319225757 10.703500565465134 6.970681237784854 0.06712437330926922 0.9018461709886108 -0.42681120226748764 0.6619146314973293 0.2798347353752778 0.695385893937462 0.0 0.0 0.0 0.0 0.0 0.0
13.5989734294009 10.799540960188017 6.989660282390274 -0.3833931275547338 0.923560822157981 -0.006716957545838161 0.6619146314973293 0.2798347353752778 0.695385893937462 0.0 0.0 0.0 0.0 0.0 0.0
14.039879191054647 11.106107073381692 7.007108196311771 -0.688253169269431 0.5943992758760273 0.4159291716490165 0.6619146314973293 0.2798347353752778 0.695385893937462 0.0 0.0 0.0 0.0 0.0 0.0
14.32389762111751 11.548166520214108 7.119367177997891 -0.7316343249993223 0.03941550686283984 0.6805568545694989 0.6619146314973293 0.2798347353752778 0.695385893937462 0.0 0.0 0.0 0.0 0.0 0.0
14.441139983775871 11.99921073307612 7.38675911609688 -0.4970553683883765 -0.5305428721996727 0.6866296101351993 0.6619146314973293 0.2798347353752778 0.695385893937462 0.0 0.0 0.0 0.0 0.0 0.0
14.445078559570232 12.32931768152666 7.810668295431019 -0.07363676700409767 -0.8989391439097342 0.43184029697564946 0.6619146314973293 0.2798347353752778 0.695385893937462 0.0 0.0 0.0 0.0 0.0 0.0
14.432231632009024 12.454511423837818 8.333015484048632 0.37775767330612814 -0.9258134053874885 0.012987635010310264 0.6619146314973293 0.2798347353752778 0.695385893937462 0.0 0.0 0.0 0.0 0.0 0.0
14.505494577964111 12.368665971260135 8.8583232044755 0.6856356577558638 -0.6009556753838456 -0.4107992466371235 0.6619146314973293 0.2798347353752778 0.695385893937462 0.0 0.0 0.0 0.0 0.0 0.0
14.735048193678205 12.14583265356961 9.289989223705621 0.7330291926072564 -0.04778483685879485 -0.6785166262899757 0.6619146314973293 0.2798347353752778 0.695385893937462 0.0 0.0 0.0 0.0 0.0 0.0
15.131695836911918 11.91210678081357 9.566987356623384 0.5019326815926148 0.5235402601087797 -0.6884541954222345 0.6619146314973293 0.2798347353752778 0.695385893937462 0.0 0.0 0.0 0.0 0.0 0.0
4.541903298511837 11.245011255104833 11.632389054773972 0.8470549503317941 0.320066974720318 -0.4243289323293726 0.43301926960600423 0.04737693279891361 0.9001387328564692 0.0 0.0 0.0 0.0 0.0 0.0
4.915656047126965 10.967057979455156 11.900224753620506 0.5054250807200458 0.81409871512815 -0.28598735952106435 0.43301926960600423 0.04737693279891361 0.9001387328564692 0.0 0.0 0.0 0.0 0.0 0.0
5.40462045879545 10.874678531534592 12.10286962486561 -0.028224227313964595 0.9988407426541247 -0.038994407377036695 0.43301926960600423 0.04737693279891361 0.9001387328564692 0.0 0.0 0.0 0.0 0.0 0.0
5.88715115695964 11.009984862330604 12.296625719722156 -0.5511506795074836 0.8041064723191387 0.2228131720812514 0.43301926960600423 0.04737693279891361 0.9001387328564692 0.0 0.0 0.0 0.0 0.0 0.0
6.244047040388119 11.328587288793011 12.541172084165451 -0.8646857738081498 0.3038787092068296 0.3999703022282933 0.43301926960600423 0.04737693279891361 0.9001387328564692 0.0 0.0 0.0 0.0 0.0 0.0
6.403837774469653 11.716458876580672 12.876891691586767 -0.8497122858639088 -0.31179765611423615 0.4251720274119636 0.43301926960600423 0.04737693279891361 0.9001387328564692 0.0 0.0 0.0 0.0 0.0 0.0
6.3699365662522744 12.033256178846367 13.309529276034699 -0.5119188940881458 -0.8090168788986897 0.28884379088461054 0.43301926960600423 0.04737693279891361 0.9001387328564692 0.0 0.0 0.0 0.0 0.0 0.0
6.2193434300199515 12.165638058111352 13.80800881170326 0.020361044379190073 -0.9988770633486288 0.042778968989541116 0.43301926960600423 0.04737693279891361 0.9001387328564692 0.0 0.0 0.0 0.0 0.0 0.0
6.0733915944945265 12.070325879356304 14.31623981469903 0.5449054816683634 -0.8092471510985154 -0.21953829845087516 0.43301926960600423 0.04737693279891361 0.9001387328564692 0.0 0.0 0.0 0.0 0.0 0.0
6.05165098066088 11.790545787045353 14.774427055655138 0.8624312161379053 -0.3121707162552279 -0.3984492958251925 0.43301926960600423 0.04737693279891361 0.9001387328564692 0.0 0.0 0.0 0.0 0.0 0.0
6.2265015896823055 11.439606370141558 15.14178776709067 0.85230491251566 0.3035045929094675 -0.42598274399854724 0.43301926960600423 0.04737693279891361 0.9001387328564692 0.0 0.0 0.0 0.0 0.0 0.0
6.595635130329489 11.157850834741259 15.412045698628168 0.5183737228504863 0.8038734329016651 -0.2916782256751771 0.43301926960600423 0.04737693279891361 0.9001387328564692 0.0 0.0 0.0 0.0 0.0 0.0
7.082931977411093 11.05933827366481 15.61581556944534 -0.012496310872055306 0.9988373156874492 -0.04656027281793188 0.43301926960600423 0.04737693279891361 0.9001387328564692 0.0 0.0 0.0 0.0 0.0 0.0
7.567380290036215 11.188510710127776 15.808972024608643 -0.538618787167127 0.8143262025742084 0.21624670612909436 0.43301926960600423 0.04737693279891361 0.9001387328564692 0.0 0.0 0.0 0.0 0.0 0.0
7.929050433178926 11.503308830090344 16.051421923238287 -0.860110980991514 0.32043895029496555 0.396897945965555 0.43301926960600423 0.04737693279891361 0.9001387328564692 0.0 0.0 0.0 0.0 0.0 0.0
8.09465825114119 11.891151018855274 16.38434472113919 -0.8548326328484908 -0.2951884166548829 0.42676102034991575 0.43301926960600423 0.04737693279891361 0.9001387328564692 0.0 0.0 0.0 0.0 0.0 0.0
8.065406943548295 12.211704998755607 16.81454770705691 -0.5247890754468666 -0.7986687688304025 0.2944904480395799 0.43301926960600423 0.04737693279891361 0.9001387328564692 0.0 0.0 0.0 0.0 0.0 0.0
7.916529949694775 12.350202407670901 17.31187979987141 0.00463062572246589 -0.998721502697524 0.05033803090128174 0.43301926960600423 0.04737693279891361 0.9001387328564692 0.0 0.0 0.0 0.0 0.0 0.0
7.768708507120393 12.261041218621479 17.820686448413742 0.5322910747599001 -0.8193432399567832 -0.2129386457834091 0.43301926960600423 0.04737693279891361 0.9001387328564692 0.0 0.0 0.0 0.0 0.0 0.0
7.742222831786093 11.985110712243234 18.280953725949626 0.8577252450638647 -0.3286827816680082 -0.3953163707906797 0.43301926960600423 0.04737693279891361 0.9001387328564692 0.0 0.0 0.0 0.0 0.0 0.0
11.214856450120115 4.522373226164876 6.8898748776539716 -0.7223892142872435 0.6885008769962226 -0.0641900728842954 0.4728594842068017 0.5595904662670512 0.6806338356698863 0.0 0.0 0.0 0.0 0.0 0.0
11.49433317176779 4.981259277216734 6.891081660757578 -0.8810119793002198 0.2872034216363741 0.37594160042467745 0.4728594842068017 0.5595904662670512 0.6806338356698863 0.0 0.0 0.0 0.0 0.0 0.0
11.5729831850129 5.505613357267472 6.97798434350701 -0.7049235636422521 -0.22320741538827446 0.6732467743239426 0.4728594842068017 0.5595904662670512 0.6806338356698863 0.0 0.0 0.0 0.0 0.0 0.0
11.490945849745305 5.979087299957221 7.218353649647325 -0.2610229004631129 -0.6488180234779423 0.7147742425717366 0.4728594842068017 0.5595904662670512 0.6806338356698863 0.0 0.0 0.0 0.0 0.0 0.0
11.349408336104048 6.304663153780085 7.62165576687227 0.2820447266721326 -0.8279318167894681 0.48474702567847894 0.4728594842068017 0.5595904662670512 0.6806338356698863 0.0 0.0 0.0 0.0 0.0 0.0
11.272162926782253 6.441511923914878 8.13545598385321 0.7179588466082736 -0.6925004706208757 0.07055630919189428 0.4728594842068017 0.5595904662670512 0.6806338356698863 0.0 0.0 0.0 0.0 0.0 0.0
11.358576259135422 6.420505189982085 8.665339513734502 0.8811083970861424 -0.29397661767297184 -0.3704399287952732 0.4728594842068017 0.5595904662670512 0.6806338356698863 0.0 0.0 0.0 0.0 0.0 0.0
11.64583827832849 6.33248647680075 9.110781250191 0.7095101361641756 0.21623386735583425 -0.6706998444077883 0.4728594842068017 0.5595904662670512 0.6806338356698863 0.0 0.0 0.0 0.0 0.0 0.0
12.094833155384952 6.293758280486986 9.403336936011144 0.26835711213655533 0.6442934909386889 -0.7161496756263768 0.4728594842068017 0.5595904662670512 0.6806338356698863 0.0 0.0 0.0 0.0 0.0 0.0
12.60500004459681 6.4018968057054195 9.532646280738572 -0.2747492654833922 0.8275752453012141 -0.4895222716904416 0.4728594842068017 0.5595904662670512 0.6806338356698863 0.0 0.0 0.0 0.0 0.0 0.0
13.052537830096732 6.698681134129957 9.550369008231325 -0.7134738035834444 0.696447327653566 -0.07691717236337928 0.4728594842068017 0.5595904662670512 0.6806338356698863 0.0 0.0 0.0 0.0 0.0 0.0
13.337439239620322 7.154220652806871 9.550558463863643 -0.8811377150562777 0.30072742625195653 0.3649100467310739 0.4728594842068017 0.5595904662670512 0.6806338356698863 0.0 0.0 0.0 0.0 0.0 0.0
13.421485279271794 7.678310997760321 9.63392917613022 -0.7140426767422509 -0.20924385227721193 0.6681018381017616 0.4728594842068017 0.5595904662670512 0.6806338356698863 0.0 0.0 0.0 0.0 0.0 0.0
13.342765268292487 8.154704200003314 9.86959372341395 -0.27567088737692247 -0.6397198929556177 0.7174705711105311 0.4728594842068017 0.5595904662670512 0.6806338356698863 0.0 0.0 0.0 0.0 0.0 0.0
13.201206069861614 8.485273232518256 10.268805709957567 0.26743288107434965 -0.8271556507539434 0.4942602386861518 0.4728594842068017 0.5595904662670512 0.6806338356698863 0.0 0.0 0.0 0.0 0.0 0.0
13.120608205086425 8.62729210841735 10.780684333461613 0.7089344267661457 -0.7003411475258506 0.08327217799439099 0.4728594842068017 0.5595904662670512 0.6806338356698863 0.0 0.0 0.0 0.0 0.0 0.0
13.201611965199234 8.609668197701659 11.311544852559644 0.8810999309779476 -0.30745533327311925 -0.35935237535401027 0.4728594842068017 0.5595904662670512 0.6806338356698863 0.0 0.0 0.0 0.0 0.0 0.0
13.483462482302315 8.521959834092264 11.760490986388689 0.7185208402059629 0.20223790246911763 -0.6654529532541028 0.4728594842068017 0.5595904662670512 0.6806338356698863 0.0 0.0 0.0 0.0 0.0 0.0
13.929099847538634 8.48035160671413 12.057747098584954 0.28296366921191196 0.635097577825921 -0.7187368284328959 0.4728594842068017 0.5595904662670512 0.6806338356698863 0.0 0.0 0.0 0.0 0.0 0.0
14.439238790075274 8.583513892184788 12.191167128124855 -0.26009613061600534 0.8266730651014036 -0.4989605658510805 0.4728594842068017 0.5595904662670512 0.6806338356698863 0.0 0.0 0.0 0.0 0.0 0.0
7.792006217256483 9.830951917034126 9.569611710453575 -0.04305875716546761 0.8974427529695739 -0.4390244282198404 0.3031984117338149 0.4304456147070924 0.8501689807923631 0.0 0.0 0.0 0.0 0.0 0.0
8.240193825558698 10.067057212033342 9.748685046146058 -0.5930789732885805 0.7835534475818099 -0.18520617221254518 0.3031984117338149 0.4304456147070924 0.8501689807923631 0.0 0.0 0.0 0.0 0.0 0.0
8.553189063238525 10.481773540063378 9.88554062905517 -0.9177785717077127 0.37197908714268285 0.13897500510036692 0.3031984117338149 0.4304456147070924 0.8501689807923631 0.0 0.0 0.0 0.0 0.0 0.0
8.656976646619636 10.981282512711925 10.054075568749765 -0.8937987462956499 -0.1809163476606328 0.41035725443747334 0.3031984117338149 0.4304456147070924 0.8501689807923631 0.0 0.0 0.0 0.0 0.0 0.0
8.557022777659236 11.43955159821869 10.316151457505292 -0.5302498336477355 -0.6650786372276446 0.5258379220063607 0.3031984117338149 0.4304456147070924 0.8501689807923631 0.0 0.0 0.0 0.0 0.0 0.0
8.3361984424345 11.746215987442685 10.698092117127683 0.03474985610740565 -0.8965664329900386 0.4415439714638085 0.3031984117338149 0.4304456147070924 0.8501689807923631 0.0 0.0 0.0 0.0 0.0 0.0
8.123295338002853 11.848508030056099 11.180682738938449 0.5865474945407319 -0.7874336510681288 0.18950008394062975 0.3031984117338149 0.4304456147070924 0.8501689807923631 0.0 0.0 0.0 0.0 0.0 0.0
8.044095753407507 11.771304547131896 11.70646991084611 0.9155059332468864 -0.37914165991686055 -0.13453805374404096 0.3031984117338149 0.4304456147070924 0.8501689807923631 0.0 0.0 0.0 0.0 0.0 0.0
8.173585775102227 11.607675710899937 12.201589129169571 0.8966483614696027 0.17319258674733712 -0.4074629354550449 0.3031984117338149 0.4304456147070924 0.8501689807923631 0.0 0.0 0.0 0.0 0.0 0.0
8.507466819007021 11.483526130266545 12.603827158535216 0.5371390860088575 0.6597280740805881 -0.5255858355696872 0.3031984117338149 0.4304456147070924 0.8501689807923631 0.0 0.0 0.0 0.0 0.0 0.0
8.963788734468642 11.509761584878197 12.886257880145168 -0.02643830871326162 0.8956218360054331 -0.44402988942484267 0.3031984117338149 0.4304456147070924 0.8501689807923631 0.0 0.0 0.0 0.0 0.0 0.0
9.414084036627191 11.740154065188067 13.067471974489308 -0.5799713479302631 0.7912538884332454 -0.19377956450364278 0.3031984117338149 0.4304456147070924 0.8501689807923631 0.0 0.0 0.0 0.0 0.0 0.0
9.732174851776213 12.150912894263136 13.204514011007559 -0.9131635754647179 0.38627535958572884 0.13009085679403712 0.3031984117338149 0.4304456147070924 0.8501689807923631 0.0 0.0 0.0 0.0 0.0 0.0
9.842110001165318 12.649723203709943 13.371210262425326 -0.8994296933993141 -0.1654556365480183 0.40453758659252465 0.3031984117338149 0.4304456147070924 0.8501689807923631 0.0 0.0 0.0 0.0 0.0 0.0
9.747020123643455 13.11081789559956 13.630120869435652 -0.5439874331489616 -0.6543272700864491 0.5252937237367467 0.3031984117338149 0.4304456147070924 0.8501689807923631 0.0 0.0 0.0 0.0 0.0 0.0
9.527928293618698 13.422758665684535 14.008772197300159 0.018124747939548793 -0.8946090339504751 0.4464819927906654 0.3031984117338149 0.4304456147070924 0.8501689807923631 0.0 0.0 0.0 0.0 0.0 0.0
9.312968000457056 13.530773278331585 14.489199109469876 0.5733510342561989 -0.7950138687512942 0.19804428800257068 0.3031984117338149 0.4304456147070924 0.8501689807923631 0.0 0.0 0.0 0.0 0.0 0.0
9.228703093594632 13.45756445458163 15.01477022332125 0.9107516767408215 -0.3933796428904392 -0.12563375292162143 0.3031984117338149 0.4304456147070924 0.8501689807923631 0.0 0.0 0.0 0.0 0.0 0.0
9.352044060102118 13.294684728857092 15.51170311924107 0.9021425302755898 0.15770608626138863 -0.4015814306265548 0.3031984117338149 0.4304456147070924 0.8501689807923631 0.0 0.0 0.0 0.0 0.0 0.0
9.681028444771883 13.167754110458068 15.917095515413788 0.5507943535398984 0.6488766365373622 -0.5249616087529868 0.3031984117338149 0.4304456147070924 0.8501689807923631 0.0 0.0 0.0 0.0 0.0 0.0
9.397585767876242 1.6666484364935055 9.183586688671227 -0.48192341454312043 -0.3168695895445316 0.8169109411294353 0.27391239743074464 0.8311118160882894 0.4839681267316756 0.0 0.0 0.0 0.0 0.0 0.0
9.156597100165293 2.1152521925516568 9.35494664374761 0.09765916177212108 -0.5246483256895994 0.8456990141138079 0.27391239743074464 0.8311118160882894 0.4839681267316756 0.0 0.0 0.0 0.0 0.0 0.0
8.93786984145315 2.4442623462607806 9.719083715701194 0.640139389756021 -0.5331043912529552 0.5531918923028473 0.27391239743074464 0.8311118160882894 0.4839681267316756 0.0 0.0 0.0 0.0 0.0 0.0
8.865062376777905 2.65175133720964 10.209320896911418 0.939419961011755 -0.33902518554920313 0.050517921730817116 0.27391239743074464 0.8311118160882894 0.4839681267316756 0.0 0.0 0.0 0.0 0.0 0.0
9.006395721774181 2.7819595264451165 10.711073639969731 0.8817991828149544 -0.016144643656478653 -0.47134865192136044 0.27391239743074464 0.8311118160882894 0.4839681267316756 0.0 0.0 0.0 0.0 0.0 0.0
9.348735218238978 2.9084875436511064 11.105382442991564 0.48916815217062093 0.3128695182853895 -0.8141419921794038 0.27391239743074464 0.8311118160882894 0.4839681267316756 0.0 0.0 0.0 0.0 0.0 0.0
9.802580610382766 3.106334177394704 11.314107553279086 -0.0893060379386973 0.5230193193312443 -0.8476291778802648 0.27391239743074464 0.8311118160882894 0.4839681267316756 0.0 0.0 0.0 0.0 0.0 0.0
10.236068688368409 3.423403081436686 11.329615565798113 -0.6338513711177747 0.53446533654646 -0.5590878673002985 0.27391239743074464 0.8311118160882894 0.4839681267316756 0.0 0.0 0.0 0.0 0.0 0.0
10.525070326363592 3.8623033757614085 11.217679481374311 -0.9375859709794211 0.3428590366237734 -0.05813972848228574 0.27391239743074464 0.8311118160882894 0.4839681267316756 0.0 0.0 0.0 0.0 0.0 0.0
10.600349212772834 4.379358398272595 11.092490444013604 -0.8851159848644948 0.020994856390313246 0.46489666523057055 0.27391239743074464 0.8311118160882894 0.4839681267316756 0.0 0.0 0.0 0.0 0.0 0.0
10.473865882581999 4.901199198958558 11.0732746161202 -0.4963756377494425 -0.30884562080110695 0.8113110431645886 0.27391239743074464 0.8311118160882894 0.4839681267316756 0.0 0.0 0.0 0.0 0.0 0.0
10.234233710147695 5.3526386306650675 11.238997166044102 0.08094611310472175 -0.5213504830267711 0.8494947914030961 0.27391239743074464 0.8311118160882894 0.4839681267316756 0.0 0.0 0.0 0.0 0.0 0.0
10.013053206742589 5.685236203361308 11.598362080397731 0.627515082243562 -0.5357855802353207 0.5649412655920579 0.27391239743074464 0.8311118160882894 0.4839681267316756 0.0 0.0 0.0 0.0 0.0 0.0
9.93491478607969 5.89570143618439 12.086505374018973 0.9356805801453854 -0.3466667776552726 0.06575710766833326 0.27391239743074464 0.8311118160882894 0.4839681267316756 0.0 0.0 0.0 0.0 0.0 0.0
10.070064783102165 6.0271439661330675 12.58963800240226 0.888365381904922 -0.025843470284549357 -0.4584092748588029 0.27391239743074464 0.8311118160882894 0.4839681267316756 0.0 0.0 0.0 0.0 0.0 0.0
10.407717696882322 6.152695476217215 12.988276222157618 0.5035453224016528 0.30479820352705544 -0.8084183096727182 0.27391239743074464 0.8311118160882894 0.4839681267316756 0.0 0.0 0.0 0.0 0.0 0.0
10.860153782748013 6.347725746385844 13.202635462786159 -0.07258002391083787 0.5196419438645246 -0.8512957126086095 0.27391239743074464 0.8311118160882894 0.4839681267316756 0.0 0.0 0.0 0.0 0.0 0.0
11.296045249879494 6.661208414008949 13.222941818939509 -0.6211310056663132 0.537065021777868 -0.5707516414191836 0.27391239743074464 0.8311118160882894 0.4839681267316756 0.0 0.0 0.0 0.0 0.0 0.0
11.590349884725425 7.097115070245094 13.113145320472631 -0.9337039336125368 0.350448118669478 -0.07336947919604296 0.27391239743074464 0.8311118160882894 0.4839681267316756 0.0 0.0 0.0 0.0 0.0 0.0
11.671816678525342 7.612906386158812 12.986624246914442 -0.8915471264820706 0.030690116098465926 0.45188697484595086 0.27391239743074464 0.8311118160882894 0.4839681267316756 0.0 0.0 0.0 0.0 0.0 0.0
2.9031218548049287 10.292024548901033 3.8172839055110512 0.9316887245626474 0.019111283684679445 -0.36275457179579584 0.18345143122820806 0.8371594476649721 0.5152762672252635 0.0 0.0 0.0 0.0 0.0 0.0
3.19112119505873 10.428180963945394 4.249953424629284 0.5708607468283929 0.3360066861461019 -0.7491445218351694 0.18345143122820806 0.8371594476649721 0.5152762672252635 0.0 0.0 0.0 0.0 0.0 0.0
3.609248260514222 10.640930113669222 4.511855426423324 -0.006846772908680187 0.5252475308084086 -0.8509219430008883 0.18345143122820806 0.8371594476649721 0.5152762672252635 0.0 0.0 0.0 0.0 0.0 0.0
4.025814603869747 10.973409454567767 4.579789744536014 -0.5819530891458072 0.5149380568461921 -0.6294198913643579 0.18345143122820806 0.8371594476649721 0.5152762672252635 0.0 0.0 0.0 0.0 0.0 0.0
4.309724722243304 11.423268941726949 4.504247778607474 -0.9359656970796563 0.3089950057829112 -0.16879069965911006 0.18345143122820806 0.8371594476649721 0.5152762672252635 0.0 0.0 0.0 0.0 0.0 0.0
4.380281430517352 11.943563850176888 4.390229967380633 -0.9343892881809881 -0.014340414098296953 0.3559649008766394 0.18345143122820806 0.8371594476649721 0.5152762672252635 0.0 0.0 0.0 0.0 0.0 0.0
4.237844071149942 12.4605898607819 4.357354366509073 -0.5778227665465582 -0.3322276709046243 0.7454834841535863 0.18345143122820806 0.8371594476649721 0.5152762672252635 0.0 0.0 0.0 0.0 0.0 0.0
3.9636919939670254 12.901884563350642 4.494411749306995 -0.0017317152196163036 -0.5238960809838389 0.8517804279813976 0.18345143122820806 0.8371594476649721 0.5152762672252635 0.0 0.0 0.0 0.0 0.0 0.0
3.6891451722453086 13.223757137774705 4.825632507464586 0.5750172436719923 -0.5165276108219207 0.6344717462097607 0.18345143122820806 0.8371594476649721 0.5152762672252635 0.0 0.0 0.0 0.0 0.0 0.0
3.5456735493115654 13.427887227059347 5.3014811201343734 0.9333075379169775 -0.3129216654276338 0.17611664025112878 0.18345143122820806 0.8371594476649721 0.5152762672252635 0.0 0.0 0.0 0.0 0.0 0.0
3.6149494090125613 13.560686812863665 5.817475526490924 0.9370186944373984 0.009568452433858633 -0.3491481218521078 0.18345143122820806 0.8371594476649721 0.5152762672252635 0.0 0.0 0.0 0.0 0.0 0.0
3.8978187095938974 13.695667527701353 6.253881607485325 0.584740782823919 0.32842335523973454 -0.7417656750184289 0.18345143122820806 0.8371594476649721 0.5152762672252635 0.0 0.0 0.0 0.0 0.0 0.0
4.313979690018841 13.905512356699795 6.521202179519586 0.010310071471094029 0.5225047344443552 -0.852574046584515 0.18345143122820806 0.8371594476649721 0.5152762672252635 0.0 0.0 0.0 0.0 0.0 0.0
4.732490851560026 14.234462156355463 6.594178470808624 -0.5680376084088021 0.5180778292202664 -0.639475283575233 0.18345143122820806 0.8371594476649721 0.5152762672252635 0.0 0.0 0.0 0.0 0.0 0.0
5.021517822391098 14.68150781348323 6.521386351085571 -0.9305783037718396 0.31682449487600767 -0.1834291688791297 0.18345143122820806 0.8371594476649721 0.5152762672252635 0.0 0.0 0.0 0.0 0.0 0.0
5.0984194395966895 15.200773624186883 6.406781546544913 -0.9395767430924122 -0.004795762094722545 0.3423047538463146 0.18345143122820806 0.8371594476649721 0.5152762672252635 0.0 0.0 0.0 0.0 0.0 0.0
4.961144508650541 15.718946240770146 6.370205121414157 -0.591614268826752 -0.32459402886480143 0.7379913775552558 0.18345143122820806 0.8371594476649721 0.5152762672252635 0.0 0.0 0.0 0.0 0.0 0.0
4.689011086510166 16.16312763826031 6.501853854018053 -0.01888764257071247 -0.5210735971463851 0.8533027383731098 0.18345143122820806 0.8371594476649721 0.5152762672252635 0.0 0.0 0.0 0.0 0.0 0.0
4.4125722256514965 16.488530292885354 6.828012972683308 0.5610147148824844 -0.5195885939860979 0.6444301224220315 0.18345143122820806 0.8371594476649721 0.5152762672252635 0.0 0.0 0.0 0.0 0.0 0.0
4.264016686702642 16.695492711162387 7.301069958031689 0.9277782024859889 -0.32070319691246174 0.19072772866574517 0.18345143122820806 0.8371594476649721 0.5152762672252635 0.0 0.0 0.0 0.0 0.0 0.0
11.31514478927111 7.256126651801982 0.847126630912034 -0.3423476695610784 0.816456597184686 -0.4649695668102396 0.5346328688637473 0.576222768002327 0.6181707022872045 0.0 0.0 0.0 0.0 0.0 0.0
11.756337035874225 7.560769595578731 0.8120954952939211 -0.7303680248748594 0.6830354096362355 -0.005017710977766272 0.5346328688637473 0.576222768002327 0.6181707022872045 0.0 0.0 0.0 0.0 0.0 0.0
12.03104186822605 8.0211104824738 0.7759205723005438 -0.8409093564364957 0.29011765022391905 0.4568404571468142 0.5346328688637473 0.576222768002327 0.6181707022872045 0.0 0.0 0.0 0.0 0.0 0.0
12.114061386318927 8.547583696865974 0.8438824458882883 -0.6319751642332156 -0.21302065501690953 0.7451372976361917 0.5346328688637473 0.576222768002327 0.6181707022872045 0.0 0.0 0.0 0.0 0.0 0.0
12.053022145839714 9.025498846244341 1.081698389917981 -0.182943041076455 -0.6352288519013898 0.750344020722322 0.5346328688637473 0.576222768002327 0.6181707022872045 0.0 0.0 0.0 0.0 0.0 0.0
11.950281033390812 9.358613558844281 1.4905552770809356 0.33559220202978723 -0.8161029874884932 0.4704825052530163 0.5346328688637473 0.576222768002327 0.6181707022872045 0.0 0.0 0.0 0.0 0.0 0.0
11.924038173954026 9.5056975697675 2.0066586661200683 0.7266303567825066 -0.6869259536143981 0.011876819990080304 0.5346328688637473 0.576222768002327 0.6181707022872045 0.0 0.0 0.0 0.0 0.0 0.0
12.063430727209267 9.496196787950165 2.5254693766496445 0.8416094903818441 -0.2967742651727064 -0.4512410677569282 0.5346328688637473 0.576222768002327 0.6181707022872045 0.0 0.0 0.0 0.0 0.0 0.0
12.394668190278331 9.419046303048694 2.9414196715857086 0.636847107624812 0.20612692840920865 -0.7429249295147496 0.5346328688637473 0.576222768002327 0.6181707022872045 0.0 0.0 0.0 0.0 0.0 0.0
12.871074971568893 9.388882457963895 3.188020205462719 0.19013586116528208 0.6307170556300034 -0.7523591895074822 0.5346328688637473 0.576222768002327 0.6181707022872045 0.0 0.0 0.0 0.0 0.0 0.0
13.390823228394714 9.502490585555496 3.263120438418483 -0.3288111778530136 0.815687228390132 -0.475959614631471 0.5346328688637473 0.576222768002327 0.6181707022872045 0.0 0.0 0.0 0.0 0.0 0.0
13.835618966882883 9.802034642524262 3.229725662242913 -0.7228373529752211 0.6907641855216509 -0.018735024536569122 0.5346328688637473 0.576222768002327 0.6181707022872045 0.0 0.0 0.0 0.0 0.0 0.0
14.11564390801624 10.259038417317615 3.1920602366347337 -0.8422455325060764 0.3034082796121924 0.44560731461268166 0.5346328688637473 0.576222768002327 0.6181707022872045 0.0 0.0 0.0 0.0 0.0 0.0
14.203678953513545 10.785204118995322 3.255971012413569 -0.6416705526435089 -0.19921750443785669 0.7406559847835742 0.5346328688637473 0.576222768002327 0.6181707022872045 0.0 0.0 0.0 0.0 0.0 0.0
14.145445176345568 11.265958184268033 3.488714343228594 -0.19731420167214067 -0.6261572278129105 0.7543170632274843 0.5346328688637473 0.576222768002327 0.6181707022872045 0.0 0.0 0.0 0.0 0.0 0.0
14.042233620697926 11.603979689758724 3.8934042723409448 0.3220051134320021 -0.8152093515512674 0.4814004778425189 0.5346328688637473 0.576222768002327 0.6181707022872045 0.0 0.0 0.0 0.0 0.0 0.0
14.012423140789014 11.756174197912706 4.4078294555247854 0.7189893023049279 -0.6945498130617739 0.02559180233840381 0.5346328688637473 0.576222768002327 0.6181707022872045 0.0 0.0 0.0 0.0 0.0 0.0
14.146506294963544 11.750046054325216 4.928088290856913 0.8428174343721221 -0.3100191883364931 -0.4399396267461885 0.5346328688637473 0.576222768002327 0.6181707022872045 0.0 0.0 0.0 0.0 0.0 0.0
14.472709709822484 11.673249027001654 5.348062874429525 0.6464451319652937 0.19229290928223983 -0.7383306362315912 0.5346328688637473 0.576222768002327 0.6181707022872045 0.0 0.0 0.0 0.0 0.0 0.0
14.94627031285334 11.640285174399484 5.599734966241541 0.20447751593860902 0.6215497156986535 -0.7562174927826644 0.5346328688637473 0.576222768002327 0.6181707022872045 0.0 0.0 0.0 0.0 0.0 0.0
6.84317947371856 11.526424600276949 7.056010000746826 -0.3432459889925034 0.11547363710986985 0.9321201801126163 0.7168218998993122 0.6734795622481731 0.180531556960964 0.0 0.0 0.0 0.0 0.0 0.0
6.869920856222912 12.058960169795911 7.1221603429774545 0.0778359573747286 -0.33459011699880065 0.939143768198612 0.7168218998993122 0.6734795622481731 0.180531556960964 0.0 0.0 0.0 0.0 0.0 0.0
6.9144049476599445 12.515225911617105 7.402388536719157 0.4693467221874917 -0.6575374916111885 0.5893709370994836 0.7168218998993122 0.6734795622481731 0.180531556960964 0.0 0.0 0.0 0.0 0.0 0.0
7.065876639187632 12.821605961536081 7.81696385411727 0.6825448201824973 -0.7306753797198813 0.015686233239671613 0.7168218998993122 0.6734795622481731 0.180531556960964 0.0 0.0 0.0 0.0 0.0 0.0
7.372934443952223 12.961428535657177 8.235114848875934 0.6364327294493302 -0.5262174748321067 -0.5639579328877257 0.7168218998993122 0.6734795622481731 0.180531556960964 0.0 0.0 0.0 0.0 0.0 0.0
7.825067109420174 12.981299819832838 8.52471161508788 0.3485292042105643 -0.1218407533686069 -0.9293450514372584 0.7168218998993122 0.6734795622481731 0.180531556960964 0.0 0.0 0.0 0.0 0.0 0.0
8.356647017954408 12.9733975004444 8.602464147582818 -0.0717863928053435 0.32882530736839055 -0.9416584471251133 0.7168218998993122 0.6734795622481731 0.180531556960964 0.0 0.0 0.0 0.0 0.0 0.0
8.871863215989904 13.04045092021709 8.465565607426262 -0.4648291389900179 0.6545651361701751 -0.5962200550604768 0.7168218998993122 0.6734795622481731 0.180531556960964 0.0 0.0 0.0 0.0 0.0 0.0
9.281121597166754 13.256712483375694 8.192758686958578 -0.6812755237436185 0.7316247259954383 -0.024267695810629673 0.7168218998993122 0.6734795622481731 0.180531556960964 0.0 0.0 0.0 0.0 0.0 0.0
9.535083201269881 13.63974792584556 7.914419944467278 -0.6388939467076814 0.5307278503019265 0.5569043668119127 0.7168218998993122 0.6734795622481731 0.180531556960964 0.0 0.0 0.0 0.0 0.0 0.0
9.643408910118167 14.143762798491128 7.763027569913775 -0.35378587758033997 0.12819859098224834 0.9264991495381277 0.7168218998993122 0.6734795622481731 0.180531556960964 0.0 0.0 0.0 0.0 0.0 0.0
9.671089117040125 14.677000543984875 7.8228307056498245 0.06573136142421303 -0.3230354564177264 0.9441014151150869 0.7168218998993122 0.6734795622481731 0.180531556960964 0.0 0.0 0.0 0.0 0.0 0.0
9.713752789866973 15.136602347023874 8.097841788667552 0.4602761572539499 -0.6515429330597914 0.6030237685559171 0.7168218998993122 0.6734795622481731 0.180531556960964 0.0 0.0 0.0 0.0 0.0 0.0
9.861336427222469 15.447684917971067 8.51031215870177 0.6799543455359404 -0.7325183562155114 0.03284731030259527 0.7168218998993122 0.6734795622481731 0.180531556960964 0.0 0.0 0.0 0.0 0.0 0.0
10.163915679037677 15.591789906570211 8.930270074153007 0.6413065097184114 -0.5351978087911503 -0.5498083903124243 0.7168218998993122 0.6734795622481731 0.180531556960964 0.0 0.0 0.0 0.0 0.0 0.0
10.612680769921933 15.613896537815389 9.224899149732783 0.35901560878579913 -0.13454666577684637 -0.9235826911416727 0.7168218998993122 0.6734795622481731 0.180531556960964 0.0 0.0 0.0 0.0 0.0 0.0
11.143283480125357 15.605333252363218 9.308997521806242 -0.05967132434542176 0.31722100506637246 -0.9464724861270625 0.7168218998993122 0.6734795622481731 0.180531556960964 0.0 0.0 0.0 0.0 0.0 0.0
11.66028411006668 15.6690805049973 9.177347460886239 -0.4556881237064764 0.6484711124325032 -0.6097815594566806 0.7168218998993122 0.6734795622481731 0.180531556960964 0.0 0.0 0.0 0.0 0.0 0.0
12.073410617870863 15.880646768114543 8.906697674301281 -0.6785813861723002 0.7333562023266977 -0.04142442334470798 0.7168218998993122 0.6734795622481731 0.180531556960964 0.0 0.0 0.0 0.0 0.0 0.0
12.331854477345479 16.259381600627243 8.626605189111475 -0.6436702347555082 0.5396270098951312 0.5426705437753437 0.7168218998993122 0.6734795622481731 0.180531556960964 0.0 0.0 0.0 0.0 0.0 0.0
11.796997557818193 12.055663158392658 1.8315266296798143 0.6989366250085707 -0.46754376663533204 0.5411935148374145 0.49184010632906533 0.8635972454301796 0.11087428688212639 0.0 0.0 0.0 0.0 0.0 0.0
11.885689003024915 12.40535733365144 2.2296885483204405 0.8706192231813876 -0.48937051196406556 -0.050385218537436986 0.49184010632906533 0.8635972454301796 0.11087428688212639 0.0 0.0 0.0 0.0 0.0 0.0
12.172838127549909 12.643499485309945 2.6163651548100844 0.7115390224904209 -0.32527721795900943 -0.6228217649939851 0.49184010632906533 0.8635972454301796 0.11087428688212639 0.0 0.0 0.0 0.0 0.0 0.0
12.6221825946402 12.807494684899833 2.8610695203722347 0.2821332508572898 -0.037605670506256045 -0.9586379099047104 0.49184010632906533 0.8635972454301796 0.11087428688212639 0.0 0.0 0.0 0.0 0.0 0.0
13.135839345140747 12.962917670714557 2.8872523442080213 -0.2544596597929322 0.26435289990510585 -0.9302514852714966 0.49184010632906533 0.8635972454301796 0.11087428688212639 0.0 0.0 0.0 0.0 0.0 0.0
13.591492008184911 13.178599908380525 2.7013843127057657 -0.6943790913491817 0.46587938389772643 -0.5484469684082123 0.49184010632906533 0.8635972454301796 0.11087428688212639 0.0 0.0 0.0 0.0 0.0 0.0
13.88886093550736 13.500479366264896 2.39049777749795 -0.8704922967025726 0.49041050085967625 0.0417217212976726 0.49184010632906533 0.8635972454301796 0.11087428688212639 0.0 0.0 0.0 0.0 0.0 0.0
13.987801116406377 13.934147913251017 2.0891217099727144 -0.7158909246835794 0.3286264693187067 0.6160396315325902 0.49184010632906533 0.8635972454301796 0.11087428688212639 0.0 0.0 0.0 0.0 0.0 0.0
13.923553938498232 14.442726874258586 1.9281718958390472 -0.28931062131931634 0.04199174774199417 0.9563137861148936 0.49184010632906533 0.8635972454301796 0.11087428688212639 0.0 0.0 0.0 0.0 0.0 0.0
13.793358395357178 14.960877855485213 1.9852138393407264 0.24718362409979627 -0.2605963408664847 0.9332683446382868 0.49184010632906533 0.8635972454301796 0.11087428688212639 0.0 0.0 0.0 0.0 0.0 0.0
13.719508367107316 15.41962589261165 2.2549943313680334 0.6897686780335882 -0.4641795226413124 0.5556586556189671 0.49184010632906533 0.8635972454301796 0.11087428688212639 0.0 0.0 0.0 0.0 0.0 0.0
13.802891130718812 15.772564192946572 2.6514372314275083 0.8702990788651154 -0.4914131430969458 -0.03305504678729926 0.49184010632906533 0.8635972454301796 0.11087428688212639 0.0 0.0 0.0 0.0 0.0 0.0
14.084658596741614 16.013484851850205 3.0403452325317395 0.7201883090111383 -0.331950694500437 -0.6092105842681599 0.49184010632906533 0.8635972454301796 0.11087428688212639 0.0 0.0 0.0 0.0 0.0 0.0
14.530593010464258 16.178737339497623 3.2903836617832054 0.2964659596574173 -0.04637462714356485 -0.9539168353277448 0.49184010632906533 0.8635972454301796 0.11087428688212639 0.0 0.0 0.0 0.0 0.0 0.0
15.044106849019128 16.333418729428484 3.322976718406676 -0.23988876441667534 0.2568199364075661 -0.9362141320073375 0.49184010632906533 0.8635972454301796 0.11087428688212639 0.0 0.0 0.0 0.0 0.0 0.0
15.502938036177106 16.5466422319443 3.1421597341810545 -0.6851057361626148 0.4624443123171045 -0.5628280272717765 0.49184010632906533 0.8635972454301796 0.11087428688212639 0.0 0.0 0.0 0.0 0.0 0.0
15.805599349219932 16.86527993000363 2.8330460834294224 -0.8700395843833031 0.49237836232078447 0.02438585500713532 0.49184010632906533 0.8635972454301796 0.11087428688212639 0.0 0.0 0.0 0.0 0.0 0.0
15.90993511162675 17.29615529124669 2.529491189093969 -0.7244308482106439 0.335249640351581 0.6023351432590829 0.49184010632906533 0.8635972454301796 0.11087428688212639 0.0 0.0 0.0 0.0 0.0 0.0
15.849136839389702 17.803450818556538 2.363238609616926 -0.30359872096487583 0.05075397493773112 0.9514472400803465 0.49184010632906533 0.8635972454301796 0.11087428688212639 0.0 0.0 0.0 0.0 0.0 0.0
15.719133229155965 18.32231571605042 2.4138684584535275 0.23257563627537672 -0.2530239741161719 0.9390886230455352 0.49184010632906533 0.8635972454301796 0.11087428688212639 0.0 0.0 0.0 0.0 0.0 0.0
1.4574346612417677 6.6770730018729 7.725982058677126 0.8909712724180885 0.08365490404033428 -0.4462869578597325 0.20563814007833875 0.8019635897293361 0.5608630457549851 0.0 0.0 0.0 0.0 0.0 0.0
1.7815600901884694 6.791084396045346 8.139054946225233 0.4843457385079524 0.41459527782535893 -0.7704024670223346 0.20563814007833875 0.8019635897293361 0.5608630457549851 0.0 0.0 0.0 0.0 0.0 0.0
2.2160921454680196 6.999602796843342 8.376514567174851 -0.10629083929026382 0.5880239739011343 -0.8018291985207879 0.20563814007833875 0.8019635897293361 0.5608630457549851 0.0 0.0 0.0 0.0 0.0 0.0
2.626395200586908 7.3421612809943015 8.431197197092064 -0.6565457501540439 0.5380525310553026 -0.5286276116318992 0.20563814007833875 0.8019635897293361 0.5608630457549851 0.0 0.0 0.0 0.0 0.0 0.0
2.8870386312999403 7.807368856529164 8.365379146304495 -0.9573679536747312 0.28366593590296546 -0.054591556901705675 0.20563814007833875 0.8019635897293361 0.5608630457549851 0.0 0.0 0.0 0.0 0.0 0.0
2.9294500068491924 8.33723809107867 8.287116948403456 -0.8944700652557842 -0.07849009094044224 0.4401847430176038 0.20563814007833875 0.8019635897293361 0.5608630457549851 0.0 0.0 0.0 0.0 0.0 0.0
2.7679669028788476 8.849215506928607 8.309194876523712 -0.4917480443041761 -0.4108264199512366 0.7677274995680875 0.20563814007833875 0.8019635897293361 0.5608630457549851 0.0 0.0 0.0 0.0 0.0 0.0
2.494389816736492 9.267545027423987 8.506276312327094 0.09779728026745052 -0.5870829233711041 0.8035977433133616 0.20563814007833875 0.8019635897293361 0.5608630457549851 0.0 0.0 0.0 0.0 0.0 0.0
2.2431056237082974 9.552048977064334 8.886537879003995 0.6501877829821419 -0.540296808699249 0.5341677689361028 0.20563814007833875 0.8019635897293361 0.5608630457549851 0.0 0.0 0.0 0.0 0.0 0.0
2.1400317562690696 9.713392252161226 9.388563005417494 0.9555610763818881 -0.2882429031216321 0.061798528331181705 0.20563814007833875 0.8019635897293361 0.5608630457549851 0.0 0.0 0.0 0.0 0.0 0.0
2.254778066257866 9.809030548421964 9.90467510830858 0.8979007407349288 0.07331930051623788 -0.43404900640304994 0.20563814007833875 0.8019635897293361 0.5608630457549851 0.0 0.0 0.0 0.0 0.0 0.0
2.5742008783496755 9.921381981542375 10.321845726532718 0.4991129015829459 0.4070262760546553 -0.7649940666923705 0.20563814007833875 0.8019635897293361 0.5608630457549851 0.0 0.0 0.0 0.0 0.0 0.0
3.0073964920619276 10.126515067096543 10.564635923183758 -0.08929627360310731 0.5860971642034749 -0.805305091026527 0.20563814007833875 0.8019635897293361 0.5608630457549851 0.0 0.0 0.0 0.0 0.0 0.0
3.4202370173966403 10.465249019672468 10.623856798996341 -0.6437803014932613 0.5424999406493684 -0.5396672472965877 0.20563814007833875 0.8019635897293361 0.5608630457549851 0.0 0.0 0.0 0.0 0.0 0.0
3.686327802749388 10.927645850789201 10.560060508807013 -0.9536814294134737 0.29279791952724776 -0.0690007935634629 0.20563814007833875 0.8019635897293361 0.5608630457549851 0.0 0.0 0.0 0.0 0.0 0.0
3.7350268762597056 11.45678597687507 10.48053548555378 -0.9012630375963023 -0.06814292654343247 0.4278802152761691 0.20563814007833875 0.8019635897293361 0.5608630457549851 0.0 0.0 0.0 0.0 0.0 0.0
3.578283011991664 11.970392920711243 10.498545770836019 -0.5064397494818662 -0.40319513553128655 0.7622023765566796 0.20563814007833875 0.8019635897293361 0.5608630457549851 0.0 0.0 0.0 0.0 0.0 0.0
3.3060961908940816 12.392091520716507 10.690300111837086 0.0807884666818045 -0.5850667714676243 0.806951111639145 0.20563814007833875 0.8019635897293361 0.5608630457549851 0.0 0.0 0.0 0.0 0.0 0.0
3.05232510331863 12.680424131756574 11.06599898412705 0.637323793641925 -0.5446617591286336 0.5451256279067838 0.20563814007833875 0.8019635897293361 0.5608630457549851 0.0 0.0 0.0 0.0 0.0 0.0
2.943831994557276 12.84460107766546 11.565959260450766 0.9517291559118813 -0.29733063823767847 0.07619780411816651 0.20563814007833875 0.8019635897293361 0.5608630457549851 0.0 0.0 0.0 0.0 0.0 0.0
11.148702126338687 1.0180735081764944 4.140883113939861 -0.40702998598174944 0.8790911826070504 -0.24804290591394546 0.7275852368105149 0.47621171647450994 0.4938037305122228 0.0 0.0 0.0 0.0 0.0 0.0
11.580180306415569 1.3110971944721928 4.011852879089334 -0.6535174540266674 0.7000677692135728 0.287784738634338 0.7275852368105149 0.47621171647450994 0.4938037305122228 0.0 0.0 0.0 0.0 0.0 0.0
11.862689162284116 1.7637013507877888 3.948423184465664 -0.6517227150576939 0.2550769057869326 0.714278149471193 0.7275852368105149 0.47621171647450994 0.4938037305122228 0.0 0.0 0.0 0.0 0.0 0.0
11.996637804748778 2.2744502958035224 4.047813216488747 -0.4023276204155775 -0.28682193880660345 0.8694053492301272 0.7275852368105149 0.47621171647450994 0.4938037305122228 0.0 0.0 0.0 0.0 0.0 0.0
12.038875853480452 2.7198181708434253 4.3453842252247155 -8.153621848198427e-05 -0.719752333440422 0.694230921134252 0.7275852368105149 0.47621171647450994 0.4938037305122228 0.0 0.0 0.0 0.0 0.0 0.0
12.081095316028557 3.0011184788285448 4.801205194277244 0.4021955249512278 -0.8792367829829345 0.2553065591774439 0.7275852368105149 0.47621171647450994 0.4938037305122228 0.0 0.0 0.0 0.0 0.0 0.0
12.214995261144395 3.081996734467479 5.315223301527502 0.6516717818413833 -0.7046844786151392 -0.2806130331089152 0.7275852368105149 0.47621171647450994 0.4938037305122228 0.0 0.0 0.0 0.0 0.0 0.0
12.497443809435858 3.0022421410331637 5.765275659051082 0.6535670334388303 -0.262410759125261 -0.7099230425174761 0.7275852368105149 0.47621171647450994 0.4938037305122228 0.0 0.0 0.0 0.0 0.0 0.0
12.928872983564219 2.862671006799479 6.053501036695043 0.4071612419747817 0.279557195030233 -0.8695214187933384 0.7275852368105149 0.47621171647450994 0.4938037305122228 0.0 0.0 0.0 0.0 0.0 0.0
13.453114575612076 2.786824943969216 6.143518979565532 0.006068087311569664 0.7153166968466915 -0.6987740704467476 0.7275852368105149 0.47621171647450994 0.4938037305122228 0.0 0.0 0.0 0.0 0.0 0.0
13.97873938835354 2.8740353446926274 6.074251351090727 -0.39733043517431715 0.8793154260736913 -0.2625507698580008 0.7275852368105149 0.47621171647450994 0.4938037305122228 0.0 0.0 0.0 0.0 0.0 0.0
14.413792715894997 3.1616857244572367 5.945135266365619 -0.6497764823268614 0.7092475235653625 0.27341995781458434 0.7275852368105149 0.47621171647450994 0.4938037305122228 0.0 0.0 0.0 0.0 0.0 0.0
14.700729473844802 3.611009099535075 5.878345269627517 -0.6553615801599818 0.2697246288683179 0.7055138721754933 0.7275852368105149 0.47621171647450994 0.4938037305122228 0.0 0.0 0.0 0.0 0.0 0.0
14.838276538976157 4.121816212250344 5.9723771822508445 -0.4119638566290199 -0.27227116189111095 0.8695712709340201 0.7275852368105149 0.47621171647450994 0.4938037305122228 0.0 0.0 0.0 0.0 0.0 0.0
14.881916430026463 4.57055910504551 6.26462789344468 -0.012054176296314192 -0.7108265861170345 0.7032640054083654 0.7275852368105149 0.47621171647450994 0.4938037305122228 0.0 0.0 0.0 0.0 0.0 0.0
14.92280857121074 4.857269055169108 6.717187656799586 0.3924350871464416 -0.879327105890344 0.269774986280927 0.7275852368105149 0.47621171647450994 0.4938037305122228 0.0 0.0 0.0 0.0 0.0 0.0
15.053156302858039 4.943536363836934 7.231242636765712 0.6478316998174991 -0.7137565565707022 -0.2662060605318769 0.7275852368105149 0.47621171647450994 0.4938037305122228 0.0 0.0 0.0 0.0 0.0 0.0
15.331177290862787 4.867102842976087 7.684615936857411 0.6571062185594694 -0.2770179580366045 -0.7010509742206358 0.7275852368105149 0.47621171647450994 0.4938037305122228 0.0 0.0 0.0 0.0 0.0 0.0
15.758985662064044 4.727523069864414 7.978184645316915 0.41673509864059366 0.2649643942488707 -0.8695549018557375 0.7275852368105149 0.47621171647450994 0.4938037305122228 0.0 0.0 0.0 0.0 0.0 0.0
16.28178881211301 4.648341938758887 8.07353828653782 0.01803934730886492 0.7062823431907682 -0.7077003840931736 0.7275852368105149 0.47621171647450994 0.4938037305122228 0.0 0.0 0.0 0.0 0.0 0.0
2.2841531796003514 0.9579453378999161 10.550800069349052 -0.7344117486678442 0.5859456133021523 0.34250127250946655 0.6570697739898687 0.4874309088002791 0.5750394953870882 0.0 0.0 0.0 0.0 0.0 0.0
2.5163586106585654 1.4424684201401192 10.552567180517535 -0.6945851485480009 0.09504458072307953 0.7131044797866057 0.6570697739898687 0.4874309088002791 0.5750394953870882 0.0 0.0 0.0 0.0 0.0 0.0
2.59023333525011 1.9486569175467305 10.716886480291238 -0.39087403765037493 -0.43196547713334 0.8127873727217095 0.6570697739898687 0.4874309088002791 0.5750394953870882 0.0 0.0 0.0 0.0 0.0 0.0
2.5750083106603823 2.356378870848984 11.066480687251246 0.06133665521603774 -0.794864628149163 0.6036787536796385 0.6570697739898687 0.4874309088002791 0.5750394953870882 0.0 0.0 0.0 0.0 0.0 0.0
2.573764978557111 2.5829114071541843 11.553683485107308 0.4902445272716896 -0.8557814175032313 0.16522248314414634 0.6570697739898687 0.4874309088002791 0.5750394953870882 0.0 0.0 0.0 0.0 0.0 0.0
2.6842729018709877 2.614368542412323 12.07854875319481 0.7329003069654285 -0.5915725384455293 -0.33600457111041426 0.6570697739898687 0.4874309088002791 0.5750394953870882 0.0 0.0 0.0 0.0 0.0 0.0
2.961845473218375 2.5109766989179465 12.526821768725295 0.6971150066033166 -0.10261536146696927 -0.7095778711032785 0.6570697739898687 0.4874309088002791 0.5750394953870882 0.0 0.0 0.0 0.0 0.0 0.0
3.398325432255743 2.384193680548378 12.813346486210888 0.3964840600912363 0.4253271069702449 -0.8135706743546565 0.6570697739898687 0.4874309088002791 0.5750394953870882 0.0 0.0 0.0 0.0 0.0 0.0
3.9251839452662973 2.354363989595613 12.914417742878298 -0.054777809709487424 0.7916806963794526 -0.6084743762423984 0.6570697739898687 0.4874309088002791 0.5750394953870882 0.0 0.0 0.0 0.0 0.0 0.0
4.439555854829988 2.504997938292813 12.876787246335581 -0.48522867376543816 0.8572615530387189 -0.17220848944659342 0.6570697739898687 0.4874309088002791 0.5750394953870882 0.0 0.0 0.0 0.0 0.0 0.0
4.843319872941105 2.8510446849789624 12.799901819204965 -0.7313330520670996 0.5971544130497364 0.32948228166237614 0.6570697739898687 0.4874309088002791 0.5750394953870882 0.0 0.0 0.0 0.0 0.0 0.0
5.080376498822099 3.3332127989092895 12.798121888546463 -0.6995917766518902 0.1101783276537909 0.7059972253178232 0.6570697739898687 0.4874309088002791 0.5750394953870882 0.0 0.0 0.0 0.0 0.0 0.0
5.157961157202609 3.840496066095064 12.957274047613392 -0.4020638887358727 -0.41865634650123407 0.8142920194308831 0.6570697739898687 0.4874309088002791 0.5750394953870882 0.0 0.0 0.0 0.0 0.0 0.0
5.1438953394948195 4.252346605922842 13.302044098131327 0.04821479266064547 -0.7884364750595974 0.6132236611256019 0.6570697739898687 0.4874309088002791 0.5750394953870882 0.0 0.0 0.0 0.0 0.0 0.0
5.140820085291104 4.484473026452595 13.786598501497952 0.48017586821703884 -0.8586764047879204 0.17918138140583567 0.6570697739898687 0.4874309088002791 0.5750394953870882 0.0 0.0 0.0 0.0 0.0 0.0
5.247200935356218 4.520864133492651 14.31199730639399 0.7297101033253833 -0.6026908120334136 -0.322934900862948 0.6570697739898687 0.4874309088002791 0.5750394953870882 0.0 0.0 0.0 0.0 0.0 0.0
5.519919226434713 4.419871850965996 14.763783090477155 0.7020152700780906 -0.11773290333439017 -0.7023628151102816 0.6570697739898687 0.4874309088002791 0.5750394953870882 0.0 0.0 0.0 0.0 0.0 0.0
5.952661920416452 4.292042349419796 15.055465248756054 0.40761309865872664 0.41195370373054196 -0.8149513530171718 0.6570697739898687 0.4874309088002791 0.5750394953870882 0.0 0.0 0.0 0.0 0.0 0.0
6.478320033063012 4.258117707601115 15.16137922047221 -0.04164810386867276 0.7851322112496093 -0.6179262466528201 0.6570697739898687 0.4874309088002791 0.5750394953870882 0.0 0.0 0.0 0.0 0.0 0.0
6.9944844591222495 4.403163978041002 15.126436884820777 -0.4750864954171999 0.8600258650043954 -0.18614062800915634 0.6570697739898687 0.4874309088002791 0.5750394953870882 0.0 0.0 0.0 0.0 0.0 0.0
7.167447929913331 4.785747210823709 9.888163055831164 0.3119039401052621 0.9302712988217421 -0.19316118330379434 0.20025633796410416 0.13436877948240047 0.9704856671819613 0.0 0.0 0.0 0.0 0.0 0.0
7.607812628410762 4.824041359573564 10.19360960206659 -0.2919497539857382 0.9537343161243769 -0.07180665285636137 0.20025633796410416 0.13436877948240047 0.9704856671819613 0.0 0.0 0.0 0.0 0.0 0.0
7.981627371300931 5.079739275693264 10.482687819524012 -0.78488685539797 0.6148577211439372 0.0768284255544168 0.20025633796410416 0.13436877948240047 0.9704856671819613 0.0 0.0 0.0 0.0 0.0 0.0
8.176527130806633 5.475594028694249 10.789279079003972 -0.9796323178360895 0.04238639802802046 0.19627510059429637 0.20025633796410416 0.13436877948240047 0.9704856671819613 0.0 0.0 0.0 0.0 0.0 0.0
8.148119672637423 5.881110762459412 11.140611253840206 -0.8021990841493567 -0.5461882263615249 0.24115358337371812 0.20025633796410416 0.13436877948240047 0.9704856671819613 0.0 0.0 0.0 0.0 0.0 0.0
7.9368509079951375 6.162123872839628 11.546914395594387 -0.31999700634083067 -0.9272568117761592 0.19441378795656095 0.20025633796410416 0.13436877948240047 0.9704856671819613 0.0 0.0 0.0 0.0 0.0 0.0
7.652638815688739 6.231768763799292 11.997534166430505 0.2837772842412162 -0.9560450314898724 0.07381294406950943 0.20025633796410416 0.13436877948240047 0.9704856671819613 0.0 0.0 0.0 0.0 0.0 0.0
7.433113764254191 6.083483159748839 12.464979600189794 0.779739840036846 -0.6216157595200588 -0.07483067135616252 0.20025633796410416 0.13436877948240047 0.9704856671819613 0.0 0.0 0.0 0.0 0.0 0.0
7.391330433890592 5.793500223756621 12.915367380058898 0.9794661940475624 -0.05102426764730321 -0.19504486363152168 0.20025633796410416 0.13436877948240047 0.9704856671819613 0.0 0.0 0.0 0.0 0.0 0.0
7.5728164532790805 5.49188630434872 13.3212946771261 0.8070769651381295 0.538952196584925 -0.24115825123704626 0.20025633796410416 0.13436877948240047 0.9704856671819613 0.0 0.0 0.0 0.0 0.0 0.0
7.93827569226552 5.313126555110507 13.672249943235762 0.3280657035654475 0.9241717105343387 -0.19565158724667103 0.20025633796410416 0.13436877948240047 0.9704856671819613 0.0 0.0 0.0 0.0 0.0 0.0
8.378517518702305 5.345031776367701 13.978606423876359 -0.2755832037578108 0.958282940324741 -0.07581361414118813 0.20025633796410416 0.13436877948240047 0.9704856671819613 0.0 0.0 0.0 0.0 0.0 0.0
8.755940145171259 5.595377624024335 14.267681188787993 -0.7745334444680178 0.6283264594494093 0.07282721851256575 0.20025633796410416 0.13436877948240047 0.9704856671819613 0.0 0.0 0.0 0.0 0.0 0.0
8.956807848602999 5.988950507882784 14.57335692045108 -0.9792254801162009 0.059658251571056 0.19379977324723452 0.20025633796410416 0.13436877948240047 0.9704856671819613 0.0 0.0 0.0 0.0 0.0 0.0
8.934461073030878 6.396122492064003 14.92320931652379 -0.8118933840912814 -0.5316751235119169 0.24114455396586051 0.20025633796410416 0.13436877948240047 0.9704856671819613 0.0 0.0 0.0 0.0 0.0 0.0
8.727043175008887 6.682099115111499 15.328030621260645 -0.33610941731657984 -0.9210162300386848 0.1968744869109163 0.20025633796410416 0.13436877948240047 0.9704856671819613 0.0 0.0 0.0 0.0 0.0 0.0
8.443009124733884 6.75813005954186 15.777729471483505 0.26736813654647557 -0.9604478722035606 0.07780851071262555 0.20025633796410416 0.13436877948240047 0.9704856671819613 0.0 0.0 0.0 0.0 0.0 0.0
8.219921649597401 6.615226881282884 16.24516477417156 0.769268065178665 -0.6349893098862083 -0.07081821959431732 0.20025633796410416 0.13436877948240047 0.9704856671819613 0.0 0.0 0.0 0.0 0.0 0.0
8.172188854123448 6.32757786985538 16.696457061474792 0.9789101943733031 -0.0682876922879755 -0.1925399242598884 0.20025633796410416 0.13436877948240047 0.9704856671819613 0.0 0.0 0.0 0.0 0.0 0.0
8.347598668258343 6.0243626768221565 17.103859866984706 0.8166479742198619 0.5243575613197894 -0.2411124926032613 0.20025633796410416 0.13436877948240047 0.9704856671819613 0.0 0.0 0.0 0.0 0.0 0.0
8.520025609128393 1.8447959372238347 4.04132810218039 0.5961890328133623 -0.7349610535247212 0.3230957860370505 0.49260553403875673 0.6526572097846006 0.5756547179955804 0.0 0.0 0.0 0.0 0.0 0.0
8.55693553394328 1.9506606054377578 4.566794972299217 0.8546713904551139 -0.4874329380362109 -0.17873428673567235 0.49260553403875673 0.6526572097846006 0.5756547179955804 0.0 0.0 0.0 0.0 0.0 0.0
8.788667829104686 1.945414920089227 5.051519356132764 0.7884497975193374 -0.054720899943611546 -0.612660215699597 0.49260553403875673 0.6526572097846006 0.5756547179955804 0.0 0.0 0.0 0.0 0.0 0.0
9.200127280419231 1.9276956038767548 5.396587824520207 0.4226829443283257 0.3987805229222241 -0.8138262855866812 0.49260553403875673 0.6526572097846006 0.5756547179955804 0.0 0.0 0.0 0.0 0.0 0.0
9.707937322193155 2.0008783204120504 5.556144565501086 -0.10366822629498527 0.700778557875113 -0.7058061431294913 0.49260553403875673 0.6526572097846006 0.5756547179955804 0.0 0.0 0.0 0.0 0.0 0.0
10.192116188521213 2.233803531265007 5.554812773947375 -0.5906341045085175 0.7365391022985673 -0.3296384464479856 0.49260553403875673 0.6526572097846006 0.5756547179955804 0.0 0.0 0.0 0.0 0.0 0.0
10.541659992142225 2.6346228536621576 5.478339888153757 -0.8532082115436411 0.49247612748169783 0.17176440730003134 0.49260553403875673 0.6526572097846006 0.5756547179955804 0.0 0.0 0.0 0.0 0.0 0.0
10.696714957095631 3.147702124814545 5.441020704408755 -0.7916342541327521 0.06131323807276764 0.60791109096702 0.49260553403875673 0.6526572097846006 0.5756547179955804 0.0 0.0 0.0 0.0 0.0 0.0
10.671316868910667 3.674757750514843 5.542274872977637 -0.4293052081579163 -0.39314357558268115 0.8131021874442054 0.49260553403875673 0.6526572097846006 0.5756547179955804 0.0 0.0 0.0 0.0 0.0 0.0
10.548058645018 4.112196285790789 5.828875710758721 0.09612406399642713 -0.6982385718642093 0.7093821685677184 0.49260553403875673 0.6526572097846006 0.5756547179955804 0.0 0.0 0.0 0.0 0.0 0.0
10.446711904537866 4.3904713166401805 6.2771802361855595 0.5850341971298811 -0.7380610607681467 0.3361560036149762 0.49260553403875673 0.6526572097846006 0.5756547179955804 0.0 0.0 0.0 0.0 0.0 0.0
10.478723727701615 4.500505305464349 6.802111533213594 0.851680057523529 -0.49748181296337857 -0.16478144733976183 0.49260553403875673 0.6526572097846006 0.5756547179955804 0.0 0.0 0.0 0.0 0.0 0.0
10.704876046776004 4.497138299370227 7.289480894135675 0.7947584247327776 -0.06790090696146106 -0.6031156714512427 0.49260553403875673 0.6526572097846006 0.5756547179955804 0.0 0.0 0.0 0.0 0.0 0.0
11.11219357377534 4.478293279397736 7.639370018773384 0.4358947787337825 0.3874766888377399 -0.812316168422103 0.49260553403875673 0.6526572097846006 0.5756547179955804 0.0 0.0 0.0 0.0 0.0 0.0
11.61887332930249 4.547773582837779 7.8040916472597095 -0.08857258147823659 0.695645412282717 -0.7129041718073249 0.49260553403875673 0.6526572097846006 0.5756547179955804 0.0 0.0 0.0 0.0 0.0 0.0
12.105362962094736 4.775826279896182 7.806306747350994 -0.5793897371320819 0.7395268130304284 -0.3426479612008113 0.49260553403875673 0.6526572097846006 0.5756547179955804 0.0 0.0 0.0 0.0 0.0 0.0
12.459780686077199 5.172454137254115 7.73041523390512 -0.8500870447696237 0.5024496132789223 0.15778593863429943 0.49260553403875673 0.6526572097846006 0.5756547179955804 0.0 0.0 0.0 0.0 0.0 0.0
12.6204210414564 5.683615399768578 7.690491030135676 -0.7978220714017278 0.07448340493319967 0.5982743223420264 0.49260553403875673 0.6526572097846006 0.5756547179955804 0.0 0.0 0.0 0.0 0.0 0.0
12.59919783055607 6.211755156781188 7.786943476968825 -0.4424511542346136 -0.38178029424276727 0.8114682883787644 0.49260553403875673 0.6526572097846006 0.5756547179955804 0.0 0.0 0.0 0.0 0.0 0.0
12.477117865126214 6.652868083708425 8.068370145670801 0.08101435381504309 -0.6929992766097794 0.7163718846341267 0.49260553403875673 0.6526572097846006 0.5756547179955804 0.0 0.0 0.0 0.0 0.0 0.0
7.427076795735801 8.54018344240178 10.572571682034418 -0.35078131274819135 -0.7674923401178526 0.5365705717676641 0.40838813034646965 0.39024917501880674 0.8251816263037222 0.0 0.0 0.0 0.0 0.0 0.0
7.249783512007019 8.78374606019596 11.0174643037717 0.20999836627506266 -0.9199223153288545 0.3311247799875512 0.40838813034646965 0.39024917501880674 0.8251816263037222 0.0 0.0 0.0 0.0 0.0 0.0
7.120359362478245 8.81761235726553 11.537836829525999 0.6909961549649691 -0.7228584226655077 -0.00012085182092572388 0.40838813034646965 0.39024917501880674 0.8251816263037222 0.0 0.0 0.0 0.0 0.0 0.0
7.148447808215961 8.686703054143726 12.058181807103914 0.9094729515440594 -0.25116852968320236 -0.3313205700020984 0.40838813034646965 0.39024917501880674 0.8251816263037222 0.0 0.0 0.0 0.0 0.0 0.0
7.383850641874752 8.498539876777606 12.503002250324837 0.7824257682546905 0.3159444870396279 -0.5366460642549463 0.40838813034646965 0.39024917501880674 0.8251816263037222 0.0 0.0 0.0 0.0 0.0 0.0
7.797607454026263 8.382396255173376 12.82549420631325 0.3581219541441238 0.7630249108259738 -0.5380907464536153 0.40838813034646965 0.39024917501880674 0.8251816263037222 0.0 0.0 0.0 0.0 0.0 0.0
8.29299817689325 8.440184186000542 13.025328359716513 -0.20223837782557008 0.9202194138933301 -0.3351057576770326 0.40838813034646965 0.39024917501880674 0.8251816263037222 0.0 0.0 0.0 0.0 0.0 0.0
8.742288655171457 8.707736161179435 13.148775145113179 -0.6857649688139668 0.7278071763744702 -0.004808488889454598 0.40838813034646965 0.39024917501880674 0.8251816263037222 0.0 0.0 0.0 0.0 0.0 0.0
9.035258987230897 9.141191805113376 13.271125835316194 -0.9087579827710817 0.2588888242638671 0.3273156052208741 0.40838813034646965 0.39024917501880674 0.8251816263037222 0.0 0.0 0.0 0.0 0.0 0.0
9.121077908523556 9.633661164684213 13.46808812802831 -0.7864986454502321 -0.3083857205748977 0.5350870284827053 0.40838813034646965 0.39024917501880674 0.8251816263037222 0.0 0.0 0.0 0.0 0.0 0.0
9.02761443883862 10.055833989546631 13.787023525719594 -0.36543532316672334 -0.7584993742329651 0.5395699434459197 0.40838813034646965 0.39024917501880674 0.8251816263037222 0.0 0.0 0.0 0.0 0.0 0.0
8.850849975739392 10.305106858186429 14.228953908996967 0.1944629881406076 -0.9204464341866639 0.3390612157656509 0.40838813034646965 0.39024917501880674 0.8251816263037222 0.0 0.0 0.0 0.0 0.0 0.0
8.718413356905602 10.34456393319149 14.748173307076698 0.6804815590055416 -0.7327005047491323 0.009737463414787881 0.40838813034646965 0.39024917501880674 0.8251816263037222 0.0 0.0 0.0 0.0 0.0 0.0
8.741092530858507 10.21700190508453 15.26961236024822 0.9079738085593156 -0.26658940345823584 -0.32328571408905965 0.40838813034646965 0.39024917501880674 0.8251816263037222 0.0 0.0 0.0 0.0 0.0 0.0
8.970744363041947 10.028670814071017 15.71735842472094 0.7905116277288685 0.3008034693435812 -0.533487243761573 0.40838813034646965 0.39024917501880674 0.8251816263037222 0.0 0.0 0.0 0.0 0.0 0.0
9.380593345639664 9.90890788335917 16.043496055192012 0.3727208628746224 0.7539160749759581 -0.5410080500980021 0.40838813034646965 0.39024917501880674 0.8251816263037222 0.0 0.0 0.0 0.0 0.0 0.0
9.875404060657331 9.961000145660094 16.2463108836204 -0.18667278934620513 0.9206033589203805 -0.3429908530299612 0.40838813034646965 0.39024917501880674 0.8251816263037222 0.0 0.0 0.0 0.0 0.0 0.0
10.327662707469862 10.222943972593745 16.370940936308386 -0.6751463278918075 0.7375380351435915 -0.01466569639458342 0.40838813034646965 0.39024917501880674 0.8251816263037222 0.0 0.0 0.0 0.0 0.0 0.0
10.626021727595946 10.653009617845047 16.49222794304177 -0.9071204886266651 0.2742696808373875 0.3192312034984643 0.40838813034646965 0.39024917501880674 0.8251816263037222 0.0 0.0 0.0 0.0 0.0 0.0
10.717602603796996 11.145595045473138 16.686283712657254 -0.7944644094864641 -0.29319831076346703 0.5318468319213467 0.40838813034646965 0.39024917501880674 0.8251816263037222 0.0 0.0 0.0 0.0 0.0 0.0
1.4633615434144855 -0.21130783307648193 6.422666567204 -0.37016417765810544 0.8622053681491992 0.3458039686200874 0.8038162461223903 0.11067483561828761 0.5844916793510188 0.0 0.0 0.0 0.0 0.0 0.0
1.898306941269741 0.10401258402922173 6.431646409027677 -0.5729103156022103 0.40856623950912946 0.710526141820232 0.8038162461223903 0.11067483561828761 0.5844916793510188 0.0 0.0 0.0 0.0 0.0 0.0
2.202657414656824 0.5124656882865865 6.602590707236013 -0.5579982460993609 -0.20029403438370877 0.8053075543792786 0.8038162461223903 0.11067483561828761 0.5844916793510188 0.0 0.0 0.0 0.0 0.0 0.0
2.379812170288118 0.875261761103924 6.957104887804144 -0.33109331367019634 -0.7330592558765017 0.5941391630053336 0.8038162461223903 0.11067483561828761 0.5844916793510188 0.0 0.0 0.0 0.0 0.0 0.0
2.4814941946504248 1.0709569534784706 7.4470531092739565 0.021599504207280115 -0.9873230099646431 0.1572473701285867 0.8038162461223903 0.11067483561828761 0.5844916793510188 0.0 0.0 0.0 0.0 0.0 0.0
2.58809982667641 1.041591834665414 7.972845873712376 0.36608630931195835 -0.8664862454067793 -0.33938532769583846 0.8038162461223903 0.11067483561828761 0.5844916793510188 0.0 0.0 0.0 0.0 0.0 0.0
2.778154844428979 0.8147111489478537 8.421275742023754 0.5714908048723315 -0.416456869341409 -0.7070798653085288 0.8038162461223903 0.11067483561828761 0.5844916793510188 0.0 0.0 0.0 0.0 0.0 0.0
3.0984812091341793 0.49289910676008497 8.708526732789753 0.5597763888449849 0.19179143417430836 -0.8061429403455879 0.8038162461223903 0.11067483561828761 0.5844916793510188 0.0 0.0 0.0 0.0 0.0 0.0
3.5464086192899833 0.214805928027076 8.812017414938653 0.3353935637332992 0.7271749652654262 -0.5989388343541461 0.8038162461223903 0.11067483561828761 0.5844916793510188 0.0 0.0 0.0 0.0 0.0 0.0
4.070789002851966 0.10247230550691389 8.778979970950887 -0.016410883722018398 0.9862925693351328 -0.16418785146826295 0.8038162461223903 0.11067483561828761 0.5844916793510188 0.0 0.0 0.0 0.0 0.0 0.0
4.591428524953147 0.21496410520043518 8.708515901054755 -0.36198056207599727 0.8707011363820335 0.3329408412649012 0.8038162461223903 0.11067483561828761 0.5844916793510188 0.0 0.0 0.0 0.0 0.0 0.0
5.029554566539369 0.5259322563288914 8.713945706400953 -0.5700277729050459 0.42431578437070955 0.7035797419275107 0.8038162461223903 0.11067483561828761 0.5844916793510188 0.0 0.0 0.0 0.0 0.0 0.0
5.337742759355937 0.933623203855766 8.879756536057696 -0.5615119024513369 -0.1832742283046451 0.8069169354058798 0.8038162461223903 0.11067483561828761 0.5844916793510188 0.0 0.0 0.0 0.0 0.0 0.0
5.517934296340725 1.2995367852738648 9.229504106529888 -0.33966827227799556 -0.7212352974653736 0.6036928941918358 0.8038162461223903 0.11067483561828761 0.5844916793510188 0.0 0.0 0.0 0.0 0.0 0.0
5.620698439972067 1.501044757941031 9.716863491228333 0.011221013484423134 -0.9851870187078807 0.17111582926737012 0.8038162461223903 0.11067483561828761 0.5844916793510188 0.0 0.0 0.0 0.0 0.0 0.0
5.726020413980253 1.477979318694782 10.24322873459244 0.3578472486187685 -0.874849720094696 -0.32647100009986935 0.8038162461223903 0.11067483561828761 0.5844916793510188 0.0 0.0 0.0 0.0 0.0 0.0
5.912913679570766 1.2554918582257613 10.69517490321136 0.5685213311159004 -0.43214238611022526 -0.7000260382251258 0.8038162461223903 0.11067483561828761 0.5844916793510188 0.0 0.0 0.0 0.0 0.0 0.0
6.229401400477699 0.9344975272455353 10.98755011439051 0.5632046547523345 0.17474306539292106 -0.8076294806174354 0.8038162461223903 0.11067483561828761 0.5844916793510188 0.0 0.0 0.0 0.0 0.0 0.0
6.674271640156686 0.6533358835199238 11.09582616005082 0.3439171137686779 0.7152407048050429 -0.6084009804783416 0.8038162461223903 0.11067483561828761 0.5844916793510188 0.0 0.0 0.0 0.0 0.0 0.0
7.19753779674061 0.5352133809597027 11.065417183067726 -0.0060302887232080325 0.9840064422748475 -0.17803077593357755 0.8038162461223903 0.11067483561828761 0.5844916793510188 0.0 0.0 0.0 0.0 0.0 0.0
11.52713497265892 6.439413559955906 1.5169563162681554 0.9541219393143354 0.09619543214782335 -0.2835449942300957 0.2757641195155033 0.08659292109187158 0.9573169884654801 0.0 0.0 0.0 0.0 0.0 0.0
11.784401212611492 6.135264026252181 1.8775006894690591 0.7044825570014814 0.6593624952521 -0.26257461174983904 0.2757641195155033 0.08659292109187158 0.9573169884654801 0.0 0.0 0.0 0.0 0.0 0.0
12.202254273599129 5.981416194088044 2.178191171659665 0.1871984729635226 0.9720267224570656 -0.1418477442524195 0.2757641195155033 0.08659292109187158 0.9573169884654801 0.0 0.0 0.0 0.0 0.0 0.0
12.662779232389006 6.049141883892859 2.4465474560846863 -0.40120544074484177 0.9154017463804437 0.03276945285430775 0.2757641195155033 0.08659292109187158 0.9573169884654801 0.0 0.0 0.0 0.0 0.0 0.0
13.031849398337151 6.325533430588253 2.72237353831894 -0.837184699716983 0.5110003421528566 0.1949369869456487 0.2757641195155033 0.08659292109187158 0.9573169884654801 0.0 0.0 0.0 0.0 0.0 0.0
13.210083285642757 6.718407521356039 3.0426355128611546 -0.9551034942848903 -0.08753863552871759 0.28304470052372016 0.2757641195155033 0.08659292109187158 0.9573169884654801 0.0 0.0 0.0 0.0 0.0 0.0
13.170601301373745 7.091327177400648 3.427417535793766 -0.710162502895106 -0.6528202220049946 0.26361900011779793 0.2757641195155033 0.08659292109187158 0.9573169884654801 0.0 0.0 0.0 0.0 0.0 0.0
12.969237752224501 7.3154364432982 3.8722915180980126 -0.1954189033715978 -0.9700844915695115 0.1440400340924829 0.2757641195155033 0.08659292109187158 0.9573169884654801 0.0 0.0 0.0 0.0 0.0 0.0
12.723328457902836 7.318414918818729 4.349999430705867 0.39356760477261077 -0.9187974438389915 -0.030262149105511522 0.2757641195155033 0.08659292109187158 0.9573169884654801 0.0 0.0 0.0 0.0 0.0 0.0
12.56713291147271 7.111953488106159 4.82080908547292 0.8330311997642543 -0.5184438857199702 -0.1930672359021706 0.2757641195155033 0.08659292109187158 0.9573169884654801 0.0 0.0 0.0 0.0 0.0 0.0
12.600826853240209 6.78731275733086 5.2476090577412045 0.9560123144265216 0.07887517250359653 -0.282522851867548 0.2757641195155033 0.08659292109187158 0.9573169884654801 0.0 0.0 0.0 0.0 0.0 0.0
12.852443832162205 6.480651624609568 5.610007937036687 0.715788367164629 0.6462282339704871 -0.2646433128782559 0.2757641195155033 0.08659292109187158 0.9573169884654801 0.0 0.0 0.0 0.0 0.0 0.0
13.267224791901691 6.321298238155448 5.912081364834558 0.20362445187358602 0.9680683849920896 -0.14622135472627695 0.2757641195155033 0.08659292109187158 0.9573169884654801 0.0 0.0 0.0 0.0 0.0 0.0
13.728421951852813 6.382616070520591 6.180823630221711 -0.38589979710351763 0.922123171314922 0.02775254077689576 0.2757641195155033 0.08659292109187158 0.9573169884654801 0.0 0.0 0.0 0.0 0.0 0.0
14.101653240911835 6.654131908801616 6.455892088152194 -0.8288142612604524 0.525847947777949 0.19118278204118785 0.2757641195155033 0.08659292109187158 0.9573169884654801 0.0 0.0 0.0 0.0 0.0 0.0
14.285956293037858 7.045514803324455 6.7745406672645405 -0.9568483305290573 -0.07020570282871191 0.2819794880023739 0.2757641195155033 0.08659292109187158 0.9573169884654801 0.0 0.0 0.0 0.0 0.0 0.0
14.252145738112507 7.420894305678463 7.157466479539525 -0.7213597213787053 -0.6395870331539887 0.2656474720258293 0.2757641195155033 0.08659292109187158 0.9573169884654801 0.0 0.0 0.0 0.0 0.0 0.0
14.053901212001263 7.650479923700384 7.600946641421407 -0.2118144935852002 -0.9659785562591215 0.14839154003778895 0.2757641195155033 0.08659292109187158 0.9573169884654801 0.0 0.0 0.0 0.0 0.0 0.0
13.80737356541252 7.65987069942848 8.078252659524049 0.37820260167080305 -0.9253786755412122 -0.025240818984852188 0.2757641195155033 0.08659292109187158 0.9573169884654801 0.0 0.0 0.0 0.0 0.0 0.0
13.6470572137748 7.4583213769498755 8.54980503214489 0.8245342053417706 -0.5332119644788015 -0.18928376887115914 0.2757641195155033 0.08659292109187158 0.9573169884654801 0.0 0.0 0.0 0.0 0.0 0.0
