t = 20
b = 13 13 13
E = -1.04106732109365 -1.04106732109365 0
12.6316687147525 4.596541174646 13.7225574647463 0.169309530897188 -0.0317825907670223 0.985050328496727 -0.814205217298327 0.558672734776661 0.157970375518168 0 0 0 0 0 0
12.1573029951777 4.70151907649613 13.9333089079246 0.6002768072765 0.197482508306686 0.775028008241529 -0.649465102821822 0.685888351715032 0.328256377239313 0 0 0 0 0 0
11.8150253239989 4.7765353758219 14.3406216290201 0.687182805739879 0.684344339749539 0.243829071581377 -0.725982958252941 0.634405633174569 0.265477375538262 0 0 0 0 0 0
11.5851732716881 5.07789185188676 14.7102871132715 0.673192477620107 0.667965713599975 -0.317228141139113 -0.615372388656123 0.743928294332543 0.260552329045686 0 0 0 0 0 0
11.4490655478348 5.49105600015065 15.0706513635567 0.16663522683748 0.409718814319411 -0.896862974132346 -0.520673679359595 0.808987331847562 0.272834045771977 0 0 0 0 0 0
11.4892635590169 5.95024117277321 15.1013319353818 -0.470043887120631 0.0623350906799487 -0.880439140798756 -0.337868620027518 0.90882066956525 0.244723897835238 0 0 0 0 0 0
11.5850687914196 6.46244723406037 14.9703685422396 -0.958274777396827 -0.137472150398354 -0.250620946590493 -0.225558361359544 0.902238880292384 0.36754377767763 0 0 0 0 0 0
11.4146302277936 6.99838933748675 15.1013185902237 -0.743179328194288 -0.647878894189566 0.167144920976952 -0.430187814392457 0.65400424830645 0.622267536952843 0 0 0 0 0 0
11.1060404968276 7.36058189789325 15.3214382447194 -0.454134830796841 -0.851321780933158 0.262702837376989 -0.645493527826309 0.517635443501562 0.561597412000169 0 0 0 0 0 0
10.552248301294 7.43714026358019 15.4211022634441 0.0218139423746461 -0.813460960383258 0.581210304322303 -0.698184919774703 0.403708365798952 0.591233772025188 0 0 0 0 0 0
10.0688975831008 7.25202229160736 15.5557232870533 0.550709094965699 -0.168850605705728 0.817440496718183 -0.746953457231146 0.337388706702929 0.57291307658297 0 0 0 0 0 0
9.66997963103153 7.08653228846482 15.9180063760675 0.73986262443901 0.521725856156098 0.424741601419507 -0.600572389088438 0.227688291145832 0.766466468633623 0 0 0 0 0 0
9.39606276522217 7.10575099891732 16.435234330674 0.445658385944312 0.881882126726496 -0.153858758599769 -0.622148443475554 0.428694597234587 0.655097135227152 0 0 0 0 0 0
9.28252255712629 7.43205661697137 16.8460213544587 0.0484110237572185 0.709712180637863 -0.702826431939655 -0.521129041802669 0.618234885027467 0.58839625145382 0 0 0 0 0 0
9.31514254373913 7.86996767644808 17.1556258482564 -0.388844591172454 0.333412905704995 -0.858857216436632 -0.340052120269523 0.81445622558115 0.470133610915353 0 0 0 0 0 0
9.38680549655528 8.40016066211904 17.2050719932765 -0.810167519039961 -0.0603149061858104 -0.583087217476453 -0.423483501760176 0.748001880400645 0.51103317960191 0 0 0 0 0 0
9.27129501453169 8.91873577551148 17.1249328490893 -0.906644761243319 -0.388452070139966 -0.164621584593331 -0.420472715601166 0.863974038509229 0.277040712201356 0 0 0 0 0 0
8.91321832087658 9.21395686246025 17.0237814916281 -0.651003059673436 -0.543455607171698 0.529953789805739 -0.540899644907835 0.821942151390244 0.178433948301762 0 0 0 0 0 0
8.45053258247405 9.35370283498496 16.981419449649 -0.0831432357423386 -0.262636363163638 0.961306061093173 -0.566211338863639 0.806262416715389 0.171305677473066 0 0 0 0 0 0
8.00984786098668 9.44231618368395 17.1954538551652 0.551374287708976 0.0982580741482462 0.82845141421697 -0.652572063582959 0.669465446635724 0.354916493829054 0 0 0 0 0 0
10.8868999554715 7.9855216272102 0.894491161353536 -0.139572018721616 0.644979253717856 0.751346400712435 0.962852439978225 -0.0887325947841083 0.255032753682461 0 0 0 0 0 0
11.3455485791426 8.12595838126295 1.0010795643494 -0.367721774298725 -0.0317153381187424 0.929394875192785 0.912018102460757 -0.207542455128116 0.353764201274344 0 0 0 0 0 0
11.7256404490167 8.32765548468467 1.27243161810771 -0.301831977431077 -0.752211921767466 0.585725773848942 0.925794516603971 -0.0845886647849622 0.368441678988571 0 0 0 0 0 0
12.045339993669 8.39176693185925 1.6994761422602 -0.228164741740345 -0.967035649454847 0.113061502333922 0.926748347351939 -0.180113147764014 0.329691908731452 0 0 0 0 0 0
12.3860139624887 8.09681533837458 2.07517996426593 -0.129255814662026 -0.769302885749169 -0.625672441740928 0.8012886876066 -0.452726945447377 0.39111986906776 0 0 0 0 0 0
12.616159118048 7.63407935058868 2.32075267493544 0.333425171151998 -0.157486330604173 -0.929529833257166 0.768583697386455 -0.525588013229054 0.364741470718236 0 0 0 0 0 0
13.0032269934645 7.28570768368661 2.39299314300034 0.223677378559287 0.328759315106757 -0.917543319441312 0.9475314255858 -0.293921977148008 0.12567445594371 0 0 0 0 0 0
13.4298504934927 7.01944331041102 2.24030994567531 0.176024547638708 0.871333368633256 -0.458032225214352 0.979875626991268 -0.199584836160813 -0.00310625226449616 0 0 0 0 0 0
13.9711783902653 7.03030035419925 2.12808751840007 -0.112438122133403 0.980741886399294 -0.15969665291755 0.982908270529863 0.0861987365455477 -0.162668711010894 0 0 0 0 0 0
14.3874463792394 7.11023167447116 1.91155357849201 -0.126004862928731 0.873008569701625 0.471146274256558 0.990003313854808 0.141000589747287 0.00350317676077124 0 0 0 0 0 0
14.8138659405081 7.40004464696368 1.76035866832381 -0.0794841241914262 0.231339928363671 0.969620601857352 0.994260139315761 -0.051484646801518 0.0937875605372389 0 0 0 0 0 0
15.2217563352248 7.74274595197719 1.83011785093271 -0.116040796248357 -0.381165436555954 0.917195422786854 0.993007838718482 -0.0646759648380553 0.0987545027627409 0 0 0 0 0 0
15.603981717621 7.97777007325616 2.08231349321235 -0.13327604515556 -0.804416362459267 0.578922975529124 0.977301384528016 -0.00960958542293678 0.211635676736279 0 0 0 0 0 0
15.9558670953719 7.99717463493853 2.462810549589 -0.220368932592908 -0.972458689643466 0.0759054048456044 0.890861694939957 -0.168963688984776 0.421683189483957 0 0 0 0 0 0
16.2065511853056 7.77855558190488 2.88476824749623 0.176843057761956 -0.761042223722876 -0.624132411137526 0.909636804674436 -0.115798163859784 0.398938176699581 0 0 0 0 0 0
16.7707078818093 7.81308229648609 3.17879622059725 0.364362747793498 -0.0177083754242412 -0.931088718361578 0.931039658465403 -0.0146777683596148 0.364622705656967 0 0 0 0 0 0
17.2319453221409 7.5619270340065 3.29222531688001 0.209072589817217 0.692360671703969 -0.690597822516659 0.882989105349001 0.169838995043773 0.437589940009472 0 0 0 0 0 0
17.7914710639933 7.66140064527855 3.30151217750102 -0.306449199604836 0.867958883555886 -0.390814872437034 0.785408373813055 0.462520899779769 0.41134912618267 0 0 0 0 0 0
18.2153735585258 7.91478993536275 3.15159477123178 -0.494905724310597 0.85784419120016 0.138461791367679 0.768749525315149 0.357961762065613 0.529988249140123 0 0 0 0 0 0
18.5239731949423 8.19159656105861 3.12725180611799 -0.534299313023504 0.222810211402329 0.815401651824095 0.840654269279843 0.241007432937501 0.484990532701876 0 0 0 0 0 0
5.97269666231827 5.37082397863206 3.86300515917445 -0.60906914377831 0.534403031216134 0.586044519063326 0.602984899196946 -0.167992163253191 0.779863990979173 0 0 0 0 0 0
6.28658516935662 5.70222899777356 4.1464303178238 -0.726079012343221 -0.156324769336479 0.669605730506086 0.687592466784885 -0.157862745079652 0.708728405904966 0 0 0 0 0 0
6.48914636894554 5.92303716390544 4.59240993205402 -0.434245692255327 -0.855655665682676 0.281574254048249 0.564790523433254 -0.0151136609956626 0.825095898602883 0 0 0 0 0 0
6.64064371003698 5.99200765745618 5.13094443467456 -0.221618073099203 -0.965579292490868 -0.136169231431444 0.592553985274255 -0.244252470389927 0.767606999215104 0 0 0 0 0 0
6.61692335495388 5.76003429071238 5.61500104706059 0.334895560397965 -0.747786835080305 -0.573288594781297 0.628371320582606 -0.276132683018127 0.727255268003252 0 0 0 0 0 0
6.6656574399307 5.35700105602856 5.96695886103853 0.682398667591264 -0.204058208880251 -0.701920441259728 0.664993531527829 -0.225397446265008 0.712024995518669 0 0 0 0 0 0
6.85230721955531 5.03993931568625 6.32393753295455 0.683647157364696 0.253710302371342 -0.684293538401331 0.72172716556349 -0.374212052606844 0.582301672822141 0 0 0 0 0 0
7.20099550458849 4.65057414940294 6.34629066585146 0.495217755779528 0.867515416055208 -0.046651658783451 0.721294928640308 -0.380629917086503 0.578666131838123 0 0 0 0 0 0
7.65479538276803 4.42330008226291 6.42848008885925 0.0667782262230075 0.976159880586898 0.20652495257252 0.813004300844322 -0.173226422268062 0.55589262761512 0 0 0 0 0 0
8.18348454252932 4.51837013406138 6.41688010091574 -0.26858192980713 0.648268510054445 0.712468726227943 0.892128337520381 -0.111538748591181 0.437796912912638 0 0 0 0 0 0
8.5770354362921 4.75124668668836 6.66780672099351 -0.433191495270234 -0.305865557479603 0.847815657541916 0.898644420681552 -0.0743927425048767 0.432323865915961 0 0 0 0 0 0
8.93278431858841 4.76360462309833 7.0775557922533 -0.670031030498799 -0.585967055564825 0.455742282393687 0.710930334157181 -0.329844999908246 0.62111217667237 0 0 0 0 0 0
9.07114402554894 4.81709370375398 7.5939670739453 -0.290344920026415 -0.932083867980362 -0.21660907290698 0.69376543929561 -0.360941448282297 0.623226111576567 0 0 0 0 0 0
9.24330416745357 4.65538672485429 8.03516052208319 0.0112793051250957 -0.622212393292869 -0.782767216296553 0.864397159585794 -0.387466721858656 0.320448264080366 0 0 0 0 0 0
9.37765569312226 4.21429366395403 8.21517596678773 0.463855196210114 0.0623191558909513 -0.883716402336132 0.623906706709097 -0.7311686695718 0.275921724335024 0 0 0 0 0 0
9.45613432698261 3.7095356585656 8.04860597506633 0.770770762631391 0.531764425629543 -0.3509117084218 0.536254859944593 -0.838878564564698 -0.0933460181243807 0 0 0 0 0 0
9.68021744242437 3.37856837334234 7.68953423348225 0.800897978969161 0.554469667885848 0.226110182605009 0.598688500833539 -0.74877932948756 -0.284432056389306 0 0 0 0 0 0
10.1226736811913 3.1324442941986 7.39065336136686 0.567909431585613 0.460680102385951 0.682094363546406 0.717356991664208 -0.683355198566268 -0.135737316545361 0 0 0 0 0 0
10.6095276899502 3.07338240700995 7.17117678002965 0.0825005611104194 -0.155529713251188 0.98438009209475 0.631546431023553 -0.755935940371533 -0.172365772460833 0 0 0 0 0 0
11.1349645366354 2.96113367794794 7.16997466195832 -0.552256243200295 -0.514898035713622 0.6556623023055 0.588495091540081 -0.797838917666494 -0.130868593214684 0 0 0 0 0 0
14.7253672739468 5.0664203234647 7.50962113580443 -0.280697333507462 0.764103533830338 0.580822517254444 0.959664390058513 0.233469234466043 0.156640911040069 0 0 0 0 0 0
15.1259617638923 5.4005372958298 7.52515326312333 -0.301822574578194 0.0680725315812381 0.950930735605445 0.951700904500996 0.0804057257671186 0.296311166910481 0 0 0 0 0 0
15.4569211307749 5.75395238632398 7.75806692395504 -0.25718250681535 -0.626250083004077 0.735980972393689 0.889355777898728 0.144539883643034 0.433767820791962 0 0 0 0 0 0
15.7617131032296 5.89193121507049 8.17848195516026 -0.199025493028868 -0.966601048542491 0.161465990478406 0.94488990986207 -0.145570028544369 0.293244650471993 0 0 0 0 0 0
16.0330502638733 5.80724590806371 8.6344311257367 0.029799446958712 -0.899541068178838 -0.435818608621328 0.945524529379205 -0.116042961910395 0.304166722922309 0 0 0 0 0 0
16.4615363213235 5.57722550095728 8.84811486266645 0.127809342179124 -0.331457025214298 -0.934773241212984 0.96986055234588 -0.155369711872118 0.187698592525678 0 0 0 0 0 0
16.9046759768611 5.27590326364166 8.88706684730837 0.0292388891387693 0.436767960056913 -0.899098902473834 0.99907775342604 -0.041065274550408 0.0125413649686931 0 0 0 0 0 0
17.3183493596146 5.04564876363106 8.6771445623678 -0.0210341976291262 0.892450043006146 -0.450655614930545 0.995902741729093 -0.0209496013913551 -0.0879706952230139 0 0 0 0 0 0
17.8405960230587 4.99388888988374 8.53089728621466 -0.223768561582857 0.970859823151495 -0.0857836501752311 0.967534835806058 0.231884679910209 0.100527790807737 0 0 0 0 0 0
18.3520413239737 5.40307442007851 8.59363953470583 -0.401438167018649 0.817379113494055 0.413205497161377 0.909618031021337 0.303118400434685 0.284102574713404 0 0 0 0 0 0
18.7245054156415 5.78991472844431 8.5913813774026 -0.475162627955609 0.440872371169798 0.761480156887518 0.799097312205571 0.578482009057438 0.163713319014374 0 0 0 0 0 0
18.8879167764101 6.30077879843578 8.55976284989325 -0.201666711723801 -0.083892495185973 0.975854797925378 0.819253604628878 0.531598111712112 0.215004602105878 0 0 0 0 0 0
19.1131344975975 6.7183617070644 8.7598403340931 0.146997911366983 -0.586948614991657 0.796167656598232 0.835421784099979 0.504624281760456 0.217772305192723 0 0 0 0 0 0
19.3983568146306 6.99158735349768 9.04776680136212 0.380350487413505 -0.89188733922772 0.244684451589406 0.881628951351127 0.429586155424178 0.195412709943305 0 0 0 0 0 0
19.7398496310997 7.0944984385616 9.41532724361335 0.466410400754207 -0.825385908560656 -0.318118594266039 0.868952723317102 0.36024566917701 0.339329076972489 0 0 0 0 0 0
20.1436561679802 7.01384707569928 9.77630322575057 0.386071925473467 -0.404643103086111 -0.828982766700281 0.912800339033289 0.29734456757632 0.279967407377296 0 0 0 0 0 0
20.5725206754054 6.87766884639834 9.88501806660315 0.229630176750492 0.325679017827727 -0.917171281316802 0.967163060447612 0.0291119187128168 0.252483882048871 0 0 0 0 0 0
21.0922468272352 6.69779420470004 9.85634015849274 0.070497273336677 0.824161964726547 -0.561949455333993 0.987857199300488 0.0205079315173068 0.154005125028611 0 0 0 0 0 0
21.5979446417867 6.6981981797411 9.74690521199141 -0.243664749213849 0.968902188100965 -0.0430817813433305 0.962765080715895 0.247006616460519 0.109868697902742 0 0 0 0 0 0
22.035847873851 6.92002269232391 9.52845671214901 -0.200392659397873 0.698188102845541 0.687296264433609 0.973861886041608 0.0653819762172849 0.217527524928239 0 0 0 0 0 0
-0.233036052311707 13.5259140533893 9.26960532446268 0.626421761516419 -0.173301019676499 -0.759975350440889 0.726201320688184 -0.224528759756298 0.649783408431637 0 0 0 0 0 0
0.0722298109097129 13.2491198177578 9.47056094436694 0.591653093576083 0.640973261655016 -0.488978419467752 0.71449293396938 -0.135954181981617 0.686306278355033 0 0 0 0 0 0
0.538725561659202 13.0280849793073 9.57274445174144 0.0802791785808756 0.993190886891881 0.084422246364915 0.808895345540007 -0.114404008678941 0.576714871285543 0 0 0 0 0 0
0.979165309571342 13.2325717603358 9.57694946300109 -0.317748383566705 0.508787251704486 0.800107178597807 0.852783155341672 -0.215525500819959 0.475720136699938 0 0 0 0 0 0
1.39671342077195 13.4089487701539 9.90640963232041 -0.647006832356743 0.058762927454426 0.76021646735695 0.738672347012943 -0.198914749469286 0.644046649088373 0 0 0 0 0 0
1.60621360813093 13.5598759340015 10.3332880414457 -0.58726707657539 -0.729715006613598 0.350190505144715 0.754533393398042 -0.336995098336826 0.563128459540262 0 0 0 0 0 0
1.80801883954686 13.6408331299621 10.7963666696033 -0.377872808445449 -0.922416864246468 0.079745026122401 0.712847507652086 -0.234892868021809 0.660812962483862 0 0 0 0 0 0
1.99498287610836 13.4756595485347 11.3098531555912 -0.167089468745246 -0.885459578040712 -0.43363861116187 0.640350162977509 -0.431892240298614 0.635154124244283 0 0 0 0 0 0
2.07443971466083 13.2265927374816 11.7678123849637 0.353889087105818 -0.500499946779428 -0.790102725790261 0.768357708090879 -0.326093492936667 0.550717228967549 0 0 0 0 0 0
2.48714153769893 12.9248275084562 11.9937707486235 0.267398406728397 -0.0841804815997061 -0.959901942177823 0.911234899028032 -0.301792349612881 0.280307574832557 0 0 0 0 0 0
2.82692165507163 12.4652116114887 12.086890891478 0.389562998709925 0.475250809055974 -0.788908954523761 0.831721627971168 -0.549440682440794 0.0797124208889952 0 0 0 0 0 0
3.29179950945128 12.1742593588021 11.873319638673 0.453179608795304 0.807356714805663 -0.377893341077006 0.890520832788273 -0.42905793847865 0.151267748705835 0 0 0 0 0 0
3.70520451233182 11.8734545742101 11.6631360433635 0.203922562267925 0.926040175990469 0.317592791243168 0.973034100342115 -0.227441869769632 0.0384035863833653 0 0 0 0 0 0
4.18596357015695 11.9604945504792 11.4412522414696 -0.0194727132864138 0.565984303770583 0.82418601136066 0.944085396847697 -0.26095455994198 0.201508017469312 0 0 0 0 0 0
4.71447082819014 12.094636888474 11.4437479271391 -0.19475866844672 -0.304603122017059 0.932355082102479 0.980841935161047 -0.0646114486126649 0.183778287449045 0 0 0 0 0 0
5.05130389784479 12.2832095668634 11.8100366491478 -0.206443172637769 -0.894746043668107 0.3959933507163 0.869008352914375 0.0183305010512257 0.494457758859395 0 0 0 0 0 0
5.30794180567857 12.2830702617538 12.282076972611 -0.0392207363893657 -0.956662650256626 -0.288545156675771 0.879898031843649 -0.169914034204744 0.443743929015307 0 0 0 0 0 0
5.54758773066652 12.0602905430926 12.7082507983068 0.099124095850205 -0.576065147842197 -0.811371283114843 0.902694619659939 -0.291042129616571 0.316917816515967 0 0 0 0 0 0
5.92716581346886 11.7130543629242 12.9369033346205 0.129553163326271 0.16723079854697 -0.977368834109978 0.965684085672179 -0.2450407752365 0.0860770884206791 0 0 0 0 0 0
6.34028109543898 11.3730953082831 12.8923699543573 0.127661757662022 0.811077437204728 -0.570837863572534 0.991735655358882 -0.0969834791310593 0.0839916344972832 0 0 0 0 0 0
-3.74000689688879 16.3936338174445 11.4576501581146 0.0536329278288412 -0.374116122164796 0.925829701505024 0.991338515402388 0.131258114711201 -0.0043880750050535 0 0 0 0 0 0
-3.40728225426315 16.7162661521783 11.7294732456038 0.246513030447766 -0.895912816083886 0.369555884537236 0.969097113662688 0.224311550150253 -0.102640697385771 0 0 0 0 0 0
-2.99146794543847 16.8221192473586 11.8672531736028 0.152616156228872 -0.964078483371831 -0.217395921666886 0.984533042593663 0.167463640002269 -0.0514841462826682 0 0 0 0 0 0
-2.59278852467552 16.7465323785358 12.0556013723928 0.204757764783486 -0.576451310363332 -0.791061403774238 0.938771003093151 0.344448585090034 -0.00801099125909295 0 0 0 0 0 0
-2.14130745722026 16.7396026645905 12.1410850687598 -0.0665766966925858 -0.0532363812453839 -0.996360091116359 0.950448876649124 0.300526432640652 -0.0795663004085461 0 0 0 0 0 0
-1.67864378869369 16.4913850944499 12.0269997067832 -0.129026283425108 0.524555537922781 -0.841542456338387 0.988630912421389 0.00197063439318458 -0.150349711023805 0 0 0 0 0 0
-1.15478227857005 16.4945820219514 11.8059738445148 -0.449388771286581 0.712647653958604 -0.538686414854538 0.886159727338619 0.27933383828347 -0.369720900725086 0 0 0 0 0 0
-0.903695710645707 16.4809083628115 11.3117282125791 -0.23363420788887 0.95065150280878 0.204148909160813 0.828962189924217 0.304478710896744 -0.469163513379614 0 0 0 0 0 0
-0.564242248616108 16.7450608619327 10.9023823755164 -0.225352642460158 0.668840872146419 0.708426477683212 0.874530129564248 0.459364011683572 -0.155504846401369 0 0 0 0 0 0
-0.350819903624052 17.2004550628206 10.713300048013 -0.0464141982305129 0.232628767725924 0.971457450755789 0.665745029395681 0.732243439848538 -0.143537802107054 0 0 0 0 0 0
-0.210472581288181 17.6857105292783 10.6766744568847 0.349910930998664 -0.301974595725349 0.886777133164901 0.744314646591271 0.664414832367721 -0.0674435867928531 0 0 0 0 0 0
0.0423676582955033 18.1781824284556 10.8126337915664 0.630949089626873 -0.638917418174437 0.440099737619023 0.659372459402222 0.740533114366219 0.129763886767213 0 0 0 0 0 0
0.302711467606887 18.4822575381726 11.0822395061832 0.731496329478115 -0.631192765531231 -0.257893025692983 0.666570120785329 0.74159624064591 0.0756259871742865 0 0 0 0 0 0
0.776426930980729 18.6600673867575 11.2674558189558 0.315320097121049 -0.424433529607629 -0.8487811350969 0.761448984151105 0.6469501777804 -0.0406314164798569 0 0 0 0 0 0
1.2833652763384 18.7595630002265 11.2627752488963 -0.153081093616242 -0.0921360062476026 -0.983909109181329 0.82675691491693 0.53346064910903 -0.178585384310179 0 0 0 0 0 0
1.79484371906957 18.7599144644821 11.0982310870049 -0.522629184484354 0.460820294826335 -0.717288917662464 0.687557095865645 0.725285924317852 -0.0350081120770439 0 0 0 0 0 0
2.19990419652663 18.8642773577393 10.7610078697858 -0.681577461835431 0.720432738833584 -0.12817500666945 0.729000683728562 0.6533635645114 -0.204142243771952 0 0 0 0 0 0
2.43343239402087 19.1547281530526 10.4325817707121 -0.653421738629977 0.603207605852501 0.457362674173867 0.54415314222661 0.79429664887443 -0.270166969468435 0 0 0 0 0 0
2.47519603988103 19.5730076217299 10.0979428816304 -0.151492185154796 0.446808547632188 0.881709838665669 0.359057767516273 0.855948312589623 -0.372061830562084 0 0 0 0 0 0
2.39139405694514 20.038370542874 10.0092521714782 0.639734159042079 -0.0231937747943225 0.768246220013814 0.373337558776966 0.883082798263638 -0.284224978876449 0 0 0 0 0 0
7.87255034771981 -1.97384124869302 -3.14294113517908 -0.311746005987787 0.92863719722825 -0.201115349177339 0.585723802264216 0.354483368083591 0.728882136708853 0 0 0 0 0 0
8.23035622746524 -1.62335329971279 -2.94847198040745 -0.79306177008635 0.595358700602578 0.128845048194784 0.420214949584543 0.3815834387042 0.823294282412029 0 0 0 0 0 0
8.49632255225405 -1.22429960958065 -2.74123337122878 -0.904274544799445 0.158305871184946 0.396518346077623 0.425219772581705 0.25036760547837 0.869772503090659 0 0 0 0 0 0
8.60450876824083 -0.801966264590956 -2.42720249615653 -0.810187714173745 -0.454640572409923 0.369997050962166 0.271224769225742 0.268815167853915 0.924216170649549 0 0 0 0 0 0
8.44773302145743 -0.45681864822976 -2.04644064110924 -0.257768092568052 -0.890933459415853 0.373889263482022 0.328858893926108 0.28296311583563 0.900990401148808 0 0 0 0 0 0
8.18587272164961 -0.328626579563616 -1.59049167412965 0.40248793987258 -0.886667449066427 0.227649495987059 0.333954170752618 0.373761299164973 0.86531907588094 0 0 0 0 0 0
8.11298691741807 -0.229789621831863 -1.05902805840339 0.588433460173306 -0.757905256666313 -0.281648157931204 0.420693086104772 -0.0104829899537715 0.907142455309679 0 0 0 0 0 0
8.20687708261751 -0.533438658278999 -0.55825673535584 0.906631034752775 -0.195686332472771 -0.37380078398322 0.384199916529525 0.0167239400450007 0.923098442187007 0 0 0 0 0 0
8.33666966618312 -0.74805101749812 -0.0661732631942232 0.826749433480957 0.350927391931749 -0.439699146952661 0.432039042811125 0.104534324456183 0.895776110698057 0 0 0 0 0 0
8.67035066811393 -0.878845168323948 0.343969358697753 0.461139414334188 0.751642021019365 -0.471576836565842 0.46911675640285 0.244593491129545 0.848589119043563 0 0 0 0 0 0
9.07197544740411 -0.71797656370259 0.656614862486769 -0.185138862960828 0.896560231196242 -0.402372157658695 0.380334914448785 0.442913465091039 0.811894707023198 0 0 0 0 0 0
9.37797808552947 -0.407901173724747 0.940729191636839 -0.890863264627206 0.454271544627673 -8.64832020457337e-05 0.19084026907106 0.374425962825739 0.907405747206234 0 0 0 0 0 0
9.55877847451279 0.0321414189146167 1.27411005927083 -0.91354152865279 -0.354293780498881 0.199794375612864 0.0158960951299422 0.459728890455198 0.887917035223704 0 0 0 0 0 0
9.44073484923724 0.374798231445723 1.58606161870624 -0.695864379225294 -0.703278289425069 0.145507433998219 -0.11183476690344 0.306249518437395 0.945359305961769 0 0 0 0 0 0
9.16209267309364 0.535435789262681 2.01645587379211 0.119467803236515 -0.989318860713434 0.083520271949477 0.0649267568826829 0.0917276014498142 0.993665216948325 0 0 0 0 0 0
8.94314569345369 0.348900966713682 2.47027531167629 0.810047200899145 -0.58585973742563 -0.0243290028367863 0.0822125567427727 0.0723952513303334 0.993981902802377 0 0 0 0 0 0
8.95232989905265 0.207835057501856 2.89107285247516 0.981846540473482 0.0399814575452182 -0.185415355385728 0.180210531846786 0.108330405095456 0.977644458657314 0 0 0 0 0 0
9.1924183390755 0.0932832641674287 3.32057450447364 0.767327937200523 0.602591051780313 -0.219298566128206 0.106475551109758 0.217509222072769 0.97023332004687 0 0 0 0 0 0
9.57477218511228 0.0510435418786563 3.73362117767986 0.347826632048843 0.890502747955436 -0.293294203695496 0.146365956034351 0.257416729876774 0.955151105372181 0 0 0 0 0 0
9.85735143691489 0.0912706429968137 4.11038390360066 -0.198647429532383 0.90528680157603 -0.375493016755864 0.238892182119651 0.416298088089902 0.87728355004229 0 0 0 0 0 0
7.95578268325524 11.2707994496372 4.1934341819545 0.923552589612018 0.0744036916333133 0.376184402776445 -0.198301393859999 -0.746981818717232 0.634582319087979 0 0 0 0 0 0
8.03033807546876 10.7844460023946 4.22689177780746 0.399950843761661 0.470929429331558 0.786298159201577 -0.285093147160949 -0.751420844808618 0.595053452581337 0 0 0 0 0 0
8.17688097462155 10.3747848678774 4.58217902796967 -0.00704497508493387 0.746726316853773 0.665094110667094 -0.198426761896413 -0.652928615027588 0.730965829462267 0 0 0 0 0 0
8.36266892752039 10.1490320477622 5.03296013104083 -0.795417754525533 0.524077313034146 0.304390482355261 -0.195913812569144 -0.69762099799982 0.689160881938577 0 0 0 0 0 0
8.34342770229899 9.9491013129826 5.52651253842342 -0.920475127033134 0.309298355009134 -0.238872493397585 -0.387248028522791 -0.639647438387548 0.66399557149838 0 0 0 0 0 0
8.19246772626934 9.73170804301127 6.07561662138807 -0.80581841493247 -0.00383209211706153 -0.592150316411068 -0.403668050550339 -0.728076281516502 0.554037032388625 0 0 0 0 0 0
7.8214963171163 9.54106236911525 6.41489263795809 -0.324127105485742 -0.412270296463452 -0.851454533221459 -0.349891563219856 -0.783976749510487 0.512792697115059 0 0 0 0 0 0
7.39236634461573 9.1741727358417 6.48997521512196 0.225958442010594 -0.490159091506737 -0.841835404041334 -0.582635826668953 -0.760576318487514 0.286459695660254 0 0 0 0 0 0
6.94667332449406 8.87875335592659 6.52934409355992 0.632420669102111 -0.494997883614912 -0.595836548483891 -0.469045417771723 -0.856855518812154 0.213997700801914 0 0 0 0 0 0
6.63856048213505 8.43262616766663 6.43079904650665 0.913897559851557 -0.350757344410209 -0.204353946474412 -0.332141974455937 -0.935518532999028 0.120361053584029 0 0 0 0 0 0
6.55756184902921 7.92388800115429 6.34176384024167 0.76400704676461 -0.095669058365313 0.638075750805116 -0.30969299660612 -0.921952037351021 0.232582649132355 0 0 0 0 0 0
6.69735084366562 7.40635032102635 6.37780393936312 0.285847131543294 0.253487976325972 0.924140283315599 -0.0434153666244207 -0.959962771840213 0.276742809521266 0 0 0 0 0 0
6.9674819141593 6.93639197446011 6.5810359957471 -0.251584588109019 0.453494214055422 0.855013562959249 -0.275283148500911 -0.880469789605428 0.385994997044779 0 0 0 0 0 0
7.15795532239102 6.5962613079261 6.95078741570121 -0.702181637090805 0.520873636485052 0.485418997719818 -0.251578690493445 -0.819301267066719 0.515221890327335 0 0 0 0 0 0
7.17795276369679 6.35834828928461 7.43212160316401 -0.963303999640023 0.265844479958532 -0.0370420943402636 -0.240482001489961 -0.793507747057379 0.559029393072767 0 0 0 0 0 0
6.97911365596755 6.18266235264268 7.89932879812364 -0.72582222741395 -0.13852373287653 -0.673790226718825 -0.201842440571506 -0.893509121050221 0.401124768350446 0 0 0 0 0 0
6.73064925124935 5.95871619152313 8.23836024943321 -0.083202224611453 -0.313693096629958 -0.945872100733716 -0.147484918777513 -0.934834447437502 0.323005812048964 0 0 0 0 0 0
6.53469845189495 5.43825306858619 8.33840341421331 0.191667820347896 -0.0420347188145513 -0.980559294003819 -0.000568627634787474 -0.999087015543561 0.0427178187045269 0 0 0 0 0 0
6.52278991094001 4.87377530123353 8.16811143351444 0.463875313495355 0.207298877542682 -0.861305328498048 0.0719068257910691 -0.977839588408634 -0.196619296472869 0 0 0 0 0 0
6.36314561383029 4.42059658431343 7.92763721234019 0.971574348794809 0.227278348852672 -0.0662407495937862 0.226556058570737 -0.973825837390788 -0.0183191363066961 0 0 0 0 0 0
5.85939704574449 9.93289981163954 11.3230097478948 0.507128372834888 0.603565009150594 0.615247993247343 0.420288123443277 -0.796405093515565 0.434852642069693 0 0 0 0 0 0
6.20635869087915 9.59810618289616 11.4929602602709 -0.338160005088113 0.393843558172688 0.854713438904926 0.284969186504517 -0.822725238003193 0.491849311777036 0 0 0 0 0 0
6.50197386930957 9.30431102969682 11.7905104743099 -0.886121731617546 0.22804915077163 0.403462342217289 0.086830965028777 -0.773448920366062 0.62788307119777 0 0 0 0 0 0
6.58709047368102 9.08911902598607 12.345639429549 -0.913856134717569 -0.137314306902356 -0.382114833733251 -0.121858193175899 -0.804949948509503 0.580694550646426 0 0 0 0 0 0
6.43590812049448 8.9587965766828 12.7771777650412 -0.230916085281911 -0.565569191223855 -0.791712859246629 0.0997979992089272 -0.823180287370684 0.55894058167055 0 0 0 0 0 0
6.37513756324469 8.57636599781023 13.1172317217114 0.433856564982638 -0.331549423355565 -0.837760980766029 0.211171522642337 -0.866511331808797 0.452288292875088 0 0 0 0 0 0
6.21470208251098 8.06834052604254 13.0475490217398 0.909888637733996 0.00810900274031791 -0.414773324837955 0.182585999455312 -0.905593858871717 0.382834318702933 0 0 0 0 0 0
6.2602096482378 7.55982129535195 12.880150229636 0.886938728891398 0.358076900590383 0.29175439063722 0.247142575340084 -0.901542059948712 0.355165400338637 0 0 0 0 0 0
6.4372201924105 6.91626491399732 12.8743077320826 0.610907043383709 0.321752301002027 0.723372684820263 0.205723358692667 -0.94682102361671 0.247402200729122 0 0 0 0 0 0
6.85093032896834 6.57647201480973 12.9686648014491 0.191581765906432 0.424873749332926 0.884747830796977 0.489692011187533 -0.822607578363447 0.288995685431693 0 0 0 0 0 0
7.27046676755049 6.46814490990048 13.0682430954833 -0.457112106807958 -0.236798666443673 0.857306779035421 0.608583208105748 -0.786196749659124 0.107336618342233 0 0 0 0 0 0
7.63167519898506 6.218959278553 13.2888852073571 -0.750846473878461 -0.554419198456129 0.358955324584475 0.637078845095288 -0.751325658984224 0.172163582920358 0 0 0 0 0 0
7.73567369597137 5.8709910944026 13.5946647204217 -0.69935864133535 -0.557731643600289 -0.447026738033078 0.60170842173764 -0.796957519463768 0.052968739650447 0 0 0 0 0 0
7.9471299886557 5.37614868093408 13.6687605995816 -0.589422327141598 -0.151607887709717 -0.79347108873051 0.402795917450672 -0.906576476715597 -0.125994209196317 0 0 0 0 0 0
7.75710540003775 4.89513141341265 13.7432412342212 -0.0130095735087311 0.0713389706626942 -0.997367285538236 0.473444072506943 -0.878118319310987 -0.0689849802383716 0 0 0 0 0 0
7.74693035125754 4.32797561206093 13.5397440428003 0.468090376808461 0.341467562864772 -0.815040675457676 0.471318542602586 -0.876657223327467 -0.0965968125082334 0 0 0 0 0 0
7.89017702973904 3.99856090697542 13.2305873455164 0.852082037516524 0.493534893265546 -0.174297190083649 0.484043782010962 -0.86972303739136 -0.0963506892931915 0 0 0 0 0 0
8.12046010058696 3.68508049750995 12.8599327323243 0.755496789690621 0.415467539009445 0.506568183758713 0.558422287147029 -0.812723542327993 -0.166267835023258 0 0 0 0 0 0
8.58815089422528 3.55928007364326 12.6469187850324 0.40968084191171 -0.105171957671262 0.906145941385883 0.410565096992161 -0.865781658252156 -0.286109107450229 0 0 0 0 0 0
9.10017817283826 3.41859932084817 12.488339991045 -0.336119633410015 -0.526664146943944 0.780799890087163 0.447284349606606 -0.818839718741239 -0.359775243184915 0 0 0 0 0 0
1.80371669577583 15.9798199961617 8.89005493646285 -0.00377029238831949 0.961354303300674 -0.275288373202692 0.923641512972416 -0.102154877488972 -0.369392388280051 0 0 0 0 0 0
1.97185764557383 15.9487747697726 8.38069267143153 0.286720522930052 0.879120246662293 0.38070846278898 0.935642056195807 -0.171584823333294 -0.308435716283579 0 0 0 0 0 0
2.33917014591048 16.0579912094291 7.96739220069547 0.200540632839278 0.654085576437314 0.729352804393792 0.939895767400482 0.081563322869874 -0.331577096291473 0 0 0 0 0 0
2.75774361240164 16.3247036691807 7.78214582100703 0.100652345678407 0.0130806735004154 0.994835665469534 0.994865737894834 0.00927808526215428 -0.100777381871305 0 0 0 0 0 0
3.215956546427 16.5604870175526 7.93423862767703 -0.149199815440138 -0.694838183960833 0.703519234408443 0.969936622458921 -0.241177604007969 -0.0325009498008204 0 0 0 0 0 0
3.69612424349978 16.3858449052538 8.2211405448753 -0.435110763849624 -0.891728338245418 0.124495758772187 0.898933246961029 -0.438067329970064 0.00400398813694507 0 0 0 0 0 0
4.07213473326807 16.0728727475708 8.45868726212251 -0.610389927027758 -0.629894751950655 -0.480267361422855 0.629952961091558 -0.753597517385272 0.187749962989965 0 0 0 0 0 0
4.11600900059434 15.683476320335 8.72415408316065 -0.101854930585861 -0.345902420662687 -0.932725623372192 0.734184329659158 -0.658809075152518 0.164146192705213 0 0 0 0 0 0
4.39200504704488 15.3069278404284 8.81010427385184 0.0105457052628667 0.0930945127854512 -0.995601426169001 0.85319598712978 -0.520085517630495 -0.0395937103169211 0 0 0 0 0 0
4.55004144850312 14.8084930723317 8.68652280321466 0.377775060148665 0.67492370177741 -0.63384856291448 0.904870084878806 -0.414188441148646 0.0982754532438122 0 0 0 0 0 0
4.98530094844084 14.6677567283911 8.53669135269472 0.228722444690281 0.96007091827983 -0.161089649475771 0.972907912242334 -0.219704187820505 0.0719740519242479 0 0 0 0 0 0
5.40143749197737 14.6016950064017 8.21250251027531 0.23821032678802 0.850011167113946 0.469826410489165 0.971047269127398 -0.199494860773879 -0.131411573482067 0 0 0 0 0 0
5.85748056982315 14.6819575214739 7.93998142495973 0.190913215541037 0.441981957112848 0.876472528787114 0.940060847658401 -0.3393431960102 -0.0336422059525195 0 0 0 0 0 0
6.35288318277436 14.8341666594745 7.92858213277603 -0.129803642491553 -0.151778206321961 0.979854270022646 0.977135272852448 -0.18741350347324 0.100413332100158 0 0 0 0 0 0
6.76110475789627 15.1201990638154 8.1291456174644 -0.132933486742408 -0.760981739880713 0.635008251655543 0.9860852229794 -0.0370180999411891 0.162066632279476 0 0 0 0 0 0
7.10797514461646 15.2348883395229 8.52311567593663 -0.0177427935373792 -0.999692125215742 0.0173449721568945 0.992670501679892 -0.0155387513252839 0.119849164794098 0 0 0 0 0 0
7.53873039728672 15.1144370835607 8.83486819480953 0.0491440035771979 -0.765349014659393 -0.641736513432344 0.996584561616878 -0.00511621279363242 0.0824198757190564 0 0 0 0 0 0
7.94559954758352 14.8523660758415 8.98952701582955 0.0321308040697205 -0.140638919744977 -0.989539441196155 0.993580011412644 0.11194362339867 0.0163519448882233 0 0 0 0 0 0
8.47094192630788 14.7338086925699 8.91522830409808 -0.237415601350938 0.540405664616695 -0.807214686366248 0.969472687985241 0.18424386436869 -0.161792786282831 0 0 0 0 0 0
8.94987031024797 14.7057681312076 8.57279119862961 -0.308499711696072 0.925945074134508 -0.217838581453062 0.905124961305724 0.215319351331661 -0.366587481187541 0 0 0 0 0 0
11.1645540881401 13.390737689589 2.49954188148512 -0.584751509481024 -0.366766843268433 0.723565998951424 0.624432538472823 -0.772880127031018 0.112873000035014 0 0 0 0 0 0
11.6183385371874 13.2897755310207 2.77716250245266 -0.741452375063396 -0.670968246649164 0.0070701839718791 0.65562287835327 -0.722171364054122 0.220515673637909 0 0 0 0 0 0
11.8463275278904 12.9148519201991 3.08722444511101 -0.499875602368152 -0.535307315398746 -0.680860088592115 0.659207432038502 -0.745040051054873 0.101788426991259 0 0 0 0 0 0
11.9429722000164 12.4642508118823 3.10866447690778 -0.113848161429658 -0.123506070331966 -0.985791482378622 0.691547764872988 -0.722252629352819 0.0106220662826701 0 0 0 0 0 0
12.1039388524563 11.94268773485 3.0230662902734 0.181450914190369 0.369819364615245 -0.911213039467201 0.807056578091772 -0.585445800920212 -0.0768953440963084 0 0 0 0 0 0
12.2276085736409 11.4972130868879 2.74930865987097 0.577275162653198 0.616494428855672 -0.535432540824373 0.677716869151215 -0.727501685393804 -0.106963278825248 0 0 0 0 0 0
12.5678011703013 11.1214712089418 2.59945168025853 0.580024649376312 0.807437400804369 0.107778708000097 0.81318347240705 -0.58172272900229 -0.0182018341421971 0 0 0 0 0 0
13.0002304405571 11.0394177998885 2.29566207685799 0.243866734871158 0.582295119689509 0.7755394311117 0.948133410465104 -0.311275577193544 -0.0644247701015328 0 0 0 0 0 0
13.532535356544 11.0414219648618 2.31676800522447 -0.139373823525718 0.388846165350142 0.910699509722231 0.903706627170871 -0.326037606308932 0.277513623593129 0 0 0 0 0 0
14.0033802203897 10.9647869325767 2.51344875859633 -0.406069698311027 0.207959760497876 0.889865235935901 0.874436757103373 -0.194440499996347 0.444469627519932 0 0 0 0 0 0
14.454673363784 11.1690572626968 2.77889889763422 -0.455040333355658 -0.465122511329021 0.759341388622111 0.890461806919653 -0.241518627701597 0.385676707736575 0 0 0 0 0 0
14.744738427708 11.2045756039597 3.20179610141688 -0.303726692630418 -0.919734882258149 0.248672158758025 0.885652609776949 -0.176327936665664 0.429567123446975 0 0 0 0 0 0
14.9069843469545 11.1584694098955 3.71192900829029 0.0418757953898325 -0.871553767675594 -0.488508390727268 0.864414910135066 -0.213584421870952 0.455157728562568 0 0 0 0 0 0
15.3231703297678 10.9052965977566 3.97844904123503 0.0386081721870883 -0.466364284508248 -0.883749830650893 0.947769542513795 -0.263131791145507 0.180262460794665 0 0 0 0 0 0
15.600784939656 10.4621339364162 4.10182685969792 0.190561521495348 0.0926094222154297 -0.977297191975043 0.892875130401666 -0.430108952144453 0.133342756816439 0 0 0 0 0 0
15.9617535953498 10.1059606011822 4.01753442917076 0.271419287862652 0.697698843988944 -0.662984082216626 0.925092122895848 -0.379198188194771 -0.0203297374763371 0 0 0 0 0 0
16.2131161541619 9.78955987622836 3.76796912598906 0.450063209807846 0.89104350999748 0.0590302504554134 0.889634574629683 -0.453118804828569 0.056865387839982 0 0 0 0 0 0
16.6603334854349 9.63655389701463 3.58784859052254 0.148461082971985 0.701985808580822 0.696545211306428 0.860294966758813 -0.439040121161312 0.259106816159113 0 0 0 0 0 0
17.1798044948682 9.73579960636602 3.5072818209833 -0.186808239558525 0.125686238362697 0.974323175912018 0.944013055708189 -0.251554614117754 0.213447011617766 0 0 0 0 0 0
17.6965426797797 9.84191063322582 3.60929750777426 -0.27774925446948 -0.412834159717745 0.867423373106692 0.867329348152387 -0.495987912204735 0.041662846522329 0 0 0 0 0 0
7.80008911810359 0.298667395022549 8.10892173557894 0.984494678658652 -0.0369186065466594 -0.171485405161636 -0.137930343921264 0.441067062535967 -0.886811742463786 0 0 0 0 0 0
7.92123819012749 0.734804821669331 7.81945299884899 0.520331560100503 -0.788526638182559 -0.327842658053966 0.0690284078258085 0.421487401461585 -0.904203212404267 0 0 0 0 0 0
8.10633311322157 0.954144577529153 7.36523384132422 -0.137676989112138 -0.966901056977244 -0.214819442056125 -0.0742504178349267 0.226349722708455 -0.971211963724266 0 0 0 0 0 0
8.25630868542923 1.07102980795271 6.895270750462 -0.688133421304396 -0.719976445527302 -0.0900350618913443 -0.0897663369739275 0.207608161324761 -0.974084624710623 0 0 0 0 0 0
8.33972215511452 0.903889086364348 6.40054501890852 -0.900983265918905 -0.398633412480157 0.171232464762176 -0.264525880898574 0.191913923738606 -0.94508999794204 0 0 0 0 0 0
8.19598029215519 0.62498639702663 5.96438373127339 -0.68566565714124 0.657723828052429 0.311868518175737 -0.179174630300295 0.262758069631591 -0.948079452736021 0 0 0 0 0 0
7.92958534063131 0.764535846361056 5.52891718654519 -0.0674923222561273 0.869483910413795 0.489328638001099 -0.253241534562831 0.459456401615184 -0.851333389564329 0 0 0 0 0 0
7.4768909726211 0.929786466377092 5.29133531881428 0.473017278927963 0.843849922722976 0.253321854082928 -0.288149428624541 0.419878327869218 -0.860623086239906 0 0 0 0 0 0
7.12959511296584 1.29196850334447 5.0992549708272 0.835945869524574 0.52712270478389 -0.152761766571744 -0.355369246088382 0.307788378374538 -0.882597877332677 0 0 0 0 0 0
6.96278326385993 1.69773903935229 4.78907892206753 0.897435839678878 -0.265659862581372 -0.352184257276094 -0.361237674558276 0.0156909312926941 -0.932341749121478 0 0 0 0 0 0
6.90640457766876 2.06012993552249 4.32495987985375 0.670737915888831 -0.682047233229757 -0.291414172326504 -0.272228999946398 0.139094093687229 -0.952126149567121 0 0 0 0 0 0
7.08729335371588 2.23633830335269 3.9171089382139 -0.00471970683422566 -0.949388411324562 -0.31406905102226 -0.183463810120497 0.309563597228574 -0.933012009379824 0 0 0 0 0 0
7.11442350303744 2.26318700447682 3.44727254497315 -0.56868165443836 -0.796960967878849 0.203603515644644 -0.430411429519494 0.0773743321466355 -0.899310410294381 0 0 0 0 0 0
7.10242869331718 1.96832801846087 2.99827432111943 -0.916762141208548 -0.221018025512242 0.332713403465187 -0.350224473524879 0.0442460112946782 -0.935620173269438 0 0 0 0 0 0
6.8505259173389 1.75173570956051 2.56837624325259 -0.767386774555328 0.334813609762657 0.546824821085573 -0.572642667056134 0.0257747632507143 -0.819399803176818 0 0 0 0 0 0
6.39203047812161 1.42788864000567 2.25872039713382 -0.517095185837191 0.773786291573092 0.365878864868638 -0.579346618661482 -0.00175374481183534 -0.815079394798226 0 0 0 0 0 0
5.87909916488699 1.36134859998697 2.11325908579611 0.144387937029873 0.987455762878242 -0.0639002347320191 -0.588495264237142 0.0337770472624868 -0.807794797611797 0 0 0 0 0 0
5.33462847618722 1.31162236216551 1.72938245283457 0.49100994448747 0.795277761741213 -0.355587564594571 -0.589966166888733 0.00323183990126464 -0.807421499055771 0 0 0 0 0 0
4.89154323814101 1.42863384157548 1.56396175467272 0.739558002874254 0.300786741029454 -0.60214723847704 -0.652699072217333 0.101930774018183 -0.750729004657931 0 0 0 0 0 0
4.63628088376909 1.77872284110703 1.25459589375473 0.655422305090459 -0.536772302010585 -0.531316382002444 -0.641315569265041 -0.0239663835677249 -0.76690283157447 0 0 0 0 0 0
10.7316408233434 -0.910169650784551 -0.419145808938347 -0.403554106395039 0.747183840184649 0.528072336123209 0.50302920372405 0.663286989613038 -0.554086626450072 0 0 0 0 0 0
10.6767241348591 -0.550176524899477 -0.814208093597071 0.297331664089626 0.497211514062249 0.815091768952195 0.536509409887708 0.619164873847513 -0.573404318169419 0 0 0 0 0 0
10.6774827404916 -0.0319143675303721 -0.955943279330799 0.702159599680241 -0.148968204321378 0.69626171134003 0.608751544212044 0.632806013607276 -0.478516568743362 0 0 0 0 0 0
10.9668471855214 0.413960205224745 -0.975634682118628 0.57774445938887 -0.608228620185878 0.544306242139703 0.81471111649837 0.389229453361681 -0.429821159657998 0 0 0 0 0 0
11.3587218359851 0.745239535702358 -0.816344488947027 0.455258998365066 -0.890145083066123 0.0195185937209142 0.821351976402101 0.411411184584816 -0.395122472227132 0 0 0 0 0 0
11.8387725555235 0.808237330450336 -0.762657898395226 0.154271774240292 -0.84947565860432 -0.50457043622423 0.699202228818589 0.454682692861829 -0.551706345828135 0 0 0 0 0 0
12.329156656764 0.812533645145627 -0.96424356098585 -0.282240811830451 -0.592894141720697 -0.754199350868566 0.740238777573921 0.365482306846515 -0.564330785584144 0 0 0 0 0 0
12.7010005138816 0.721765695428663 -1.22118011201174 -0.762495210305828 0.178503619105346 -0.621882233406749 0.632945942663859 0.405011228612691 -0.659807046312024 0 0 0 0 0 0
12.9066803561237 0.803240504984814 -1.74488791697863 -0.736032536014646 0.673615818479634 -0.0670659005893619 0.475736442052293 0.444234612186553 -0.75916430832784 0 0 0 0 0 0
12.9797999113123 1.06605693306348 -2.21841979304154 -0.559372670065702 0.734890185593474 0.383456165815542 0.290498532898524 0.607059597175582 -0.739654816695481 0 0 0 0 0 0
12.8683903954954 1.4048402111072 -2.62028906584274 0.214114485575139 0.618906897970242 0.755717697762694 0.476526524518332 0.609171327132423 -0.633902804560922 0 0 0 0 0 0
12.9230696712083 1.83245806031518 -2.92325756115085 0.591472761646122 0.134085723758393 0.795098101440883 0.66654066618179 0.473589380174391 -0.575705340701276 0 0 0 0 0 0
13.1546785308222 2.29972369237196 -3.04413139977828 0.675666702872976 -0.275855438831527 0.68365070284161 0.682339162688006 0.58507719398438 -0.43828979470391 0 0 0 0 0 0
13.521695424133 2.63939030293706 -2.7826575344168 0.683176816562836 -0.727166698105079 0.0670673577683316 0.721915633833709 0.658684108653841 -0.212068532869373 0 0 0 0 0 0
13.9909519907158 2.88026125174388 -2.68156715182057 0.315262813250574 -0.810632494484411 -0.493441300933875 0.795114739022808 0.509478422865223 -0.328974601486888 0 0 0 0 0 0
14.5602702814532 2.91971040871877 -2.65039623908655 -0.102294305450145 -0.464414047798644 -0.879690552000959 0.786583366912213 0.503590769905338 -0.357327501548922 0 0 0 0 0 0
15.1030723784584 2.91848105652531 -2.748764768325 -0.471008275644743 -0.0412611849659256 -0.881163275953653 0.76041237263547 0.487328698726018 -0.429282847247478 0 0 0 0 0 0
15.5850759738497 2.91892940603485 -3.01543141239534 -0.770120474090693 0.370283043383949 -0.519427495583981 0.619313292881995 0.629133444804388 -0.469725615533392 0 0 0 0 0 0
15.7186836626609 3.29025266331255 -3.53830383456817 -0.75312720641659 0.614650201846906 0.234530467796193 0.498257301386674 0.765707620416349 -0.406732715245776 0 0 0 0 0 0
15.7788749259676 3.6750339893475 -3.9084463004846 -0.279075548966683 0.509063141488288 0.814230652792574 0.512454012977354 0.796038185124284 -0.322046723950799 0 0 0 0 0 0
7.8917249472575 -1.78912017573838 7.08938354688431 0.64682527529409 -0.0776213293931776 0.758677792257003 0.593533541363533 0.675912948979529 -0.436874834109565 0 0 0 0 0 0
7.98458869380283 -1.26204081665615 7.1368048071521 0.717560167389403 -0.615246363232137 0.326464881274728 0.69634290986678 0.623869218519707 -0.35481509277633 0 0 0 0 0 0
8.37433873271234 -0.923677767997876 7.28430261144102 0.600483781948492 -0.777934229728384 -0.185033947787273 0.753485406844052 0.627944574274892 -0.194795670670008 0 0 0 0 0 0
8.83813874760596 -0.781393231029844 7.51523497998826 0.3061860756268 -0.571678165589594 -0.761205729143164 0.847076343743997 0.528493496712115 -0.0561808846700054 0 0 0 0 0 0
9.39333584979586 -0.682035798874546 7.45175894322174 -0.149367974295073 -0.177755691274264 -0.972672669747945 0.882169049527812 0.420368683035826 -0.212292106254382 0 0 0 0 0 0
9.86949723382244 -0.689484646764073 7.19445399099421 -0.634292822989203 0.242116616839595 -0.734201715167253 0.715820248305832 0.54265494331129 -0.439462153791653 0 0 0 0 0 0
10.1828546787655 -0.648715455386268 6.75754290044014 -0.753841653928364 0.576702498469406 -0.314860269106305 0.64474294590723 0.55691667944227 -0.523593683940001 0 0 0 0 0 0
10.2987618531498 -0.424862718231926 6.28602622738519 -0.526359549230401 0.719063326996457 0.453754952262513 0.582675971817469 0.693702367221681 -0.423397847866052 0 0 0 0 0 0
10.2720576085504 0.0588593640733392 6.02950047448776 0.0812046456889981 0.34901009270044 0.933594002075718 0.313989169403541 0.880035160137826 -0.356298917228871 0 0 0 0 0 0
10.0868182048199 0.493728067420138 6.03452446470695 0.714053939477412 0.126094561464877 0.688641512752295 0.141065463171712 0.937556623072806 -0.317943569886964 0 0 0 0 0 0
9.98542094809005 1.00638900377491 6.07285758671384 0.969569013088447 -0.176670206943892 0.169480284508541 0.223213189996746 0.922277789880498 -0.315562276111419 0 0 0 0 0 0
10.2113540733966 1.47619680406137 6.22628143927181 0.806415857014096 -0.508484950220485 -0.301888259055386 0.457553522510073 0.859931949587299 -0.226189778985725 0 0 0 0 0 0
10.4933835357286 1.77798691147258 6.3665498097117 0.393581752556523 -0.33357352417334 -0.856634173976917 0.421981036408989 0.893425828561941 -0.154020432961364 0 0 0 0 0 0
10.9770090214494 2.00457298395662 6.30781103686193 -0.078442147807332 -0.114620896422566 -0.990307467179088 0.494710683899362 0.857952494278389 -0.138487749629039 0 0 0 0 0 0
11.2814122809881 2.38761282968799 6.09108717380841 -0.689162209808095 0.0745877706092299 -0.72075801282259 0.305981674704013 0.931609483190105 -0.196160611682347 0 0 0 0 0 0
11.4790934277079 2.82753814468142 5.69827402825463 -0.966137398759293 0.207506512923157 -0.153360926617897 0.253758401129887 0.871789549707003 -0.419034192969578 0 0 0 0 0 0
11.482883368642 3.16123532571887 5.29851538195176 -0.724126598701708 0.289308533640023 0.626052107588303 0.173809651798259 0.95501381479414 -0.240289031156463 0 0 0 0 0 0
11.3130474587383 3.6687254463001 5.20415519338069 -0.279839821259324 0.0919731469976946 0.955631003405023 0.341914401123199 0.939681186402206 0.00968556793928518 0 0 0 0 0 0
11.124556438344 4.17217078787915 5.190750934558 0.299916250842692 -0.117704329235338 0.946676255833917 0.339960219312645 0.940394613885818 0.00922059973328261 0 0 0 0 0 0
10.9786146253912 4.637817278309 5.41560518802179 0.799163726307451 -0.297024980079728 0.522602621274546 0.4379445783811 0.883218039726203 -0.167721318170361 0 0 0 0 0 0
13.7245896660241 12.0778646622387 3.79587880978223 -0.474887189655052 0.419339500779142 0.773716059150789 0.145003547928947 0.904443965878728 -0.401192078278692 0 0 0 0 0 0
13.4534762801502 12.5064833451419 3.61848473213397 0.323560191623769 0.349709296859326 0.879211129414628 0.195150507401088 0.884553690882561 -0.423652035764183 0 0 0 0 0 0
13.2618847002243 13.0079093825919 3.6419303625805 0.907977751397684 -0.0780999334628858 0.411675604523634 0.223515214864028 0.921299307296876 -0.318195749655119 0 0 0 0 0 0
13.4145436601078 13.5029932475528 3.78431122766073 0.883522010468188 -0.460345427728463 -0.0864346237786131 0.390631380518653 0.826015655410206 -0.406331467611527 0 0 0 0 0 0
13.7669032606934 13.8949817078848 3.88858423931807 0.413459637884388 -0.630553627492028 -0.656851011034585 0.422424898875633 0.771903804568854 -0.475101800988 0 0 0 0 0 0
14.2794758644992 14.1081817085323 3.83913554051021 -0.145006648312977 -0.4622296673869 -0.874823871720722 0.491812646431281 0.733532047553687 -0.469095998727291 0 0 0 0 0 0
14.6813519773669 14.2875722788905 3.58065029546997 -0.725616322332619 -0.206171513291725 -0.65648629831207 0.338504051551349 0.723675659308364 -0.601422104023393 0 0 0 0 0 0
14.9584098728552 14.4444541448244 3.19057791159548 -0.933437552172715 0.196662846383563 -0.300030100233503 0.353399028323311 0.647875140333767 -0.674808809454679 0 0 0 0 0 0
15.0271128696216 14.7185467637867 2.76887434622305 -0.945195406280505 0.318220979601588 0.0730825019251359 0.222435933330584 0.791442872552023 -0.569333325082903 0 0 0 0 0 0
14.9039812179716 14.9573602257081 2.30358752190346 -0.578370769511549 0.60015608074101 0.552539529558032 0.1747085416694 0.752730709718822 -0.634723092469425 0 0 0 0 0 0
14.7371975849041 15.3333464116139 1.96840591314953 0.0528451698136384 0.48515843468015 0.872827979206713 0.343767290494849 0.811787911121874 -0.472042834223987 0 0 0 0 0 0
14.6375218577823 15.7659725648937 1.75257597392421 0.489355164810361 0.188900315800768 0.851380169703169 0.381412052194948 0.831578846761417 -0.40373440286826 0 0 0 0 0 0
14.5715582962419 16.2990555177046 1.74006693360571 0.95208129459705 -0.142581617050749 0.270576589818113 0.27553301842948 0.783854098696501 -0.556465908849622 0 0 0 0 0 0
14.7996208849853 16.8086599999907 1.67823809201395 0.866880030460605 -0.494234659045322 -0.0652005719835023 0.312657956339318 0.640885171548633 -0.701078597039448 0 0 0 0 0 0
15.1665180988563 17.0974738926551 1.60295377152246 0.515478743676918 -0.713148468588077 -0.475079915980194 0.315660455523116 0.67346085681036 -0.668437694301567 0 0 0 0 0 0
15.5181175188125 17.3332911455635 1.36570322449978 -0.171955358510599 -0.671189707530077 -0.721065691310564 0.256509551081032 0.676211572641207 -0.690608977084944 0 0 0 0 0 0
15.8481404901282 17.5327094422867 0.970017489375175 -0.61882150712068 -0.594550048002694 -0.513390867414765 0.224504979245945 0.492437592525519 -0.840894007447698 0 0 0 0 0 0
16.1630118360315 17.5840608393888 0.522770442568888 -0.940134204115436 0.0374627468589208 -0.338739163442936 0.298262899801601 0.571321647960496 -0.76461154658666 0 0 0 0 0 0
16.2418361593791 17.5086300142289 -0.00333032608941015 -0.726736836371351 0.684432972275185 0.0583530386828148 0.375356996695691 0.466826164688987 -0.800737445729474 0 0 0 0 0 0
16.1016583014527 17.6231738005955 -0.509210738114158 -0.0655630306206177 0.894476251028434 0.442282404535789 0.324909486557444 0.43821796683449 -0.838092380998911 0 0 0 0 0 0
0.182156680992976 3.27685006919626 4.73518972851337 0.74576712307238 0.353403271728631 -0.564745540642726 -0.0997696875637953 0.897388721312795 0.429813322622752 0 0 0 0 0 0
0.375842018625389 3.61833260122201 5.06278726899165 0.24664837725199 0.369499556702336 -0.895898797630479 -0.141826789844271 0.928269280093012 0.343804167103993 0 0 0 0 0 0
0.541516205035751 4.00446727823947 5.28854578155577 -0.543347269272267 0.0898980214518492 -0.834680831643698 -0.251811668546112 0.931016841408676 0.26419410401717 0 0 0 0 0 0
0.659717169814171 4.52640041949856 5.18580407859132 -0.915987617775025 -0.157782157939672 -0.36887867208438 -0.23697434509354 0.954676683436403 0.180098833617431 0 0 0 0 0 0
0.565495874270146 5.00586852848847 4.95299936615626 -0.9093160728367 -0.393606011836289 0.134976246529428 -0.393668928495825 0.918844937806478 0.0273633880277658 0 0 0 0 0 0
0.276674566696921 5.37475889156809 4.68996466419274 -0.657549894645903 -0.284008415506951 0.697830463631672 -0.325252542053313 0.942478911127388 0.0770991956377755 0 0 0 0 0 0
-0.123390794196621 5.77108163017987 4.66030519139594 -0.210762898105897 -0.335291214911454 0.918236789714507 -0.263355287929349 0.924081922112546 0.276977604770551 0 0 0 0 0 0
-0.535660147556628 6.10544097410956 4.75985995155616 0.533880772899981 -0.237909069523176 0.811400391278151 -0.359291225216327 0.804834752240631 0.472388438753862 0 0 0 0 0 0
-0.833059067965471 6.26805601206782 5.16786040090486 0.905122242527589 -0.0436610833003048 0.422903577529053 -0.24659489059483 0.756384072062951 0.605866400670967 0 0 0 0 0 0
-1.02130076875737 6.50484654383348 5.64125866912396 0.970646488713451 0.236788454463802 -0.0421499914696529 -0.137869344709542 0.691397974126132 0.709197352761305 0 0 0 0 0 0
-0.862902240142317 6.59889954727231 6.1056145648151 0.607817286382511 0.61203997134073 -0.505930054311699 -0.0349746776273581 0.657145401609001 0.75295198589884 0 0 0 0 0 0
-0.641655065524088 6.99359598808338 6.43632851747036 0.121093284579264 0.478212586905251 -0.869855814578022 0.0943975703450002 0.866785233555691 0.489665658998837 0 0 0 0 0 0
-0.296893825367496 7.35964628482891 6.62562186034474 -0.612700691919441 0.435739169249011 -0.659340002201915 -0.000563800776211621 0.834033698870079 0.551713214702873 0 0 0 0 0 0
-0.324434632255875 7.92108529016194 6.72694351794889 -0.852599335121742 0.124585670350347 -0.507496585696218 -0.131121224491514 0.889090814515393 0.438548455740298 0 0 0 0 0 0
-0.289562034008122 8.38789391544674 6.59609459189756 -0.898561042462878 -0.232839027728802 0.371986612842897 -0.0211167146075824 0.869600824726423 0.493303648880998 0 0 0 0 0 0
-0.473727426269764 8.86496450873519 6.76534478370176 -0.436506171114119 -0.622634327617569 0.649452736272248 0.201361167672152 0.635933834569115 0.745011300722297 0 0 0 0 0 0
-0.72883582176127 9.18653924132525 7.08486398414461 0.436001911916272 -0.757103866479562 0.486514201403261 0.0542691076590123 0.561739022843973 0.8255326366463 0 0 0 0 0 0
-0.800411409372292 9.26004408221796 7.59164080411572 0.850478179077093 -0.520562788531429 0.075506622955178 0.24069611678515 0.512774285924799 0.824092173885216 0 0 0 0 0 0
-0.605325808642413 9.26140534758281 8.06372547974949 0.927883587944699 -0.0733871435146323 -0.36557676948848 0.329867882882793 0.618655585644471 0.713058515265977 0 0 0 0 0 0
-0.340554671986825 9.25044605981578 8.53112385514686 0.609371783817035 0.466435451564428 -0.641173922279698 0.348338619870121 0.568948689917904 0.744954759799331 0 0 0 0 0 0
-0.183715837321725 9.28098863177528 10.3193702008435 0.565743857036146 -0.594426322331053 -0.571481614355041 0.283596271526605 0.791043559569768 -0.54205464820385 0 0 0 0 0 0
0.291516806359659 9.49980122047236 10.2071769396792 0.0281534597680754 -0.567344768382552 -0.82299896506134 0.351745812942722 0.776290802481178 -0.523113250702362 0 0 0 0 0 0
0.622730318709436 9.8068221856976 9.98435062565782 -0.611945789898837 -0.385731661256776 -0.690458858824461 0.239340305944726 0.741753525980824 -0.626512509568085 0 0 0 0 0 0
0.873561931114365 9.9119395517834 9.52994819319179 -0.902366129562267 -0.107918453954751 -0.417239709896877 0.276964883389128 0.596532808476151 -0.753285511463484 0 0 0 0 0 0
1.00378153741623 9.88845783436005 9.00920203122821 -0.940311909262715 0.336854173181494 -0.0484022655349711 0.274091698881246 0.665334572367695 -0.694408847449893 0 0 0 0 0 0
0.910910579180655 9.99665614403132 8.49917365188788 -0.670556193339456 0.662502290500642 0.333833950723262 0.136553181081103 0.552533175319797 -0.822228872582114 0 0 0 0 0 0
0.783152148855805 10.1669488973984 8.03548597221719 -0.066440442287535 0.728797398186945 0.681498363919222 0.213917478183429 0.677530325166047 -0.703698778603483 0 0 0 0 0 0
0.56531883769995 10.6081901747451 7.84548515638304 0.813941926035799 0.33803356694712 0.472474177768627 -0.0548385548971209 0.854358496288953 -0.516782635849615 0 0 0 0 0 0
0.642995946555378 11.139813838001 7.85074343980555 0.976524053733781 -0.125857275203465 -0.174816242831449 0.0211632809701127 0.863686599799631 -0.503584722628807 0 0 0 0 0 0
0.708931311837557 11.6550689367265 7.81192163298719 0.732159218204284 -0.557671935865778 -0.391081693698653 0.275040322503034 0.767328198987868 -0.579275630451913 0 0 0 0 0 0
1.09629619346209 12.0350134227509 7.68155668189641 0.379725199271419 -0.768116514715532 -0.515563568204296 0.512027784795583 0.63866505643737 -0.574399245545446 0 0 0 0 0 0
1.58601536147241 12.1737246035263 7.59348780604485 -0.298867706725133 -0.363481536013112 -0.882360055110389 0.499910918067458 0.727965705980316 -0.469206782680655 0 0 0 0 0 0
2.01483402916597 12.10723604706 7.27666147472923 -0.525586143179538 0.286479044033354 -0.80105490662463 0.752929952342372 0.594985330384543 -0.281227565314835 0 0 0 0 0 0
2.35760481806811 12.1698047996466 6.86461897577989 -0.752860896462166 0.618045944746905 -0.226317654547962 0.62585275025445 0.565792609104358 -0.53683056776028 0 0 0 0 0 0
2.45443142451468 12.3895417534389 6.46444492476958 -0.460002244108234 0.727446971379893 0.509135384004696 0.571530639493013 0.681405396058961 -0.457208283326581 0 0 0 0 0 0
2.3423903603584 12.7616032100683 6.09336248844053 0.110549941516127 0.523379641210214 0.844897900102402 0.442651784115146 0.735208354936716 -0.513349854242626 0 0 0 0 0 0
2.27788294820992 13.2921302759221 5.93694285844307 0.73142475078199 0.0619678629756655 0.679100742085984 0.53614268047824 0.563129252138698 -0.628837396753182 0 0 0 0 0 0
2.44722279504479 13.7999607451551 5.89606784689463 0.78999706801328 -0.612062900938446 -0.0358278917218776 0.460329117202922 0.630721775286063 -0.624729658360459 0 0 0 0 0 0
2.86090929945832 14.1428135007953 5.8953154278442 0.367211943246198 -0.792538094225987 -0.48686626288745 0.52680172925143 0.608600174267028 -0.593368153796482 0 0 0 0 0 0
3.38902985459662 14.3448515504705 5.80899155752182 -0.161243475804521 -0.571850257802767 -0.804355533431197 0.638070956141364 0.56136380114401 -0.527006771962177 0 0 0 0 0 0
-2.29938334297278 9.53928215092303 10.8313271249835 0.0429482219879142 0.90621088373377 0.420639138015634 -0.317225467884343 -0.386871046490406 0.865851486060385 0 0 0 0 0 0
-2.36406073376778 9.38624249036768 11.3422877883769 -0.478367204829292 0.873732518709027 0.0880698762017379 -0.466850403900615 -0.337972028797546 0.817205976561787 0 0 0 0 0 0
-2.35393847208962 9.46025066427533 11.874364316831 -0.876665569698671 0.408377706536746 -0.25433271065416 -0.428257527668988 -0.421539737797227 0.799312041353495 0 0 0 0 0 0
-2.51696223181621 9.56374335694093 12.4095165269513 -0.783555857837703 -0.108722038198057 -0.611735021114765 -0.564978862233747 -0.285004015366016 0.774320086562597 0 0 0 0 0 0
-2.92284129428926 9.61913800839109 12.575176517201 -0.196233151803891 -0.872875655101215 -0.446744491700496 -0.638846084603831 -0.231828534608799 0.73357427076438 0 0 0 0 0 0
-3.38610789371425 9.55471089237755 12.8284277222719 0.327286024129323 -0.926521716314184 -0.185583856000026 -0.734267795866776 -0.372987722380355 0.567213331037328 0 0 0 0 0 0
-3.81891309226398 9.29205946432866 12.8339251752005 0.684589381155417 -0.605011268852496 0.40656948209468 -0.716781024070977 -0.457335858433885 0.526373323908329 0 0 0 0 0 0
-4.07679071835787 8.79360666535083 12.8479920534346 0.546079197644212 -0.161852211841538 0.821949737771267 -0.736712699645811 -0.559873817471885 0.379204043609821 0 0 0 0 0 0
-4.24362374235401 8.40858417013898 13.0262094919191 0.302451097359972 0.428567391117766 0.851383183399966 -0.60921578677742 -0.600039010589291 0.518468235200763 0 0 0 0 0 0
-4.38619398873459 8.01962891781496 13.3371692062576 -0.162100430484552 0.800495170506138 0.577001674549625 -0.714686099554312 -0.498428322908074 0.490706619098306 0 0 0 0 0 0
-4.57436471975137 7.92850008722077 13.761364233852 -0.499097825712238 0.857984047267877 -0.121510225920081 -0.800879437480922 -0.403173431370324 0.442767784348997 0 0 0 0 0 0
-4.91477085457636 7.95685271937021 14.1728345372606 -0.595397743915108 0.485109448084794 -0.640445430867974 -0.792210203025577 -0.487238327443216 0.367425919734185 0 0 0 0 0 0
-5.23626961505271 7.97142445238424 14.5317951514302 -0.401143310421243 -0.0600939342611149 -0.914041992235207 -0.810585546872087 -0.441482659540416 0.384765035479056 0 0 0 0 0 0
-5.72979542478989 8.05509808738667 14.7278026317432 0.0624246729128784 -0.657031158884716 -0.751274394922606 -0.656893474593486 -0.593759906260814 0.464693594483124 0 0 0 0 0 0
-6.23538053641251 7.90842167403183 14.8039854494831 0.53786253780257 -0.74590691859764 -0.392844446590189 -0.640280425528577 -0.664572519010366 0.385206884233864 0 0 0 0 0 0
-6.53306247999817 7.50171514120776 14.7125306561651 0.793030464184777 -0.606267495929986 0.0595181170204682 -0.594360415990149 -0.748613411437811 0.293791858497576 0 0 0 0 0 0
-6.64053536435727 7.00816080555373 14.6665435606692 0.74987798730181 -0.230583784191894 0.62009202754747 -0.568070495265291 -0.704823031358712 0.424876931446464 0 0 0 0 0 0
-6.84285343259932 6.47948058945117 14.7241850973638 0.550802586467867 0.202845172508673 0.809611231845406 -0.561871373413765 -0.627178898632798 0.539395206548853 0 0 0 0 0 0
-6.91684586322479 6.09029138540403 15.0027480469471 0.290414738779053 0.520905547695374 0.802693397182309 -0.5069488058994 -0.627700100960028 0.590758403623633 0 0 0 0 0 0
-6.83163548065009 5.73565483932364 15.3972822191097 -0.57823560922321 0.700817041041317 0.417730840628695 -0.476398845181586 -0.705681548334945 0.524459428983069 0 0 0 0 0 0
-0.312475991635718 6.9932122478288 4.48855383057096 0.00244028958929978 0.479430323427393 -0.877576555045214 0.937060281614051 0.305319341339715 0.169405219592777 0 0 0 0 0 0
0.242696220358242 6.88756933211158 4.45481579877725 -0.134958196581287 0.870999370346691 -0.47238372329198 0.946513926379054 0.25434146001493 0.19854926060799 0 0 0 0 0 0
0.698906825570738 7.0981284925657 4.26449547469476 -0.473921610199882 0.796835438052776 0.374768718076618 0.860810478251837 0.329587305220127 0.387785415880457 0 0 0 0 0 0
1.09283960392551 7.45284582120272 4.18435722119589 -0.466917624198223 0.249017669033497 0.84851525190901 0.80250006201965 0.522381036361093 0.28829100455749 0 0 0 0 0 0
1.30106692578713 7.89627887432619 4.28736932469968 -0.337316831614664 -0.187309491349451 0.922568430827683 0.77177424713938 0.506144155028131 0.384944938638376 0 0 0 0 0 0
1.48120030286218 8.3143757004216 4.54187552847112 -0.0417855273644145 -0.679003752874911 0.732944659087345 0.620679360496752 0.557221890020345 0.551598492325258 0 0 0 0 0 0
1.48797197513689 8.43689338024343 5.00224828061542 0.677781611762633 -0.702147664682336 0.218175946743883 0.41177828097671 0.608321543219153 0.678515694270466 0 0 0 0 0 0
1.67027513609959 8.68261844268456 5.5031850713333 0.716269528527087 -0.578661238388168 -0.390011709684027 0.696474869344509 0.627542545256154 0.348013089215012 0 0 0 0 0 0
1.92726102973662 8.76767955754909 5.97724223322011 0.598037597289577 -0.160910375080809 -0.785148956198416 0.60715583409095 0.730438221567058 0.312764764005276 0 0 0 0 0 0
2.39540175671856 8.79386988339154 6.15515242212459 0.147597097388352 0.369249829007091 -0.917534555545875 0.826594027380579 0.463357504902588 0.319440348968633 0 0 0 0 0 0
2.86262226627853 8.89277930556376 6.28807682370034 -0.339084612507965 0.581926756008975 -0.739177161579816 0.69354398985867 0.685509576552057 0.221525065368091 0 0 0 0 0 0
3.24162973766448 9.08307990256952 6.05043201352683 -0.650629144639654 0.751884471711116 0.10654321820354 0.753918914215424 0.622728370972495 0.209321873616157 0 0 0 0 0 0
3.57515293350062 9.58038104254134 5.91675752882733 -0.673738576951958 0.384826176870497 0.630860637163222 0.669716928312144 0.678808589611424 0.301161309935218 0 0 0 0 0 0
3.77121946271494 10.0685848728528 6.10973431745297 -0.673646284276134 -0.0569578653683767 0.736855810354805 0.436141329242078 0.774265717475466 0.458577517622873 0 0 0 0 0 0
3.76612488720501 10.575038243962 6.28429016031404 -0.147665979700103 -0.52998352478982 0.835052227043654 0.534658803492263 0.667532027261774 0.518209375086951 0 0 0 0 0 0
3.73437334941975 10.8833750212901 6.65552567638897 0.487792172985102 -0.733940532744574 0.472641608800034 0.502741458098208 0.678808317006576 0.535229198635489 0 0 0 0 0 0
3.9853912003701 11.109160048976 7.08331529840164 0.689877239250773 -0.669103252293774 -0.276351646518753 0.713087978563932 0.562277080118864 0.418748158205632 0 0 0 0 0 0
4.34814900224291 11.0945041251636 7.47939241614006 0.532567865360517 0.0328898438851938 -0.845748028052416 0.658595436752776 0.611531193806355 0.438499315495697 0 0 0 0 0 0
4.86066179748232 11.1405147428725 7.63398465363046 0.00134868738809792 0.456947289667028 -0.889492751801996 0.777630013299573 0.558764302421434 0.288225635145789 0 0 0 0 0 0
5.379446268352 11.2675579729514 7.57560835198374 -0.321626956181491 0.83172655698039 -0.452534015816465 0.800881346162606 0.493916469615617 0.338578780214025 0 0 0 0 0 0
5.48459973141953 11.3153001716125 6.40812866479702 0.805064212575924 -0.0821987272838649 0.587464877982012 0.134646526439693 0.989824333682058 -0.0460228352950456 0 0 0 0 0 0
5.44292076400195 11.7360349100902 6.73968596848893 0.997242613758364 -0.0723785185573173 -0.0163865602197147 0.0716398276058609 0.996550252450808 -0.0418966519048185 0 0 0 0 0 0
5.59176551679829 12.1885340305766 6.92860553013646 0.764846999519107 -0.14115746484686 -0.628556789355286 0.131586029802775 0.989359824073419 -0.0620665390541245 0 0 0 0 0 0
5.79779936441305 12.6176497474812 7.08109339733012 0.161078462067686 -0.229298460010272 -0.959935385999926 -0.0760750888605531 0.966857970871968 -0.243717551719608 0 0 0 0 0 0
6.14768204802782 13.0032370677377 6.94846750135846 -0.400608470952947 -0.213738749251317 -0.890970594390873 -0.0360453403608774 0.975334282767798 -0.217769994021429 0 0 0 0 0 0
6.37133089214911 13.4222145247816 6.65657716430951 -0.945585231777412 -0.198916641167519 -0.257489299410852 -0.149171646144212 0.968323070825337 -0.200245475589373 0 0 0 0 0 0
6.35478794192135 13.8176871648882 6.31169343368805 -0.914140636829956 -0.203252671803833 0.350763805859052 -0.229868219775771 0.972573927563107 -0.0355043231394482 0 0 0 0 0 0
6.11598530470709 14.2177492729724 6.03723257058306 -0.304204404805163 -0.198880677504349 0.931614811074055 -0.35601929125842 0.930833181016926 0.0824612234311548 0 0 0 0 0 0
5.68698437338784 14.6119193370774 6.05995800396417 0.241343416417233 -0.00312418603579446 0.970434745263004 -0.553245810837298 0.82112946567904 0.140233638563062 0 0 0 0 0 0
5.25383304725619 14.8589792404923 6.29259492928703 0.602948570541862 0.268865466315666 0.751108768624349 -0.520975844936935 0.84572411523652 0.115476793771092 0 0 0 0 0 0
4.92696662959323 15.0829232762793 6.65548956407509 0.823145412818383 0.53853984156517 0.180017966889461 -0.545667600583876 0.837921268531212 -0.0116110902193322 0 0 0 0 0 0
4.79538908966048 15.4190939008114 7.05343650061981 0.670653657720378 0.536658963910819 -0.512075021691591 -0.521839505776944 0.831964488260788 0.18846384396865 0 0 0 0 0 0
4.62946910634114 15.8588083958757 7.20823506213836 0.307196806938749 0.178105612073325 -0.934830740163493 -0.551947977427133 0.833573236919075 -0.0225629986117188 0 0 0 0 0 0
4.51065391706197 16.3962601254734 7.04595385532689 0.251407162803942 -0.308049698237039 -0.917550991447855 -0.326292251783836 0.865530112699779 -0.379988145125268 0 0 0 0 0 0
4.64062988385909 16.8172657580187 6.73847116062897 -0.57258524093651 -0.544240582537363 -0.61314625513092 -0.315118237243893 0.836526708389922 -0.448244980682019 0 0 0 0 0 0
4.51991462889059 17.1043774309976 6.31331724572516 -0.752113064940126 -0.641596742844813 -0.150597334363187 -0.452421264346357 0.668817798036733 -0.589913343294198 0 0 0 0 0 0
4.37232733558836 17.2502870403616 5.8089348835309 -0.805683954540088 -0.385145985936974 0.450039925910227 -0.590007255795203 0.589233911593126 -0.551991698794173 0 0 0 0 0 0
3.96059189782151 17.3886177900914 5.48620368052717 -0.34305386310432 -0.0267921173807039 0.93893355965982 -0.818117745187354 0.499655068174206 -0.284654470994906 0 0 0 0 0 0
3.53668709442187 17.3207328758301 5.41375666855217 0.080115725371876 0.67947877298386 0.729307937439657 -0.879482086253865 0.392543691824958 -0.269110962182853 0 0 0 0 0 0
3.0202495104401 17.3658990823055 5.5549563065193 0.364175964015232 0.929452207103394 0.0591139741872087 -0.926335423588289 0.368057310618627 -0.0802277950942717 0 0 0 0 0 0
