t = 0
b =  13.0 13.0 13.0
E = 0. 0. 0.
8.813119313535362 8.508137127619023 0.6658740459052254 -0.1874995094493207 0.6850337803506931 0.7039692136270611 0.9770504982246887 0.2038151673182088 0.061900739009628294 0.0 0.0 0.0 0.0 0.0 0.0
9.137006316259837 8.911725717169697 0.5213106965769361 -0.09261452766586532 0.14478543365424898 0.9851191437926582 0.9770504982246887 0.2038151673182088 0.061900739009628294 0.0 0.0 0.0 0.0 0.0 0.0
9.439781834488759 9.348318150877535 0.6013052870730012 0.03745626161018051 -0.45046931997080547 0.8920058409176647 0.9770504982246887 0.2038151673182088 0.061900739009628294 0.0 0.0 0.0 0.0 0.0 0.0
9.751095508730286 9.682226088923992 0.8846326370732518 0.15329679086522036 -0.8745832474935559 0.46000460553569544 0.9770504982246887 0.2038151673182088 0.061900739009628294 0.0 0.0 0.0 0.0 0.0 0.0
10.097353191273028 9.816772748185493 1.2728180513794296 0.21089730628489795 -0.9664283770413777 -0.14676007035615257 0.9770504982246887 0.2038151673182088 0.061900739009628294 0.0 0.0 0.0 0.0 0.0 0.0
10.491684921419306 9.731022028491697 1.6275495030301101 0.18837440903201608 -0.6911112083303759 -0.6977681418221718 0.9770504982246887 0.2038151673182088 0.061900739009628294 0.0 0.0 0.0 0.0 0.0 0.0
10.928956604031642 9.48773248711315 1.823224684797121 0.09428492433570544 -0.15322933681145026 -0.9836824301487413 0.9770504982246887 0.2038151673182088 0.061900739009628294 0.0 0.0 0.0 0.0 0.0 0.0
11.38772053811298 9.209514313587063 1.7946694256601141 -0.03562497947561087 0.4428669216200387 -0.8958793169686153 0.9770504982246887 0.2038151673182088 0.061900739009628294 0.0 0.0 0.0 0.0 0.0 0.0
11.838363757001911 9.03224766877909 1.5618984480312288 -0.15200035796624872 0.870710632188002 -0.4677166729686915 0.9770504982246887 0.2038151673182088 0.061900739009628294 0.0 0.0 0.0 0.0 0.0 0.0
12.25435848950974 9.053459539975323 1.2225114400824042 -0.21062825915504577 0.9677568160822919 0.13813935489779772 0.9770504982246887 0.2038151673182088 0.061900739009628294 0.0 0.0 0.0 0.0 0.0 0.0
12.622340503715746 9.295271607848026 0.9146133024290937 -0.18923496317414232 0.6971360055157985 0.6915139322717636 0.9770504982246887 0.2038151673182088 0.061900739009628294 0.0 0.0 0.0 0.0 0.0 0.0
12.947186402111921 9.695995850113471 0.7643457873956485 -0.09594814084351833 0.16166157096140193 0.9821708052792872 0.9770504982246887 0.2038151673182088 0.061900739009628294 0.0 0.0 0.0 0.0 0.0 0.0
13.250160918783804 10.133570852566255 0.8379641383296652 0.03379098436092659 -0.43523079723856145 0.899684568341041 0.9770504982246887 0.2038151673182088 0.061900739009628294 0.0 0.0 0.0 0.0 0.0 0.0
13.560838091403994 10.471934981093954 1.1166656149256373 0.15069234965152475 -0.8667717088967138 0.4753931219662023 0.9770504982246887 0.2038151673182088 0.061900739009628294 0.0 0.0 0.0 0.0 0.0 0.0
13.90586558986879 10.612718471305634 1.5037329686320713 0.21034317186777862 -0.9690115566948386 -0.12950811959273917 0.9770504982246887 0.2038151673182088 0.061900739009628294 0.0 0.0 0.0 0.0 0.0 0.0
14.298840820979304 10.532615746678736 1.8612789424023615 0.19008110634117006 -0.7031077130953293 -0.6852070612581078 0.9770504982246887 0.2038151673182088 0.061900739009628294 0.0 0.0 0.0 0.0 0.0 0.0
14.735145046261199 10.292239596728441 2.0626319449987953 0.0976040505289278 -0.17008149395682665 -0.9805843843003823 0.9770504982246887 0.2038151673182088 0.061900739009628294 0.0 0.0 0.0 0.0 0.0 0.0
15.193698117932279 10.013093364879065 2.0404607063398252 -0.03195441593195595 0.42756152834681005 -0.9034213052503173 0.9770504982246887 0.2038151673182088 0.061900739009628294 0.0 0.0 0.0 0.0 0.0 0.0
15.64496717948622 9.831409796869588 1.8123545527228535 -0.14937286553094556 0.8627667775839502 -0.48303336793691615 0.9770504982246887 0.2038151673182088 0.061900739009628294 0.0 0.0 0.0 0.0 0.0 0.0
16.06218669164236 9.846393942957366 1.4741409276859951 -0.21004206613359688 0.9701925033256623 0.12086702174296256 0.9770504982246887 0.2038151673182088 0.061900739009628294 0.0 0.0 0.0 0.0 0.0 0.0
2.95820818638084 10.443535413180166 5.339741082805045 0.19363706660415253 -0.35484749306371405 0.914651815229892 0.5780311901212898 0.7945608065037465 0.18588455561202852 0.0 0.0 0.0 0.0 0.0 0.0
2.9266801243687017 10.8861264529417 5.642733252583283 0.6216756483177938 -0.5763487451370274 0.530416357466118 0.5780311901212898 0.7945608065037465 0.18588455561202852 0.0 0.0 0.0 0.0 0.0 0.0
3.0368630459516566 11.197338778114407 6.066633847735497 0.8135292573729463 -0.5788854728956332 -0.05533314258761598 0.5780311901212898 0.7945608065037465 0.18588455561202852 0.0 0.0 0.0 0.0 0.0 0.0
3.3324899873505087 11.376594141525896 6.477921251293805 0.6963095000682696 -0.3614939310522107 -0.6200606566515051 0.5780311901212898 0.7945608065037465 0.18588455561202852 0.0 0.0 0.0 0.0 0.0 0.0
3.786840701199333 11.473446951979613 6.747865808658164 0.3145501220136402 -0.006764800945831291 -0.9492167603921493 0.5780311901212898 0.7945608065037465 0.18588455561202852 0.0 0.0 0.0 0.0 0.0 0.0
4.312893125258499 11.568757725844872 6.801436375623986 -0.18671210639156077 0.3505343901413099 -0.9177495468018962 0.5780311901212898 0.7945608065037465 0.18588455561202852 0.0 0.0 0.0 0.0 0.0 0.0
4.796384518790805 11.743972824972422 6.645805904519285 -0.6170392839186598 0.574659705791298 -0.5376139364274385 0.5780311901212898 0.7945608065037465 0.18588455561202852 0.0 0.0 0.0 0.0 0.0 0.0
5.139221788138683 12.050181622116794 6.367626319689903 -0.8129429211383801 0.5804621914132532 0.046770196821487926 0.5780311901212898 0.7945608065037465 0.18588455561202852 0.0 0.0 0.0 0.0 0.0 0.0
5.296748693033782 12.488706794058084 6.100108002697605 -0.6999959509368017 0.36573738570700864 0.6133855503419402 0.5780311901212898 0.7945608065037465 0.18588455561202852 0.0 0.0 0.0 0.0 0.0 0.0
5.294711498887433 13.01060181457923 5.972410941205957 -0.32110881566614335 0.012062832367671118 0.9469654780279773 0.5780311901212898 0.7945608065037465 0.18588455561202852 0.0 0.0 0.0 0.0 0.0 0.0
5.219477540106283 13.535246558118144 6.060574690227097 0.1797729273291827 -0.3461945926679466 0.9207773881926999 0.5780311901212898 0.7945608065037465 0.18588455561202852 0.0 0.0 0.0 0.0 0.0 0.0
5.185222825766384 13.980976233365373 6.358629673859064 0.6123559295890915 -0.5729269038840862 0.5447705740060431 0.5780311901212898 0.7945608065037465 0.18588455561202852 0.0 0.0 0.0 0.0 0.0 0.0
5.290554664844125 14.296107202845052 6.7808651269769395 0.8122946761529332 -0.5819947054876454 -0.038203689323793665 0.5780311901212898 0.7945608065037465 0.18588455561202852 0.0 0.0 0.0 0.0 0.0 0.0
5.581049100909815 14.478572460896334 7.194392047911376 0.7036290944035258 -0.36995298804387416 -0.6066637323478977 0.5780311901212898 0.7945608065037465 0.18588455561202852 0.0 0.0 0.0 0.0 0.0 0.0
6.03193581118451 14.576706923682426 7.4696299519684075 0.3276430556391108 -0.017359945158122128 -0.944642080576327 0.5780311901212898 0.7945608065037465 0.18588455561202852 0.0 0.0 0.0 0.0 0.0 0.0
6.557508766301444 14.670884186423493 7.529536664034859 -0.17282005786236873 0.3418284311360056 -0.9237351088204577 0.5780311901212898 0.7945608065037465 0.18588455561202852 0.0 0.0 0.0 0.0 0.0 0.0
7.04368738379086 14.84298125079766 7.378877928980321 -0.6076259419846517 0.5711504713749677 -0.5518857251962719 0.5780311901212898 0.7945608065037465 0.18588455561202852 0.0 0.0 0.0 0.0 0.0 0.0
7.391357648685896 15.145272083093026 7.102416825502184 -0.8115845717829699 0.5834828984119313 0.02963427246724596 0.5780311901212898 0.7945608065037465 0.18588455561202852 0.0 0.0 0.0 0.0 0.0 0.0
7.55402718490646 15.580567860440706 6.8327108553653995 -0.7072086537904999 0.37414041702836964 0.599895714561843 0.5780311901212898 0.7945608065037465 0.18588455561202852 0.0 0.0 0.0 0.0 0.0 0.0
7.555488486243128 16.101148957622346 6.699751132238733 -0.33415234432486923 0.022655735921538276 0.9422467449729106 0.5780311901212898 0.7945608065037465 0.18588455561202852 0.0 0.0 0.0 0.0 0.0 0.0
9.510304308345711 10.196498623517318 10.271505321332377 0.9306952000355314 0.18408435581258092 -0.316100291957931 0.18423366681765468 0.5106465406985755 0.8398202584383753 0.0 0.0 0.0 0.0 0.0 0.0
9.799368623631908 10.121030745028824 10.718082888013608 0.5686004078751665 0.641582576068561 -0.5148450002179522 0.18423366681765468 0.5106465406985755 0.8398202584383753 0.0 0.0 0.0 0.0 0.0 0.0
10.218045419784284 10.191811634942582 11.047301520695536 -0.009515185728834027 0.8553328489874529 -0.5179914851458011 0.18423366681765468 0.5106465406985755 0.8398202584383753 0.0 0.0 0.0 0.0 0.0 0.0
10.634553229050377 10.457565674696117 11.258443978039852 -0.5840158011890286 0.7441278721733846 -0.3243443445109651 0.18423366681765468 0.5106465406985755 0.8398202584383753 0.0 0.0 0.0 0.0 0.0 0.0
10.917934618059348 10.89294368632559 11.395652131847385 -0.9366390495540191 0.3502162755660836 -0.00747336464815577 0.18423366681765468 0.5106465406985755 0.8398202584383753 0.0 0.0 0.0 0.0 0.0 0.0
10.987809106251092 11.408153508989924 11.53115673194822 -0.9334174632236291 -0.17674833943264975 0.3122368713924821 0.18423366681765468 0.5106465406985755 0.8398202584383753 0.0 0.0 0.0 0.0 0.0 0.0
10.844911054330986 11.88307354211919 11.737835736707519 -0.5755749767068247 -0.6365633052062712 0.5133230996690146 0.18423366681765468 0.5106465406985755 0.8398202584383753 0.0 0.0 0.0 0.0 0.0 0.0
10.570810668360066 12.212888949797193 12.061526758188103 0.0009380665613349029 -0.8545372285611218 0.5193893000767372 0.18423366681765468 0.5106465406985755 0.8398202584383753 0.0 0.0 0.0 0.0 0.0 0.0
10.29692411469132 12.347912569336637 12.503612586963786 0.5770947226592069 -0.7478581716850389 0.32813082165929386 0.18423366681765468 0.5106465406985755 0.8398202584383753 0.0 0.0 0.0 0.0 0.0 0.0
10.15458632121105 12.312461895109086 13.020495846861358 0.9340034451096163 -0.35705529186396323 0.012209958038705886 0.18423366681765468 0.5106465406985755 0.8398202584383753 0.0 0.0 0.0 0.0 0.0 0.0
10.22515464243198 12.195620455866383 13.540162367078038 0.9360686430580304 0.16939886298236448 -0.3083496727803981 0.18423366681765468 0.5106465406985755 0.8398202584383753 0.0 0.0 0.0 0.0 0.0 0.0
10.509099840291427 12.117393492770653 13.989540569682191 0.5825057132755782 0.6314955575837378 -0.5117621075786216 0.18423366681765468 0.5106465406985755 0.8398202584383753 0.0 0.0 0.0 0.0 0.0 0.0
10.92582723382061 12.18311596189617 14.322262583761178 0.007639124043565503 0.8536765318163628 -0.5207475615015706 0.18423366681765468 0.5106465406985755 0.8398202584383753 0.0 0.0 0.0 0.0 0.0 0.0
11.344295965915892 12.443434023310198 14.536280174810537 -0.5701296961319405 0.7515315189014712 -0.3318923103751386 0.18423366681765468 0.5106465406985755 0.8398202584383753 0.0 0.0 0.0 0.0 0.0 0.0
11.63280361583874 12.87506371810479 14.674642903266875 -0.931296712686726 0.3638671170189744 -0.016945621593674152 0.18423366681765468 0.5106465406985755 0.8398202584383753 0.0 0.0 0.0 0.0 0.0 0.0
11.709022150801355 13.389636933672952 14.809142876747742 -0.9386485376411247 -0.162036486152806 0.30443899214691195 0.18423366681765468 0.5106465406985755 0.8398202584383753 0.0 0.0 0.0 0.0 0.0 0.0
11.571275722074057 13.867273927124096 15.013039728067683 -0.5893920897790023 -0.6263797191295569 0.5101621428223733 0.18423366681765468 0.5106465406985755 0.8398202584383753 0.0 0.0 0.0 0.0 0.0 0.0
11.29917734793639 14.202127643890591 15.333228055896258 -0.016215732899593077 -0.8527508242985602 0.5220661659834439 0.18423366681765468 0.5106465406985755 0.8398202584383753 0.0 0.0 0.0 0.0 0.0 0.0
11.02338259697403 14.342596783426387 15.772421382687595 0.5631212520209679 -0.7551476340830637 0.3356285242065794 0.18423366681765468 0.5106465406985755 0.8398202584383753 0.0 0.0 0.0 0.0 0.0 0.0
10.875951353128485 14.310929996012193 16.288121242132387 0.9285190584135038 -0.3706512322842529 0.02167999467395482 0.18423366681765468 0.5106465406985755 0.8398202584383753 0.0 0.0 0.0 0.0 0.0 0.0
1.8390147815207825 3.771367994734258 4.283840658686962 -0.218991938155005 -0.4638574169705184 0.8584164652105369 0.6130965368206521 0.6189860610861796 0.4908858245249491 0.0 0.0 0.0 0.0 0.0 0.0
1.785966268234355 4.182740548422823 4.6253718862902495 0.26769267842524735 -0.747382049026767 0.6080795200547937 0.6130965368206521 0.6189860610861796 0.4908858245249491 0.0 0.0 0.0 0.0 0.0 0.0
1.7939383094179249 4.423747340519325 5.105514859623276 0.6526763708888376 -0.7469637450962467 0.12672299868281792 0.6130965368206521 0.6189860610861796 0.4908858245249491 0.0 0.0 0.0 0.0 0.0 0.0
1.9506879498820964 4.494483723417892 5.614544344493396 0.789697397884758 -0.4627614258358314 -0.40277770858431305 0.6130965368206521 0.6189860610861796 0.4908858245249491 0.0 0.0 0.0 0.0 0.0 0.0
2.2874491370419623 4.45973362473637 6.031760638018303 0.6266991803878542 -0.0027483039419382515 -0.7792564302760894 0.6130965368206521 0.6189860610861796 0.4908858245249491 0.0 0.0 0.0 0.0 0.0 0.0
2.7670664220903576 4.424357050084809 6.271345403742437 0.22560746641006862 0.45830894456868876 -0.859682605633244 0.6130965368206521 0.6189860610861796 0.4908858245249491 0.0 0.0 0.0 0.0 0.0 0.0
3.298110936205677 4.493452013768392 6.314965492462521 -0.2611962960125907 0.7452469625207423 -0.6135009859836491 0.6130965368206521 0.6189860610861796 0.4908858245249491 0.0 0.0 0.0 0.0 0.0 0.0
3.769615746426373 4.732426046007807 6.218738012123797 -0.6487672186108779 0.7490531995464087 -0.134240084569373 0.6130965368206521 0.6189860610861796 0.4908858245249491 0.0 0.0 0.0 0.0 0.0 0.0
4.0932340487512295 5.142146778652818 6.091910500283614 -0.7898606280494331 0.46828160256274787 0.3960208693473345 0.6130965368206521 0.6189860610861796 0.4908858245249491 0.0 0.0 0.0 0.0 0.0 0.0
4.236803596059219 5.65861231733651 6.05535595807197 -0.6308727791265412 0.009601995514620472 0.7758268738831431 0.6130965368206521 0.6189860610861796 0.4908858245249491 0.0 0.0 0.0 0.0 0.0 0.0
4.236565673514872 6.1772666311998865 6.195651176173415 -0.2322058137830905 -0.45272557016631515 0.8608832778971354 0.6130965368206521 0.6189860610861796 0.4908858245249491 0.0 0.0 0.0 0.0 0.0 0.0
4.183396428412304 6.592722137098821 6.532184764559244 0.2546800224907299 -0.743055122573181 0.6188757314371561 0.6130965368206521 0.6189860610861796 0.4908858245249491 0.0 0.0 0.0 0.0 0.0 0.0
4.188281502450016 6.838798204426936 7.009791095399126 0.6448086601974166 -0.7510856106953478 0.14174694755375636 0.6130965368206521 0.6189860610861796 0.4908858245249491 0.0 0.0 0.0 0.0 0.0 0.0
4.340150730868662 6.913664283164104 7.519708647393959 0.7899637072692124 -0.4737661178326033 -0.389233871587898 0.6130965368206521 0.6189860610861796 0.4908858245249491 0.0 0.0 0.0 0.0 0.0 0.0
4.672092211215569 6.8805353604342585 7.940900326113071 0.6349983344605741 -0.01645495585816871 -0.7723382352700148 0.6130965368206521 0.6189860610861796 0.4908858245249491 0.0 0.0 0.0 0.0 0.0 0.0
5.148781581883014 6.843655529998787 8.186037479800724 0.23878647778437112 0.44710771895897494 -0.8620183905663698 0.6130965368206521 0.6189860610861796 0.4908858245249491 0.0 0.0 0.0 0.0 0.0 0.0
5.679902337674834 6.908693918168279 8.234677514235328 -0.2481443540991229 0.7408066961011807 -0.6242033471076394 0.6130965368206521 0.6189860610861796 0.4908858245249491 0.0 0.0 0.0 0.0 0.0 0.0
6.1544585801418865 7.142599216023551 8.141030376056158 -0.6408009971080031 0.7530608237670864 -0.14924301595928785 0.6130965368206521 0.6189860610861796 0.4908858245249491 0.0 0.0 0.0 0.0 0.0 0.0
6.482944215155337 7.548164752351622 8.013363287693132 -0.7900066276942144 0.4792145539783256 0.38241723216216 0.6130965368206521 0.6189860610861796 0.4908858245249491 0.0 0.0 0.0 0.0 0.0 0.0
6.631347814528297 8.06296726133756 7.972868219434244 -0.6390755322129421 0.023306663093120267 0.7687907801100416 0.6130965368206521 0.6189860610861796 0.4908858245249491 0.0 0.0 0.0 0.0 0.0 0.0
7.491542067114149 0.4035902579186686 10.750627811423895 0.42504365359614127 0.41918973691123246 -0.8022579740993138 0.11686418460539132 0.8534724569551817 0.5078656589841477 0.0 0.0 0.0 0.0 0.0 0.0
7.901331438417114 0.6750876056489318 10.967530931412778 -0.18202310148501322 0.521113926690684 -0.8338512253002888 0.11686418460539132 0.8534724569551817 0.5078656589841477 0.0 0.0 0.0 0.0 0.0 0.0
8.269628638009205 1.0653728893652095 10.994357638357293 -0.7199362370480447 0.42505822316011144 -0.5486504547606522 0.11686418460539132 0.8534724569551817 0.5078656589841477 0.0 0.0 0.0 0.0 0.0 0.0
8.47381634971337 1.5525502084253107 10.896119456875809 -0.9843335594645298 0.16751579405649983 -0.05500820351101267 0.11686418460539132 0.8534724569551817 0.5078656589841477 0.0 0.0 0.0 0.0 0.0 0.0
8.453625195565495 2.077912758011483 10.785342153673152 -0.8747661054609499 -0.15366868592389699 0.45953258394057833 0.11686418460539132 0.8534724569551817 0.5078656589841477 0.0 0.0 0.0 0.0 0.0 0.0
8.234031080153242 2.568246525806111 10.779315317438964 -0.4328603826834063 -0.41647186291838645 0.7994892597780556 0.11686418460539132 0.8534724569551817 0.5078656589841477 0.0 0.0 0.0 0.0 0.0 0.0
7.915766426888336 2.9636455193441864 10.95553208312715 0.1734962365152269 -0.521050416151956 0.8357065990782443 0.11686418460539132 0.8534724569551817 0.5078656589841477 0.0 0.0 0.0 0.0 0.0 0.0
7.637050246196143 3.2402710541255493 11.322248194370765 0.7139387347593387 -0.42767320479100385 0.5544250291193807 0.11686418460539132 0.8534724569551817 0.5078656589841477 0.0 0.0 0.0 0.0 0.0 0.0
7.521076422556455 3.4194084684180464 11.815345508447152 0.9831439712492746 -0.17181579261527533 0.06250812110589846 0.11686418460539132 0.8534724569551817 0.5078656589841477 0.0 0.0 0.0 0.0 0.0 0.0
7.629210298097709 3.5593804673776996 12.322691550696451 0.8788363757709751 0.14931731178185914 -0.4531566671957678 0.11686418460539132 0.8534724569551817 0.5078656589841477 0.0 0.0 0.0 0.0 0.0 0.0
7.937674953148582 3.733389352256304 12.726740516399879 0.4406441477766428 0.4137222729807423 -0.7966596612543172 0.11686418460539132 0.8534724569551817 0.5078656589841477 0.0 0.0 0.0 0.0 0.0 0.0
8.346584455550028 4.001706242278658 12.949190887253453 -0.16495615913531206 0.5209472256067087 -0.8374983305631107 0.11686418460539132 0.8534724569551817 0.5078656589841477 0.0 0.0 0.0 0.0 0.0 0.0
8.717892196286229 4.38877306876969 12.980733487303244 -0.7078868632718547 0.4302556174515466 -0.5601573818655984 0.11686418460539132 0.8534724569551817 0.5078656589841477 0.0 0.0 0.0 0.0 0.0 0.0
8.927837104265917 4.873916676796814 12.884588194531394 -0.981879512814212 0.17610270673623057 -0.07000327846535233 0.11686418460539132 0.8534724569551817 0.5078656589841477 0.0 0.0 0.0 0.0 0.0 0.0
8.913962546404722 5.399202902365541 12.77248565223071 -0.882839719288432 -0.14495456654842434 0.4467462408162825 0.11686418460539132 0.8534724569551817 0.5078656589841477 0.0 0.0 0.0 0.0 0.0 0.0
8.69884464675314 5.891446729928554 12.76221892958099 -0.4483943561120029 -0.4109411764902205 0.7937693940129805 0.11686418460539132 0.8534724569551817 0.5078656589841477 0.0 0.0 0.0 0.0 0.0 0.0
8.381515239517075 6.290016503380338 12.932891965272518 0.1564035197052253 -0.5208043629133029 0.8392262833075977 0.11686418460539132 0.8534724569551817 0.5078656589841477 0.0 0.0 0.0 0.0 0.0 0.0
8.099838019519062 6.569868905918902 13.294866658650305 0.701781083459037 -0.4328052644810187 0.5658470764584491 0.11686418460539132 0.8534724569551817 0.5078656589841477 0.0 0.0 0.0 0.0 0.0 0.0
7.9781318195771105 6.751063334800781 13.7858262109112 0.9805402804527474 -0.18037620995425918 0.0774931048041221 0.11686418460539132 0.8534724569551817 0.5078656589841477 0.0 0.0 0.0 0.0 0.0 0.0
8.079939807417105 6.891141000948041 14.294450318850517 0.8867758311432119 0.14058078246353178 -0.440301792980911 0.11686418460539132 0.8534724569551817 0.5078656589841477 0.0 0.0 0.0 0.0 0.0 0.0
11.551186290882368 6.3886145914184995 4.920216537469516 0.7624148287680034 -0.12684802180401678 0.6345338511372453 0.007520052185230873 0.9822687854952975 0.18732720532993835 0.0 0.0 0.0 0.0 0.0 0.0
11.413368031016908 6.708439992399294 5.3293655839715095 0.9969969902278452 -0.021803879538620802 0.07430741762222096 0.007520052185230873 0.9822687854952975 0.18732720532993835 0.0 0.0 0.0 0.0 0.0 0.0
11.50281526644444 7.023295198353198 5.7554530086585745 0.8528033261993666 0.09152392110492291 -0.5141496462012558 0.007520052185230873 0.9822687854952975 0.18732720532993835 0.0 0.0 0.0 0.0 0.0 0.0
11.786659046912613 7.359013285002774 6.064340005316321 0.3846154204364871 0.17008025392234752 -0.9072726633092026 0.007520052185230873 0.9822687854952975 0.18732720532993835 0.0 0.0 0.0 0.0 0.0 0.0
12.158175924571223 7.733501170885533 6.1664141698253605 -0.2296943139771234 0.18402025468446886 -0.9557076268359699 0.007520052185230873 0.9822687854952975 0.18732720532993835 0.0 0.0 0.0 0.0 0.0 0.0
12.477333976131407 8.149936479613823 6.050634750725758 -0.7567393382266886 0.12804788403737316 -0.6410532843483328 0.007520052185230873 0.9822687854952975 0.18732720532993835 0.0 0.0 0.0 0.0 0.0 0.0
12.62399327173198 8.595560307537463 5.788727215288181 -0.9962864358769024 0.023427981398024725 -0.08285208129740769 0.007520052185230873 0.9822687854952975 0.18732720532993835 0.0 0.0 0.0 0.0 0.0 0.0
12.543549042926216 9.046524544557945 5.507933545311916 -0.8573276595165541 -0.09009260306939408 0.5068260126513315 0.007520052185230873 0.9822687854952975 0.18732720532993835 0.0 0.0 0.0 0.0 0.0 0.0
12.267676947157799 9.476952169873991 5.342670880866826 -0.39265577155178616 -0.1693855013627526 0.9039524307147804 0.007520052185230873 0.9822687854952975 0.18732720532993835 0.0 0.0 0.0 0.0 0.0 0.0
11.902298955909222 9.868768364824676 5.383464201446073 0.22119260887991682 -0.18432601571384138 0.9576522070709993 0.007520052185230873 0.9822687854952975 0.18732720532993835 0.0 0.0 0.0 0.0 0.0 0.0
11.587341826814658 10.218567438693563 5.642554372759725 0.7510062190549325 -0.1292379949286027 0.6475238988698784 0.007520052185230873 0.9822687854952975 0.18732720532993835 0.0 0.0 0.0 0.0 0.0 0.0
11.44357658898411 10.538906707551998 6.049247637195133 0.9955000104565878 -0.025050299125940215 0.0913904354658287 0.007520052185230873 0.9822687854952975 0.18732720532993835 0.0 0.0 0.0 0.0 0.0 0.0
11.526735609860593 10.853535759936465 6.476773354270581 0.8617867040131904 0.08865442413333369 -0.49946378233828725 0.007520052185230873 0.9822687854952975 0.18732720532993835 0.0 0.0 0.0 0.0 0.0 0.0
11.80633893703304 11.18837359109164 6.790446286446367 0.40066622040985306 0.16867784944142616 -0.9005633586429651 0.007520052185230873 0.9822687854952975 0.18732720532993835 0.0 0.0 0.0 0.0 0.0 0.0
12.177274141754893 11.561661543334445 6.898835772683222 -0.21267405910916193 0.18461773960347003 -0.9595238583827591 0.007520052185230873 0.9822687854952975 0.18732720532993835 0.0 0.0 0.0 0.0 0.0 0.0
12.499730288011015 11.977033115128867 6.788501765210267 -0.7452159078519565 0.13041826384615313 -0.6539452019395345 0.007520052185230873 0.9822687854952975 0.18732720532993835 0.0 0.0 0.0 0.0 0.0 0.0
12.65231444462403 12.422133534270635 6.529100928378779 -0.994637773856242 0.026670709176591038 -0.09992182989875668 0.007520052185230873 0.9822687854952975 0.18732720532993835 0.0 0.0 0.0 0.0 0.0 0.0
12.578170889390195 12.873313542408402 6.246922907277824 -0.8661801201157734 -0.08720949381963602 0.4920635159244652 0.007520052185230873 0.9822687854952975 0.18732720532993835 0.0 0.0 0.0 0.0 0.0 0.0
12.30658154852157 13.304614143685933 6.076910780114653 -0.40864615698399337 -0.167957352048802 0.8971057051847163 0.007520052185230873 0.9822687854952975 0.18732720532993835 0.0 0.0 0.0 0.0 0.0 0.0
11.941841303310378 13.697628861279155 6.111393926675808 0.20413931338540475 -0.18489540413745126 0.9613224382377553 0.007520052185230873 0.9822687854952975 0.18732720532993835 0.0 0.0 0.0 0.0 0.0 0.0
12.338265177554984 12.363048046070105 8.649884327330724 0.3442554890583687 0.833714989504512 -0.431749319083047 0.73621585881066 0.0456662442834417 0.6752042678839697 0.0 0.0 0.0 0.0 0.0 0.0
12.869439200381759 12.28226008487585 8.653429030203446 -0.06278522378249315 0.9980266010865932 0.0009587482067947403 0.73621585881066 0.0456662442834417 0.6752042678839697 0.0 0.0 0.0 0.0 0.0 0.0
13.386301329471774 12.428972318802234 8.657192279760075 -0.4459727803954231 0.7831712208009401 0.4333025710234598 0.73621585881066 0.0456662442834417 0.6752042678839697 0.0 0.0 0.0 0.0 0.0 0.0
13.801503949238098 12.75420845715271 8.759726864015386 -0.6597278214688694 0.2707759998084673 0.7010275026756541 0.73621585881066 0.0456662442834417 0.6752042678839697 0.0 0.0 0.0 0.0 0.0 0.0
14.066321591342229 13.141167993179508 9.022060689563475 -0.6228412331053255 -0.34449155064453735 0.702420365506553 0.73621585881066 0.0456662442834417 0.6752042678839697 0.0 0.0 0.0 0.0 0.0 0.0
14.189162554762273 13.449600669397439 9.44451125953047 -0.3493268469349711 -0.8288810014161014 0.43695198763927345 0.73621585881066 0.0456662442834417 0.6752042678839697 0.0 0.0 0.0 0.0 0.0 0.0
14.232374452431907 13.569089895261792 9.966565048828551 0.0569026488194024 -0.9983647015983685 0.005478244220183458 0.73621585881066 0.0456662442834417 0.6752042678839697 0.0 0.0 0.0 0.0 0.0 0.0
14.288557310690367 13.461001855983207 10.489867604068998 0.4415138769257306 -0.7885529598757387 -0.4280767757695133 0.73621585881066 0.0456662442834417 0.6752042678839697 0.0 0.0 0.0 0.0 0.0 0.0
14.445383271086301 13.173163144689093 10.915590044803327 0.6583866014696016 -0.27915676479389406 -0.698998271582351 0.73621585881066 0.0456662442834417 0.6752042678839697 0.0 0.0 0.0 0.0 0.0 0.0
14.752288478003395 12.82169064007653 11.18197580753645 0.6251272484782066 0.33629575248536425 -0.704358637393174 0.73621585881066 0.0456662442834417 0.6752042678839697 0.0 0.0 0.0 0.0 0.0 0.0
15.201691460880754 12.546876762824569 11.28780299671312 0.35437160221970465 0.8239838908302897 -0.4421213806099135 0.73621585881066 0.0456662442834417 0.6752042678839697 0.0 0.0 0.0 0.0 0.0 0.0
15.731873461634413 12.459890039414061 11.292848603268393 -0.051015740499297337 0.9986267727727908 -0.011914819457655164 0.73621585881066 0.0456662442834417 0.6752042678839697 0.0 0.0 0.0 0.0 0.0 0.0
16.250426422736044 12.600540320278947 11.295178226353393 -0.4370213504649204 0.7938746475896356 0.42281838081172446 0.73621585881066 0.0456662442834417 0.6752042678839697 0.0 0.0 0.0 0.0 0.0 0.0
16.6693603532483 12.922154352041193 11.393889312648424 -0.6569952427815852 0.28751627091088233 0.6969158090643842 0.73621585881066 0.0456662442834417 0.6752042678839697 0.0 0.0 0.0 0.0 0.0 0.0
16.938532197496112 13.309307726804287 11.651462379548171 -0.6273656579908383 -0.32807434410261743 0.7062432696425213 0.73621585881066 0.0456662442834417 0.6752042678839697 0.0 0.0 0.0 0.0 0.0 0.0
17.064696020264822 13.621676544506313 12.070023621984905 -0.3593893707349246 -0.8190240306810078 0.44725710432567684 0.73621585881066 0.0456662442834417 0.6752042678839697 0.0 0.0 0.0 0.0 0.0 0.0
17.108937024666304 13.747348808643977 12.590537135425642 0.04512494713303678 -0.9988127946521256 0.018350487335494287 0.73621585881066 0.0456662442834417 0.6752042678839697 0.0 0.0 0.0 0.0 0.0 0.0
17.163464262186622 13.645341664813 13.115233643031903 0.4324955431362743 -0.7991358786755077 -0.41752778659722967 0.73621585881066 0.0456662442834417 0.6752042678839697 0.0 0.0 0.0 0.0 0.0 0.0
17.31657887237334 13.361171472293094 13.544754678545797 0.6555538513621695 -0.29585388155067627 -0.6947802737093386 0.73621585881066 0.0456662442834417 0.6752042678839697 0.0 0.0 0.0 0.0 0.0 0.0
17.619127003605104 13.009561378164655 13.815900528806354 0.629556291179668 0.31982795158837557 -0.708074118732554 0.73621585881066 0.0456662442834417 0.6752042678839697 0.0 0.0 0.0 0.0 0.0 0.0
10.684718806274837 1.7360512189333939 6.743667120967573 0.47422741100184007 0.5286611260486871 -0.7040069434738737 0.3480867394155451 0.6219009344046104 0.7014804698847481 0.0 0.0 0.0 0.0 0.0 0.0
11.158948511814398 1.8354449840588247 6.975857060362914 -0.09003662925142135 0.7669946571758852 -0.6353051245320537 0.3480867394155451 0.6219009344046104 0.7014804698847481 0.0 0.0 0.0 0.0 0.0 0.0
11.61265436488309 2.10967520542102 7.0632291766312685 -0.6200942487199026 0.7139340945751429 -0.32524026704525727 0.3480867394155451 0.6219009344046104 0.7014804698847481 0.0 0.0 0.0 0.0 0.0 0.0
11.925009714444787 2.546646726105587 7.076462763792958 -0.9145676956767254 0.38963803310378037 0.10838880561931566 0.3480867394155451 0.6219009344046104 0.7014804698847481 0.0 0.0 0.0 0.0 0.0 0.0
12.02888932900006 3.07243624869614 7.114403582606029 -0.8615815842895097 -0.08268803154422369 0.5008391588649191 0.3480867394155451 0.6219009344046104 0.7014804698847481 0.0 0.0 0.0 0.0 0.0 0.0
11.936371394306837 3.5793770318944036 7.266510703441284 -0.48126622415479925 -0.5235995305384137 0.7030123420735478 0.3480867394155451 0.6219009344046104 0.7014804698847481 0.0 0.0 0.0 0.0 0.0 0.0
11.734148808674464 3.9669632856313535 7.578869509772519 0.08189022087849415 -0.7655868137637468 0.6380993827888762 0.3480867394155451 0.6219009344046104 0.7014804698847481 0.0 0.0 0.0 0.0 0.0 0.0
11.550593101468024 4.1800340010816335 8.036683090488305 0.613935201868567 -0.7167148665112975 0.3307617995299547 0.3480867394155451 0.6219009344046104 0.7014804698847481 0.0 0.0 0.0 0.0 0.0 0.0
11.506983942845022 4.229729540159198 8.569893833814376 0.9127359352195755 -0.3955509586376555 -0.10223772141278015 0.3480867394155451 0.6219009344046104 0.7014804698847481 0.0 0.0 0.0 0.0 0.0 0.0
11.6714329693746 4.1892592257692804 9.079799485327491 0.8647730266496185 0.07588937168179005 -0.49639542266725206 0.3480867394155451 0.6219009344046104 0.7014804698847481 0.0 0.0 0.0 0.0 0.0 0.0
12.03300703453908 4.1660878960420895 9.476551784624503 0.4882683870214906 0.5184980608966914 -0.7019642035615501 0.3480867394155451 0.6219009344046104 0.7014804698847481 0.0 0.0 0.0 0.0 0.0 0.0
12.505881893888496 4.261108215610864 9.713291321632322 -0.0737375762481964 0.76412066795165 -0.6408450473071973 0.3480867394155451 0.6219009344046104 0.7014804698847481 0.0 0.0 0.0 0.0 0.0 0.0
12.961948270411979 4.530309865482309 9.803950209942249 -0.6077294014746625 0.7194410578354925 -0.33625814322302167 0.3480867394155451 0.6219009344046104 0.7014804698847481 0.0 0.0 0.0 0.0 0.0 0.0
13.279482710747079 4.963508127124599 9.81795904392411 -0.9108346663871583 0.40143376143459225 0.09607885140792947 0.3480867394155451 0.6219009344046104 0.7014804698847481 0.0 0.0 0.0 0.0 0.0 0.0
13.389392360219773 5.488213227317035 9.853869055107534 -0.8678986131956435 -0.06908493254988564 0.49191388403627573 0.3480867394155451 0.6219009344046104 0.7014804698847481 0.0 0.0 0.0 0.0 0.0 0.0
13.301464493506053 5.997170414960966 10.00191085163512 -0.4952333663601026 -0.5133571056201853 0.7008626077576862 0.3480867394155451 0.6219009344046104 0.7014804698847481 0.0 0.0 0.0 0.0 0.0 0.0
13.100648165348005 6.389107834225969 10.309714301653743 0.0655793162159807 -0.7625963313922757 0.6435419089940334 0.3480867394155451 0.6219009344046104 0.7014804698847481 0.0 0.0 0.0 0.0 0.0 0.0
12.914780644384848 6.607211395754977 10.764213150076632 0.6014773201339157 -0.7221124609377043 0.3417288795566057 0.3480867394155451 0.6219009344046104 0.7014804698847481 0.0 0.0 0.0 0.0 0.0 0.0
12.866019897471727 6.660709399091933 11.296609107346963 0.9088640339684558 -0.407285993496382 -0.08991266462655995 0.3480867394155451 0.6219009344046104 0.7014804698847481 0.0 0.0 0.0 0.0 0.0 0.0
13.024434735699163 6.621366547396117 11.808509469886564 0.8709581059020675 0.062275232332894115 -0.4873948842585083 0.3480867394155451 0.6219009344046104 0.7014804698847481 0.0 0.0 0.0 0.0 0.0 0.0
2.0265850023899423 0.992587298405663 0.6022157899666916 0.8394935100405235 -0.005503781326400719 -0.5433418399046336 0.42158007142215337 0.6374672526820709 0.6449075477443761 0.0 0.0 0.0 0.0 0.0 0.0
2.4071922510513226 0.9693559703390655 0.9807438995979789 0.47900851611078865 0.4473168595469951 -0.7552870107835522 0.42158007142215337 0.6374672526820709 0.6449075477443761 0.0 0.0 0.0 0.0 0.0 0.0
2.8969895060321815 1.0480905344810507 1.1871043113560158 -0.06345982168474387 0.73019434673942 -0.680286018540387 0.42158007142215337 0.6374672526820709 0.6449075477443761 0.0 0.0 0.0 0.0 0.0 0.0
3.372321092663237 1.2932729229378845 1.2383935037825415 -0.5818187122306039 0.7356587934070971 -0.34683299407803636 0.42158007142215337 0.6374672526820709 0.6449075477443761 0.0 0.0 0.0 0.0 0.0 0.0
3.7150270855343743 1.7061487564994031 1.2106221042958634 -0.8791349465099338 0.46163416490029974 0.11838768357298758 0.42158007142215337 0.6374672526820709 0.6449075477443761 0.0 0.0 0.0 0.0 0.0 0.0
3.8573342396865518 2.2242541124752844 1.2098371810047217 -0.8424531162576641 0.012226999036230791 0.5386309008981176 0.42158007142215337 0.6374672526820709 0.6449075477443761 0.0 0.0 0.0 0.0 0.0 0.0
3.8076041794799695 2.7451466132661984 1.3318331885213512 -0.48570926207412846 -0.4418254081862246 0.7542392335436287 0.42158007142215337 0.6374672526820709 0.6449075477443761 0.0 0.0 0.0 0.0 0.0 0.0
3.6471566777007265 3.1653249983590057 1.6257580530564222 0.055563661397175786 -0.7280209559118364 0.6832994711584041 0.42158007142215337 0.6374672526820709 0.6449075477443761 0.0 0.0 0.0 0.0 0.0 0.0
3.4993749142852826 3.419550983644498 2.0754410535421 0.5757270209288143 -0.7376291706252565 0.35276281552216837 0.42158007142215337 0.6374672526820709 0.6449075477443761 0.0 0.0 0.0 0.0 0.0 0.0
3.482830143405838 3.5056343762764284 2.605536348925754 0.87716205956712 -0.46699973091607316 -0.11179433161069409 0.42158007142215337 0.6374672526820709 0.6449075477443761 0.0 0.0 0.0 0.0 0.0 0.0
3.666234491604663 3.4852651655518723 3.110148122901136 0.8453485664083115 -0.01894928561274609 -0.5338789430631042 0.42158007142215337 0.6374672526820709 0.6449075477443761 0.0 0.0 0.0 0.0 0.0 0.0
4.042336072115193 3.460576464575651 3.493062175006759 0.4923730193966611 0.43630031011002346 -0.7531340180659153 0.42158007142215337 0.6374672526820709 0.6449075477443761 0.0 0.0 0.0 0.0 0.0 0.0
4.5306740978897295 3.535342433017218 3.7042993039968612 -0.04766326972166916 0.7257921234698119 -0.6862608878761914 0.42158007142215337 0.6374672526820709 0.6449075477443761 0.0 0.0 0.0 0.0 0.0 0.0
5.008147279831486 3.77555273884081 3.7591032420023556 -0.5695914857853638 0.7395433745262248 -0.358665772712122 0.42158007142215337 0.6374672526820709 0.6449075477443761 0.0 0.0 0.0 0.0 0.0 0.0
5.355782064666247 4.184341980157421 3.7321493058326873 -0.8751223733373995 0.47232973309427373 0.10519246607721867 0.42158007142215337 0.6374672526820709 0.6449075477443761 0.0 0.0 0.0 0.0 0.0 0.0
5.503932676962982 4.700798798994748 3.7291739956152066 -0.8481796399927273 0.025670129127796218 0.5290863282795798 0.42158007142215337 0.6374672526820709 0.6449075477443761 0.0 0.0 0.0 0.0 0.0 0.0
5.4587407136353665 5.223107124574468 3.8468039305767814 -0.4989992806074675 -0.4307419860760028 0.7519714485168488 0.42158007142215337 0.6374672526820709 0.6449075477443761 0.0 0.0 0.0 0.0 0.0 0.0
5.299801848592242 5.647227800874846 4.135845780888587 0.039759248303637 -0.7235080191475672 0.6891700431703995 0.42158007142215337 0.6374672526820709 0.6449075477443761 0.0 0.0 0.0 0.0 0.0 0.0
5.14992610545096 5.906424801445326 4.581983964225852 0.5634125740450071 -0.7414012593359649 0.3645414161148522 0.42158007142215337 0.6374672526820709 0.6449075477443761 0.0 0.0 0.0 0.0 0.0 0.0
5.128480276291039 5.996619361621947 5.111219374836809 0.8730160431507751 -0.4776237655346009 -0.09858258973018272 0.42158007142215337 0.6374672526820709 0.6449075477443761 0.0 0.0 0.0 0.0 0.0 0.0
1.273297563955071 7.232736481223006 5.998866553028404 0.6992983253017138 0.045970023406589414 -0.7133502710297489 0.5368574617889442 0.6251287282550798 0.5665669764747316 0.0 0.0 0.0 0.0 0.0 0.0
1.7283011109025432 7.207498765921314 6.283506557437359 0.28970424223071245 0.49411947882387713 -0.8197056744224409 0.5368574617889442 0.6251287282550798 0.5665669764747316 0.0 0.0 0.0 0.0 0.0 0.0
2.2493427489820634 7.294895601365018 6.381294627569644 -0.22995332606036867 0.7545446829988408 -0.6146411873540143 0.5368574617889442 0.6251287282550798 0.5665669764747316 0.0 0.0 0.0 0.0 0.0 0.0
2.7179665191506306 7.554290921040089 6.338975219704868 -0.6622477811665286 0.728305746788191 -0.17606423695715429 0.5368574617889442 0.6251287282550798 0.5665669764747316 0.0 0.0 0.0 0.0 0.0 0.0
3.0356308867646313 7.979703558611701 6.25652196348584 -0.842943232015078 0.42537128074997266 0.3294024606967931 0.5368574617889442 0.6251287282550798 0.5665669764747316 0.0 0.0 0.0 0.0 0.0 0.0
3.1611463181175488 8.502079593014594 6.249156008547309 -0.7033904557618214 -0.03916884667371699 0.7097236562165784 0.5368574617889442 0.6251287282550798 0.5665669764747316 0.0 0.0 0.0 0.0 0.0 0.0
3.1263238729473466 9.015527087585765 6.403571583374833 -0.2966078853033658 -0.4888280743778678 0.8204089687929375 0.5368574617889442 0.6251287282550798 0.5665669764747316 0.0 0.0 0.0 0.0 0.0 0.0
3.0238896509894615 9.417546207221504 6.744999408452913 0.2228609798012275 -0.7527733438562982 0.6194071976183714 0.5368574617889442 0.6251287282550798 0.5665669764747316 0.0 0.0 0.0 0.0 0.0 0.0
2.9722565963895975 9.647970619439151 7.227621123717776 0.6576612326424531 -0.7307274343045784 0.1830822761325002 0.5368574617889442 0.6251287282550798 0.5665669764747316 0.0 0.0 0.0 0.0 0.0 0.0
3.0705374404639207 9.7118256900147 7.751976449587734 0.8426049876933666 -0.4310659553493584 -0.3227986630285301 0.5368574617889442 0.6251287282550798 0.5665669764747316 0.0 0.0 0.0 0.0 0.0 0.0
3.3608901179955506 9.677419262504852 8.202749810063466 0.7074290203154354 0.03236468708152142 -0.7060429931991807 0.5368574617889442 0.6251287282550798 0.5665669764747316 0.0 0.0 0.0 0.0 0.0 0.0
3.81250126296737 9.650390366433594 8.492580648023768 0.30348894053718856 0.48349944378141924 -0.8210497858441185 0.5368574617889442 0.6251287282550798 0.5665669764747316 0.0 0.0 0.0 0.0 0.0 0.0
4.333292721483935 9.733575183785643 8.595253161466536 -0.21575166181563368 0.7509446781091399 -0.6241260376264977 0.5368574617889442 0.6251287282550798 0.5665669764747316 0.0 0.0 0.0 0.0 0.0 0.0
4.80490358190099 9.987937864141177 8.55565612499419 -0.6530246006692736 0.7330934740977165 -0.19008637288368707 0.5368574617889442 0.6251287282550798 0.5665669764747316 0.0 0.0 0.0 0.0 0.0 0.0
5.127657464048036 10.409409224984104 8.47272889384193 -0.8422025757395647 0.43672780260730387 0.31617028299231137 0.5368574617889442 0.6251287282550798 0.5665669764747316 0.0 0.0 0.0 0.0 0.0 0.0
5.258431242555306 10.930432702173027 8.461872688646082 -0.7114137114102299 -0.025558062793100203 0.7023085622742938 0.5368574617889442 0.6251287282550798 0.5665669764747316 0.0 0.0 0.0 0.0 0.0 0.0
5.22703824316195 11.445630218144077 8.611107742318827 -0.31034688391318477 -0.47813399283038294 0.8216280767752835 0.5368574617889442 0.6251287282550798 0.5665669764747316 0.0 0.0 0.0 0.0 0.0 0.0
5.124901661815506 11.851837075404934 8.947632941945065 0.2086259135056755 -0.7490588250173436 0.6287973480204562 0.5368574617889442 0.6251287282550798 0.5665669764747316 0.0 0.0 0.0 0.0 0.0 0.0
5.070321364017103 12.087295949933917 9.4274925168377 0.6483382383444649 -0.7354036859845159 0.19707599382162927 0.5368574617889442 0.6251287282550798 0.5665669764747316 0.0 0.0 0.0 0.0 0.0 0.0
5.163529788049313 12.155119531103221 9.952275570722982 0.8417360267989001 -0.442356391352221 -0.30951782536493994 0.5368574617889442 0.6251287282550798 0.5665669764747316 0.0 0.0 0.0 0.0 0.0 0.0
6.5381154764920755 9.853349065684439 2.2092554637276973 -0.20539695541213776 0.7462298808669523 -0.6332085403788538 0.4586164687492619 0.6449568047611925 0.6113114219317274 0.0 0.0 0.0 0.0 0.0 0.0
6.997633342729019 10.13178683921182 2.2083394940117356 -0.6733406253578876 0.701133934420393 -0.23457111554244905 0.4586164687492619 0.6449568047611925 0.6113114219317274 0.0 0.0 0.0 0.0 0.0 0.0
7.303663192228939 10.570048115151542 2.153953031127082 -0.8854709340752651 0.38966548395326817 0.2531837979084422 0.4586164687492619 0.6449568047611925 0.6113114219317274 0.0 0.0 0.0 0.0 0.0 0.0
7.40784991444502 11.097133650419252 2.157279822942097 -0.7611960306529104 -0.06984339872717228 0.6447499535265518 0.4586164687492619 0.6449568047611925 0.6113114219317274 0.0 0.0 0.0 0.0 0.0 0.0
7.338521977522703 11.608298380749478 2.307577386950576 -0.3477300286665588 -0.502817606511805 0.7913648221555554 0.4586164687492619 0.6449568047611925 0.6113114219317274 0.0 0.0 0.0 0.0 0.0 0.0
7.189928969624503 12.004845821854158 2.6382665870697433 0.19784442494626445 -0.7447629989205302 0.6373269639334115 0.4586164687492619 0.6449568047611925 0.6113114219317274 0.0 0.0 0.0 0.0 0.0 0.0
7.086434604617987 12.231624513920904 3.1142344886710536 0.6682544737396131 -0.7037604762660288 0.2411579365743633 0.4586164687492619 0.6449568047611925 0.6113114219317274 0.0 0.0 0.0 0.0 0.0 0.0
7.135268867927073 12.297980983278952 3.645174349502535 0.8847834753402922 -0.3953875824303671 -0.2466310228349705 0.4586164687492619 0.6449568047611925 0.6113114219317274 0.0 0.0 0.0 0.0 0.0 0.0
7.385789552279731 12.274208840781112 4.119894660918528 0.7651684418683524 0.06319966449844489 -0.6407207332184914 0.4586164687492619 0.6449568047611925 0.6113114219317274 0.0 0.0 0.0 0.0 0.0 0.0
7.810730407032339 12.264843063794272 4.4485626610370606 0.3548531243964956 0.49777630224225555 -0.7913899247729095 0.4586164687492619 0.6449568047611925 0.6113114219317274 0.0 0.0 0.0 0.0 0.0 0.0
8.316560042656597 12.368945410566107 4.596833302902488 -0.1902768278614456 0.7432394003882732 -0.641396852572154 0.4586164687492619 0.6449568047611925 0.6113114219317274 0.0 0.0 0.0 0.0 0.0 0.0
8.779016069382772 12.642469202042511 4.598897512042513 -0.663117431955911 0.7063334240266776 -0.24772639249572642 0.4586164687492619 0.6449568047611925 0.6113114219317274 0.0 0.0 0.0 0.0 0.0 0.0
9.090314456629576 13.077001719750607 4.5444924822184145 -0.8840286369180937 0.40107957061225885 0.2400594658542392 0.4586164687492619 0.6449568047611925 0.6113114219317274 0.0 0.0 0.0 0.0 0.0 0.0
9.2000984882749 13.602960338199756 4.544809015189272 -0.7690825825444763 -0.05655111737057838 0.6366427195459454 0.4586164687492619 0.6449568047611925 0.6113114219317274 0.0 0.0 0.0 0.0 0.0 0.0
9.134570121029993 14.116028127664897 4.690248276112619 -0.36194919668714 -0.4926970903800709 0.7913547599835017 0.4586164687492619 0.6449568047611925 0.6113114219317274 0.0 0.0 0.0 0.0 0.0 0.0
8.986535423011505 14.516785599875167 5.016076879474219 0.18269474045949835 -0.7416592012981081 0.6454178963573044 0.4586164687492619 0.6449568047611925 0.6113114219317274 0.0 0.0 0.0 0.0 0.0 0.0
8.880145996829258 14.748481833813191 5.489028512618569 0.657929891212402 -0.7088525817624057 0.2542759830931895 0.4586164687492619 0.6449568047611925 0.6113114219317274 0.0 0.0 0.0 0.0 0.0 0.0
8.92373171005067 14.818595099434397 6.019942364109816 0.883206476292538 -0.4067410150320056 -0.23346962741575494 0.4586164687492619 0.6449568047611925 0.6113114219317274 0.0 0.0 0.0 0.0 0.0 0.0
9.1686443673331 14.795991737880932 6.497636806685511 0.772938154604315 0.049898263656177756 -0.6325162230654433 0.4586164687492619 0.6449568047611925 0.6113114219317274 0.0 0.0 0.0 0.0 0.0 0.0
9.589748301278114 14.784762687097945 6.831149156311286 0.36901770514511334 0.4875803577268997 -0.7912593304652664 0.4586164687492619 0.6449568047611925 0.6113114219317274 0.0 0.0 0.0 0.0 0.0 0.0
2.82690038138409 6.502558981223791 3.985192458789397 -0.2436446969274027 0.9432858986106283 0.22549717324501722 0.9675109421440286 0.220204656300704 0.12422755803388898 0.0 0.0 0.0 0.0 0.0 0.0
3.1999882309690495 6.783304036812593 3.719348947729094 -0.23695806760254484 0.6184234652172086 0.7492685045207809 0.9675109421440286 0.220204656300704 0.12422755803388898 0.0 0.0 0.0 0.0 0.0 0.0
3.5190614815881136 7.2050187407563815 3.6243012158500694 -0.14024710666785992 0.058611617898814285 0.988380203827746 0.9675109421440286 0.220204656300704 0.12422755803388898 0.0 0.0 0.0 0.0 0.0 0.0
3.8061653998293576 7.640093964844421 3.7545547825330075 0.009746074896525188 -0.5234677629933332 0.8519897388647744 0.9675109421440286 0.220204656300704 0.12422755803388898 0.0 0.0 0.0 0.0 0.0 0.0
4.095490936149925 7.955844695887194 4.079019436998066 0.15603655966203753 -0.9066729888100358 0.39191412759826827 0.9675109421440286 0.220204656300704 0.12422755803388898 0.0 0.0 0.0 0.0 0.0 0.0
4.420385011155152 8.064919290602212 4.492820929180745 0.2430461466197851 -0.9454179874138153 -0.2170562131976059 0.9675109421440286 0.220204656300704 0.12422755803388898 0.0 0.0 0.0 0.0 0.0 0.0
4.800681462929816 7.9584858253386335 4.857144450735347 0.23771843896180272 -0.6249828860532639 -0.7435632696133505 0.9675109421440286 0.220204656300704 0.12422755803388898 0.0 0.0 0.0 0.0 0.0 0.0
5.235165840345646 7.709587491534097 5.051972701585333 0.1420775219018798 -0.06710633712445246 -0.9875782081880704 0.9675109421440286 0.220204656300704 0.12422755803388898 0.0 0.0 0.0 0.0 0.0 0.0
5.7020367933494835 7.445392266070539 5.021682468804657 -0.007541021138058373 0.5162650312360637 -0.8563956740450183 0.9675109421440286 0.220204656300704 0.12422755803388898 0.0 0.0 0.0 0.0 0.0 0.0
6.1671887703476225 7.2988796707215435 4.796176815178891 -0.15429460416849836 0.9034986827389747 -0.39985410516014913 0.9675109421440286 0.220204656300704 0.12422755803388898 0.0 0.0 0.0 0.0 0.0 0.0
6.597169287470666 7.3583196285315235 4.47952440570044 -0.24242908740711205 0.9474780789769259 0.20859872347919223 0.9675109421440286 0.220204656300704 0.12422755803388898 0.0 0.0 0.0 0.0 0.0 0.0
6.971888086491216 7.633737244256736 4.2104220818026405 -0.23846070714157033 0.6314947120228264 0.7378014094841168 0.9675109421440286 0.220204656300704 0.12422755803388898 0.0 0.0 0.0 0.0 0.0 0.0
7.292249759815668 8.05310409945756 4.109501612411699 -0.1438971173825324 0.07559594594270563 0.9867010046442766 0.9675109421440286 0.220204656300704 0.12422755803388898 0.0 0.0 0.0 0.0 0.0 0.0
7.579810080705043 8.489703052914654 4.233499668076012 0.005335393101634611 -0.5090229838978644 0.8607363913790127 0.9675109421440286 0.220204656300704 0.12422755803388898 0.0 0.0 0.0 0.0 0.0 0.0
7.868586604619814 8.810270201175799 4.553702611238281 0.15254089854347486 -0.9002555717451858 0.4077636322838238 0.9675109421440286 0.220204656300704 0.12422755803388898 0.0 0.0 0.0 0.0 0.0 0.0
8.192134831157276 8.925624063531048 4.966855287209947 0.2417935662808295 -0.9494660164160121 -0.20012534816036287 0.9675109421440286 0.220204656300704 0.12422755803388898 0.0 0.0 0.0 0.0 0.0 0.0
8.570799908736499 8.824547117569274 5.334389383771506 0.23918481561524996 -0.6379584472251373 -0.7319833629210365 0.9675109421440286 0.220204656300704 0.12422755803388898 0.0 0.0 0.0 0.0 0.0 0.0
9.003987172561178 8.57804752348914 5.535067849723326 0.145705754540575 -0.08407979783699389 -0.9857486599988108 0.9675109421440286 0.220204656300704 0.12422755803388898 0.0 0.0 0.0 0.0 0.0 0.0
9.47038806771802 8.312381936846489 5.51104487761179 -0.0031293587543702863 0.5017421724886784 -0.8650115603043274 0.9675109421440286 0.220204656300704 0.12422755803388898 0.0 0.0 0.0 0.0 0.0 0.0
9.936075625448336 8.161088494209972 5.289842493111256 -0.15077557633844213 0.8969439028041271 -0.415642106628179 0.9675109421440286 0.220204656300704 0.12422755803388898 0.0 0.0 0.0 0.0 0.0 0.0
10.944438924091633 0.38844296281424934 10.654910819610174 -0.5813113692600211 0.8100453161005161 0.07683539440032966 0.6342572755185795 0.3919504828880079 0.6664026766269823 0.0 0.0 0.0 0.0 0.0 0.0
11.304718517550851 0.7869731597620406 10.662487017599567 -0.7697608140365612 0.40044121998775484 0.49710674759903345 0.6342572755185795 0.3919504828880079 0.6664026766269823 0.0 0.0 0.0 0.0 0.0 0.0
11.489531109229878 1.2767839454059415 10.783378714345643 -0.6657652558461136 -0.1612971906185225 0.7285189362032609 0.6342572755185795 0.3919504828880079 0.6664026766269823 0.0 0.0 0.0 0.0 0.0 0.0
11.522582489890448 1.729827031373127 11.070336325522135 -0.3088343459582406 -0.6617561017636072 0.6831546007567979 0.6342572755185795 0.3919504828880079 0.6664026766269823 0.0 0.0 0.0 0.0 0.0 0.0
11.485235071672351 2.032022793121113 11.513019049436629 0.16542789539407807 -0.9108028058766926 0.37824841074699783 0.6342572755185795 0.3919504828880079 0.6664026766269823 0.0 0.0 0.0 0.0 0.0 0.0
11.48559694741453 2.1266010266110555 12.041923510482505 0.5768413134792697 -0.8138202962263725 -0.07036067448177113 0.6342572755185795 0.3919504828880079 0.6664026766269823 0.0 0.0 0.0 0.0 0.0 0.0
11.617449818714647 2.035668897969304 12.554789253566359 0.7691030723012323 -0.4076538496898964 -0.4922385631071709 0.6342572755185795 0.3919504828880079 0.6664026766269823 0.0 0.0 0.0 0.0 0.0 0.0
11.924619759545692 1.8518120614638944 12.955449200701626 0.669169715238314 0.1533871099526773 -0.7271067918182572 0.6342572755185795 0.3919504828880079 0.6664026766269823 0.0 0.0 0.0 0.0 0.0 0.0
12.384326958020766 1.7029198214985297 13.190365131763471 0.31500759543534784 0.6561537420285091 -0.685734993740311 0.6342572755185795 0.3919504828880079 0.6664026766269823 0.0 0.0 0.0 0.0 0.0 0.0
12.915840147787057 1.7035978476744709 13.268967749425531 -0.15883117651964443 0.9096365972021649 -0.38384100666272114 0.6342572755185795 0.3919504828880079 0.6664026766269823 0.0 0.0 0.0 0.0 0.0 0.0
13.411147765868062 1.9116275648044019 13.26007379754125 -0.5723273289991649 0.8175333007858377 0.06388059632543827 0.6342572755185795 0.3919504828880079 0.6664026766269823 0.0 0.0 0.0 0.0 0.0 0.0
13.775993351295405 2.3060140235721867 13.265741429599357 -0.7683867603892442 0.41483543497308784 0.4873328927429485 0.6342572755185795 0.3919504828880079 0.6664026766269823 0.0 0.0 0.0 0.0 0.0 0.0
13.965685150514695 2.7949622327949024 13.382496609892172 -0.6725232147659035 -0.1454653482645469 0.725639275435948 0.6342572755185795 0.3919504828880079 0.6664026766269823 0.0 0.0 0.0 0.0 0.0 0.0
14.002075261767123 3.2507516113036408 13.664661285852883 -0.3211568558644614 -0.650501413645553 0.6882631653491197 0.6342572755185795 0.3919504828880079 0.6664026766269823 0.0 0.0 0.0 0.0 0.0 0.0
13.965257657620034 3.5582591721038193 14.103715572011158 0.15222236203617867 -0.9084011161789591 0.3894043715996861 0.6342572755185795 0.3919504828880079 0.6664026766269823 0.0 0.0 0.0 0.0 0.0 0.0
13.963139145688775 3.6586966698881223 14.631534596928207 0.5677697595771014 -0.8211840470192394 -0.057395653414371486 0.6342572755185795 0.3919504828880079 0.6664026766269823 0.0 0.0 0.0 0.0 0.0 0.0
14.090443768318016 3.571945238315797 15.146270280843492 0.7676119328505222 -0.4219854289318056 -0.4823901100921577 0.6342572755185795 0.3919504828880079 0.6664026766269823 0.0 0.0 0.0 0.0 0.0 0.0
14.39272555519348 3.3890022149406756 15.551045123984844 0.6758254990469089 0.1375325088269541 -0.7241164988133876 0.6342572755185795 0.3919504828880079 0.6664026766269823 0.0 0.0 0.0 0.0 0.0 0.0
14.849061785841563 3.2374097312801253 15.790757588437327 0.3272816589555916 0.6447995470614291 -0.6907389230531678 0.6342572755185795 0.3919504828880079 0.6664026766269823 0.0 0.0 0.0 0.0 0.0 0.0
15.380001880946507 3.2327993246608746 15.873016093645708 -0.14560195523049096 0.9070964568937383 -0.3949380818861134 0.6342572755185795 0.3919504828880079 0.6664026766269823 0.0 0.0 0.0 0.0 0.0 0.0
-0.2758372280027685 4.87175200789916 11.909027566319294 0.7128477857470567 -0.07139186580381683 -0.6976755949956744 0.3181020990095264 0.9195014413219564 0.2309288938452231 0.0 0.0 0.0 0.0 0.0 0.0
0.14929322012793192 5.086005559014808 12.15811514133034 0.21093767608405312 0.1688313941135749 -0.9628090450187544 0.3181020990095264 0.9195014413219564 0.2309288938452231 0.0 0.0 0.0 0.0 0.0 0.0
0.6225069181591556 5.338744231730933 12.187730364234534 -0.3711111834131559 0.3449127846968385 -0.8621552415304098 0.3181020990095264 0.9195014413219564 0.2309288938452231 0.0 0.0 0.0 0.0 0.0 0.0
1.0111258102543206 5.6701057845713985 12.020817272704116 -0.8121686996836002 0.3899560417395344 -0.43395424731771487 0.3181020990095264 0.9195014413219564 0.2309288938452231 0.0 0.0 0.0 0.0 0.0 0.0
1.2146108217016844 6.090357829396375 11.754984296843237 -0.9446697482077091 0.28684847880804487 0.15911322077908482 0.3181020990095264 0.9195014413219564 0.2309288938452231 0.0 0.0 0.0 0.0 0.0 0.0
1.2027583343210249 6.575996993991346 11.525421184665452 -0.7182749653517795 0.07476238292656516 0.6917309160707228 0.3181020990095264 0.9195014413219564 0.2309288938452231 0.0 0.0 0.0 0.0 0.0 0.0
1.0271750459878732 7.078678246126829 11.453538156571335 -0.21899551424169642 -0.16572719218910176 0.9615484712229182 0.3181020990095264 0.9195014413219564 0.2309288938452231 0.0 0.0 0.0 0.0 0.0 0.0
0.8016717232926233 7.543581979588192 11.600840132747647 0.3634839941385505 -0.3432542361812367 0.866057685924397 0.3181020990095264 0.9195014413219564 0.2309288938452231 0.0 0.0 0.0 0.0 0.0 0.0
0.6590245884982963 7.930240899111534 11.945559985680969 0.8078698560172594 -0.39037325694333364 0.4415371060308589 0.3181020990095264 0.9195014413219564 0.2309288938452231 0.0 0.0 0.0 0.0 0.0 0.0
0.7005314128027648 8.227914222431531 12.390928235827012 0.9453324527313091 -0.2891829506998559 -0.15073080255054436 0.3181020990095264 0.9195014413219564 0.2309288938452231 0.0 0.0 0.0 0.0 0.0 0.0
0.9575267994522632 8.459668283040342 12.801937394788904 0.7236474455369757 -0.07812720660440053 -0.6857335591583675 0.3181020990095264 0.9195014413219564 0.2309288938452231 0.0 0.0 0.0 0.0 0.0 0.0
1.3794776440815144 8.673613244445402 13.056633567364011 0.22703667504305408 0.1626103694973033 -0.9602146717882123 0.3181020990095264 0.9195014413219564 0.2309288938452231 0.0 0.0 0.0 0.0 0.0 0.0
1.8531815059305492 8.924625244693917 13.092448775291796 -0.3558291241505064 0.3415695475265856 -0.8698941766725227 0.3181020990095264 0.9195014413219564 0.2309288938452231 0.0 0.0 0.0 0.0 0.0 0.0
2.2457741077332964 9.253498034048619 12.929971578275822 -0.8035094899335881 0.39076074371222386 -0.44908633998389846 0.3181020990095264 0.9195014413219564 0.2309288938452231 0.0 0.0 0.0 0.0 0.0 0.0
2.4552066960232204 9.671444747227826 12.665125135929996 -0.9459231665286305 0.2914954001903525 0.14233690558781142 0.3181020990095264 0.9195014413219564 0.2309288938452231 0.0 0.0 0.0 0.0 0.0 0.0
2.449016068739428 10.155837846052338 12.432724395691547 -0.7289648171674795 0.08148608059296995 0.6796839809805566 0.3181020990095264 0.9195014413219564 0.2309288938452231 0.0 0.0 0.0 0.0 0.0 0.0
2.276657888445398 10.658805699511982 12.355257640303906 -0.2350605461225994 -0.15948116339629717 0.9588077482886271 0.3181020990095264 0.9195014413219564 0.2309288938452231 0.0 0.0 0.0 0.0 0.0 0.0
2.050717649266531 11.125419816757358 12.496351141307583 0.34814715639700927 -0.33985884702845126 0.8736644216111622 0.3181020990095264 0.9195014413219564 0.2309288938452231 0.0 0.0 0.0 0.0 0.0 0.0
1.9041375653428283 11.514563099128926 12.836596474707417 0.7990879334913443 -0.39111847253758997 0.45660137427343955 0.3181020990095264 0.9195014413219564 0.2309288938452231 0.0 0.0 0.0 0.0 0.0 0.0
1.939709601001815 11.814550913378989 13.280924105739864 0.9464418446145301 -0.2937856511775556 -0.1339321691186384 0.3181020990095264 0.9195014413219564 0.2309288938452231 0.0 0.0 0.0 0.0 0.0 0.0
8.184056801885575 6.418319539284357 7.861521281623022 0.6640861540570248 -0.6831635218052798 0.30377159588143926 0.23236884226439816 0.5747692572936095 0.7846305003088114 0.0 0.0 0.0 0.0 0.0 0.0
8.10029867465815 6.405991951062236 8.39210370576685 0.9546309384432285 -0.28924469682860166 -0.07083273765379285 0.23236884226439816 0.5747692572936095 0.7846305003088114 0.0 0.0 0.0 0.0 0.0 0.0
8.234148699886363 6.327731025096939 8.90653980513374 0.8824954687367004 0.21456302438670496 -0.4185265298941293 0.23236884226439816 0.5747692572936095 0.7846305003088114 0.0 0.0 0.0 0.0 0.0 0.0
8.569163594980868 6.298379747291826 9.325572768842306 0.4750852159196885 0.6368546653350373 -0.6072150960372611 0.23236884226439816 0.5747692572936095 0.7846305003088114 0.0 0.0 0.0 0.0 0.0 0.0
9.012474179992843 6.414199510488495 9.60619103230313 -0.11281785342644095 0.8171945712803992 -0.5652124951008198 0.23236884226439816 0.5747692572936095 0.7846305003088114 0.0 0.0 0.0 0.0 0.0 0.0
9.430067931766443 6.716298801921595 9.757969089721286 -0.6578595340419436 0.6870685968317098 -0.308476217426598 0.23236884226439816 0.5747692572936095 0.7846305003088114 0.0 0.0 0.0 0.0 0.0 0.0
9.697702582055602 7.175015401621128 9.83942998367083 -0.9529693788500452 0.29591377527229984 0.06545533269530884 0.23236884226439816 0.5747692572936095 0.7846305003088114 0.0 0.0 0.0 0.0 0.0 0.0
9.748107832450668 7.701185555704921 9.935811422767824 -0.88603022383466 -0.20766363692754497 0.4145193075714647 0.23236884226439816 0.5747692572936095 0.7846305003088114 0.0 0.0 0.0 0.0 0.0 0.0
9.596542465443642 8.180018777216935 10.126682551068601 -0.48247337314912253 -0.6323461615077572 0.6061004671079806 0.23236884226439816 0.5747692572936095 0.7846305003088114 0.0 0.0 0.0 0.0 0.0 0.0
9.33499727784623 8.514708671316455 10.455714299917622 0.10438317852039615 -0.8167898070671469 0.5674139257307591 0.23236884226439816 0.5747692572936095 0.7846305003088114 0.0 0.0 0.0 0.0 0.0 0.0
9.097246239076961 8.66321130319469 10.914088070990674 0.6515828154763387 -0.6909213489243965 0.31315734731348577 0.23236884226439816 0.5747692572936095 0.7846305003088114 0.0 0.0 0.0 0.0 0.0 0.0
9.008023523597606 8.654218391845738 11.443846069237345 0.9512352469490913 -0.30256031873633393 -0.060072943059819174 0.23236884226439816 0.5747692572936095 0.7846305003088114 0.0 0.0 0.0 0.0 0.0 0.0
9.135634912590957 8.576256846320765 11.959910438223332 0.8894975043006691 0.2007484350784308 -0.4104805179986514 0.23236884226439816 0.5747692572936095 0.7846305003088114 0.0 0.0 0.0 0.0 0.0 0.0
9.466007285677724 8.544055912888478 12.38240576021574 0.4898247881632197 0.6277895020720509 -0.6049396812815161 0.23236884226439816 0.5747692572936095 0.7846305003088114 0.0 0.0 0.0 0.0 0.0 0.0
9.908035234638657 8.654959616206941 12.66700506282557 -0.09594055443117099 0.8163228411477562 -0.5695721455934212 0.23236884226439816 0.5747692572936095 0.7846305003088114 0.0 0.0 0.0 0.0 0.0 0.0
10.32819353119823 8.951944136850669 12.821770376925768 -0.6452564763566295 0.6947214846813521 -0.31781462905593727 0.23236884226439816 0.5747692572936095 0.7846305003088114 0.0 0.0 0.0 0.0 0.0 0.0
10.601265593669284 9.407290441786953 12.904089836332613 -0.9494286748012253 0.30918382106068654 0.054685978637134064 0.23236884226439816 0.5747692572936095 0.7846305003088114 0.0 0.0 0.0 0.0 0.0 0.0
10.657915359845584 9.933115208462505 12.99887496629049 -0.892897046087896 -0.193817945458756 0.4064104687451529 0.23236884226439816 0.5747692572936095 0.7846305003088114 0.0 0.0 0.0 0.0 0.0 0.0
10.511029216271101 10.414759168372242 13.186301375386547 -0.4971389011232643 -0.6231850340351756 0.603732826956203 0.23236884226439816 0.5747692572936095 0.7846305003088114 0.0 0.0 0.0 0.0 0.0 0.0
10.250820244543075 10.754348080165116 13.511348701383753 0.0874906240972771 -0.8157937090834896 0.5716869903320083 0.23236884226439816 0.5747692572936095 0.7846305003088114 0.0 0.0 0.0 0.0 0.0 0.0
7.375736820354345 3.9174172116734725 3.0714295451788933 -0.4227821703596462 0.2805710629027698 0.8617047725802597 0.6781983751517758 0.7286471709714677 0.09550007422388683 0.0 0.0 0.0 0.0 0.0 0.0
7.380411259935293 4.453208018761376 3.031536403248763 0.0099879887452651 -0.139080946009628 0.9902306451215752 0.6781983751517758 0.7286471709714677 0.09550007422388683 0.0 0.0 0.0 0.0 0.0 0.0
7.3873624618649965 4.9572953198301954 3.217366368031747 0.43896354393558346 -0.5058937782235542 0.7425513398076997 0.6781983751517758 0.7286471709714677 0.09550007422388683 0.0 0.0 0.0 0.0 0.0 0.0
7.494375417446824 5.3460641182349855 3.5724609340883076 0.7011695097056954 -0.6805091059974311 0.21276436570453042 0.6781983751517758 0.7286471709714677 0.09550007422388683 0.0 0.0 0.0 0.0 0.0 0.0
7.7612199848283945 5.579710844515412 3.976055144001856 0.6969894558095684 -0.5965876468973681 -0.39785534816028545 0.6781983751517758 0.7286471709714677 0.09550007422388683 0.0 0.0 0.0 0.0 0.0 0.0
8.186943320592562 5.677365397913927 4.288958214783731 0.4280114546091155 -0.2860125663274517 -0.8573231634723122 0.6781983751517758 0.7286471709714677 0.09550007422388683 0.0 0.0 0.0 0.0 0.0 0.0
8.710231880902278 5.7098233778187 4.40643444347638 -0.003575254167249783 0.133223470065366 -0.9910795753022966 0.6781983751517758 0.7286471709714677 0.09550007422388683 0.0 0.0 0.0 0.0 0.0 0.0
9.232705461912072 5.7726496519167565 4.297994051794508 -0.43380366411041477 0.5018456828027126 -0.7483082865080781 0.6781983751517758 0.7286471709714677 0.09550007422388683 0.0 0.0 0.0 0.0 0.0 0.0
9.656293484038246 5.949871665200288 4.018976762657566 -0.6992228092475451 0.6798083302309337 -0.22124216862207613 0.6781983751517758 0.7286471709714677 0.09550007422388683 0.0 0.0 0.0 0.0 0.0 0.0
9.920493644795364 6.2820560087501605 3.6895273142218263 -0.6989955187695839 0.5995004272152533 0.3898775480952541 0.6781983751517758 0.7286471709714677 0.09550007422388683 0.0 0.0 0.0 0.0 0.0 0.0
10.025357755055031 6.7508964935470575 3.448950465141915 -0.4332081441292028 0.291432288787865 0.8528762658862047 0.6781983751517758 0.7286471709714677 0.09550007422388683 0.0 0.0 0.0 0.0 0.0 0.0
10.031472055229532 7.2861689777430785 3.4027867877065536 -0.0028377526802126946 -0.127355848638063 0.9918530309362382 0.6781983751517758 0.7286471709714677 0.09550007422388683 0.0 0.0 0.0 0.0 0.0 0.0
10.036939489591289 7.792410692234796 3.5827160398818085 0.4286107484566848 -0.497759369890151 0.7540082466352458 0.6781983751517758 0.7286471709714677 0.09550007422388683 0.0 0.0 0.0 0.0 0.0 0.0
10.140108757550005 8.185188142698031 3.9345214956024703 0.6972228602653194 -0.6790557844281043 0.22970312309190755 0.6781983751517758 0.7286471709714677 0.09550007422388683 0.0 0.0 0.0 0.0 0.0 0.0
10.402209998444347 8.42317480573436 4.338687785459552 0.7009483505145738 -0.6023675532545458 -0.3818700573454629 0.6781983751517758 0.7286471709714677 0.09550007422388683 0.0 0.0 0.0 0.0 0.0 0.0
10.824092437893858 8.523851766052793 4.655806783729176 0.438371843171881 -0.29682981755116106 -0.8483644184704053 0.6781983751517758 0.7286471709714677 0.09550007422388683 0.0 0.0 0.0 0.0 0.0 0.0
11.345901752787789 8.556866360120674 4.779541086114647 0.009250543421821628 0.12147852856980808 -0.9925509531217589 0.6781983751517758 0.7286471709714677 0.09550007422388683 0.0 0.0 0.0 0.0 0.0 0.0
11.869819729345794 8.617571988598371 4.6770233675053525 -0.423385192435026 0.49363515067441865 -0.7596507861151705 0.6781983751517758 0.7286471709714677 0.09550007422388683 0.0 0.0 0.0 0.0 0.0 0.0
12.2972270379664 8.790801765204554 4.401343228298659 -0.6951698150628765 0.6782515258982195 -0.23814658477958356 0.6781983751517758 0.7286471709714677 0.09550007422388683 0.0 0.0 0.0 0.0 0.0 0.0
12.566170365369873 9.118638998480451 4.071377567598167 -0.70284780232884 0.6051888066724973 0.37383348571233493 0.6781983751517758 0.7286471709714677 0.09550007422388683 0.0 0.0 0.0 0.0 0.0 0.0
1.3143618105931467 5.432354748394466 8.575756476906184 0.4885426078648473 0.5123606686546687 -0.7062667099023957 0.6159197286305005 0.3708367003538671 0.6950705212813926 0.0 0.0 0.0 0.0 0.0 0.0
1.8275457749073978 5.36277575565211 8.718886084807654 0.03334038727794728 0.8692229417536416 -0.49329493825226073 0.6159197286305005 0.3708367003538671 0.6950705212813926 0.0 0.0 0.0 0.0 0.0 0.0
2.3483296815507138 5.491336159832635 8.749569096012971 -0.43452840385739416 0.895852886647812 -0.09291217210854225 0.6159197286305005 0.3708367003538671 0.6950705212813926 0.0 0.0 0.0 0.0 0.0 0.0
2.770062824862281 5.824106257712581 8.75907277466266 -0.7373125894398211 0.5821333420429493 0.3427694816278893 0.6159197286305005 0.3708367003538671 0.6950705212813926 0.0 0.0 0.0 0.0 0.0 0.0
3.0237255402114673 6.2895736692280675 8.846710767434686 -0.7599793950849466 0.04725160804551668 0.6482272784937633 0.6159197286305005 0.3708367003538671 0.6950705212813926 0.0 0.0 0.0 0.0 0.0 0.0
3.1041509285382545 6.7658120862843045 9.082112188735866 -0.4939173223594067 -0.505581801853165 0.7074126944777144 0.6159197286305005 0.3708367003538671 0.6950705212813926 0.0 0.0 0.0 0.0 0.0 0.0
3.0719878476920846 7.126803115699958 9.47876835600201 -0.040207801012271234 -0.8663362323508751 0.4978402005200537 0.6159197286305005 0.3708367003538671 0.6950705212813926 0.0 0.0 0.0 0.0 0.0 0.0
3.0306593973400267 7.290312773691921 9.988907212641267 0.42877733617800995 -0.8979550438091013 0.09912989094054223 0.6159197286305005 0.3708367003538671 0.6950705212813926 0.0 0.0 0.0 0.0 0.0 0.0
3.0870707542612443 7.249133551193404 10.521642731039547 0.7348627945794987 -0.588425721116527 -0.3372415215706743 0.6159197286305005 0.3708367003538671 0.6950705212813926 0.0 0.0 0.0 0.0 0.0 0.0
3.31099410832935 7.073822667051534 10.977504033984472 0.7617615910695081 -0.05534362901836288 -0.6454892416596328 0.6159197286305005 0.3708367003538671 0.6950705212813926 0.0 0.0 0.0 0.0 0.0 0.0
3.7085610410506122 6.885896200933537 11.286226043982735 0.4992544231375894 0.49876443304001045 -0.7085048068374894 0.6159197286305005 0.3708367003538671 0.6950705212813926 0.0 0.0 0.0 0.0 0.0 0.0
4.219933035235151 6.811663103020656 11.433444360969258 0.047072152766876846 0.8633835480898577 -0.5023475503291107 0.6159197286305005 0.3708367003538671 0.6950705212813926 0.0 0.0 0.0 0.0 0.0 0.0
4.7420351281240265 6.934238312061261 11.46615253805187 -0.4229936154443973 0.8999888182172299 -0.10534006064755054 0.6159197286305005 0.3708367003538671 0.6950705212813926 0.0 0.0 0.0 0.0 0.0 0.0
5.167715813062839 7.261966000532671 11.474848444995345 -0.7323570370722323 0.5946732892932587 0.33168787926590765 0.6159197286305005 0.3708367003538671 0.6950705212813926 0.0 0.0 0.0 0.0 0.0 0.0
5.426455688357389 7.725249484009901 11.559152614454058 -0.7634857759596303 0.06343143535958758 0.6427020483206364 0.6159197286305005 0.3708367003538671 0.6950705212813926 0.0 0.0 0.0 0.0 0.0 0.0
5.511158956998827 8.202992165173223 11.789960736050107 -0.5045535037585086 -0.491909081384235 0.7095429638131355 0.6159197286305005 0.3708367003538671 0.6950705212813926 0.0 0.0 0.0 0.0 0.0 0.0
5.480849238582714 8.568604155757065 12.182509198573163 -0.05393291979480257 -0.8603651138289282 0.5068166444272924 0.6159197286305005 0.3708367003538671 0.6950705212813926 0.0 0.0 0.0 0.0 0.0 0.0
5.438245509402375 8.738095891572177 12.690586531140427 0.4171776821092817 -0.901954054992403 0.1115422083010997 0.6159197286305005 0.3708367003538671 0.6950705212813926 0.0 0.0 0.0 0.0 0.0 0.0
5.49073744598536 8.701987172171748 13.22408991359961 0.7297955077411572 -0.6008755707966396 -0.32610897764495334 0.6159197286305005 0.3708367003538671 0.6950705212813926 0.0 0.0 0.0 0.0 0.0 0.0
5.709586291520991 8.528908847501645 13.68325674434359 0.7651518184519575 -0.07151441115142496 -0.6398659107323386 0.6159197286305005 0.3708367003538671 0.6950705212813926 0.0 0.0 0.0 0.0 0.0 0.0
1.0518599107076845 12.148517851557937 4.8352436808421055 0.782432825948941 0.2049934914057705 -0.5880276705724199 0.32162298755341157 0.6755578110793163 0.663460848706946 0.0 0.0 0.0 0.0 0.0 0.0
1.4540048817758529 12.186015053332769 5.189586007162289 0.32111903067592446 0.5813437238674799 -0.7476108900073927 0.32162298755341157 0.6755578110793163 0.663460848706946 0.0 0.0 0.0 0.0 0.0 0.0
1.929348945990623 12.3560295752552 5.373510407581676 -0.26219325317476155 0.736831756083192 -0.62316423294104 0.32162298755341157 0.6755578110793163 0.663460848706946 0.0 0.0 0.0 0.0 0.0 0.0
2.3449260498942834 12.694004919161237 5.415384501494264 -0.7458939365069319 0.6123850849928909 -0.26196706503001965 0.32162298755341157 0.6755578110793163 0.663460848706946 0.0 0.0 0.0 0.0 0.0 0.0
2.590476607501603 13.171573462460131 5.397543194690454 -0.9462170426785336 0.255283081581167 0.19875577074166456 0.32162298755341157 0.6755578110793163 0.663460848706946 0.0 0.0 0.0 0.0 0.0 0.0
2.620336960457589 13.707333792237943 5.425008272081064 -0.7870564744312462 -0.19880523262875793 0.5839679661893126 0.32162298755341157 0.6755578110793163 0.663460848706946 0.0 0.0 0.0 0.0 0.0 0.0
2.4707877653022052 14.197776462982615 5.5855888657391075 -0.32887999266500917 -0.5773641151167813 0.747320967857907 0.32162298755341157 0.6755578110793163 0.663460848706946 0.0 0.0 0.0 0.0 0.0 0.0
2.246270365470609 14.55660896551963 5.916521297534848 0.2542434968949153 -0.736572717258708 0.6267542392970054 0.32162298755341157 0.6755578110793163 0.663460848706946 0.0 0.0 0.0 0.0 0.0 0.0
2.0797077787559917 14.747539693981228 6.390322377899191 0.7407756312598748 -0.6159450292749412 0.26807309645509925 0.32162298755341157 0.6755578110793163 0.663460848706946 0.0 0.0 0.0 0.0 0.0 0.0
2.0820050204956013 14.798065733638865 6.925230729035406 0.9458747182011227 -0.2613095266179065 -0.19245349767325995 0.32162298755341157 0.6755578110793163 0.663460848706946 0.0 0.0 0.0 0.0 0.0 0.0
2.2999144340111473 14.789026258481835 7.416269299321444 0.7916201855158099 0.19260183406357437 -0.5798637903846566 0.32162298755341157 0.6755578110793163 0.663460848706946 0.0 0.0 0.0 0.0 0.0 0.0
2.698273693723387 14.823890377459822 7.775127900343859 0.33661590916934137 0.57334053785336 -0.7469741343233489 0.32162298755341157 0.6755578110793163 0.663460848706946 0.0 0.0 0.0 0.0 0.0 0.0
3.173364560522413 14.989447490081668 7.963713723943693 -0.2462743789884373 0.736257585570047 -0.6302965158910712 0.32162298755341157 0.6755578110793163 0.663460848706946 0.0 0.0 0.0 0.0 0.0 0.0
3.5923171748819898 15.322834542500583 8.008623436913847 -0.735600913080468 0.6194580669582836 -0.27415871307599715 0.32162298755341157 0.6755578110793163 0.663460848706946 0.0 0.0 0.0 0.0 0.0 0.0
3.8435895379591583 15.797427080773916 7.9910386626119125 -0.9454603617018182 0.2673160719224927 0.18613656852589305 0.32162298755341157 0.6755578110793163 0.663460848706946 0.0 0.0 0.0 0.0 0.0 0.0
3.879344181837445 16.332954326053095 8.01588372496225 -0.7961236116583648 -0.186383768123039 0.5757154557073285 0.32162298755341157 0.6755578110793163 0.663460848706946 0.0 0.0 0.0 0.0 0.0 0.0
3.7336224233881414 16.825995385524052 8.171963143555987 -0.3443261910689291 -0.5692732984882034 0.7465704158164337 0.32162298755341157 0.6755578110793163 0.663460848706946 0.0 0.0 0.0 0.0 0.0 0.0
3.509411498850437 17.189270578692415 8.498223311925951 0.23828650633450896 -0.735886385015708 0.6337907929651594 0.32162298755341157 0.6755578110793163 0.663460848706946 0.0 0.0 0.0 0.0 0.0 0.0
3.3395179909293797 17.38480044724175 8.96895611149458 0.7303701760435354 -0.6229239305114982 0.2802234514494454 0.32162298755341157 0.6755578110793163 0.663460848706946 0.0 0.0 0.0 0.0 0.0 0.0
3.3361123876185763 17.43833478623066 9.503565855638353 0.9449740047354713 -0.27330226007324604 -0.17980546435817615 0.32162298755341157 0.6755578110793163 0.663460848706946 0.0 0.0 0.0 0.0 0.0 0.0
5.904054565141853 11.884988684846771 12.409772513071962 -0.3375470356816082 0.9092718168150394 -0.24348873043415456 0.6818480689771362 0.41451715346020446 0.6027094991116367 0.0 0.0 0.0 0.0 0.0 0.0
6.359659959753616 12.16335174619108 12.349582542162816 -0.6539576098185158 0.714605696629757 0.24835084639427601 0.6818480689771362 0.41451715346020446 0.6027094991116367 0.0 0.0 0.0 0.0 0.0 0.0
6.666195696630443 12.604609198567243 12.346004154503616 -0.7219187543971964 0.248448924724719 0.645837784472797 0.6818480689771362 0.41451715346020446 0.6027094991116367 0.0 0.0 0.0 0.0 0.0 0.0
6.808170030727224 13.10250059115186 12.489644510136305 -0.5156108943424657 -0.3120977475277461 0.7979601503981698 0.6818480689771362 0.41451715346020446 0.6027094991116367 0.0 0.0 0.0 0.0 0.0 0.0
6.832610845234919 13.529249292367359 12.81517990716011 -0.11341383497259327 -0.7540732674983457 0.646924114005018 0.6818480689771362 0.41451715346020446 0.6027094991116367 0.0 0.0 0.0 0.0 0.0 0.0
6.83119897249204 13.784106968529661 13.288181676326854 0.3318710364815691 -0.9095637457136168 0.2501107907069661 0.6818480689771362 0.41451715346020446 0.6027094991116367 0.0 0.0 0.0 0.0 0.0 0.0
6.905437112957472 13.83162956023708 13.818196208104997 0.6510725525885469 -0.7194957498374163 -0.2417238036100861 0.6818480689771362 0.41451715346020446 0.6027094991116367 0.0 0.0 0.0 0.0 0.0 0.0
7.128087262271491 13.715143073130093 14.293109791244373 0.7229207206145475 -0.25607928927054074 -0.6417234835291892 0.6818480689771362 0.41451715346020446 0.6027094991116367 0.0 0.0 0.0 0.0 0.0 0.0
7.515527212596328 13.540283303976342 14.62174248612141 0.5201192202891831 0.30462597470761155 -0.7979216830110643 0.6818480689771362 0.41451715346020446 0.6027094991116367 0.0 0.0 0.0 0.0 0.0 0.0
8.02152835555166 13.434863035342259 14.768488908249433 0.11971573224632893 0.7495987378196471 -0.6509760945779166 0.6818480689771362 0.41451715346020446 0.6027094991116367 0.0 0.0 0.0 0.0 0.0 0.0
8.554818703439402 13.500313822580324 14.76684530913543 -0.3261697640172112 0.9097864078114386 -0.2567138040747222 0.6818480689771362 0.41451715346020446 0.6027094991116367 0.0 0.0 0.0 0.0 0.0 0.0
9.013758643356475 13.773150450105476 14.706683790305082 -0.6481379136629688 0.7243310106580841 0.23507835262237928 0.6818480689771362 0.41451715346020446 0.6027094991116367 0.0 0.0 0.0 0.0 0.0 0.0
9.324955525460386 14.211098354301246 14.700108389351755 -0.7238676336201226 0.263690152387033 0.6375603128577769 0.6818480689771362 0.41451715346020446 0.6027094991116367 0.0 0.0 0.0 0.0 0.0 0.0
9.471146757704062 14.709154437030662 14.838864881775223 -0.5245879371435525 -0.2971310034400958 0.7978224507985178 0.6818480689771362 0.41451715346020446 0.6027094991116367 0.0 0.0 0.0 0.0 0.0 0.0
9.497758153169682 15.139479498176668 15.159485026961733 -0.12600851270355606 -0.7450671232948743 0.6549785008008564 0.6818480689771362 0.41451715346020446 0.6027094991116367 0.0 0.0 0.0 0.0 0.0 0.0
9.495645904199664 15.399966485124038 15.629407542014725 0.32044365246250545 -0.9099397861519245 0.26329726769238987 0.6818480689771362 0.41451715346020446 0.6027094991116367 0.0 0.0 0.0 0.0 0.0 0.0
9.56657879589125 15.45303266918678 16.15934867752286 0.6451539165258969 -0.7291111108679291 -0.2284149995079777 0.6818480689771362 0.41451715346020446 0.6027094991116367 0.0 0.0 0.0 0.0 0.0 0.0
9.784574543154708 15.339897952585662 16.63722260670606 0.7247594213028299 -0.2712809344775034 -0.6333485895001257 0.6818480689771362 0.41451715346020446 0.6027094991116367 0.0 0.0 0.0 0.0 0.0 0.0
10.167779223308735 15.164924738434532 16.970724704984367 0.5290167045954832 0.2896134044962784 -0.7976624613174481 0.6818480689771362 0.41451715346020446 0.6027094991116367 0.0 0.0 0.0 0.0 0.0 0.0
10.671573277920835 15.055968908951028 17.122399620106876 0.13229169712467864 0.7404787690240179 -0.6589310278751082 0.6818480689771362 0.41451715346020446 0.6027094991116367 0.0 0.0 0.0 0.0 0.0 0.0
11.51617807527112 4.273126600905817 3.9678801584818455 0.6494681717784723 0.5090988687663487 -0.5648092028885089 0.42225969467316077 0.37625829164476493 0.824697792056637 0.0 0.0 0.0 0.0 0.0 0.0
11.977263831757268 4.205452238305835 4.2352847357250925 0.1552938179719961 0.866308649796181 -0.4747558882078221 0.42225969467316077 0.37625829164476493 0.824697792056637 0.0 0.0 0.0 0.0 0.0 0.0
12.473748818936462 4.335252959685333 4.394468693313152 -0.3978792536562191 0.8943932908602135 -0.2043348741018215 0.42225969467316077 0.37625829164476493 0.824697792056637 0.0 0.0 0.0 0.0 0.0 0.0
12.879537217725431 4.668930659858542 4.507074509920295 -0.7998913446340614 0.5826829672680615 0.1437163749723727 0.42225969467316077 0.37625829164476493 0.824697792056637 0.0 0.0 0.0 0.0 0.0 0.0
13.10299035933645 5.135430960754651 4.652440478724431 -0.8980113403153182 0.04960164247107582 0.4371673703849092 0.42225969467316077 0.37625829164476493 0.824697792056637 0.0 0.0 0.0 0.0 0.0 0.0
13.121741787666625 5.61323795761276 4.8974587633633 -0.6549618138618352 -0.502324175595909 0.5645311727395608 0.42225969467316077 0.37625829164476493 0.824697792056637 0.0 0.0 0.0 0.0 0.0 0.0
12.991194649918592 5.976540142838128 5.27116194659115 -0.16308134394467208 -0.8634086409416603 0.4774201441125765 0.42225969467316077 0.37625829164476493 0.824697792056637 0.0 0.0 0.0 0.0 0.0 0.0
12.823473114687008 6.143028301193653 5.753693066691508 0.39075645511174056 -0.8964697281710063 0.20892922069807884 0.42225969467316077 0.37625829164476493 0.824697792056637 0.0 0.0 0.0 0.0 0.0 0.0
12.744824525693316 6.105166156805137 6.283849609223959 0.7961393437716687 -0.5889469774936174 -0.1389374067699093 0.42225969467316077 0.37625829164476493 0.824697792056637 0.0 0.0 0.0 0.0 0.0 0.0
12.847655925162936 5.933053530365709 6.782335365511539 0.8990555849927435 -0.05767342339803999 -0.4340193904964431 0.42225969467316077 0.37625829164476493 0.824697792056637 0.0 0.0 0.0 0.0 0.0 0.0
13.155427073520475 5.747794245248 7.181886388079015 0.6604055780672847 0.4955112284946708 -0.5642101513561373 0.42225969467316077 0.37625829164476493 0.824697792056637 0.0 0.0 0.0 0.0 0.0 0.0
13.613737694178143 5.675486760256934 7.452825688891961 0.17085645064161162 0.8604428801763094 -0.48004804262494943 0.42225969467316077 0.37625829164476493 0.824697792056637 0.0 0.0 0.0 0.0 0.0 0.0
14.110995048135573 5.799317256875932 7.614338023283817 -0.3836038989503301 0.8984778958411755 -0.21350765652527762 0.42225969467316077 0.37625829164476493 0.824697792056637 0.0 0.0 0.0 0.0 0.0 0.0
14.520809881257161 6.127955818122573 7.727181280652708 -0.792326713815869 0.5951661371266364 0.1341478579460025 0.42225969467316077 0.37625829164476493 0.824697792056637 0.0 0.0 0.0 0.0 0.0 0.0
14.750013815033826 6.59226251905416 7.87060354646136 -0.9000313631065365 0.06574081227052071 0.43083835835101647 0.42225969467316077 0.37625829164476493 0.824697792056637 0.0 0.0 0.0 0.0 0.0 0.0
14.774055571270829 7.07155484021135 8.112235429612472 -0.6657990498311003 -0.48866054629493283 0.5638461631852597 0.42225969467316077 0.37625829164476493 0.824697792056637 0.0 0.0 0.0 0.0 0.0 0.0
14.646328413149435 7.439456974464885 8.482396063403112 -0.1786185459583371 -0.8574115933542931 0.482639383620295 0.42225969467316077 0.37625829164476493 0.824697792056637 0.0 0.0 0.0 0.0 0.0 0.0
14.477885151856599 7.6119121090348125 8.962574359876264 0.3764221298668318 -0.9004176409409778 0.21806983291780357 0.42225969467316077 0.37625829164476493 0.824697792056637 0.0 0.0 0.0 0.0 0.0 0.0
14.395247326911045 7.579117014020564 9.49246168162461 0.7884537451131948 -0.6013399725540337 -0.12934809324333843 0.42225969467316077 0.37625829164476493 0.824697792056637 0.0 0.0 0.0 0.0 0.0 0.0
14.492337557972776 7.409246453341434 9.992864101448191 0.9009386003474158 -0.07380319472562114 -0.4276245161965428 0.42225969467316077 0.37625829164476493 0.824697792056637 0.0 0.0 0.0 0.0 0.0 0.0
5.500185312895211 9.30992268400878 4.650822505923752 -0.08152046095433349 0.9845967115788671 -0.15467297758132803 0.7443101156099595 0.16335088484638804 0.6475484076272529 0.0 0.0 0.0 0.0 0.0 0.0
6.0142010847727505 9.46387887623248 4.62306679920465 -0.45470602114604686 0.8341165699823515 0.3122370606036499 0.7443101156099595 0.16335088484638804 0.6475484076272529 0.0 0.0 0.0 0.0 0.0 0.0
6.424566604822703 9.807971966829173 4.666485540274704 -0.6551411616251157 0.36674159776418225 0.660523019140036 0.7443101156099595 0.16335088484638804 0.6475484076272529 0.0 0.0 0.0 0.0 0.0 0.0
6.685592676466164 10.235663816175752 4.860470524341115 -0.6066772214266994 -0.2399646390371305 0.7578652393491594 0.7443101156099595 0.16335088484638804 0.6475484076272529 0.0 0.0 0.0 0.0 0.0 0.0
6.808326656396282 10.608655718503318 5.227210913563431 -0.32772646170604636 -0.7555042974734232 0.5672817842984418 0.7443101156099595 0.16335088484638804 0.6475484076272529 0.0 0.0 0.0 0.0 0.0 0.0
6.856355379068581 10.80943039244984 5.723263203366123 0.07573306011097508 -0.9840152419413102 0.16117849494709666 0.7443101156099595 0.16335088484638804 0.6475484076272529 0.0 0.0 0.0 0.0 0.0 0.0
6.921647455176119 10.785898761033758 6.256056136163495 0.4504203262025949 -0.8386823441381883 -0.30615919939538044 0.7443101156099595 0.16335088484638804 0.6475484076272529 0.0 0.0 0.0 0.0 0.0 0.0
7.089612858814036 10.571189462882199 6.719060069825376 0.6539853797435861 -0.37472000177593734 -0.6571818951787077 0.7443101156099595 0.16335088484638804 0.6475484076272529 0.0 0.0 0.0 0.0 0.0 0.0
7.406654250342181 10.271062728535233 7.032259369803014 0.6090904534675275 0.23160473424532455 -0.7585302014882946 0.7443101156099595 0.16335088484638804 0.6475484076272529 0.0 0.0 0.0 0.0 0.0 0.0
7.862537829903308 10.02373030064694 7.172551686484208 0.3327918804698336 0.7499389595021279 -0.571700202303809 0.7443101156099595 0.16335088484638804 0.6475484076272529 0.0 0.0 0.0 0.0 0.0 0.0
8.394281329088845 9.947346482174023 7.182524924061676 -0.06993989190187694 0.9833588357333095 -0.16767173794644724 0.7443101156099595 0.16335088484638804 0.6475484076272529 0.0 0.0 0.0 0.0 0.0 0.0
8.910082027714687 10.095119341247942 7.154277383698452 -0.4461003300074296 0.8431842493864282 0.30005802297873346 0.7443101156099595 0.16335088484638804 0.6475484076272529 0.0 0.0 0.0 0.0 0.0 0.0
9.324194142078767 10.435096076500328 7.19442807911457 -0.6527797943433815 0.3826698694087695 0.6537907242716784 0.7443101156099595 0.16335088484638804 0.6475484076272529 0.0 0.0 0.0 0.0 0.0 0.0
9.589505081782528 10.862302420525168 7.383610390699973 -0.6114573009121346 -0.2232271918563117 0.7591373986158174 0.7443101156099595 0.16335088484638804 0.6475484076272529 0.0 0.0 0.0 0.0 0.0 0.0
9.715434310503838 11.238624119142507 7.745838096186142 -0.3378319558434669 -0.7443165107755598 0.5760750831253434 0.7443101156099595 0.16335088484638804 0.6475484076272529 0.0 0.0 0.0 0.0 0.0 0.0
9.764354734260731 11.445278845708605 8.239382134996962 0.06414139749922716 -0.9826275429427391 0.17415221209378554 0.7443101156099595 0.16335088484638804 0.6475484076272529 0.0 0.0 0.0 0.0 0.0 0.0
9.827896191595785 11.427943592942487 8.772624176034267 0.4417463615449866 -0.8476219428895567 -0.29393399598191483 0.7443101156099595 0.16335088484638804 0.6475484076272529 0.0 0.0 0.0 0.0 0.0 0.0
9.992133745944589 11.21739289162423 9.23886395343885 0.651524497234498 -0.3905905952494796 -0.6503497646697421 0.7443101156099595 0.16335088484638804 0.6475484076272529 0.0 0.0 0.0 0.0 0.0 0.0
10.304886329938244 10.917807051828905 9.55685648152368 0.6137775835159238 0.21483264985237985 -0.7596867844913158 0.7443101156099595 0.16335088484638804 0.6475484076272529 0.0 0.0 0.0 0.0 0.0 0.0
10.757549533406893 10.66719232132715 9.701678383180134 0.342846304005693 0.7386373794649577 -0.5804060935989325 0.7443101156099595 0.16335088484638804 0.6475484076272529 0.0 0.0 0.0 0.0 0.0 0.0
8.246556644515168 0.6020063033135976 12.94068760401818 0.5892976389064202 -0.03411692444507825 -0.807195347016896 0.6093581944936383 0.674788519228944 0.4163448632086897 0.0 0.0 0.0 0.0 0.0 0.0
8.73786294107453 0.6017533145252242 13.158180502927904 0.16629579411230272 0.4046505566419254 -0.8992239075280074 0.6093581944936383 0.674788519228944 0.4163448632086897 0.0 0.0 0.0 0.0 0.0 0.0
9.267076369134298 0.6937404328557255 13.170695283822498 -0.3198846031824881 0.6896845258641376 -0.6496222713472357 0.6093581944936383 0.674788519228944 0.4163448632086897 0.0 0.0 0.0 0.0 0.0 0.0
9.723372091833433 0.9429411605579118 13.035128647523097 -0.6845354915428931 0.7126958128002086 -0.1532182731764703 0.6093581944936383 0.674788519228944 0.4163448632086897 0.0 0.0 0.0 0.0 0.0 0.0
10.023627927696426 1.3546009212129113 12.864635901032099 -0.7891199018430607 0.46494204481492407 0.4013959086469554 0.6093581944936383 0.674788519228944 0.4163448632086897 0.0 0.0 0.0 0.0 0.0 0.0
10.1440038571046 1.872244235612895 12.785641364547114 -0.5939044680518638 0.04054902058799914 0.8035130737936915 0.6093581944936383 0.674788519228944 0.4163448632086897 0.0 0.0 0.0 0.0 0.0 0.0
10.128999244333121 2.3991307005317903 12.889807658515977 -0.17305479729457846 -0.39924925450377774 0.9003621881840161 0.6093581944936383 0.674788519228944 0.4163448632086897 0.0 0.0 0.0 0.0 0.0 0.0
10.074546785073165 2.8350082853241534 13.199211541611321 0.31354128427683364 -0.6873660627180016 0.6551486540302022 0.6093581944936383 0.674788519228944 0.4163448632086897 0.0 0.0 0.0 0.0 0.0 0.0
10.091566071429705 3.1142007544919443 13.657956581007134 0.6810177898207543 -0.714341011557938 0.16103319270894434 0.6093581944936383 0.674788519228944 0.4163448632086897 0.0 0.0 0.0 0.0 0.0 0.0
10.26382338440414 3.230559167598331 14.153409141747867 0.7897642510015146 -0.4699258669622014 -0.39426147085384755 0.6093581944936383 0.674788519228944 0.4163448632086897 0.0 0.0 0.0 0.0 0.0 0.0
10.61610748324434 3.239797964544446 14.558989787802009 0.5984660690726702 -0.04697802876601103 -0.7997696099389905 0.6093581944936383 0.674788519228944 0.4163448632086897 0.0 0.0 0.0 0.0 0.0 0.0
11.104811941360415 3.2383281183551826 14.782262926105773 0.17980062168403105 0.39381754798914265 -0.9014319027735009 0.6093581944936383 0.674788519228944 0.4163448632086897 0.0 0.0 0.0 0.0 0.0 0.0
11.634501956846801 3.3266289946215313 14.800054633808722 -0.3071740879884573 0.6849952539849432 -0.6606251446066534 0.6093581944936383 0.674788519228944 0.4163448632086897 0.0 0.0 0.0 0.0 0.0 0.0
12.09417162931097 3.5710745605871543 14.667256819011984 -0.6774482259572535 0.7159318104819534 -0.16883584894032855 0.6093581944936383 0.674788519228944 0.4163448632086897 0.0 0.0 0.0 0.0 0.0 0.0
12.399416957352246 3.9787168052789643 14.49597286713687 -0.7903484565545584 0.4748739024353173 0.38709700852328865 0.6093581944936383 0.674788519228944 0.4163448632086897 0.0 0.0 0.0 0.0 0.0 0.0
12.52450232985356 4.494606570972834 14.412927690534666 -0.6029820945852614 0.05340345938524921 0.7959652405320585 0.6093581944936383 0.674788519228944 0.4163448632086897 0.0 0.0 0.0 0.0 0.0 0.0
12.512137914921304 5.022669656913913 14.511322815556827 -0.1865327535600161 -0.3883558507435019 0.9024329698335539 0.6093581944936383 0.674788519228944 0.4163448632086897 0.0 0.0 0.0 0.0 0.0 0.0
12.457253352945783 5.462207014458377 14.815427564447639 0.3007834992040077 -0.6825722802112271 0.6660513260206286 0.6093581944936383 0.674788519228944 0.4163448632086897 0.0 0.0 0.0 0.0 0.0 0.0
12.470932399077979 5.7461519992515235 15.271358734062188 0.6738270717884984 -0.7174680884267579 0.17662564766814132 0.6093581944936383 0.674788519228944 0.4163448632086897 0.0 0.0 0.0 0.0 0.0 0.0
12.638210347426364 5.866550110712626 15.767551725620226 0.790872474012677 -0.47978577442221376 -0.37990306725682377 0.6093581944936383 0.674788519228944 0.4163448632086897 0.0 0.0 0.0 0.0 0.0 0.0
6.600424425113161 1.3073857623308394 9.107633360669737 0.7240397858196321 -0.254306609557864 -0.6411665437976669 0.6527981537188972 0.5528411169407356 0.517900830199102 0.0 0.0 0.0 0.0 0.0 0.0
7.0157546910907 1.2146945554372905 9.435648928053364 0.4558834628858556 0.25930695555180394 -0.8514283123491111 0.6527981537188972 0.5528411169407356 0.517900830199102 0.0 0.0 0.0 0.0 0.0 0.0
7.5350036067774635 1.1811123772208802 9.569581384846781 0.014529390436705215 0.6744054728662406 -0.7382182299168721 0.6527981537188972 0.5528411169407356 0.517900830199102 0.0 0.0 0.0 0.0 0.0 0.0
8.057564497471443 1.301260947764528 9.535236972902577 -0.43234464035780323 0.8332860755805807 -0.3445466995885988 0.6527981537188972 0.5528411169407356 0.517900830199102 0.0 0.0 0.0 0.0 0.0 0.0
8.481572413792115 1.611357105456153 9.422353129945975 -0.7149637138634705 0.6755873663816255 0.18002388242700518 0.6527981537188972 0.5528411169407356 0.517900830199102 0.0 0.0 0.0 0.0 0.0 0.0
8.742604329041246 2.0754534245718563 9.35050573665307 -0.7259561189165654 0.26122172147587336 0.6362003816697834 0.6527981537188972 0.5528411169407356 0.517900830199102 0.0 0.0 0.0 0.0 0.0 0.0
8.838154524141103 2.5990952433173384 9.423680240379863 -0.4611456570542057 -0.25238642281284296 0.8506737192130606 0.6527981537188972 0.5528411169407356 0.517900830199102 0.0 0.0 0.0 0.0 0.0 0.0
8.828586552205486 3.0652055690412827 9.69076584516776 -0.021138250132721102 -0.6701087453989966 0.7419618883211647 0.6527981537188972 0.5528411169407356 0.517900830199102 0.0 0.0 0.0 0.0 0.0 0.0
8.814200115486999 3.378564585166524 10.126981685744331 0.4268999314268797 -0.8332455519873119 0.3513663311148129 0.6527981537188972 0.5528411169407356 0.517900830199102 0.0 0.0 0.0 0.0 0.0 0.0
8.897125531569694 3.501985251498149 10.643291492554281 0.7127516916511759 -0.6798184422529333 -0.17271916981383711 0.6527981537188972 0.5528411169407356 0.517900830199102 0.0 0.0 0.0 0.0 0.0 0.0
9.14252271819104 3.4704412825276996 11.120229959170551 0.7278171676443898 -0.2681169403484317 -0.6311857704196862 0.6527981537188972 0.5528411169407356 0.517900830199102 0.0 0.0 0.0 0.0 0.0 0.0
9.553825851077724 3.377780048568514 11.453289609559366 0.4663727331953728 0.24544666987063082 -0.8498543439797752 0.6527981537188972 0.5528411169407356 0.517900830199102 0.0 0.0 0.0 0.0 0.0 0.0
10.071438663170731 3.3410683907293297 11.592624935497284 0.027745500069148943 0.6657609865563586 -0.7456490434550397 0.6527981537188972 0.5528411169407356 0.517900830199102 0.0 0.0 0.0 0.0 0.0 0.0
10.595376062877515 3.4561169707238664 11.561989538517746 -0.4214227124133681 0.8331415735192177 -0.3581592047345428 0.6527981537188972 0.5528411169407356 0.517900830199102 0.0 0.0 0.0 0.0 0.0 0.0
11.023250142029587 3.761080198616945 11.449711739549475 -0.7104853906380322 0.6839977473178391 0.16540130396717803 0.6527981537188972 0.5528411169407356 0.517900830199102 0.0 0.0 0.0 0.0 0.0 0.0
11.289169054030264 4.221960734533146 11.37513717302488 -0.7296227902770396 0.27499174107792523 0.626123091929436 0.6527981537188972 0.5528411169407356 0.517900830199102 0.0 0.0 0.0 0.0 0.0 0.0
11.388770428029677 4.7455256464806865 11.443287385006592 -0.47156429324727206 -0.23848822521422286 0.8489702490478506 0.6527981537188972 0.5528411169407356 0.517900830199102 0.0 0.0 0.0 0.0 0.0 0.0
11.380878706545584 5.2147271599866025 11.704960391971648 -0.03435063707832583 -0.6613625274369963 0.7492794145273576 0.6527981537188972 0.5528411169407356 0.517900830199102 0.0 0.0 0.0 0.0 0.0 0.0
11.36515675625864 5.5331710645534535 12.137431665054324 0.41591340042870145 -0.8329741480946616 0.3649248031441621 0.6527981537188972 0.5528411169407356 0.517900830199102 0.0 0.0 0.0 0.0 0.0 0.0
11.444242278686154 5.661738485852558 12.65308755849609 0.7081649834116348 -0.688124963306082 -0.1580708421708451 0.6527981537188972 0.5528411169407356 0.517900830199102 0.0 0.0 0.0 0.0 0.0 0.0
12.441174332202658 8.286485586760277 8.61914890330169 -0.059947547452047854 0.9964825624801537 -0.058555906853802776 0.7174710195452138 0.08379852503180733 0.6915295679255118 0.0 0.0 0.0 0.0 0.0 0.0
12.958152238403914 8.432525407227109 8.628704920052414 -0.45550480270214366 0.8075187823222757 0.3747382965644563 0.7174710195452138 0.08379852503180733 0.6915295679255118 0.0 0.0 0.0 0.0 0.0 0.0
13.371297810496737 8.76263915953292 8.723682543296162 -0.6780081677715184 0.31176511576610205 0.6656631558276735 0.7174710195452138 0.08379852503180733 0.6915295679255118 0.0 0.0 0.0 0.0 0.0 0.0
13.629891399412484 9.163819779787316 8.970398103855949 -0.6429248942124347 -0.30243333070438205 0.7036914528974921 0.7174710195452138 0.08379852503180733 0.6915295679255118 0.0 0.0 0.0 0.0 0.0 0.0
13.741930238462848 9.496060712791571 9.377520153245403 -0.36358370421104264 -0.8017322984246291 0.4743756019178667 0.7174710195452138 0.08379852503180733 0.6915295679255118 0.0 0.0 0.0 0.0 0.0 0.0
13.771090160698124 9.645546743143388 9.892776136018284 0.053889013815490605 -0.9964397617241479 0.06483652863252919 0.7174710195452138 0.08379852503180733 0.6915295679255118 0.0 0.0 0.0 0.0 0.0 0.0
13.812534085328265 9.567894298457166 10.422811607533035 0.45088839451725493 -0.8125830999602647 -0.3693350258892571 0.7174710195452138 0.08379852503180733 0.6915295679255118 0.0 0.0 0.0 0.0 0.0 0.0
13.956758033675834 9.305013510567036 10.868657148275185 0.6765877356899663 -0.32001253285653825 -0.6631900291233778 0.7174710195452138 0.08379852503180733 0.6915295679255118 0.0 0.0 0.0 0.0 0.0 0.0
14.255210177662798 8.96918585574305 11.163328501011359 0.645240084130359 0.29413614580361575 -0.7050880523475352 0.7174710195452138 0.08379852503180733 0.6915295679255118 0.0 0.0 0.0 0.0 0.0 0.0
14.700744819129783 8.700406544610004 11.297275010029285 0.3687549367707127 0.7965375849788677 -0.4791113360412797 0.7174710195452138 0.08379852503180733 0.6915295679255118 0.0 0.0 0.0 0.0 0.0 0.0
15.230337160036543 8.613198001035983 11.32200807492134 -0.047826376321891205 0.9963210782224136 -0.07111221285857523 0.7174710195452138 0.08379852503180733 0.6915295679255118 0.0 0.0 0.0 0.0 0.0 0.0
15.749027476955868 8.753100878592049 11.330531108654736 -0.44623764943543803 0.8175855362491485 0.3639036289218979 0.7174710195452138 0.08379852503180733 0.6915295679255118 0.0 0.0 0.0 0.0 0.0 0.0
16.1659979076455 9.079372404861473 11.42200598605112 -0.6751157788328253 0.32823557975361867 0.66066639793072 0.7174710195452138 0.08379852503180733 0.6915295679255118 0.0 0.0 0.0 0.0 0.0 0.0
16.42907567530764 9.480465241863682 11.664079789643711 -0.6475061365177278 -0.2858165612965521 0.7064309566125332 0.7174710195452138 0.08379852503180733 0.6915295679255118 0.0 0.0 0.0 0.0 0.0 0.0
16.544554398776754 9.81640618472511 12.06718455202401 -0.37389808721425427 -0.7912822121120895 0.4838105839814987 0.7174710195452138 0.08379852503180733 0.6915295679255118 0.0 0.0 0.0 0.0 0.0 0.0
16.574803041500658 9.971974322437859 12.580573952246015 0.041760096664568154 -0.9961265210131585 0.07738248161429044 0.7174710195452138 0.08379852503180733 0.6915295679255118 0.0 0.0 0.0 0.0 0.0 0.0
16.614570899573234 9.90047538834249 13.111602691586839 0.4415529216289379 -0.8225257102340356 -0.3584445192842856 0.7174710195452138 0.08379852503180733 0.6915295679255118 0.0 0.0 0.0 0.0 0.0 0.0
16.754990760024608 9.641481692718466 13.560923991478337 0.6735924092953095 -0.33643363024048495 -0.6580924544339852 0.7174710195452138 0.08379852503180733 0.6915295679255118 0.0 0.0 0.0 0.0 0.0 0.0
17.048956031369464 9.305797940495225 13.860233095674701 0.6497228788058793 0.2774752107517619 -0.7077200634251256 0.7174710195452138 0.08379852503180733 0.6915295679255118 0.0 0.0 0.0 0.0 0.0 0.0
17.49102565338168 9.033364671293617 13.998217389144862 0.37901276387084976 0.7859665800412853 -0.48847298787259785 0.7174710195452138 0.08379852503180733 0.6915295679255118 0.0 0.0 0.0 0.0 0.0 0.0
0.9161558132124346 3.0385495605407553 11.15146052138503 0.4696079856837711 0.16113962978684698 -0.8680451367839053 0.7669692206818444 0.41252861256370366 0.4915062139413397 0.0 0.0 0.0 0.0 0.0 0.0
1.4224659779513351 2.902266246429497 11.268771976474799 0.12398456653564718 0.6562590363985702 -0.744279453166744 0.7669692206818444 0.41252861256370366 0.4915062139413397 0.0 0.0 0.0 0.0 0.0 0.0
1.9570384285332163 2.915577200314513 11.216424906796423 -0.2687426623507779 0.9020546630165032 -0.3377495616026735 0.7669692206818444 0.41252861256370366 0.4915062139413397 0.0 0.0 0.0 0.0 0.0 0.0
2.4303509807762382 3.1345115430173314 11.087087813923413 -0.5593700606724369 0.8051446416047656 0.19709703528578776 0.7669692206818444 0.41252861256370366 0.4915062139413397 0.0 0.0 0.0 0.0 0.0 0.0
2.7761551100883737 3.5369786321078682 11.002678996445466 -0.6374834207759525 0.40234670954683055 0.6570631731824782 0.7669692206818444 0.41252861256370366 0.4915062139413397 0.0 0.0 0.0 0.0 0.0 0.0
2.9766448735761863 4.031160666299462 11.068047749968986 -0.47340617117226375 -0.15330946434619994 0.8674000260767217 0.7669692206818444 0.41252861256370366 0.4915062139413397 0.0 0.0 0.0 0.0 0.0 0.0
3.0692216854495356 4.49039580326945 11.331140366729477 -0.1294740022111352 -0.6507208095365546 0.7481971069093496 0.7669692206818444 0.41252861256370366 0.4915062139413397 0.0 0.0 0.0 0.0 0.0 0.0
3.132284894444951 4.801299111230622 11.764784537552007 0.26364750487988237 -0.9009124397122144 0.34474159763857454 0.7669692206818444 0.41252861256370366 0.4915062139413397 0.0 0.0 0.0 0.0 0.0 0.0
3.255446560473416 4.906839400212144 12.277012566403563 0.5566049169158169 -0.8088323715884582 -0.18968700834723867 0.7669692206818444 0.41252861256370366 0.4915062139413397 0.0 0.0 0.0 0.0 0.0 0.0
3.5054863348264407 4.82800632464013 12.746001435733854 0.6380988150774861 -0.4094633625421424 -0.6520503484642798 0.7669692206818444 0.41252861256370366 0.4915062139413397 0.0 0.0 0.0 0.0 0.0 0.0
3.9009807541541863 4.6558360626928526 13.06635540761492 0.47716830494795404 0.14546762379628062 -0.8666888594992775 0.7669692206818444 0.41252861256370366 0.4915062139413397 0.0 0.0 0.0 0.0 0.0 0.0
4.405245703608941 4.516825150167082 13.18914762670272 0.13495357794007484 0.6451330277655244 -0.7520577825455019 0.7669692206818444 0.41252861256370366 0.4915062139413397 0.0 0.0 0.0 0.0 0.0 0.0
4.940273325401455 4.524872331619602 13.140508250595744 -0.2585322696307385 0.8997016084376166 -0.3517073802670948 0.7669692206818444 0.41252861256370366 0.4915062139413397 0.0 0.0 0.0 0.0 0.0 0.0
5.416368508196913 4.738006523024628 13.011697166090393 -0.5537973855397914 0.8124585058555319 0.18226253600860012 0.7669692206818444 0.41252861256370366 0.4915062139413397 0.0 0.0 0.0 0.0 0.0 0.0
5.766225559533317 5.136340656403467 12.924432832403102 -0.6386656156837527 0.41654883331709425 0.6469878675875295 0.7669692206818444 0.41252861256370366 0.4915062139413397 0.0 0.0 0.0 0.0 0.0 0.0
5.970498763678966 5.629627109443665 12.984649403489891 -0.48089410050979137 -0.13761470532360892 0.8659116912096595 0.7669692206818444 0.41252861256370366 0.4915062139413397 0.0 0.0 0.0 0.0 0.0 0.0
6.065152142482055 6.091544286075293 13.242250571833871 -0.14042287643156123 -0.6394961166166961 0.7558611860698027 0.7669692206818444 0.41252861256370366 0.4915062139413397 0.0 0.0 0.0 0.0 0.0 0.0
6.127796122184157 6.407688302802371 13.67215032132567 0.2533973461483129 -0.8984222614022003 0.3586463790169166 0.7669692206818444 0.41252861256370366 0.4915062139413397 0.0 0.0 0.0 0.0 0.0 0.0
6.248202034913926 6.519036936773921 14.183803524199199 0.5509476803487423 -0.8160227682618241 -0.174824183672187 0.7669692206818444 0.41252861256370366 0.4915062139413397 0.0 0.0 0.0 0.0 0.0 0.0
6.494196488714784 6.444373155043995 14.655605548903802 0.6391837794306895 -0.42360258228565495 -0.6418761160797476 0.7669692206818444 0.41252861256370366 0.4915062139413397 0.0 0.0 0.0 0.0 0.0 0.0
