t = 100
b = 13 13 13
E = -1.02622160893808 -1.02622160893808 0
18.0960738834488 -5.3082030064693 9.78635810205853 0.327504796315861 0.823984015604301 -0.462375335002544 -0.34123834895269 -0.353184576035261 -0.871101052952431 0 0 0 0 0 0
17.7551505494678 -5.25600905348034 9.40000668700011 0.894185295444341 0.0350142294041723 -0.446325734358157 -0.384757134997159 -0.449612003526679 -0.806108549361377 0 0 0 0 0 0
17.6788012609673 -5.27587614354179 8.93818747621077 0.83329074176563 -0.549981308495313 0.0560990195410791 -0.19618437545702 -0.389053907315828 -0.900082634000248 0 0 0 0 0 0
17.9493495007726 -5.23550428872387 8.47225252734254 0.080313758891299 -0.954459048385697 0.287328427217739 0.264285117547884 -0.25755203332616 -0.929419349256439 0 0 0 0 0 0
18.3305664525154 -5.37601231679787 8.15253334178024 -0.63117084719117 -0.770817465118238 0.0863932701353219 0.394672044674206 -0.415046799280274 -0.819737843191274 0 0 0 0 0 0
18.5185641082796 -5.79377036563045 7.98118302392945 -0.903668822955652 -0.0723966926176278 -0.422067977126878 0.42068127736407 -0.334348282610108 -0.843349565003152 0 0 0 0 0 0
18.6766478831647 -6.1072006317273 7.60008810692502 -0.869856749763083 0.378606719529952 -0.316237548084302 0.233061129498095 -0.249592753599319 -0.939886145906929 0 0 0 0 0 0
18.6164227288937 -6.33430279277981 7.15168789075642 -0.0474756371704827 0.978809795291992 -0.199191989085166 0.208876701358359 -0.185279715180707 -0.960230155104601 0 0 0 0 0 0
18.4633476949375 -6.3113767760276 6.69713562809514 0.757116698587688 0.653145951519378 -0.0132163055929531 -0.0145643802041333 -0.00334977835968908 -0.999888322671192 0 0 0 0 0 0
18.3468336142404 -6.12907537736475 6.15617604283078 0.947711471547709 0.266240455365469 0.175951659905966 0.157598101599249 0.088974510332831 -0.983486845302644 0 0 0 0 0 0
18.5147156058833 -5.86240327860004 5.68195786086775 0.872485529882677 -0.382733471192296 0.303782965576482 0.317928709251262 -0.0274655800520219 -0.947716718089446 0 0 0 0 0 0
18.8787779374386 -5.7301396936195 5.2703345920799 0.534319323753318 -0.796761000079601 0.282267194367237 0.320721733817451 -0.117864835910677 -0.93981139060605 0 0 0 0 0 0
19.7426718218565 -5.17324041813605 4.65607599992463 0.885424866022941 0.144009516590585 -0.441909567399939 0.164646452802149 0.791947869416512 0.587971187819876 0 0 0 0 0 0
20.0919245916012 -5.05607414973939 4.94735991318316 0.0480176725914075 0.762668616907811 -0.645004561148859 -0.165597629874583 0.642891550515854 0.747842148621782 0 0 0 0 0 0
20.1906805794333 -4.63131926649054 5.23404986463097 -0.446856329636795 0.526408480712298 -0.723335006824432 -0.0554072120624785 0.790714238710156 0.609672890616339 0 0 0 0 0 0
20.3762952187435 -4.1559534409702 5.32251209505384 -0.998442670772988 0.0478732511392456 -0.0286423638176101 0.0185377691376231 0.768954642842193 0.639034512657052 0 0 0 0 0 0
20.3334894411052 -3.66735919793227 5.52944147536378 -0.820244324511346 -0.467357163964436 0.329812870273499 -0.0407182150434113 0.622825329972737 0.781300604958187 0 0 0 0 0 0
20.0852083543138 -3.34189910736637 5.80629694759093 -0.218231812942568 -0.829833340852588 0.513567427149768 0.0114533336025346 0.524037574238923 0.851618131520915 0 0 0 0 0 0
19.8252293966242 -3.20658179891134 6.18728779913771 0.60782965277072 -0.668368484939914 0.428750138835838 -0.0565794693232962 0.502115614123184 0.862947665681293 0 0 0 0 0 0
19.6743081838089 -3.24824318252469 6.70096492117281 0.874306124524427 -0.480647061780501 0.0675810818265506 0.137518375470281 0.37882862718383 0.915192639630602 0 0 0 0 0 0
16.1844117842493 11.9680008902461 4.46126913459651 0.262908139134883 -0.805357354406761 0.531299202031753 0.90256944744031 0.0106979050026717 -0.430411369942579 0 0 0 0 0 0
16.635299546643 12.0034523769011 4.59375113644958 0.020747275076899 -0.944643314890417 -0.327442450225575 0.927286117260875 0.14062499395046 -0.346936691359798 0 0 0 0 0 0
17.1352147372952 11.8942760873558 4.60088601121163 -0.438918237845921 -0.318182859652174 -0.840303783348496 0.845904408133236 0.169020564268227 -0.505843633107316 0 0 0 0 0 0
17.6561921106037 11.7949154272702 4.41617244538716 -0.642552943293272 0.273420869390512 -0.715797976559649 0.763730747970755 0.152974664760272 -0.62714758753065 0 0 0 0 0 0
17.9305167907409 11.8322076272356 4.02561479820228 -0.823830742671913 0.444281166628927 -0.352018681901239 0.496688035226802 0.266554206422679 -0.825984170974793 0 0 0 0 0 0
17.9727850577719 11.784146841881 3.48602685260781 -0.789047569312128 0.614324332711191 0.00308991934737905 0.312608342258756 0.405838614095977 -0.858819564087177 0 0 0 0 0 0
17.9513676105882 11.9419442110218 2.92267260321603 -0.438857519931942 0.774608970589772 0.455395454392158 0.0838226539859566 0.539889738298446 -0.837551689842953 0 0 0 0 0 0
17.6646196804417 12.1680714238576 2.61040441227358 0.611474390562549 0.645488643852477 0.457649953942584 -0.118216466804943 0.646411732437644 -0.753774992383748 0 0 0 0 0 0
17.4734143767208 12.6752620564075 2.53466990493634 0.993832383956306 -0.0716455847288786 -0.0846410230832674 -0.00704852382380107 0.720913469668829 -0.692989240581667 0 0 0 0 0 0
17.5348109320553 13.1499664925632 2.44839825888015 0.59906198695462 -0.590993012489109 -0.540233278292841 -0.0768696300436181 0.629133721291684 -0.773486794141074 0 0 0 0 0 0
17.7636661859018 13.494571222691 2.13035354901538 0.181087945007611 -0.846163286656163 -0.501213376206344 -0.0790520114070954 0.495466378058359 -0.865022455030056 0 0 0 0 0 0
17.9506658966935 13.7330090649612 1.71631515118156 -0.437021849461634 -0.845900828146632 -0.305718321390744 0.0234439098717661 0.329066254518912 -0.9440157748824 0 0 0 0 0 0
18.196147575277 13.7698597630522 1.26999616613326 -0.955619193856994 -0.29410251780761 -0.0171949222543625 -0.0852697577160304 0.331988641886435 -0.939421423045829 0 0 0 0 0 0
18.1055374040793 13.5798463863536 0.913696654661451 -0.559930866482132 0.812741352261135 0.161024591554555 2.27908047702158e-06 0.194349063610519 -0.98093243471124 0 0 0 0 0 0
17.8894339369458 13.6743138814175 0.426204876924794 0.0924062501103919 0.881634348861724 0.462797968716048 0.11911916539404 0.451660666565531 -0.884202050842118 0 0 0 0 0 0
17.7240892672066 14.0737495117588 0.0750502248513992 0.73674099697762 0.438211458169039 0.514959630749623 0.103879001888266 0.679185250295874 -0.726578659710859 0 0 0 0 0 0
17.6601421956578 14.5314362560668 0.0555127098794056 0.95215852264993 -0.177368980086921 -0.248866214356285 -0.0883300819809264 0.619857549974639 -0.779727140964504 0 0 0 0 0 0
17.6738329747383 14.9044015545907 -0.376849550849291 0.836274451398852 -0.54817852914847 0.012055791893033 0.341678561045178 0.503799933099519 -0.793373423005218 0 0 0 0 0 0
18.2318636417753 15.2325455809225 -0.204555436923685 0.717724809327499 -0.66186787262387 0.216337738881036 0.692756361982941 0.71013086368996 -0.125709106142361 0 0 0 0 0 0
18.5510991782472 15.4613588062076 -0.00681779980318547 0.635527616088033 -0.452963136939924 -0.625243189297577 0.546908616455037 0.835725043239373 -0.0495440950041956 0 0 0 0 0 0
-0.234533472753451 3.01168783335754 5.37814164336094 -0.452936005815536 0.866639336415821 -0.209249217949827 0.859360178615241 0.486882423545397 0.156350852421538 0 0 0 0 0 0
0.124153014421821 3.42248064914788 5.24021068624978 -0.683209928279574 0.59524305973779 0.422977415158556 0.730218773955469 0.55864481541554 0.393314775176714 0 0 0 0 0 0
0.415894229101078 3.87738261831185 5.28548209551131 -0.620896458183776 -0.12675796503334 0.773576115528038 0.626892154078789 0.512183619641845 0.587089573170085 0 0 0 0 0 0
0.410699545314718 4.30505396830378 5.41113019860937 0.250363800483603 -0.593923206465728 0.76457386316096 0.792103197769672 0.579744335256796 0.190968661881253 0 0 0 0 0 0
0.749854115565859 4.61344414312352 5.69835492593186 0.354946132847377 -0.89702091271343 0.26337563465791 0.859829037978874 0.423826425962067 0.284719486696191 0 0 0 0 0 0
1.14562933947053 4.71179031327119 6.05141419678013 0.292705466637238 -0.949074769833784 -0.116535793066445 0.819700307270355 0.186296289578705 0.541650347318354 0 0 0 0 0 0
1.50243948459073 4.64428282180741 6.43784508020658 0.423719230861994 -0.510540527223916 -0.748204773748234 0.904333878014749 0.191563952205642 0.381422979499349 0 0 0 0 0 0
2.00255511090591 4.53839756089184 6.53553259748382 0.178515172497958 0.106052594933763 -0.978205080898601 0.957606825003939 0.209726897298882 0.197493790422029 0 0 0 0 0 0
2.43220106550719 4.4171459468096 6.38918344353011 -0.0480047211943138 0.842363874111629 -0.536766849139087 0.954935481500368 0.196289580701546 0.22264012818823 0 0 0 0 0 0
2.88301598382856 4.5278618135211 6.20704110420044 -0.346586289993915 0.884051944473811 0.313576311382617 0.917357724020718 0.249675926806674 0.310026995200025 0 0 0 0 0 0
3.28954539253125 4.78660439556503 6.02194824936513 -0.209559691315474 0.151130490603801 0.966045708331452 0.965675211807308 0.187067616139896 0.180214018024813 0 0 0 0 0 0
3.72704124357613 5.05931676982991 6.26027999410567 -0.212765335108783 -0.438765531494128 0.873049666713597 0.964737894564389 0.0473672970779419 0.258915302674447 0 0 0 0 0 0
4.03195455658356 5.21959202489199 6.56507793599706 -0.00409577788770963 -0.974471709685429 0.224472964132103 0.984072464362451 0.0359664224582999 0.174091359174327 0 0 0 0 0 0
4.59212086019248 5.0671554228598 6.76951667548764 0.0636923960224276 -0.788739973960444 -0.611418459130733 0.904150337495191 -0.213733026935143 0.369905880467551 0 0 0 0 0 0
5.09174211323164 4.89457089127529 6.88391139294843 -0.22663016926284 -0.607391990020246 -0.761389346418205 0.928350576205466 -0.371179233635547 0.0197783764932178 0 0 0 0 0 0
5.41766081357089 4.52569962408066 6.9864637186642 -0.0176309280023193 0.0306904294518224 -0.999373427662473 0.996257967514384 -0.084046164155487 -0.0201569951842834 0 0 0 0 0 0
5.69939961207406 4.18618253238242 6.89977631770435 0.187050206578604 0.792352938634881 -0.580679809237044 0.940204423914442 -0.315685414809788 -0.127899805035367 0 0 0 0 0 0
6.07150988884941 4.11263155104807 6.55540695906609 0.0977422915982989 0.995193387491712 0.00604697659044662 0.992984746042798 -0.0971155161822785 -0.0674527289512251 0 0 0 0 0 0
6.48999394961607 4.18565252602222 6.28686585451355 0.0407599392068992 0.649212304490833 0.759514325772431 0.995295623628784 -0.0932485810720064 0.0262930354551856 0 0 0 0 0 0
7.0733512170425 4.20139728985801 6.19795937044998 -0.376473381572586 0.111264383227396 0.919721713341775 0.89907758914857 0.283323058129626 0.333747709239885 0 0 0 0 0 0
7.15597292112828 18.9569217836935 10.6465361122347 0.663466401920221 0.567324319407053 -0.487806775406367 0.74763390423258 -0.477193637277474 0.461876366340436 0 0 0 0 0 0
7.59274308826064 18.7099426464477 10.5447999018585 0.228594994233024 0.850254363753936 0.474143275317697 0.732509327536805 -0.471021232251068 0.491496779074148 0 0 0 0 0 0
8.15920857892542 18.5528975736229 10.5058627776119 -0.121406127355475 0.403615479815695 0.906837966063228 0.621577059442094 -0.681375909833563 0.38648263696291 0 0 0 0 0 0
8.63661469245164 18.4942733912782 10.7335196961002 -0.61063809490722 -0.23635434959255 0.755815942195428 0.667087920123356 -0.667849584282248 0.330107012345273 0 0 0 0 0 0
8.90351237075584 18.0378921339996 10.9899595734655 -0.83182609626069 -0.162165418081399 0.530817975164921 0.382250884921353 -0.860791440852865 0.336039218442272 0 0 0 0 0 0
9.04833849379516 17.784668907901 11.3607199707226 -0.725828233759744 -0.566958144669394 -0.389527710529365 0.478017552304648 -0.822929931215243 0.307059518658432 0 0 0 0 0 0
9.00115311908274 17.3641978342914 11.7057673562442 -0.270873669230125 -0.38698321639834 -0.881403111830111 0.29442782668938 -0.90505982121762 0.306885931395525 0 0 0 0 0 0
8.85974409006566 16.9799577502982 11.8564146247286 0.722876870118233 -0.193089361471165 -0.663449718618318 0.202074789240535 -0.859109523894442 0.470209108277644 0 0 0 0 0 0
8.96871770486263 16.4740477133882 11.9700527458821 0.834676753154982 0.247471896853859 -0.49200851416435 0.363283824353129 -0.918839536917896 0.154138795764963 0 0 0 0 0 0
9.10529235964247 15.9975809406935 11.6931977819546 0.78123196039417 0.470800423537964 0.409906800693958 0.481600259391404 -0.87234935545861 0.0840701622758017 0 0 0 0 0 0
9.50481759620471 15.6405447568933 11.562769470029 0.277144762265253 0.385886051444034 0.87993337023315 0.502329068564819 -0.8388719507448 0.209664868608015 0 0 0 0 0 0
10.0090682484185 15.436935297483 11.5607482448024 -0.447296556565777 0.0436042680205177 0.893322146985506 0.561159434641963 -0.764069137152456 0.318274162575937 0 0 0 0 0 0
10.3976699276111 15.3303649571797 11.7998858696218 -0.788827644380318 -0.395508937480273 0.47045045205061 0.590928959799853 -0.698500514275016 0.403608716490864 0 0 0 0 0 0
10.5850273654336 15.1148552647548 12.2475749517658 -0.7324183760576 -0.617852887791236 -0.286043932746665 0.428295373171573 -0.744686869934116 0.511863789564717 0 0 0 0 0 0
10.6436775159806 14.7292094747019 12.5971100811166 -0.217680878397823 -0.530741492312545 -0.819102254616483 0.433590176290228 -0.804454074899361 0.406021182209035 0 0 0 0 0 0
10.7009478298988 14.2185797649164 12.7518726674153 0.166106402428987 -0.105688171760734 -0.980427801228613 0.299509654290574 -0.94186326239869 0.152274626679688 0 0 0 0 0 0
10.608013983102 13.6613659034184 12.7222642936364 0.798853932556737 0.290550851283784 -0.526699722096856 0.408528375612852 -0.90475392641058 0.120519288762277 0 0 0 0 0 0
10.7844605012053 13.2571050268355 12.5083216738865 0.898284547384994 0.342003656537646 0.275895579602529 0.349097006279281 -0.936763538965816 0.0246039076385083 0 0 0 0 0 0
11.0965618313379 12.9038073592243 12.3403975707015 0.480222911656034 0.310884361780483 0.820205382036074 0.326740613135184 -0.931187918635495 0.161646626674787 0 0 0 0 0 0
11.400475186255 12.5199301337559 12.2930776141042 -0.253097795394252 0.24667344965869 0.935464438233786 0.278360878090886 -0.907488909519247 0.31460944144771 0 0 0 0 0 0
11.2736718987492 6.32863056616002 -1.94277372351949 -0.0067893031186297 -0.0560447939131933 0.998405171480192 0.891093476857982 0.452727135998637 0.031473096949999 0 0 0 0 0 0
11.7250002359566 6.47631718516019 -1.76906075270208 -0.38145302240332 -0.12519909549778 0.915870502956564 0.863092614610493 0.306543069418687 0.401375740667263 0 0 0 0 0 0
11.8867820935971 6.82913707227909 -1.50059702891938 0.183853584221051 -0.68285474584944 0.707041197979275 0.772346291506988 0.545286086085932 0.32579792865592 0 0 0 0 0 0
12.1790020671159 7.11805564981474 -1.15334904857688 0.291887420515593 -0.926021587050313 0.239344425591183 0.699765869861544 0.377349297299929 0.606576652373109 0 0 0 0 0 0
12.2591541940766 7.12294494304074 -0.7183408318881 0.807390165298534 -0.454230568074673 -0.376557714043633 0.544879069239067 0.329199046533637 0.77119050024395 0 0 0 0 0 0
12.5923818377843 7.18550809955831 -0.249741942417046 0.529915389757179 -0.200028255141393 -0.824122792333513 0.814380233511714 0.391136568487273 0.428715546787618 0 0 0 0 0 0
13.0640885192874 7.02711304774715 -0.117894417361133 0.303770026787957 0.617220522176315 -0.725784126190179 0.842025217992935 0.182504964395885 0.507627294611712 0 0 0 0 0 0
13.5714005447486 7.0532891739967 -0.151353128164109 -0.219080011904689 0.947275675003856 -0.233822034739734 0.889610572863082 0.292355168578098 0.350886711141774 0 0 0 0 0 0
14.0253934967719 7.10647731505193 -0.344513955587241 -0.438226751636612 0.785352372051966 0.437240169543436 0.813671346114708 0.139890104883732 0.564242588845878 0 0 0 0 0 0
14.3828442072188 7.44486427783925 -0.0307045515099455 -0.81698955159764 0.335055552826653 0.469324886512863 0.558799430784497 0.259054369084742 0.787803293984627 0 0 0 0 0 0
14.6655099097777 7.80370246910914 0.297112918688086 -0.814064202852216 -0.369231413765841 0.448294140852927 0.471751922917275 0.0298252881160771 0.881226744608132 0 0 0 0 0 0
14.7173082686876 7.87040182506788 0.836816582328958 -0.631553391235095 -0.759510676108567 0.1558327529647 0.412258044478614 -0.158734222022207 0.897132516143336 0 0 0 0 0 0
14.6248045643842 7.89308337091405 1.33331816606973 0.300554887987421 -0.886762998969008 -0.351166830675049 0.457948833314579 -0.18879849827223 0.868699023319335 0 0 0 0 0 0
14.7203003629492 7.68039222525471 1.74623696382145 0.728448828565635 -0.232772232636546 -0.644344156390629 0.673309975200866 0.0695064995094402 0.736085948664252 0 0 0 0 0 0
15.1162266971471 7.47914711286476 2.08467356121312 0.587515687055712 0.474850410213727 -0.6552422493882 0.766700887925452 -0.0676467296358406 0.638430629296481 0 0 0 0 0 0
14.8285329553284 8.12731939124907 2.48434721063541 0.250623889222302 0.652635001976675 -0.715021132796781 0.42543129014864 0.589202070164294 0.686912758562959 0 0 0 0 0 0
15.2771186198639 8.46114863371576 2.6326396547037 -0.474362888849352 0.563576486202381 -0.676284994571279 0.370521493723086 0.824676167784926 0.42734417157226 0 0 0 0 0 0
15.5713831432156 8.91294980473051 2.59278487722821 -0.956378881890373 0.240741447128662 0.165478064735233 0.292069151308916 0.799461876722206 0.524934584992738 0 0 0 0 0 0
15.559242871843 9.39239533825982 2.63065246491026 -0.597787067368333 -0.230809083720375 0.767709443057286 0.427000995782828 0.718823022577914 0.548601505477724 0 0 0 0 0 0
15.4437396283964 9.86050607844631 2.86104284013476 -0.271467573173904 -0.625900629673448 0.731131833864079 0.0460403299125024 0.750344021940361 0.659442292213587 0 0 0 0 0 0
9.74992676647949 7.60750466946849 -1.80951933886901 -0.851016023831149 0.092215412822055 -0.516979733471901 -0.470747215933403 0.302351902386798 0.828842799217098 0 0 0 0 0 0
9.55153304816163 7.95956123577476 -1.52775070195768 -0.749076761336288 -0.637133065931958 -0.181508848054524 -0.436674394461449 0.268820198904961 0.858516845427289 0 0 0 0 0 0
9.25574393990831 8.22451055978498 -1.28069665665813 -0.0944712441161562 -0.978103699038423 0.185440928498805 -0.311780214504722 0.20597198547961 0.927560585105348 0 0 0 0 0 0
8.91471032555918 8.20882308050028 -0.892205070345821 0.531839581024221 -0.811075862917752 0.243521261183093 -0.110809744041497 0.218438674397646 0.969538934830807 0 0 0 0 0 0
8.66488203501761 8.15326485625782 -0.330655454631059 0.847325158572783 -0.513766270079557 0.134477862037391 -0.151389268810635 0.00904380163451075 0.98843284999082 0 0 0 0 0 0
8.68591138542321 7.88684562660616 0.0640437197049044 0.957238837318577 0.275609968444237 0.0879372140970151 -0.110259370738461 0.066541873790744 0.991672854421647 0 0 0 0 0 0
8.78090208075978 7.66868387484342 0.570104388515185 0.474905296571968 0.866063039920286 -0.156204257854657 -0.0829997657577171 0.220785187836656 0.971784410101384 0 0 0 0 0 0
9.01263177218616 7.61436988435473 1.00413495679935 -0.282716123211379 0.940926425248957 -0.186357334024042 -0.0556630055922694 0.177862460123341 0.982479808997267 0 0 0 0 0 0
9.20563752815773 7.90924380230702 1.35217190893383 -0.957466334413479 0.214100932948444 0.193439936350852 0.237750049625826 0.205499060131248 0.949339270328627 0 0 0 0 0 0
9.2619626842238 8.18335627159511 1.82629133884091 -0.949510269131909 -0.310249838845691 0.046639964722023 0.0155177927646982 0.102035795674381 0.994659687787138 0 0 0 0 0 0
9.10436362740615 8.32894009684073 2.32152863069301 -0.560925986381705 -0.827775501382376 -0.0122375288709035 0.0341112570277297 -0.037879243687396 0.998699947452516 0 0 0 0 0 0
8.83208063112042 8.2362942185257 2.70497172947209 0.210971243653889 -0.97577983387111 -0.0578346795754944 -0.231781137083954 -0.107416473438754 0.966819117377212 0 0 0 0 0 0
8.60014829535421 8.07111906898294 3.13702238467325 0.644661501837905 -0.735075057157268 -0.209943345675295 0.010009093704345 -0.266487185124411 0.963786489948726 0 0 0 0 0 0
8.55652355760946 7.64115909327069 3.3554177793751 0.979561388426096 0.0746062865144316 0.186797720321386 -0.147147563017637 -0.367367011236895 0.918362169164671 0 0 0 0 0 0
8.55832834413039 7.31638991666424 3.76267216459951 0.678293962037085 0.706919566406647 0.200454552693297 -0.114324162082214 -0.167951784876614 0.979143597191422 0 0 0 0 0 0
8.72162039178967 7.21677659459098 4.27831047125278 0.0486924130969809 0.994455757687123 0.0932029769359522 -0.241990841736011 -0.0787879143486827 0.967074400999468 0 0 0 0 0 0
8.95949872468225 7.28629191467774 4.70748835019699 -0.760349295517403 0.649454623301282 -0.00881141752378773 -0.0405250367529535 -0.0338962427690319 0.998603407826308 0 0 0 0 0 0
9.0664431010592 7.42408657743217 5.19714561533516 -0.960578654341128 0.239672225452722 -0.140875381705698 -0.123727531550076 0.0852262326663032 0.988649577556191 0 0 0 0 0 0
9.16730614185673 7.75823461152062 5.5606634980069 -0.757466078172275 -0.63277452121965 0.160753058177925 0.0642680925056913 0.172759284678843 0.982865118845375 0 0 0 0 0 0
8.89686998098942 7.88035823268183 6.00399214492157 -0.198870313944155 -0.979473317666142 -0.0329031641614017 -0.114730333141022 -0.0100745526703923 0.993345586412826 0 0 0 0 0 0
20.0338813367894 -1.33949462030008 2.71096192998511 -0.578314656986316 -0.640024784449718 -0.505885790277702 0.695968473414962 -0.0635130414172757 -0.715257979740439 0 0 0 0 0 0
20.3954988783782 -1.6259875707128 2.43592863552101 -0.804601255277544 0.162706326878594 -0.571089722547585 0.593526163943722 0.190337157351227 -0.781983669423925 0 0 0 0 0 0
20.4863692393338 -1.67631635547859 1.98681590640627 -0.55810729748295 0.827466458171126 -0.0617697749551697 0.592741378332382 0.34548094731854 -0.727530462216198 0 0 0 0 0 0
20.5236322447133 -1.52218093172778 1.52573909388726 0.068098446644817 0.864534074303039 0.497939188991539 0.533618119223581 0.390145823238552 -0.750358540596295 0 0 0 0 0 0
20.5712936687846 -1.08174724165795 1.19683223913864 0.581737107253274 0.330910582740401 0.743020944708157 0.543396393754361 0.521617174685276 -0.657750623206172 0 0 0 0 0 0
20.739792140329 -0.516384598881469 0.9330273314718 0.260263632501543 0.205918505800077 0.943324128052584 0.206111190339426 0.942625338376343 -0.262632154672178 0 0 0 0 0 0
20.7019815330582 -0.053922823366478 1.05893756144968 0.929745626787091 -0.0615520325438073 0.363021234585533 0.153498575160569 0.960962405819297 -0.230194357067381 0 0 0 0 0 0
20.7020333501163 0.377809797828362 1.32342753214271 0.86363821927277 -0.0963938925574123 -0.494810310815153 0.00744417422420518 0.98387973307484 -0.178676397755 0 0 0 0 0 0
20.9381627165783 0.771198750823432 1.35656474878309 -0.172307268686045 -0.0492009562773394 -0.98381373799076 -0.108174297582596 0.993656341179832 -0.0307473084289113 0 0 0 0 0 0
20.9469677889049 1.28586315870162 1.15690898441864 -0.601213522968855 -0.27994623783685 -0.748446660571328 -0.174144223457573 0.960014592392014 -0.219193457545507 0 0 0 0 0 0
20.9514799378203 1.69848183161556 0.8405726441493 -0.872841957709474 -0.410702353902221 -0.263572558057679 -0.307983571302663 0.882557479056935 -0.355300458722368 0 0 0 0 0 0
20.9795008784239 1.93096175922394 0.486130144803638 -0.774334507996703 0.0746876853194116 0.628353260027456 -0.141970646176644 0.947188289649156 -0.287539005311788 0 0 0 0 0 0
20.6024227121606 2.18727560149082 0.278625005517945 -0.00696119805099206 0.319625801230619 0.947518278931536 -0.143879670730662 0.937361625937653 -0.3172567139872 0 0 0 0 0 0
20.3117746765701 2.60424207818769 0.11646646867513 0.523988620432858 0.0488891860102291 0.850320982422597 0.125045831362153 0.983117367925736 -0.133580615890638 0 0 0 0 0 0
20.2768194654326 3.10889896120413 0.414637916812008 0.979789415702602 -0.186721981296713 0.0717467948955465 0.181735108785369 0.980800307446408 0.070732645559179 0 0 0 0 0 0
20.429999960123 3.60952284912065 0.605023808443448 0.816297393266563 -0.481231954978353 -0.319490799951937 0.461158877081593 0.876007002308674 -0.14122401352113 0 0 0 0 0 0
20.8276998089775 3.9304620444085 0.735383689975751 0.337770305439673 -0.479864129836101 -0.809717010849983 0.640371496785456 0.74764087403889 -0.175947348860731 0 0 0 0 0 0
21.3414450109046 4.04289638029988 0.641545325670007 -0.114205421506548 -0.168515291372473 -0.979060630539377 0.82963805086053 0.525945836669408 -0.187301044990295 0 0 0 0 0 0
21.748779627756 4.19035833440786 0.419012264506909 -0.60227995348947 0.29572466061378 -0.741488895890955 0.708395000923485 0.626199108470716 -0.325655031002281 0 0 0 0 0 0
22.1130814321592 4.44135201262999 0.116848756397129 -0.825218381595424 0.437829814631684 -0.356818828113953 0.564628233052383 0.655671384595166 -0.501288334058556 0 0 0 0 0 0
12.6952416079464 -2.03992545992102 0.0123314676707126 0.548327057753069 -0.485405669448009 -0.680968996213186 0.551861771396115 0.821850117653366 -0.141460133552498 0 0 0 0 0 0
13.1264046299071 -1.74398078581455 -0.00345588982801387 -0.0369944266768275 -0.388656596302849 -0.920639702894209 0.636229855374645 0.701268032240351 -0.321612683343965 0 0 0 0 0 0
13.5988177532441 -1.54836342199709 -0.198381747193974 -0.628457384463105 -0.0665109833323747 -0.774995229023994 0.458192942935676 0.77347904966332 -0.437937651699271 0 0 0 0 0 0
13.9031223291058 -1.37709041428557 -0.610963611463883 -0.876379811970408 0.470189558147951 -0.10430821913611 0.475422816048687 0.809935899404449 -0.343477779246697 0 0 0 0 0 0
13.8826554917651 -0.978827027694765 -0.976459734895625 -0.51169333846326 0.437992294633686 0.739143204808001 0.454119393052025 0.868183985287033 -0.200080345224578 0 0 0 0 0 0
13.7492969616059 -0.446718034983371 -1.15073118371364 0.388519035442997 0.0939736245544621 0.916636196637762 0.496006825953052 0.817033285565575 -0.293996324612912 0 0 0 0 0 0
13.7507584757922 0.105743782567227 -1.11020019449054 0.796395951724668 -0.322994152646596 0.511300562714993 0.538383307514468 0.763763603049126 -0.356101913568571 0 0 0 0 0 0
14.0952266423482 0.50175950037566 -1.06200476002522 0.692656174152552 -0.715981075165689 -0.0871695153877425 0.624548589535547 0.655830692517962 -0.424057970165128 0 0 0 0 0 0
14.5671330506821 0.660699543660482 -1.04215932993688 0.0746025136379427 -0.532731250598632 -0.842989845487191 0.57345243500974 0.714508023625929 -0.400787461075776 0 0 0 0 0 0
15.0707097350381 0.897201256204486 -1.17141771665473 -0.516190414586452 -0.209564354900701 -0.830439785321078 0.533537180595396 0.679806388067509 -0.503191168111007 0 0 0 0 0 0
15.3128964599756 1.16061116228301 -1.57726813403305 -0.881363553826937 0.184484450826892 -0.434929618890976 0.425438563852577 0.710228381059684 -0.560872244922494 0 0 0 0 0 0
15.4423183735505 1.34886941830035 -1.91889698105179 -0.80755129398675 0.540251727497888 0.236619903042564 0.420829270579041 0.808885277351026 -0.41061823280106 0 0 0 0 0 0
15.4409085174551 1.69872564135374 -2.25324162118887 -0.312924151971522 0.573728915049165 0.756910567471092 0.461429825707406 0.788398079594557 -0.406830411890813 0 0 0 0 0 0
15.3786888297977 2.12121950727836 -2.450429672385 0.305363501252536 0.255092572524347 0.917431693122547 0.674616547591372 0.622006422985149 -0.397492796766327 0 0 0 0 0 0
15.6166747015653 2.61896759385403 -2.44830604730696 0.594336438044114 -0.547576723715051 0.589002487310984 0.788401691524065 0.541245640335599 -0.292362667965144 0 0 0 0 0 0
15.9786735148475 2.83798050165338 -2.25629949649997 0.519827435703207 -0.804602889435321 -0.287042901675967 0.837103121829999 0.546789551463082 -0.0167197438159228 0 0 0 0 0 0
16.3904175150844 2.9682674208495 -2.06639319226541 0.321166060754481 -0.526727432078628 -0.787026412336526 0.919610665123896 0.371964077948948 0.12632873507629 0 0 0 0 0 0
16.8683866742235 2.97492190499106 -1.92036334181752 -0.1874366557148 -0.0422788975289469 -0.981366391781473 0.855851349879626 0.483278157197609 -0.184284263258978 0 0 0 0 0 0
17.3495554285497 3.00524061397257 -2.15510367280349 -0.612576582010744 0.162791895531363 -0.773465403183193 0.76949818453778 0.346438183101886 -0.536519458437552 0 0 0 0 0 0
17.7350183848006 2.9178545581143 -2.50593920255226 -0.682234060349639 0.593598178013931 -0.426846447750694 0.700743786528596 0.364304073051584 -0.613384616696239 0 0 0 0 0 0
2.60039432745672 8.87599640715083 6.06964913691063 0.272169032230574 0.150680530116814 -0.950378553913328 0.948874318361567 -0.206129440720471 0.239056858554901 0 0 0 0 0 0
2.78162175070451 8.4365267957441 6.14308686657646 0.466829069368288 0.764216883199667 -0.445020421357633 0.881878418419606 -0.364710423124357 0.298792172571818 0 0 0 0 0 0
3.2772411670455 8.19729655237503 6.31199843208731 0.140877924958311 0.961840642799464 -0.234554872297624 0.957621914591663 -0.0722681728918312 0.278814597682179 0 0 0 0 0 0
3.83078578623785 8.19282986763609 6.34643384409808 -0.18301570348289 0.960807150360084 0.208218327953131 0.906162163687617 0.0827231369225838 0.414761396128743 0 0 0 0 0 0
4.20261366907668 8.49483622676066 6.3257214055512 -0.234944560688893 0.351934341123022 0.906059199468229 0.971860428919384 0.101338034271803 0.21264503170909 0 0 0 0 0 0
4.71665085856342 8.62299368402954 6.62300740557738 -0.527195605013986 0.0778593501791369 0.846169436722705 0.84929922319919 0.0160667811019363 0.527667213325099 0 0 0 0 0 0
5.0710777516501 8.88222828483894 6.92432760392782 -0.47973289426006 -0.563186368051114 0.672813098123291 0.798586306590472 0.0373985260548794 0.600717288893131 0 0 0 0 0 0
5.30580403789981 9.07671744746121 7.3043700980652 -0.119827851596668 -0.986486233673814 0.111741651830377 0.919140718143367 -0.0676898036982694 0.388070136349328 0 0 0 0 0 0
5.64460728799319 8.92429749842551 7.61310506791366 0.0665269515475909 -0.762470484496256 -0.643593757730627 0.991130931605423 -0.0238681396240727 0.130727917163295 0 0 0 0 0 0
6.176137982038 8.73185656304459 7.68154660484505 -0.196032993676755 -0.30606153393433 -0.931610113103059 0.980570639406909 -0.0541780176196508 -0.188536371928418 0 0 0 0 0 0
6.54111375377635 8.50515946445195 7.65386569455803 -0.0647581275424002 0.479175855629202 -0.875326730026694 0.97482916882569 -0.157152844875076 -0.15814890121112 0 0 0 0 0 0
6.9559326307708 8.34078417982276 7.37291736786662 -0.164152061668981 0.869413461219182 -0.466019671366677 0.977993685633247 0.08176798086982 -0.191943606733776 0 0 0 0 0 0
7.33605612134233 8.24772020616811 7.02545129707071 -0.020405863249491 0.98578420443748 0.166772608741983 0.965429604561923 0.0627847018480066 -0.252989643758926 0 0 0 0 0 0
7.65759024062592 8.52129311526374 6.76939441002676 0.0679540125812377 0.510540989163811 0.857164016135621 0.935575713279714 0.265798877289035 -0.232484497446699 0 0 0 0 0 0
7.97116061792919 8.91578054887049 6.68053871442616 0.383150352378586 -0.203102060421629 0.901080107717762 0.908341740662296 0.259921881357513 -0.327652098668941 0 0 0 0 0 0
8.36564507452534 9.23015140149106 6.72706380743403 0.397164548124757 -0.774982512328497 0.491591728264286 0.911617639214231 0.271335493654188 -0.308756100760635 0 0 0 0 0 0
8.85459169190644 9.37107117258875 6.82319992442034 0.137819794967063 -0.9896283266885 -0.0405151716145597 0.972758228951749 0.14294220840939 -0.182507405498255 0 0 0 0 0 0
9.29827440677524 9.42503075120834 7.03884648942213 -0.0880996398541289 -0.573786643378493 -0.814252627467676 0.912746534662029 0.280856790509925 -0.296670232222449 0 0 0 0 0 0
9.80260846026494 9.16533430270007 6.98999336353615 -0.348764590436603 0.322635413519584 -0.879925934610769 0.936212834124184 0.163241107400011 -0.311219970560989 0 0 0 0 0 0
10.0920813966692 8.99526644234167 6.6940332410014 -0.0333614457760062 0.983616832321952 -0.177157955250857 0.985211816555112 0.0025590116538681 -0.171321709014159 0 0 0 0 0 0
0.131168109291832 5.56415909183839 7.67067815774985 0.994708550490594 -0.00211172851718874 0.102715335678611 0.0404825465478844 0.926955458478747 -0.372980886134205 0 0 0 0 0 0
0.327067844556114 6.04826403612001 7.69103094469979 0.749309896390544 -0.442449009318125 -0.492720563123361 0.345114555803884 0.895922490078613 -0.279676304222626 0 0 0 0 0 0
0.6860267743996 6.28601620257357 7.6960520665061 0.0659997985462463 -0.246231003867617 -0.966961384609644 0.27886223744778 0.935012219574887 -0.219061639205186 0 0 0 0 0 0
0.955761259134168 6.66444638321367 7.49260921685221 -0.599809544081104 -0.0253906540472436 -0.799739848648467 0.147669474596701 0.978814721941456 -0.141829004025991 0 0 0 0 0 0
1.05877536888727 7.10637748789728 7.2413251543617 -0.990131245892903 -0.140049998204359 -0.00511017705413733 -0.13849081763674 0.983389197149482 -0.117328514692741 0 0 0 0 0 0
0.78011864393571 7.57966229340252 6.92556070012925 -0.662083628438228 0.0622826356918218 0.7468374269179 -0.230471301436432 0.931325738546105 -0.281984659043271 0 0 0 0 0 0
0.522626480327109 7.94512505647145 6.66773642935331 0.135132925098878 0.186106090659137 0.97319248639403 -0.0340115391729697 0.982494185758562 -0.183162196300729 0 0 0 0 0 0
0.272939873019418 8.37526476238857 6.77698957496669 0.661005281618972 -0.00379249526566689 0.750371664344733 0.116762006854314 0.988326803054168 -0.0978609427712639 0 0 0 0 0 0
0.21652529837107 8.8512188542965 6.94775002702825 0.977521023179212 -0.203749935731475 -0.0542089746452341 0.208823137167212 0.971091188426508 0.11564947532971 0 0 0 0 0 0
0.403560531631547 9.24289643796775 7.18675336898905 0.629778104006465 -0.110419953681792 -0.768886840531773 0.164084143332427 0.986419613758684 -0.00726219657077617 0 0 0 0 0 0
0.739678936296333 9.51886063205645 7.31038946642969 -0.132802525701114 0.140690058328591 -0.981106414541716 0.217804510342857 0.969820246604326 0.109589618808688 0 0 0 0 0 0
1.05994295693881 9.92120705509243 7.28016151925099 -0.76130455022884 0.0866596246768346 -0.642577225904975 0.241761984314574 0.957500722545532 -0.157300696963064 0 0 0 0 0 0
1.2361989389136 10.3318294884265 7.01194287831483 -0.973015317441287 0.174599827355973 0.15085122575537 0.162959126965557 0.982837805484897 -0.0864532882443322 0 0 0 0 0 0
1.1022445465329 10.7250418525425 6.73885208427764 -0.51891682004745 0.188430924483449 0.833798009454422 0.164534839592041 0.979180323930101 -0.118887256628132 0 0 0 0 0 0
0.884722506498137 11.1873494911897 6.69833530247907 0.201034147817975 -0.0190410046754623 0.979399158439525 0.179058467597295 0.983680464207453 -0.0176297906487793 0 0 0 0 0 0
0.199178288795703 10.597801760885 6.82014876072126 -0.0906357576580579 -0.307443839950598 0.947239908740221 -0.205826065282145 0.936401580290952 0.284231791464427 0 0 0 0 0 0
0.0215833428202772 11.0770175914654 7.13463042729193 0.160993214295557 -0.704879215573425 0.690815804975088 -0.0740389036481162 0.689348393853997 0.720636546837238 0 0 0 0 0 0
-0.210997395644017 11.2156481118895 7.5875470806008 0.618886703603374 -0.654543955768778 0.434225123719838 -0.156338716472571 0.439107281519251 0.884727642299303 0 0 0 0 0 0
-0.420998151969319 11.3171885531359 8.05939623344742 0.934803759859389 -0.349660355786755 0.0622861633417144 0.0594918044767387 0.32705229416555 0.943131762841838 0 0 0 0 0 0
-0.408862573019698 11.2611601458621 8.55202932003143 0.893513669043866 0.306246624249935 -0.328399647331246 0.103638587359208 0.570950502039245 0.81441670380176 0 0 0 0 0 0
6.50991976959305 1.21981619673125 11.4617809726164 0.612020473461995 -0.520150889498016 0.595713011623702 0.787235541423859 0.328846109815112 -0.521651644661983 0 0 0 0 0 0
6.98216659525103 1.39946218599224 11.3550593210092 0.287230353568742 -0.904254228124883 0.31594780408645 0.824241778814301 0.0652901021697871 -0.562461280992476 0 0 0 0 0 0
7.51347362347738 1.34240031645823 11.4330618244539 -0.249156755369086 -0.853700754243409 -0.457291956476585 0.897202119945689 -0.0256960972447965 -0.440871938947522 0 0 0 0 0 0
7.89814112538034 1.12201088248478 11.4064422166644 -0.370712409784899 -0.319694499876306 -0.87199067425077 0.926818173360573 -0.0668522498812268 -0.36951163745461 0 0 0 0 0 0
8.23524445184902 0.755484513738152 11.2790075843193 -0.333169910019409 0.534201026703558 -0.776934407866278 0.937336024504814 0.0985363191087406 -0.334203188168531 0 0 0 0 0 0
8.65451343858588 0.67936656103952 10.9481003286995 -0.363406443528626 0.904720608833269 -0.222297945906471 0.893173592716583 0.270492467354265 -0.359269757116228 0 0 0 0 0 0
8.89179073289911 0.768067981928064 10.4982353405515 0.0379506297319394 0.715199995170627 0.6978887566159 0.978345369854192 0.11561147987054 -0.171680875484165 0 0 0 0 0 0
9.19334382382044 1.0573675808047 10.2507510809204 0.263563433132154 -0.0341567922442601 0.964037151908149 0.961193116051823 -0.0751343369348379 -0.265447970547805 0 0 0 0 0 0
9.70457531453689 1.09316805501475 10.3149716423695 -0.102550979144501 -0.306663882179929 0.946277210992021 0.993891205917831 -0.0705946616190548 0.0848331571385393 0 0 0 0 0 0
10.1032592752514 1.37806486260774 10.5156019461503 0.0380024427568199 -0.853462820379654 0.519766321123369 0.999243155307539 0.0281344146510542 -0.0268620789083137 0 0 0 0 0 0
10.5696527026541 1.23485045927774 10.6905192885608 -0.229774629012218 -0.936837420139416 0.263702992187844 0.972962835923753 -0.227626415993613 0.0391092655659821 0 0 0 0 0 0
11.0040984445087 1.04068519121844 10.9608527649173 -0.441970596566412 -0.80958662689341 -0.386304912376326 0.87716441619831 -0.480182195340813 0.00276518230036178 0 0 0 0 0 0
11.268104950368 0.643709179642516 11.1367580905706 -0.274204284163938 -0.376632397405001 -0.884850296813592 0.834323639978772 -0.550746859322556 -0.0241238620231797 0 0 0 0 0 0
11.5131757487744 0.219474702043195 11.0858430631207 -0.0202967774640145 0.394338695796414 -0.918741004757139 0.663667508395563 -0.681959759684382 -0.307370012316174 0 0 0 0 0 0
11.5686869338648 -0.157953503959732 10.8966487724241 0.539842781171411 0.675454280649647 -0.502325876666914 0.763993778648804 -0.643688333814438 -0.044484099373984 0 0 0 0 0 0
11.806646206713 -0.479391158274255 10.6384334695493 0.618375476047082 0.645833001717952 0.447785109751903 0.737036200009631 -0.674337781152084 -0.0452349067230873 0 0 0 0 0 0
12.2098081945681 -0.554293013085161 10.3793989809184 0.278644959314707 0.102862607536271 0.954869766313367 0.565044356801082 -0.821516459428226 -0.0763909794135741 0 0 0 0 0 0
12.7242907258545 -0.741531845806853 10.3762523840172 -0.375395737446171 -0.292718427955552 0.879428201868961 0.69196880248253 -0.719767625843072 0.0558009066155706 0 0 0 0 0 0
13.0271311434089 -1.08824712076422 10.5673903589307 -0.78933360171161 -0.54190671156062 0.288599343683474 0.544910816752138 -0.834916354795658 -0.0773749460823638 0 0 0 0 0 0
13.187455855532 -1.39398892717115 10.7949239917829 -0.548198354767213 -0.453583375895686 -0.702666837798393 0.772553654124858 -0.596464864421827 -0.217693631070319 0 0 0 0 0 0
8.85164969318835 13.8570515458613 18.921649356044 -0.752823373873494 0.417618300911095 0.508774923216406 -0.169257413887034 0.624139272507096 -0.762759527215876 0 0 0 0 0 0
8.51521468640023 14.0039268981416 18.6079318275509 0.0928574213441247 0.809033662321698 0.5803809374296 -0.206295821610093 0.585883504360883 -0.783697998787816 0 0 0 0 0 0
8.20771931298785 14.311346720901 18.4802405050011 0.948120594535646 0.302535345410405 -0.0976714031576289 -0.280046376091046 0.64938721413219 -0.707015044648915 0 0 0 0 0 0
8.05650633455636 14.7919845571395 18.1842017119444 0.863209172751286 -0.354459982712307 -0.359483024263498 -0.105450680807017 0.569763101432403 -0.815015436763908 0 0 0 0 0 0
8.29053260197744 15.1314499152465 17.9962378175957 0.23755082766615 -0.625695741545687 -0.743017121799168 0.0800886638726358 0.7749242287301 -0.6269595247272 0 0 0 0 0 0
8.54743999312131 15.5090964611226 17.6470577613203 -0.376698077865043 -0.631587147749654 -0.677640194299482 0.272910251476033 0.623392323665006 -0.732735972526825 0 0 0 0 0 0
8.87986194380357 15.5165229415564 17.225879898596 -0.795198260026186 -0.346574769936484 -0.497539602539133 0.254334752843565 0.554228069156805 -0.792556042721726 0 0 0 0 0 0
9.03432275243682 15.4287660187536 16.7518664365092 -0.888937783981827 0.395338580373856 -0.231294234855656 0.367948354947671 0.315641997187637 -0.874633716307977 0 0 0 0 0 0
8.94040967205855 15.3830066783316 16.2435002627616 -0.288152711220393 0.936917478748213 0.197872820347887 0.349087223581244 0.295196337986084 -0.889380251845038 0 0 0 0 0 0
8.96815376491399 15.5135583268436 15.6933121417946 0.16453197729283 0.751533174536525 0.638848273081461 0.637686541214903 0.413077159600728 -0.650171619935514 0 0 0 0 0 0
9.02921346003406 15.882347563018 15.3513405303708 0.609638164637547 0.178441313546727 0.772334128364844 0.574230490502826 0.572252076472009 -0.585480063495212 0 0 0 0 0 0
9.29534383029717 16.3552201440611 15.2118191683649 0.522738397006949 -0.271663489653304 0.808049204370622 0.696197742139038 0.683070396244791 -0.220734088021061 0 0 0 0 0 0
9.54620601670225 16.7629107710429 15.4474494075434 0.603574221844881 -0.760256652606435 0.240224854858954 0.779997197850122 0.625472695850452 0.0197047733182783 0 0 0 0 0 0
9.89124088595903 16.9730929240108 15.7115030930558 0.536014699271569 -0.682049272900856 -0.497490735089834 0.772818653222136 0.633605235671517 -0.0359963131662689 0 0 0 0 0 0
10.3265787595344 17.1290374551193 15.8545441115835 0.0749585771443385 -0.217694475953564 -0.973134279969521 0.702105629923482 0.704507872523129 -0.103519766144858 0 0 0 0 0 0
10.8154378085425 17.2049970637492 15.8290137468334 -0.457336518374146 0.113416471773877 -0.882031752768448 0.635813984339537 0.735152289907066 -0.235141846472888 0 0 0 0 0 0
11.1700382864683 17.3585358193019 15.4617355851722 -0.843251244404151 0.493523563281858 -0.21298317139255 0.534077937710111 0.724506726850851 -0.435718669784967 0 0 0 0 0 0
11.2584490345466 17.624345302941 15.0032446254466 -0.45753934892209 0.686103264449338 0.56561475820554 0.559069090210424 0.716612716799254 -0.417022740978091 0 0 0 0 0 0
11.2070063364236 18.1005356592961 14.8912456902191 0.321253799868088 0.267138124774247 0.90853355379007 0.601337483667502 0.683596106085359 -0.413629779490514 0 0 0 0 0 0
11.2900537892414 18.5718588549798 14.8595769478332 0.83925148361977 -0.326578487881471 0.434745257012732 0.541019417281697 0.581470747704471 -0.607609874580867 0 0 0 0 0 0
11.3686499939439 0.432129767076142 0.68631044266047 -0.962316027045642 -0.0229861806037571 -0.270960328447435 -0.239314095311135 0.54477436323317 0.803709933339951 0 0 0 0 0 0
11.2399427489624 0.895062777676462 0.809507249871559 -0.734308324094924 -0.614539537228708 0.28832697124555 0.0897122217202126 0.333167180860484 0.938590084579793 0 0 0 0 0 0
10.9791974425586 1.20764246090338 1.20193558269209 0.0673043435817108 -0.920103605772387 0.385849037811016 -0.0346184719362777 0.384339511314715 0.922542520127482 0 0 0 0 0 0
10.7774536068259 1.23225211444846 1.60179888949655 0.816660106478121 -0.53984873695093 0.204033359281348 0.0497145470342002 0.418029749382361 0.90707198856789 0 0 0 0 0 0
10.7928914389077 1.19928987293805 2.104300536601 0.934534016489751 0.107688192545239 -0.339189364824245 0.271795767277659 0.399277488858888 0.875616667144071 0 0 0 0 0 0
11.1649289437269 1.29294609691613 2.53731589092764 0.745705544936614 -0.0323336919543789 -0.665490625490239 0.599610394529985 0.468060421393294 0.649143140375626 0 0 0 0 0 0
11.550504683657 1.31106866043186 2.73495687475877 0.0497029776936015 0.830417033208021 -0.554920863697141 0.461004902906565 0.473805293526353 0.750321946448668 0 0 0 0 0 0
11.9250594771591 1.54242262221877 2.83482821187399 -0.728361031307566 0.671641565367955 0.135601680456633 0.422013901703905 0.283816496861021 0.861018270931683 0 0 0 0 0 0
12.1573914485054 1.93435446149691 3.09965699339959 -0.941303367467777 0.0229102607680726 0.336783447255596 0.331172066616197 0.2558790722848 0.908213060168058 0 0 0 0 0 0
12.4752895480558 2.1086643349851 3.56256573008765 -0.964593239033183 -0.241163433885244 0.106771163560919 0.103486791851453 0.0262815590549118 0.994283542841748 0 0 0 0 0 0
12.3782177855974 2.43639108817566 3.95804480336761 -0.321536074130195 -0.943834246485001 0.0761016964005009 0.227055599780759 0.00117333832645696 0.973881090218602 0 0 0 0 0 0
12.5171789819769 3.74026583723459 3.66955412579227 -0.429791486166432 0.537624990797026 -0.725423081855925 0.145253759577631 0.834115674326931 0.532120650953047 0 0 0 0 0 0
12.3019251783725 3.32678008677536 4.32360174291129 -0.555299149713768 -0.265596885652404 -0.788099707307971 -0.161049214657209 -0.895352940810556 0.415218330327775 0 0 0 0 0 0
11.9225180925424 3.0465710902382 4.62915820719466 0.230209046916062 -0.409688869792091 -0.88269973642597 -0.220103502996087 -0.905477204915519 0.36285738155263 0 0 0 0 0 0
11.6860537401442 2.62347507899189 4.61469525580669 0.90400309771107 -0.258621905854232 -0.34043076996816 -0.100655600246637 -0.902647498452646 0.418444672180408 0 0 0 0 0 0
11.6620590148997 2.06370512444275 4.57521121443276 0.932131014349204 0.118445329985433 0.342202390250224 -0.0906536327192012 -0.838577450227492 0.537186912391552 0 0 0 0 0 0
11.7507861410811 1.60592193187171 4.64742358754319 0.590786255513545 0.532313681510186 0.606311590498942 0.0639800251112565 -0.780017771878973 0.622477977072062 0 0 0 0 0 0
11.8774846125669 1.09609869710776 4.88727584671431 0.651782927026543 0.677221411319928 0.34139445819544 0.361610895693076 -0.673189907616291 0.645021634055495 0 0 0 0 0 0
12.2055394384139 0.758945861423874 5.23130121786117 0.324515719893284 0.894110037262194 0.308636985484797 0.651601012367049 -0.447840791246586 0.6122538251231 0 0 0 0 0 0
12.4957797335983 0.728862537372398 5.68393828347944 -0.450873178338792 0.866254194241935 0.21521395868515 -0.243596359168749 -0.351377195491891 0.903988318667881 0 0 0 0 0 0
13.8418101792138 -6.10933601908599 5.61755459109265 -0.0701381031232092 0.0292463664058365 -0.997108467791912 0.997525589068904 -0.00278525451890977 -0.0702491388559406 0 0 0 0 0 0
14.2091403723691 -6.43241658450939 5.45896646152122 0.131928456705804 0.841167084672494 -0.524435713862818 0.973835874648035 -0.208743385522779 -0.0898325567318703 0 0 0 0 0 0
14.5830751785049 -6.50708761244141 5.10649417534012 0.243820278751761 0.926046499326085 0.28807907378933 0.96587557586301 -0.205103420437968 -0.158167502591223 0 0 0 0 0 0
15.0649930569269 -6.44073859673016 4.92001595799121 -0.0531752541222509 0.741289156066092 0.66907606402251 0.969965582200796 0.197604120072399 -0.141842804104698 0 0 0 0 0 0
15.4380738116524 -6.0868446550834 4.76222071883839 0.0261627473151458 -0.195970513242344 0.98026071460222 0.966958161164843 0.253714802349106 0.0249141250229251 0 0 0 0 0 0
15.8769941261104 -5.85062188548351 4.87534591701386 -0.0211153445217269 -0.935585656351713 0.352467901878546 0.998797725765711 -0.00413985867674898 0.048846336355768 0 0 0 0 0 0
16.020864727678 -6.02668336745468 5.2769220705528 0.501296059734203 -0.718611081380812 -0.481975491297702 0.77586972109512 0.619897061481318 -0.117276634734329 0 0 0 0 0 0
16.522068837726 -5.95591587148783 5.40111562814768 -0.112581938944272 -0.0618977786247584 -0.99171264589339 0.645663047858987 0.754076876098445 -0.12036317361658 0 0 0 0 0 0
16.9685405902941 -5.82613775615675 5.15202050293306 -0.476955657500474 0.100629779763714 -0.873147724158403 0.570971430275341 0.790731451397312 -0.220760951212923 0 0 0 0 0 0
17.2935577959739 -5.62210614927199 4.83360620886056 -0.846252604180562 0.353845373813762 -0.398308901919374 0.483524864598603 0.824029441607278 -0.295261214315901 0 0 0 0 0 0
17.4251380737836 -5.30967305605122 4.47338722023004 -0.779238200264552 0.453448266041255 0.432634369037693 0.450031437612944 0.885276175819206 -0.117293638731813 0 0 0 0 0 0
17.4728613561364 -4.8964941024471 4.15918204167345 -0.478549065035509 0.254165279168226 0.840470584386495 0.366207028386085 0.927740262162246 -0.0720445579052324 0 0 0 0 0 0
17.5152734692661 -4.31113590288143 4.0775725103399 -0.313522848184662 -0.0794119877688857 0.946254278650707 0.196073950807158 0.969608391213839 0.146337191112111 0 0 0 0 0 0
17.3477192506925 -3.96625062345695 4.1277438301233 0.720362752260357 -0.169095632129571 0.672669437651649 0.286121417470562 0.955909952735138 -0.0661112450838919 0 0 0 0 0 0
17.4230156325909 -3.39262818458477 4.23971280440807 0.765525348313251 -0.637457410970687 0.0872868276913853 0.642355780077542 0.749463132989374 -0.16026248497613 0 0 0 0 0 0
17.8556527365508 -3.13665342403836 4.34522469267895 0.362290168504742 -0.808819856530391 -0.463202195036857 0.870239256795656 0.471513960006226 -0.142682239437819 0 0 0 0 0 0
18.3499399875177 -3.18983121738045 4.47454830068817 -0.0414540219455736 0.0508613170938484 -0.997845023281679 0.878887056606239 0.476873749443444 -0.0122052784389361 0 0 0 0 0 0
18.877614811414 -3.14686640811424 4.26648399409268 -0.496654052296527 0.651763025293617 -0.573183837174035 0.866792088881781 0.406531997511359 -0.288796138567297 0 0 0 0 0 0
19.1509303219939 -3.03708963950447 3.82601318099874 -0.370346391677771 0.890439892259127 0.264500186095981 0.807258951822163 0.449396686560385 -0.382590646529071 0 0 0 0 0 0
19.2866234107 -2.75897580235381 3.46535001386392 0.0201236473366457 0.557123987305894 0.830185462162674 0.74143771465875 0.548731576425667 -0.386217260508918 0 0 0 0 0 0
14.0844279682527 6.72778770811382 9.0759312961043 0.940790161652222 -0.334058439823863 -0.0576092919660727 0.272932087098177 0.645651599901071 0.713191480163231 0 0 0 0 0 0
14.382645786805 6.90185575884309 9.46263900957602 0.803015129607211 -0.050478928675401 -0.593816957809136 0.4389822670522 0.724000974747198 0.53208754709993 0 0 0 0 0 0
14.7747774927921 7.14826426994174 9.81163826562153 0.272756508747368 0.264863385547293 -0.924906089250348 0.600147539686651 0.704540393697438 0.378742345476075 0 0 0 0 0 0
15.1451199125798 7.4344200960503 9.83077688119688 -0.526099589064547 0.591949830629777 -0.610585473462555 0.517900678233246 0.792496297283245 0.322069101712491 0 0 0 0 0 0
15.4460499029861 7.83283552103885 9.76606360394621 -0.918040903691987 0.286786648568534 0.273777861324155 0.374006402787527 0.855592340581523 0.357883999938758 0 0 0 0 0 0
15.3134936024141 8.3247342496019 9.65201699907458 -0.392138198511966 -0.0019981436072918 0.919904147555556 0.36859045530943 0.91587347438281 0.159112712178344 0 0 0 0 0 0
15.1671318956085 8.80760409161823 9.7224800324263 0.495635219428983 -0.312245629634118 0.810461841196721 0.335420160257265 0.929560446858482 0.153005528427075 0 0 0 0 0 0
15.1896660911665 9.30377378701482 10.0206396942559 0.851556779560568 -0.518111123397326 0.0800744340997461 0.499243797216383 0.848024640331936 0.177791564284863 0 0 0 0 0 0
15.5050203414834 9.5712415093898 10.3568646803812 0.617951319445188 -0.389421042670268 -0.682998842108501 0.660986374908186 0.727711332598082 0.183120803280397 0 0 0 0 0 0
15.8867693231201 9.76147444340412 10.4963086247225 0.0251964503146206 0.180041188739129 -0.983336315432795 0.645943145617399 0.747800196513583 0.153467647157786 0 0 0 0 0 0
16.3285225059723 9.98561500337872 10.4348715958345 -0.591852687363019 0.505261230461704 -0.628029844397141 0.610422275586929 0.789789694741131 0.0601405316569968 0 0 0 0 0 0
16.5969527849562 10.2204729763197 10.1205731580795 -0.645961535494623 0.731816713130434 0.217204956307165 0.754824685181102 0.569874412281884 0.324781232320508 0 0 0 0 0 0
16.9149936631393 10.6025594771364 10.0134042534387 -0.555148653696271 0.382493331228764 0.738585691619287 0.735906197756931 0.639707512774105 0.221847619332068 0 0 0 0 0 0
17.0136467483634 11.0749427885084 9.98468086556235 -0.0702145286530634 -0.0820903634035558 0.994148425639904 0.742384550953782 0.661367270507501 0.107044439400703 0 0 0 0 0 0
17.0141122329225 11.4563481404978 10.2212390352225 0.807060157943026 -0.525113069556886 0.270018824605847 0.576097123605589 0.800540955377983 -0.165064481145622 0 0 0 0 0 0
17.2280056548067 11.8320083349848 10.3931142218968 0.588639125486151 -0.544645798436439 -0.597381732389292 0.530152380165514 0.817955622052225 -0.223354100383219 0 0 0 0 0 0
17.631532823748 12.104739891298 10.4473998544563 -0.199883880913474 -0.361389978617196 -0.910738007061323 0.550254055010554 0.727678701555219 -0.409517010937704 0 0 0 0 0 0
17.9888297212385 12.3244335893259 10.1710361967014 -0.724099498667609 -0.146851385900917 -0.673880246400129 0.489944420187156 0.578157591757601 -0.652447901537373 0 0 0 0 0 0
18.2914056557349 12.2541844491958 9.79172073483389 -0.825110384491469 0.525276581532018 -0.20803212804367 0.491814279162093 0.48658530753146 -0.72204809625591 0 0 0 0 0 0
18.2561576073641 12.4617659661986 9.38979924440413 -0.183537072423421 0.818192092202124 0.544863141810996 0.627688952839303 0.52411359497205 -0.575596662645791 0 0 0 0 0 0
2.06602057303739 2.44218601850801 7.97127497374423 -0.405847543772405 0.427805531527062 -0.807632464929905 0.885706543835803 0.402055224373226 -0.232110996638744 0 0 0 0 0 0
2.49593466456362 2.41403674785473 7.66293746858743 -0.508381481954537 0.837827442878659 -0.198981016092284 0.860249988650364 0.483661331164742 -0.161374328079156 0 0 0 0 0 0
2.87689778571383 2.6636478446983 7.35936825758105 -0.46345181969225 0.675799872002834 0.573155252811048 0.83118933573669 0.555734433275934 0.0168382846239032 0 0 0 0 0 0
3.07031639196431 3.12636165381384 7.12122462269316 -0.104344766821721 -0.0688819970890404 0.992152931817442 0.862940951391874 0.489663182232904 0.124751282063289 0 0 0 0 0 0
3.22801112172189 3.57955336894154 7.24480453298822 0.305778746798841 -0.74895573234212 0.5878474878725 0.905514300832795 0.419537457988142 0.0634993884391239 0 0 0 0 0 0
3.76267770084951 3.74999074798629 7.36213987096171 -0.17480974169581 -0.875850003643464 0.449809209916813 0.943099154633694 -0.0177066142334107 0.332039847520748 0 0 0 0 0 0
4.0756997187335 3.63784302871935 7.69826732650912 -0.0711614941044655 -0.958794740408812 -0.275043064848435 0.979566687951593 -0.119176808108461 0.16200614884821 0 0 0 0 0 0
4.42322519993568 3.42780900775487 7.9662723526365 0.0422045601737384 -0.491074944812586 -0.870094347572639 0.97857064080129 -0.15535386306266 0.135146876372568 0 0 0 0 0 0
4.75284556319676 3.16437086340754 8.07307636795606 0.201958078459291 0.181090891493191 -0.96250663559439 0.97637310094161 -0.114357773904039 0.183351758391842 0 0 0 0 0 0
5.00718665508933 2.80675520417354 7.97364472035548 0.373987116901971 0.809702986845517 -0.452233025645851 0.924924924560516 -0.289785676424997 0.246045007398305 0 0 0 0 0 0
5.52385899175215 2.6025997372963 7.90352765915255 0.155306197193262 0.987736243361219 0.0160342964932918 0.976016471003887 -0.155929520712472 0.151913899625739 0 0 0 0 0 0
5.94813661161775 2.75210417382922 7.68159949903938 0.0135707079993152 0.272299681006078 0.962116791043782 0.989044163096037 -0.145107729792009 0.0271180788454714 0 0 0 0 0 0
6.36836163585949 2.90686467480929 7.75219942357654 -0.0668568563174821 -0.62899113612313 0.774532317880848 0.980298141245899 -0.186013586913132 -0.0664417019163987 0 0 0 0 0 0
6.73384870648818 2.99660073816874 8.00617533534579 -0.0853549118214517 -0.994933957179491 -0.0531127092051638 0.939939258724447 -0.0627253467657662 -0.335529016303587 0 0 0 0 0 0
7.20985767830183 2.84037628551425 8.07946780287225 -0.444830672644528 -0.626760847788113 -0.639762856341742 0.877516730832512 -0.162129986082146 -0.451307273065729 0 0 0 0 0 0
7.53249837086762 2.51531543496444 7.87795731804428 -0.568028076423342 0.155416612708366 -0.808201571941714 0.815162072915315 -0.0290400780580557 -0.578504510567369 0 0 0 0 0 0
7.71616796646467 2.25949064494629 7.53166122792329 -0.137957334164444 0.886296185783753 -0.442093706147704 0.751687957436155 -0.196957767761439 -0.629422634136947 0 0 0 0 0 0
7.82250124279448 2.20513749288871 7.01567061914133 0.251172363668197 0.945349450678376 0.207910701579844 0.797385316453121 -0.0803189023116051 -0.598101605947028 0 0 0 0 0 0
7.91834975653305 2.35018761889277 6.5056060813146 0.664144778118382 0.545865374525852 0.510825514820702 0.565312675453402 0.0804414617528866 -0.820945034824364 0 0 0 0 0 0
8.1655784624759 2.66608627552149 6.15162729746765 0.769422273217694 0.0333754482685996 0.637867889871708 0.619381264214375 0.205012979907532 -0.757849937395022 0 0 0 0 0 0
12.1809912362767 14.9967527069167 0.269938345275886 0.606602833792859 0.741692685215552 -0.286225370525076 0.79327524327882 -0.540956073807879 0.279429623718196 0 0 0 0 0 0
12.6415036400765 14.7225214278438 0.137126142496793 0.34344892616977 0.935287729076705 0.0853211518403935 0.932141195536975 -0.350563340611632 0.0906539342892039 0 0 0 0 0 0
13.0623729472991 14.7309022061474 -0.0316409843093352 0.129433573075616 0.544409026511533 0.828773649444554 0.835350973119433 -0.510192245713378 0.204676877351492 0 0 0 0 0 0
13.5104422500081 14.889062146556 -0.105053022060689 -0.0812950197087889 -0.247549867479453 0.965458535039933 0.939878158387749 -0.341406683701518 -0.00839783957845774 0 0 0 0 0 0
13.947799065703 14.8009682359168 0.143850675285168 -0.569321171101449 -0.787010160150817 0.237672909594387 0.820763775187822 -0.560684393687938 0.109452437223767 0 0 0 0 0 0
14.2052893130266 14.4907236777518 0.357698672591852 -0.526984057812463 -0.653891811214571 -0.54287503353722 0.786812120470447 -0.616842143232473 -0.0207956104303182 0 0 0 0 0 0
14.4822119493003 13.998812577156 0.406616261389198 -0.507596788896875 -0.290833597819524 -0.811024856758986 0.646540943958689 -0.750762387601727 -0.135427638049124 0 0 0 0 0 0
14.446903106598 13.4836456642763 0.398468524788931 0.218585440079579 0.240252356256145 -0.945779684016625 0.506840538527644 -0.85617878845562 -0.100352133528266 0 0 0 0 0 0
14.4579512786579 13.0871366487346 0.162558851638365 0.767324224714771 0.515917009183574 -0.380845341051919 0.579507598047055 -0.812178318595078 0.0673596512001487 0 0 0 0 0 0
14.809898871583 12.6483989150619 0.015819674281833 0.67458281200336 0.732134941268827 0.0944269957317835 0.710659273502086 -0.678694658963399 0.185302339111091 0 0 0 0 0 0
15.3083574549835 12.5484381743844 -0.101205177527644 0.429233324413399 0.51211608534212 0.743973029314157 0.806406560323257 -0.588278006845316 -0.0603112438083962 0 0 0 0 0 0
15.7996830758586 12.5491176374891 -0.158479421580276 -0.0705501328763276 -0.328824885096768 0.94175202346065 0.622067890303772 -0.752534539615027 -0.216155746024514 0 0 0 0 0 0
16.2872525930082 12.4054675624954 -0.0640556863667466 -0.546650497358895 -0.658491157198892 0.517264564442741 0.608374232545078 -0.736783934630752 -0.295008858926669 0 0 0 0 0 0
16.6598204156091 12.0297694736071 -0.0410175724868115 -0.914819436289337 -0.39089672403433 0.101514285332108 0.355869844458065 -0.89907030553466 -0.25500831263158 0 0 0 0 0 0
16.7332641003786 11.4448807982747 0.0613710406665263 -0.91277094696485 -0.00540399946572512 -0.408436035587786 0.0751100857579919 -0.985083041725693 -0.154822078276591 0 0 0 0 0 0
16.5065176128442 10.984472931336 0.177004123772602 -0.30369613687606 0.262815648301296 -0.91580379528288 -0.0956555484009094 -0.964756415061886 -0.245142969829974 0 0 0 0 0 0
16.2900820939378 10.4604662655686 0.0221047643664922 0.298590658242113 0.419099370819228 -0.857437657319451 0.184269177626624 -0.906833866704808 -0.37907414627486 0 0 0 0 0 0
16.0453486045369 10.0985936025963 -0.343206618235637 0.907473747891046 0.321097103247816 -0.270902283442646 0.168193301269873 -0.868590807898305 -0.466112670759454 0 0 0 0 0 0
15.9863618631076 9.7842989599106 -0.689130255197005 0.846922930219994 0.0534107168241727 0.529026318434071 0.173228181130465 -0.9683759796592 -0.1795548921119 0 0 0 0 0 0
16.3167789687889 9.43017043292318 -0.917192921355295 0.153786776051536 -0.188512736265295 0.969954934920921 0.131476647887049 -0.96899981254428 -0.209172785872194 0 0 0 0 0 0
-0.0723189807407901 6.35073895795692 10.8340311152806 0.189442579606856 0.00342383120004393 0.981885831658555 0.523161030887053 -0.846582192214946 -0.0979853437292241 0 0 0 0 0 0
0.336854297859238 5.96715899623679 10.883195945296 -0.250845099263728 0.0479144545471194 0.966840701057223 0.350406049182739 -0.926549067438623 0.136829917506222 0 0 0 0 0 0
0.696044188556734 6.31768806774179 11.2808646485814 -0.385147353630818 -0.183142613007877 0.904500027248106 -0.19866538411026 -0.940676900253859 -0.275061873921331 0 0 0 0 0 0
0.935347859253375 5.83251545528252 11.3610084948884 -0.934756917902648 -0.10250785182057 0.340178842299566 -0.00163801445218337 -0.956220133576642 -0.292643764757297 0 0 0 0 0 0
0.93922137203076 5.35037133219125 11.5511564940178 -0.861816169195529 0.222082710947638 -0.456017718966371 -0.00229302955826003 -0.900748458608384 -0.434335073796793 0 0 0 0 0 0
0.675672781893644 4.83233227735404 11.5179164775134 -0.402240051796782 0.605348228740032 -0.686845297495606 -0.0524360298882834 -0.764213612183102 -0.642828140114923 0 0 0 0 0 0
0.298496173313412 4.59145957029025 11.2253660318871 0.569620731491327 0.510318140682998 -0.64428845833612 0.0687387226270766 -0.810726583934979 -0.581375433014432 0 0 0 0 0 0
0.140495641363277 4.33912665390269 10.844063646584 0.972843786005102 0.180529299209013 -0.144859035473667 0.0660982952606285 -0.816461051023671 -0.57360471365302 0 0 0 0 0 0
0.162205816848104 4.02379109511547 10.40899754126 0.950345557280802 -0.0652883788649037 0.304270848655984 0.168944996851013 -0.712873538826915 -0.6806386013733 0 0 0 0 0 0
0.366551633337661 3.96033285617238 9.97392362360869 0.48634365699424 -0.530417046564093 0.694354091235655 0.152205756517486 -0.731089250134942 -0.665087900972547 0 0 0 0 0 0
0.771002004078838 3.73664869634972 9.66371733157044 -0.25115068003993 -0.635728563914432 0.7299126858322 0.302301980888967 -0.767879069694349 -0.564778936112129 0 0 0 0 0 0
1.10880768885998 3.34075920254305 9.60073910255876 -0.821464618327093 -0.510834163030747 0.253464669564415 0.287282523798821 -0.754659715502835 -0.589879195528169 0 0 0 0 0 0
1.33874986337208 2.93752509256198 9.65762490221108 -0.853719596710628 -0.212294702524266 -0.475493227577824 0.502708137946108 -0.574167599433691 -0.646232230551301 0 0 0 0 0 0
1.5497389274669 2.54483561962288 9.28521468048708 -0.933393503614589 0.137430343659406 -0.33149580397305 0.165741653880868 -0.654232784500502 -0.737908644652951 0 0 0 0 0 0
1.36255956944134 2.10479225465779 8.97170186483213 -0.467976637200888 0.742856673410256 -0.47870850191322 0.122931860699876 -0.481698175279585 -0.867671957341705 0 0 0 0 0 0
1.19379777209486 1.90193851252632 8.54442766271951 0.309547481207392 0.879119261160985 -0.362394372933581 0.0466569717349695 -0.394696321693948 -0.917626253237009 0 0 0 0 0 0
0.981172267834994 1.93338154530769 8.08270880052625 0.91535375112512 0.353277933144347 -0.193189575946606 0.0750531840907061 -0.621084516273917 -0.780141681492947 0 0 0 0 0 0
1.1168071481777 1.83067249660231 7.5972703548233 0.884592801867493 -0.328406067033282 0.331126909235641 -0.0210188990151967 -0.737370988750446 -0.675160892553307 0 0 0 0 0 0
1.39622792289837 1.64223699914441 7.22540551259798 0.0616537159186632 -0.728420318242023 0.682350832992539 0.0124173765459095 -0.683038711684161 -0.730276609991421 0 0 0 0 0 0
1.66652604926137 1.25316050338692 6.91801404209278 -0.622883351760295 -0.49903232493211 0.602480762159848 0.0253498955724679 -0.782596427512939 -0.622013033977946 0 0 0 0 0 0
5.88455919759175 1.85791784092768 5.40409478589196 0.464990057723522 0.553565727169828 -0.690904647488506 -0.16771454802035 -0.711194135743691 -0.682696661531397 0 0 0 0 0 0
5.75107373255686 1.51247923846639 4.92275371110336 0.910597294146658 0.412463415785196 -0.0262011169912992 0.302009998883962 -0.7073467508733 -0.639101349242118 0 0 0 0 0 0
5.97545205159283 1.34572230187501 4.47974284226315 0.777996296683383 0.129611406732648 0.614754134261596 0.503628775150161 -0.713641459965726 -0.486902375696336 0 0 0 0 0 0
6.44868652645842 1.10036351601907 4.24118945712932 0.614767947123028 0.220766517724852 0.75718063620366 0.697365905949084 -0.600609230061012 -0.391087389192406 0 0 0 0 0 0
6.92303387326166 1.03219930470913 3.99256851267227 0.0516464746172887 -0.34780794227493 0.936142231154051 0.516725760516534 -0.792852314872452 -0.323078466041928 0 0 0 0 0 0
7.33125700294152 0.899293393653892 4.08227086051754 -0.549850975696567 -0.829129213815794 0.101037870735371 0.73642822013474 -0.538307493696833 -0.409754217573187 0 0 0 0 0 0
7.65273021350448 0.468133156477453 4.11734009821832 -0.765201460841293 -0.544763616183837 -0.343073354850913 0.617921516600203 -0.771025077814825 -0.153926374293518 0 0 0 0 0 0
7.77662593389058 0.012771845113852 4.26693251221359 -0.38723139843756 -0.0513114169873548 -0.920553628286176 0.627736823744037 -0.745955634212936 -0.222478475142483 0 0 0 0 0 0
7.78260304327341 -0.396892741805414 4.25945971106794 0.353533410423345 0.389864216507261 -0.850305839331719 0.685381563371946 -0.726588631364372 -0.0481775192582261 0 0 0 0 0 0
7.95998897994385 -0.843669031365908 4.11000268697457 0.694414655052377 0.695178106774816 -0.185783978613526 0.715254040210893 -0.638590130130929 0.283926581463162 0 0 0 0 0 0
8.19938813625397 -1.08110141183401 3.77660117652539 0.645001833557164 0.588670547981204 0.487277765394036 0.577759104556726 -0.793002388506208 0.193239822307048 0 0 0 0 0 0
8.68777134186105 -1.30903575359937 3.75950716947987 0.0458304512449988 0.523012053107813 0.851092217120232 0.718354199747521 -0.609298162762486 0.335742449742894 0 0 0 0 0 0
9.16372779213622 -1.32705650783529 3.77583509257163 -0.428330113164123 -0.151724837167257 0.89079340362588 0.764648471105247 -0.586153349653625 0.267837574522778 0 0 0 0 0 0
9.61989389932749 -1.44279229934663 4.08775493112908 -0.796087951211734 -0.558929135965858 0.232039209841709 0.605179913030807 -0.735951994522136 0.303532427629925 0 0 0 0 0 0
9.63876265225236 -1.7330529287134 4.56015776039383 -0.450237877946683 -0.681875297543752 -0.576482377754678 0.643030192913383 -0.695551393535179 0.32050028073786 0 0 0 0 0 0
9.87622057054885 -2.17441657256355 4.77594108823808 -0.342896456734093 -0.507689132811229 -0.790363058590536 0.717176931366177 -0.684886821477935 0.128791656880583 0 0 0 0 0 0
10.0105534159586 -2.65489915862277 4.9439402399975 0.110944386634236 0.00175908755894451 -0.993825059396932 0.703302268007107 -0.70667997999329 0.0772614114079079 0 0 0 0 0 0
10.0639893121 -3.08770983623512 4.8647721023128 0.64660715162466 0.620694162980849 -0.443438775378686 0.675708281498955 -0.735815775351232 -0.0446482144995029 0 0 0 0 0 0
10.3857173392159 -3.41831624128243 4.63805579366556 0.647466746554427 0.760738331304553 -0.0454313040775671 0.727158521539644 -0.634529896547291 -0.261939487172062 0 0 0 0 0 0
10.7179778593559 -3.43990568711131 4.40174988947885 0.541657833289491 0.209152524023578 0.814163382455083 0.695914994773821 -0.654840734995496 -0.294764197010951 0 0 0 0 0 0
-2.30084345418173 12.8474577692308 8.39161355850503 0.104449752905369 -0.984350499727359 0.141930767645729 0.965687251411312 0.134502701831913 0.22216470390587 0 0 0 0 0 0
-1.9328578942074 12.7368282339342 8.7682890742757 0.339340012851825 -0.686393273802035 -0.643204966831762 0.908980690197317 0.0633031810132605 0.412003412755296 0 0 0 0 0 0
-1.35939163416547 13.0887849762309 9.12369018137618 0.218544272972891 0.198596656956806 -0.955404505220867 0.77654624430705 -0.628302699618956 0.0470281628829708 0 0 0 0 0 0
-1.01432857356886 12.7014867885928 8.97760820577972 0.358010887447933 0.753647264386912 -0.551220468914997 0.838291125125183 -0.519427660058934 -0.165719327484924 0 0 0 0 0 0
-0.648127695064072 12.5446597278618 8.68303330864899 0.37725119802881 0.858567380803182 0.347193874091395 0.919119891689407 -0.393074511323268 -0.0266655817268043 0 0 0 0 0 0
-0.124183026682418 12.5212855135822 8.82551265520271 -0.16776264931803 0.920205651467696 0.353662625252809 0.966063108298511 0.0819807171004853 0.244951490724818 0 0 0 0 0 0
0.315369321048601 12.6779232401109 8.75804864788758 -0.36357704450133 0.341575051523522 0.866682304474011 0.911381883066388 -0.0621845368460588 0.406836756691927 0 0 0 0 0 0
0.76082070321446 12.9001829536052 9.00850082825163 -0.479077623410233 -0.260029980748769 0.838372852530064 0.861121757899408 0.0459223938852113 0.506320503053237 0 0 0 0 0 0
1.02694346515452 13.0839235005802 9.43406953762123 0.0863426522677602 -0.939460041625626 0.331601834416134 0.896895926024767 0.218204884889355 0.384661313483174 0 0 0 0 0 0
1.34695533844375 13.1451589437779 9.81183413483922 0.239029697646454 -0.959244083864447 -0.150716924113061 0.922389789274381 0.175807462908144 0.343931406865041 0 0 0 0 0 0
1.66566672248328 13.01319201066 10.1963958381144 0.487562691964588 -0.399149677055905 -0.776506379053264 0.861158516467772 0.0733341562135109 0.503018996706367 0 0 0 0 0 0
2.06335793053422 12.818273496742 10.4314617978013 0.514662878172547 0.277946359058362 -0.811090588847726 0.822379706254931 0.107549026385162 0.558681327470015 0 0 0 0 0 0
2.48780852537854 12.6458639954497 10.5895425699573 -0.00574779731504867 0.913266653630734 -0.407321718291752 0.697576997073746 0.295512157558689 0.652731872891605 0 0 0 0 0 0
2.97725580781252 12.743285011375 10.5540769936483 -0.465095055564979 0.885158381260044 -0.0134621459696033 0.793333458527542 0.423498311353305 0.437345634323277 0 0 0 0 0 0
3.31410425378652 13.1075804834756 10.4825241559412 -0.567938701880702 0.462836420060916 0.680608609386672 0.816726342301243 0.419381291855502 0.396329930528647 0 0 0 0 0 0
3.56216372336113 13.5871810222434 10.4905586850326 -0.152118713178541 -0.387924297465152 0.909051503786817 0.802479837399186 0.488436549331562 0.342718321431543 0 0 0 0 0 0
3.77819903998994 13.9525893603473 10.6659282955535 0.253118940935375 -0.769612662661871 0.586197194816095 0.766495765397279 0.529236675532993 0.363858190644139 0 0 0 0 0 0
3.95392980931566 14.1055933833436 11.057264836849 0.827660364532753 -0.52531472410478 -0.197541797147406 0.500507601116025 0.531636202702534 0.683267948319772 0 0 0 0 0 0
4.18804651156885 14.0420894661133 11.4337596572701 0.652165469042866 0.439516693285469 -0.617661134694021 0.404958848313896 0.48679528085163 0.773975894787988 0 0 0 0 0 0
4.53324649045122 14.1344468220404 11.7498866078898 -0.0860183264990657 0.79113900173593 -0.605557534375204 0.404283799450308 0.583236379402501 0.704549455498679 0 0 0 0 0 0
4.71263902169623 6.1168179308902 13.0464983530558 0.865171801625513 -0.212550575619861 -0.454202605095709 -0.00847595965785745 0.899404838517538 -0.437034431777545 0 0 0 0 0 0
4.96419524025782 6.57460672115304 13.0564389627286 0.423064318751935 -0.365616435590245 -0.829060434603682 0.0522140888591434 0.923293795550166 -0.380528916145907 0 0 0 0 0 0
5.24260668507093 6.90315459280807 12.8848783617143 -0.590212726958576 -0.211848203784153 -0.778953962368475 0.0332517639235642 0.957751115464791 -0.285669601151258 0 0 0 0 0 0
5.4602336593523 7.0624361852214 12.4898375368233 -0.943394789316464 0.324773460104137 0.0672939157913302 0.281807157681206 0.891882562532506 -0.353737502295264 0 0 0 0 0 0
5.35894187234445 7.41195358606888 12.1493867066831 -0.35323557786505 0.423292719750767 0.834294851917679 0.258921338682209 0.901183283593614 -0.347603840235466 0 0 0 0 0 0
5.24950202159056 7.86846923037242 11.9648393293393 0.209823164404045 0.207932772342487 0.955373331146228 0.228782907663862 0.939557121020958 -0.254736721930071 0 0 0 0 0 0
5.14579331786173 8.51465333857202 11.9583760801657 0.527123427540843 -0.00530880454600494 0.849772151068677 -0.0971726595845503 0.993044674397822 0.0664811919221521 0 0 0 0 0 0
5.00235261617841 8.96531777666067 12.1197788164499 0.855656715878419 -0.17655814119428 0.486496461806434 0.207814975661705 0.978111430859959 -0.0105339789163242 0 0 0 0 0 0
5.07817538298857 9.45769369295936 12.2656840018892 0.872737355847994 -0.456932733263526 -0.171877819918027 0.42949171221685 0.886021326707157 -0.174651303336478 0 0 0 0 0 0
5.45172312972094 9.80196189589735 12.3994824865784 0.454230651192184 -0.2498305616339 -0.855136951599693 0.443482223208004 0.895900982078543 -0.026171511404401 0 0 0 0 0 0
5.86036336034705 10.1125171959528 12.4189952170377 -0.202610607938436 -0.00167880633910993 -0.979257945160566 0.31442204252376 0.946938658309281 -0.06667800667841 0 0 0 0 0 0
6.15741277904597 10.5069952366368 12.2891967876445 -0.661073902422468 -0.0205999643233991 -0.750037957043379 0.152297975054426 0.975130390862744 -0.161015675044988 0 0 0 0 0 0
6.50189297479443 10.8878927111093 12.1428569671366 -0.951002179297723 0.0371255250815682 -0.306947145871074 0.0846214523996717 0.986111785092236 -0.142908212136233 0 0 0 0 0 0
6.50586304074272 11.2782674998531 11.7810254566377 -0.93400261179646 0.0602379415193538 0.352151262327573 0.0526328358289264 0.9981282910978 -0.0311399920165276 0 0 0 0 0 0
6.3034108636733 11.6322365753855 11.6073198570835 -0.223435626883379 0.0839683079749133 0.971095177567607 0.0736179898544518 0.994890611386676 -0.0690873573415219 0 0 0 0 0 0
5.96710614069218 12.0983772188714 11.6015116043199 0.364030555002855 -0.141465219213491 0.920580983280228 -0.1370246429115 0.96950857520399 0.203168328833271 0 0 0 0 0 0
5.74367787391847 12.4308011752165 11.9378819070864 0.98441021955641 0.150883868728499 0.0903912484172126 -0.160780652348774 0.980311809572384 0.114622588712792 0 0 0 0 0 0
5.79979042017474 12.6940162013008 12.276014068911 0.504293738330975 0.48864920918379 -0.711975965777095 -0.326964992308329 0.871155440245067 0.366308739639442 0 0 0 0 0 0
5.95932068206938 13.0058779020144 12.5912622392765 -0.184650176145592 0.362718685903536 -0.913421845231333 -0.172744442798683 0.902956310318787 0.393483492840112 0 0 0 0 0 0
6.1674185612747 13.4251524696268 12.5346305367284 -0.985220967357346 0.170665655720954 -0.0145903885072333 0.117639003349747 0.736094452406663 0.666577843936484 0 0 0 0 0 0
4.09118637562303 2.331599403328 17.2920085018323 -0.82128311030127 0.3204610784444 0.472015624673724 0.0234181872400288 0.845579869808704 -0.533335046927055 0 0 0 0 0 0
3.99741067930705 2.63689689338323 16.9737725917807 -0.0752280959663523 0.54628458363501 0.834214533114836 0.364109649920651 0.793868281409858 -0.487029069569795 0 0 0 0 0 0
4.11727241977966 3.04014368061379 16.601837699371 0.469034168236899 0.202804464987883 0.859579721728764 0.536557608163221 0.707638741836557 -0.459731817665625 0 0 0 0 0 0
4.39418558239677 3.51728605320229 16.5649089183235 0.448251922114113 -0.340472085775589 0.826528265172235 0.671446392257224 0.738629720455323 -0.0598822042417496 0 0 0 0 0 0
4.70334237100487 3.92165784741258 16.8117079269348 0.556239345229598 -0.777403270992327 0.293669789166301 0.825494068376912 0.557581362885874 -0.0875360887683823 0 0 0 0 0 0
4.98769695337543 4.03693545690323 17.0874503465822 0.489029865115055 -0.588164683700931 -0.644136705888225 0.793942499052845 0.605979393981229 0.0494396831286886 0 0 0 0 0 0
5.43423513648087 4.0449213704559 17.1979446066829 0.0564622259846675 0.158246287633246 -0.985784017666726 0.853821374865853 0.504116576274165 0.129828877172213 0 0 0 0 0 0
5.9336317554069 4.07032692501746 17.1639296158651 -0.393198145874948 0.558577269662865 -0.730333247152615 0.853028102811118 0.518043160545898 -0.0630423637412269 0 0 0 0 0 0
6.30996849237563 4.19272638645056 16.8445427017259 -0.550039127161745 0.811925510952486 0.195534966836344 0.8240735230942 0.565652550427148 -0.0306597575067928 0 0 0 0 0 0
6.71135030269801 4.38939875562542 16.5751423139866 -0.434482575522877 0.499634263305017 0.749393417704387 0.865644209515154 0.461450854572021 0.194224641453232 0 0 0 0 0 0
6.98903025212825 4.96271923754712 16.4981722026153 -0.235926776220484 0.192794210876758 0.952454171346116 0.718335977777775 0.694694866645902 0.0373157511767066 0 0 0 0 0 0
7.14302808265307 5.38365148787998 16.4022581772196 0.244521101332332 -0.43300492127148 0.867592167529134 0.833054815690257 0.551701477026923 0.0405605017422386 0 0 0 0 0 0
7.42949006545478 5.67880109107188 16.663767130383 0.50275646610232 -0.854409761180948 0.131224600555779 0.864115055416654 0.500834851003931 -0.0496953018115754 0 0 0 0 0 0
7.77384985081265 5.84535029081212 16.987658981922 0.438840474399347 -0.788254813681481 -0.431362245377281 0.887181665204422 0.456261020702055 0.0688082401535384 0 0 0 0 0 0
8.12804363336872 5.82059713337375 17.2611837132854 0.154984759774176 0.124590707985492 -0.980029019836359 0.872657990505642 0.447740909718046 0.194925907389222 0 0 0 0 0 0
8.59743600178233 5.88556470096633 17.2211324448177 -0.339915559762999 0.553318795512194 -0.760457574598309 0.888527816831202 0.453921934111107 -0.0668819590772255 0 0 0 0 0 0
9.03263358322606 6.08257901104873 16.9538844593643 -0.558911151351713 0.81460848337144 -0.155020462242842 0.825915655511488 0.530173207517482 -0.191780343131545 0 0 0 0 0 0
9.2472244474116 6.3406292304302 16.6035989687151 -0.196623010557068 0.692143598752207 0.694461395921916 0.937140350867801 0.340918557385932 -0.074447968442854 0 0 0 0 0 0
9.52237786985181 6.71746311336786 16.5641627175249 0.0864439892985991 -0.1498390201008 0.984924212703382 0.935373730713122 0.35251333532238 -0.0284663364644375 0 0 0 0 0 0
9.94561230779383 7.04609586967465 16.7135373287638 0.225811157366506 -0.825630974700827 0.517052042664337 0.93827004267507 0.32708851088883 0.112527476924754 0 0 0 0 0 0
13.3424706814439 0.979277856394503 7.78376006472463 0.185793792100522 0.981630531944362 0.0433839321815761 0.185404116551623 0.00833642485447032 -0.982626998197362 0 0 0 0 0 0
13.2333230256828 1.06404192160988 7.33603543844438 0.762101320545812 0.606826598493939 0.225749986893925 0.283601652488337 0.00057339572177249 -0.958942007591298 0 0 0 0 0 0
13.3122595847918 1.36584884862242 6.92583723483262 0.977204158387402 -0.0684474206421777 0.200965129905176 0.204146407772858 0.0431087588543406 -0.977990735694094 0 0 0 0 0 0
13.5484608788283 1.58824067740285 6.5573740367934 0.570712899463003 -0.812559587681099 0.11846393060359 0.121093231176222 -0.0594072377193009 -0.990861851859211 0 0 0 0 0 0
13.9129915316951 1.52761569598001 6.22657559778574 -0.245356693231627 -0.969148117408228 -0.0234950975849933 0.2787814931311 -0.0473247518759134 -0.959187805879264 0 0 0 0 0 0
14.2222517841305 1.31215741151839 5.78940162030066 -0.847858275184386 -0.504901514058089 -0.161897517903178 0.214641286317807 -0.0476318174926952 -0.975530793040476 0 0 0 0 0 0
14.3614124662658 1.04861315282702 5.42522572518278 -0.875082023026626 0.441691522219872 -0.197838449687421 0.240672187001048 0.0424928629710803 -0.969675850478219 0 0 0 0 0 0
14.2762576674614 0.858859433715324 5.04658119036142 -0.198424410837331 0.97415794208386 -0.107907632069269 0.251290438938556 -0.0558522094770808 -0.966298942354072 0 0 0 0 0 0
14.1961676660591 0.843081420437264 4.45227987314456 0.366638127596718 0.899221609311876 0.238698514320749 0.589770954925053 -0.0262095260658496 -0.807145142753269 0 0 0 0 0 0
14.5061663822001 0.966589272297064 3.99599606922823 0.394642330264085 0.56989626705886 0.72074661008992 0.909043644797689 -0.127955246151278 -0.39656917030362 0 0 0 0 0 0
14.8730829270311 1.21076707097555 3.79947640391839 0.298725577923415 -0.23020468456467 0.926158103294899 0.954109808462052 0.0507708440966558 -0.295121660991224 0 0 0 0 0 0
15.4552926729029 1.35964454485514 3.67820408892898 -0.0839019405261801 -0.753250638010877 0.652360284438094 0.995083328685194 -0.0979096635355974 0.0149287226225126 0 0 0 0 0 0
15.9622843386721 1.34665358338994 4.02240497302986 -0.341947955773343 -0.939197608612174 0.0312961262715961 0.875871033565576 -0.306471619741269 0.372726547020649 0 0 0 0 0 0
16.1628652891417 1.1556831012561 4.37621177824001 0.0556308252157419 -0.616631469538186 -0.785283924489093 0.989705787898988 -0.0698148143795008 0.124933362607434 0 0 0 0 0 0
16.5926601529593 0.881885754176803 4.52884289712335 0.0463907099171017 -0.0495794518570228 -0.997692227085561 0.997312376141031 -0.0544015000305202 0.049076483068368 0 0 0 0 0 0
16.9952959308886 0.582080757835583 4.58351646687986 -0.0973705091113592 0.6547251555593 -0.74956917935121 0.990730622291991 -0.00791399608390481 -0.135610481596772 0 0 0 0 0 0
17.2666103143706 0.294490032430223 4.25160834078026 0.0958894800987666 0.995292680645263 0.0140601372807521 0.974925108464214 -0.0910587928065146 -0.203050065596298 0 0 0 0 0 0
17.6424713110536 0.435270977003013 3.94204742776107 0.153842837458565 0.776988305082287 0.610427354505064 0.984611478151857 -0.0687157762757575 -0.160680985752623 0 0 0 0 0 0
18.0069795068641 0.526664880727627 3.64441119087634 0.206727536340068 -0.0695759773579754 0.975921569130147 0.965921757045251 -0.144275024405972 -0.21489503623693 0 0 0 0 0 0
18.4673385193201 0.699936132075005 3.67562489007171 -0.00220978917597282 -0.895361372525909 0.44533485089348 0.997269204579218 -0.0348475174508953 -0.0651136247297207 0 0 0 0 0 0
10.7089064577794 9.66259400222641 19.037555236021 0.707729315862646 -0.456264186596595 0.539390588996451 0.600239987704205 -0.0143308707192683 -0.799691555104394 0 0 0 0 0 0
11.1029210807368 9.89972817027141 18.9649988528464 0.238611776349964 -0.970559833380176 -0.0328333674203387 0.448998135200358 0.140238999185185 -0.882458892920309 0 0 0 0 0 0
11.5573413213428 9.88123689603514 18.6576479358485 -0.410650458757168 -0.893637713705762 -0.18104650608412 0.274419973154399 0.0682230922619486 -0.95918678473807 0 0 0 0 0 0
11.8258346386676 9.71802436243114 18.1969747091743 -0.888813706361531 -0.453148785179669 -0.0683108620504012 0.0827057838115425 -0.0120007841995854 -0.996501748369121 0 0 0 0 0 0
11.8469588430974 9.49844755064588 17.6827145547915 -0.97783427084074 0.0381809331461591 0.205869752789105 -0.209217635104107 -0.139413793717592 -0.96788004178344 0 0 0 0 0 0
11.7255820250769 9.33724030308099 17.2225202331738 -0.623866847891919 0.685145888844836 0.375985727256263 -0.278848631013442 0.25428205899931 -0.926058354237464 0 0 0 0 0 0
11.3571286444808 9.45142777882717 16.8125853820761 0.0914455695240202 0.816481534958582 0.570083863029033 -0.234932576875776 0.574011446733221 -0.784421789180887 0 0 0 0 0 0
11.9517832675992 9.41806749221036 15.9134275049945 0.765435791439226 0.627191394149274 -0.144010431180854 -0.369931206915481 0.245745965089881 -0.895968650563232 0 0 0 0 0 0
11.8219523363635 9.79727873079714 15.6973004203442 0.846239807928128 -0.244402661585071 -0.473440098098903 -0.455977828247442 0.127446645490235 -0.880818694567749 0 0 0 0 0 0
11.7661411427944 10.1506733277525 15.3136370602007 0.614207076185416 -0.696919571340642 -0.37020640006102 -0.310237483187077 0.218106078995968 -0.925301271117009 0 0 0 0 0 0
11.6251527544739 10.2244039211005 14.7535902985404 0.491766820680637 -0.856527800506307 -0.156606261169497 -0.253755807747492 0.031071277847446 -0.966769137761103 0 0 0 0 0 0
11.7879193888478 10.3243625780557 14.2775638917863 -0.335868267662831 -0.941081849770916 0.0394646526517209 -0.216941780511163 0.0365175900436271 -0.975501270878747 0 0 0 0 0 0
11.8315095120171 10.1996081344128 13.7450936685068 -0.787666629334762 -0.514818351133893 0.338442530377308 -0.260836377402841 -0.219018966370611 -0.940210123639026 0 0 0 0 0 0
11.7468510475269 9.85015975305386 13.4232813840515 -0.887377980626591 0.419953282308791 0.190261820072092 -0.218974190010533 -0.0207416751535145 -0.975510167564161 0 0 0 0 0 0
11.4625272673993 9.6827251901758 13.0115815016323 -0.217606646984036 0.964273007464291 0.151079165552822 -0.0473480024950776 0.14417721787233 -0.988418482479117 0 0 0 0 0 0
11.1724675382405 9.80628783412906 12.6961008260427 0.54234966543961 0.834207071595809 0.0997767613078778 -0.25591664800577 0.277151010330779 -0.926117695946967 0 0 0 0 0 0
10.9012425201896 10.1307019728363 12.4245112509637 0.959334306940306 0.0954889553922267 -0.265630470626891 -0.27860410736486 0.169094116747643 -0.945403052163872 0 0 0 0 0 0
10.9379553490879 10.3790370774028 12.0462614123347 0.719616668316674 -0.654531841134739 -0.231818721464807 -0.0802662211383981 0.253204250873826 -0.964077248504282 0 0 0 0 0 0
11.1737794447392 10.5261166207136 11.6571799906911 -0.0827968916501453 -0.953651617187702 -0.289297887597463 0.125895888838982 0.277959602695766 -0.952307032654203 0 0 0 0 0 0
11.4382092960719 10.504982176354 11.2556983574659 -0.856838960161316 -0.438690707204889 -0.270882741720013 0.142427789642682 0.303548410636007 -0.942110761608132 0 0 0 0 0 0
8.45335962774943 12.2514779895183 0.371108571398112 -0.217285999540641 0.966444613161127 -0.137009503668408 0.651213804218298 0.248087278796082 0.717198217576624 0 0 0 0 0 0
8.81273820604583 12.4309815262882 0.312249646869884 -0.528441838416786 0.44610544330148 0.722315136811817 0.736183629520185 -0.18295687088715 0.651583031563645 0 0 0 0 0 0
9.15599408847158 12.6162005077919 0.678290593947592 -0.702357171273317 -0.0285133935539115 0.711253393910345 0.702210088083803 -0.19142606721805 0.685752909569305 0 0 0 0 0 0
9.34016002314735 12.6880384653177 1.17197176190098 -0.530423640131696 -0.802431690311994 0.273412041381643 0.683119803335161 -0.213600528878151 0.698371067810161 0 0 0 0 0 0
9.34846428272058 12.7242515693948 1.67915566628856 0.182127208586988 -0.94302082989681 -0.278462554525818 0.565970627527936 -0.131040996940865 0.813944412043217 0 0 0 0 0 0
9.59072491670903 12.4730354701457 2.10440750532806 0.256443762968803 -0.65417684414733 -0.711540057211005 0.743743648603867 -0.336613487830346 0.577526401969725 0 0 0 0 0 0
9.81062719732071 12.0469250893361 2.35437737524328 0.691368598975233 0.177152717063374 -0.700447267956759 0.722182380653597 -0.198287598541216 0.662672345385154 0 0 0 0 0 0
10.2987483502766 11.9630162935259 2.58883283941243 0.324544316700897 -0.119085227971299 -0.93834412396315 0.944298844714889 -0.0163722429724697 0.328681672032647 0 0 0 0 0 0
10.7239591274258 11.7335975023684 2.61385674408784 0.0944024880161069 0.626274563828546 -0.773865841704965 0.865242009208707 0.332852664613437 0.374920483783185 0 0 0 0 0 0
11.267771642276 11.9047576055378 2.65602696176918 -0.431837972030622 0.840877149153367 -0.32625386732449 0.807940369475784 0.521425347804373 0.274495839747023 0 0 0 0 0 0
11.7250826817638 12.1834492651045 2.55805121626869 -0.690849459365316 0.68501866462135 0.231249764572923 0.720168706340992 0.623724555148832 0.30384982098322 0 0 0 0 0 0
11.9672616285526 12.5875818692287 2.55582775718446 -0.717487735502387 0.189946273825308 0.670172934744114 0.687278899662074 0.349664831945015 0.636696332155412 0 0 0 0 0 0
12.1420485096764 12.9947716932267 2.80642570961422 -0.27757664418478 -0.765749026385132 0.580154837257554 0.729532754340875 0.224910952247143 0.645907906673312 0 0 0 0 0 0
12.4951850775978 13.1507932999738 3.16967037396993 -0.279495485735504 -0.951035127464673 0.131963857861646 0.659629499607339 -0.090322034934783 0.746143989624665 0 0 0 0 0 0
12.4888103108733 13.2331403445558 3.64980117511291 0.261432591005215 -0.912615439021571 -0.314302498907921 0.69096017338256 -0.0504201283686541 0.721132338377937 0 0 0 0 0 0
12.5344882008242 12.9813240701126 4.05454217730563 0.730570333278648 -0.292067719969488 -0.617222354654261 0.633815709478197 -0.0462571825987497 0.772099682344629 0 0 0 0 0 0
12.8491003312101 12.5856705884101 4.18936488984512 0.690517964511344 0.553676617117383 -0.465432212405374 0.667221530795159 -0.23912408603536 0.705432562560815 0 0 0 0 0 0
13.319622946543 12.3714524088687 4.28438634658597 0.192186943546756 0.955548220114211 0.223588411521526 0.55571823706705 -0.293754228227198 0.77774397740499 0 0 0 0 0 0
13.7757776017887 12.3690217716702 4.52674992603097 -0.456290311761004 0.807956846208892 0.372833590301662 0.549369787802261 -0.0738181273501786 0.832312273323308 0 0 0 0 0 0
14.2119289898042 12.58727150284 4.83514789278265 -0.873893128903497 0.104477470200071 0.474758104170797 0.468571484421336 -0.0789863626266789 0.879887446498809 0 0 0 0 0 0
