t = 0
b =  13.0 13.0 13.0
E = 0. 0. 0.
11.39037060592318 9.145014640603506 8.885824439126258 -0.26904702172496453 0.9562762853915638 -0.11467068543720606 0.5491996069282856 0.25013326130948876 0.7973789208002025 0.0 0.0 0.0 0.0 0.0 0.0
11.852125381597295 9.404819612441402 8.975093727623582 -0.6818756364604661 0.6857557558134774 0.25452830838694596 0.5491996069282856 0.25013326130948876 0.7973789208002025 0.0 0.0 0.0 0.0 0.0 0.0
12.158446584484999 9.820942630394315 9.122382752026455 -0.8356482965519498 0.15470514937702812 0.5270277423685163 0.5491996069282856 0.25013326130948876 0.7973789208002025 0.0 0.0 0.0 0.0 0.0 0.0
12.274281731879976 10.272330692015526 9.389807766885182 -0.6719441974888869 -0.43512052983991767 0.5993005255903286 0.5491996069282856 0.25013326130948876 0.7973789208002025 0.0 0.0 0.0 0.0 0.0 0.0
12.236947178314605 10.624533015168641 9.793843355409242 -0.252957263491914 -0.8596366449433698 0.44388901936991887 0.5491996069282856 0.25013326130948876 0.7973789208002025 0.0 0.0 0.0 0.0 0.0 0.0
12.141951008576942 10.780781138058408 10.299063459865664 0.2621323641255479 -0.9575624262745773 0.11983665326224101 0.5491996069282856 0.25013326130948876 0.7973789208002025 0.0 0.0 0.0 0.0 0.0 0.0
12.106707919489704 10.718752875749143 10.83160033320388 0.677633523992301 -0.6916942322740607 -0.2497436609817593 0.5491996069282856 0.25013326130948876 0.7973789208002025 0.0 0.0 0.0 0.0 0.0 0.0
12.22593141351828 10.499052891428814 11.307208131163108 0.8356903786660304 -0.1630398349217739 -0.524442182927447 0.5491996069282856 0.25013326130948876 0.7973789208002025 0.0 0.0 0.0 0.0 0.0 0.0
12.535650555658812 10.242187971608011 11.663269317022426 0.6762544864864983 0.4275561215979696 -0.5998963513732876 0.5491996069282856 0.25013326130948876 0.7973789208002025 0.0 0.0 0.0 0.0 0.0 0.0
12.999521929272321 10.082784483158537 11.88258411071044 0.25989820851867473 0.8557163591654968 -0.4474398662002839 0.5491996069282856 0.25013326130948876 0.7973789208002025 0.0 0.0 0.0 0.0 0.0 0.0
13.522637107695369 10.118441565705993 11.999904972819381 -0.25519774413171664 0.9587756450714764 -0.12499349506216344 0.5491996069282856 0.25013326130948876 0.7973789208002025 0.0 0.0 0.0 0.0 0.0 0.0
13.987579952313784 10.372651586715412 12.088733563795978 -0.6733398071077191 0.6975800335408532 0.24493999462986707 0.5491996069282856 0.25013326130948876 0.7973789208002025 0.0 0.0 0.0 0.0 0.0 0.0
14.299034966715327 10.785874998319853 12.233396234255501 -0.8356688197222686 0.17136210435185598 0.5218166851836874 0.5491996069282856 0.25013326130948876 0.7973789208002025 0.0 0.0 0.0 0.0 0.0 0.0
14.419999247366823 11.238160407003216 12.49700703452163 -0.6805132760867382 -0.41995915330201083 0.6004464927264961 0.5491996069282856 0.25013326130948876 0.7973789208002025 0.0 0.0 0.0 0.0 0.0 0.0
14.385840505321966 11.594716113477354 12.897489631697841 -0.26681936129062006 -0.8517309072738327 0.4509566387525039 0.5491996069282856 0.25013326130948876 0.7973789208002025 0.0 0.0 0.0 0.0 0.0 0.0
14.290860281475428 11.757119732838667 13.400767808867055 0.2482436898416313 -0.9599158493909523 0.1301408181235049 0.5491996069282856 0.25013326130948876 0.7973789208002025 0.0 0.0 0.0 0.0 0.0 0.0
14.25246721453929 11.700710504127521 13.933711589622408 0.6689948127898847 -0.7034127113873007 -0.24011767514906004 0.5491996069282856 0.25013326130948876 0.7973789208002025 0.0 0.0 0.0 0.0 0.0 0.0
14.366571536228559 11.483958325722726 14.411920538772222 0.8355836213624616 -0.17967132389423637 -0.5191514490790555 0.5491996069282856 0.25013326130948876 0.7973789208002025 0.0 0.0 0.0 0.0 0.0 0.0
14.671147170699076 11.226250063382873 14.771788898769339 0.6847202419662897 0.41233020349059024 -0.6009509077545605 0.5491996069282856 0.25013326130948876 0.7973789208002025 0.0 0.0 0.0 0.0 0.0 0.0
15.13180480587056 11.06253248390269 14.994670480434857 0.27372019473516984 0.8476805927759694 -0.4544390692107333 0.5491996069282856 0.25013326130948876 0.7973789208002025 0.0 0.0 0.0 0.0 0.0 0.0
7.236604383140162 1.6874855679203196 1.1148552445796973 0.9713241233375564 -0.138132509917045 0.19351707192530868 0.06312654309079961 0.9345375806293043 0.3502207160476551 0.0 0.0 0.0 0.0 0.0 0.0
7.291268428469142 1.9206053203189504 1.5958460192399107 0.9212246839052193 0.08041462883965697 -0.38062917548751934 0.06312654309079961 0.9345375806293043 0.3502207160476551 0.0 0.0 0.0 0.0 0.0 0.0
7.555925669480691 2.1720555898918312 1.99007236137123 0.5211365850019312 0.2684109056392761 -0.8101680353521905 0.06312654309079961 0.9345375806293043 0.3502207160476551 0.0 0.0 0.0 0.0 0.0 0.0
7.939376011441017 2.4846901338507457 2.1996208743520436 -0.07694001548265057 0.3544333917955049 -0.9319105132993527 0.06312654309079961 0.9345375806293043 0.3502207160476551 0.0 0.0 0.0 0.0 0.0 0.0
8.305287874451151 2.878117780621708 2.1967403565036636 -0.6457858177169136 0.3058007065983206 -0.6996046065311924 0.06312654309079961 0.9345375806293043 0.3502207160476551 0.0 0.0 0.0 0.0 0.0 0.0
8.523992839993037 3.3412527080837906 2.0343849465834083 -0.9692867908374262 0.1409892202492694 -0.2015072129765728 0.06312654309079961 0.9345375806293043 0.3502207160476551 0.0 0.0 0.0 0.0 0.0 0.0
8.521748851064878 3.836526132737926 1.8260959611247098 -0.9245395065078662 -0.0773864280865369 0.37314613980878547 0.06312654309079961 0.9345375806293043 0.3502207160476551 0.0 0.0 0.0 0.0 0.0 0.0
8.308756052537573 4.314159318674768 1.7028656499764838 -0.5285442061797311 -0.2663616785601873 0.8060350354100225 0.06312654309079961 0.9345375806293043 0.3502207160476551 0.0 0.0 0.0 0.0 0.0 0.0
7.975281585580932 4.731075351602734 1.7633710505119011 0.06825387486396534 -0.3541416740190429 0.9326977448718544 0.06312654309079961 0.9345375806293043 0.3502207160476551 0.0 0.0 0.0 0.0 0.0 0.0
7.657365591547142 5.067264778794975 2.036484931338234 0.6391211677029082 -0.3073773265850244 0.7050129871821604 0.06312654309079961 0.9345375806293043 0.3502207160476551 0.0 0.0 0.0 0.0 0.0 0.0
7.485137287801207 5.333387534720519 2.4703065447760055 0.9671756433954275 -0.14383519370650982 0.20948200847340198 0.06312654309079961 0.9345375806293043 0.3502207160476551 0.0 0.0 0.0 0.0 0.0 0.0
7.533376702399484 5.566723053714883 2.95187958863665 0.9277839218475923 0.07435233405730433 -0.36563468760681106 0.06312654309079961 0.9345375806293043 0.3502207160476551 0.0 0.0 0.0 0.0 0.0 0.0
7.793104491175682 5.817007189597108 3.35010619395261 0.5359115766698882 0.26429216700801506 -0.8018406527792166 0.06312654309079961 0.9345375806293043 0.3502207160476551 0.0 0.0 0.0 0.0 0.0 0.0
8.174993340716263 6.127536733264776 3.5655531972375947 -0.05956253644845366 0.35382298698298925 -0.9334139478999979 0.06312654309079961 0.9345375806293043 0.3502207160476551 0.0 0.0 0.0 0.0 0.0 0.0
8.543304908199282 6.518720237948273 3.568228461728864 -0.632407846137524 0.30893053859824926 -0.7103676783645856 0.06312654309079961 0.9345375806293043 0.3502207160476551 0.0 0.0 0.0 0.0 0.0 0.0
8.76745908725651 6.980324468625753 3.408975391585175 -0.9649908417836113 0.14667021355686904 -0.2174408511042431 0.06312654309079961 0.9345375806293043 0.3502207160476551 0.0 0.0 0.0 0.0 0.0 0.0
8.771643573565685 7.475362179098506 3.2001566725904875 -0.9309576828496081 -0.07131257780996637 0.3580953909077632 0.06312654309079961 0.9345375806293043 0.3502207160476551 0.0 0.0 0.0 0.0 0.0 0.0
8.563616226776665 7.9541441852156245 3.072965809220712 -0.5432381354186161 -0.2622025285840762 0.7975852068782493 0.06312654309079961 0.9345375806293043 0.3502207160476551 0.0 0.0 0.0 0.0 0.0 0.0
8.23175772992596 8.373157116691788 3.127584518854888 0.05086666211518566 -0.3534773549565952 0.9340590678421501 0.06312654309079961 0.9345375806293043 0.3502207160476551 0.0 0.0 0.0 0.0 0.0 0.0
7.911494290304933 8.711594873983415 3.3951220223938927 0.62564636426619 -0.31046022435488635 0.7156682722980033 0.06312654309079961 0.9345375806293043 0.3502207160476551 0.0 0.0 0.0 0.0 0.0 0.0
2.499850508675295 8.797727103561124 3.6084746453801686 -0.7324748216202669 0.6751888992115006 0.08718134017047635 0.6397422795059761 0.6388436610894372 0.4273272662706439 0.0 0.0 0.0 0.0 0.0 0.0
2.74762998776693 9.25342475537425 3.468367250887793 -0.7298609910932856 0.3306886950698276 0.5982874899522312 0.6397422795059761 0.6388436610894372 0.4273272662706439 0.0 0.0 0.0 0.0 0.0 0.0
2.8290376309737417 9.784502905633675 3.464639508555171 -0.44996076742493246 -0.1394456731490149 0.8820942194677299 0.6397422795059761 0.6388436610894372 0.4273272662706439 0.0 0.0 0.0 0.0 0.0 0.0
2.807876703088004 10.283794410311117 3.6619851713053526 0.000887074731002483 -0.5566022987312202 0.8307786071785567 0.6397422795059761 0.6388436610894372 0.4273272662706439 0.0 0.0 0.0 0.0 0.0 0.0
2.7869179839151106 10.656208403479264 4.048706843702372 0.4513979023655309 -0.7622964051312623 0.4638363121446534 0.6397422795059761 0.6388436610894372 0.4273272662706439 0.0 0.0 0.0 0.0 0.0 0.0
2.8688554307896954 10.854856907112048 4.541160018047396 0.7304151199209292 -0.6783813623057015 -0.07932515280258992 0.6397422795059761 0.6388436610894372 0.4273272662706439 0.0 0.0 0.0 0.0 0.0 0.0
3.1172910272328003 10.898868357861947 5.0155310213151 0.7319354215287939 -0.3367378980086664 -0.5923496659543 0.6397422795059761 0.6388436610894372 0.4273272662706439 0.0 0.0 0.0 0.0 0.0 0.0
3.5325713260437746 10.866120394165296 5.354875899590212 0.4553812191902096 0.13283792369928288 -0.880330637451691 0.6397422795059761 0.6388436610894372 0.4273272662706439 0.0 0.0 0.0 0.0 0.0 0.0
4.051655788097747 10.86365283935565 5.4935493813585685 0.005820078113294106 0.5519463972622275 -0.8338592814378222 0.6397422795059761 0.6388436610894372 0.4273272662706439 0.0 0.0 0.0 0.0 0.0 0.0
4.572066937140775 10.987001483168946 5.442144613685754 -0.44595220794537865 0.7613612064536006 -0.4705908430220014 0.6397422795059761 0.6388436610894372 0.4273272662706439 0.0 0.0 0.0 0.0 0.0 0.0
4.990823266350747 11.283902437949605 5.2834686485389115 -0.7282997942822926 0.6815221640327025 0.07146292451719792 0.6397422795059761 0.6388436610894372 0.4273272662706439 0.0 0.0 0.0 0.0 0.0 0.0
5.243563634538084 11.736156391465643 5.14108265928435 -0.7339541122481495 0.34276145705283784 0.5863667322359314 0.6397422795059761 0.6388436610894372 0.4273272662706439 0.0 0.0 0.0 0.0 0.0 0.0
5.328999139744558 12.266542829901882 5.132358985093023 -0.46076699191256537 -0.12622005812735834 0.8785000148492714 0.6397422795059761 0.6388436610894372 0.4273272662706439 0.0 0.0 0.0 0.0 0.0 0.0
5.309402794646508 12.768157402116469 5.323889416928631 -0.012526787736109168 -0.547248462938136 0.8368764540843886 0.6397422795059761 0.6388436610894372 0.4273272662706439 0.0 0.0 0.0 0.0 0.0 0.0
5.286950967889855 13.14502666998511 5.706185862805129 0.440472552538017 -0.7603680271723378 0.47730953658468667 0.6397422795059761 0.6388436610894372 0.4273272662706439 0.0 0.0 0.0 0.0 0.0 0.0
5.3649048733437334 13.348570022134803 6.197285032564674 0.7261290057945938 -0.6846110652082923 -0.06359525405342398 0.6397422795059761 0.6388436610894372 0.4273272662706439 0.0 0.0 0.0 0.0 0.0 0.0
5.60837990851617 13.396056260428947 6.673887662161712 0.7359169095202384 -0.3487589134850001 -0.5803391444206921 0.6397422795059761 0.6388436610894372 0.4273272662706439 0.0 0.0 0.0 0.0 0.0 0.0
6.019607226369404 13.364042893420471 7.018201965527656 0.4661176754445548 0.11959258040932635 -0.8766024910694703 0.6397422795059761 0.6388436610894372 0.4273272662706439 0.0 0.0 0.0 0.0 0.0 0.0
6.5370860830066375 13.359290658879289 7.162694703471979 0.019232543395538256 0.5425088535248329 -0.8398298953488779 0.6397422795059761 0.6388436610894372 0.4273272662706439 0.0 0.0 0.0 0.0 0.0 0.0
7.058948998516037 13.478203334569155 7.115748190346239 -0.4349593534404212 0.7593169429219211 -0.4839918811781822 0.6397422795059761 0.6388436610894372 0.4273272662706439 0.0 0.0 0.0 0.0 0.0 0.0
3.5027617974916927 2.3476153110400984 5.190107544628503 -0.5161346308065186 0.1581623900713587 0.84177770298882 0.631004544531795 0.7347871317793622 0.2488395783465326 0.0 0.0 0.0 0.0 0.0 0.0
3.4861117838009665 2.8840974247343683 5.214496493941394 -0.07848105319378418 -0.2586532487601958 0.9627768283436149 0.631004544531795 0.7347871317793622 0.2488395783465326 0.0 0.0 0.0 0.0 0.0 0.0
3.451572011565308 3.3616195222352157 5.458350451569029 0.38898878866050496 -0.5772021939360459 0.7180009398405046 0.631004544531795 0.7347871317793622 0.2488395783465326 0.0 0.0 0.0 0.0 0.0 0.0
3.5057022459443608 3.7075683614666484 5.865872746025238 0.7086752861569411 -0.6764623753295385 0.20044448995643646 0.631004544531795 0.7347871317793622 0.2488395783465326 0.0 0.0 0.0 0.0 0.0 0.0
3.721375034101388 3.899317580956794 6.319086368274011 0.7591241940234198 -0.5187231904875524 -0.39326417291523924 0.631004544531795 0.7347871317793622 0.2488395783465326 0.0 0.0 0.0 0.0 0.0 0.0
4.110090206171931 3.972823832853654 6.68265540993268 0.5211691287007062 -0.16391239299008992 -0.8375652014700756 0.631004544531795 0.7347871317793622 0.2488395783465326 0.0 0.0 0.0 0.0 0.0 0.0
4.617605897528409 4.0089662496109115 6.85530143756222 0.08521319790143268 0.2531714630733754 -0.9636612066430281 0.631004544531795 0.7347871317793622 0.2488395783465326 0.0 0.0 0.0 0.0 0.0 0.0
5.144545940027756 4.102819109341797 6.808280862815838 -0.3831166514692887 0.5740712475141283 -0.7236462078561119 0.631004544531795 0.7347871317793622 0.2488395783465326 0.0 0.0 0.0 0.0 0.0 0.0
5.584154529769896 4.327531528006706 6.596305112219095 -0.7058940795779985 0.6768717670648426 -0.20870591598526061 0.631004544531795 0.7347871317793622 0.2488395783465326 0.0 0.0 0.0 0.0 0.0 0.0
5.8628545418612426 4.706536887271846 6.336754841506571 -0.7604905449353858 0.5225173856151712 0.3855252427452258 0.631004544531795 0.7347871317793622 0.2488395783465326 0.0 0.0 0.0 0.0 0.0 0.0
5.968200710305699 5.204650101028998 6.165085062008391 -0.5261639375479561 0.16964991334548105 0.8332889161184732 0.631004544531795 0.7347871317793622 0.2488395783465326 0.0 0.0 0.0 0.0 0.0 0.0
5.9536077926303275 5.741435017871294 6.183363517158889 -0.09193885329414585 -0.2476703973994501 0.964472198410589 0.631004544531795 0.7347871317793622 0.2488395783465326 0.0 0.0 0.0 0.0 0.0 0.0
5.918057410453695 6.221763459833425 6.421493440284243 0.37721533846176536 -0.5708965833441066 0.7292363674112802 0.631004544531795 0.7347871317793622 0.2488395783465326 0.0 0.0 0.0 0.0 0.0 0.0
5.96849327654852 6.571956007658981 6.825852816306452 0.7030591164319149 -0.6772296123944705 0.21695144825054427 0.631004544531795 0.7347871317793622 0.2488395783465326 0.0 0.0 0.0 0.0 0.0 0.0
6.179191490355786 6.767774044030157 7.27966628178376 0.761798981547995 -0.5262717890208685 -0.37775695333535586 0.631004544531795 0.7347871317793622 0.2488395783465326 0.0 0.0 0.0 0.0 0.0 0.0
6.563541805976956 6.843628409534861 7.647370037862134 0.531118676974234 -0.17537451420314598 -0.8289491725896997 0.631004544531795 0.7347871317793622 0.2488395783465326 0.0 0.0 0.0 0.0 0.0 0.0
7.068960640726077 6.87950614900879 7.826114803965764 0.0986575071872237 0.24215047066586645 -0.9652097418861353 0.631004544531795 0.7347871317793622 0.2488395783465326 0.0 0.0 0.0 0.0 0.0 0.0
7.596868457342788 6.97058209589028 7.7848399790360805 -0.37128529904577084 0.5676784431889459 -0.7347709927937172 0.631004544531795 0.7347871317793622 0.2488395783465326 0.0 0.0 0.0 0.0 0.0 0.0
8.040141778359507 7.191060361758717 7.576074083179468 -0.7001706126121121 0.6775358840671121 -0.22518045882308244 0.631004544531795 0.7347871317793622 0.2488395783465326 0.0 0.0 0.0 0.0 0.0 0.0
8.323811186200395 7.56598295371895 7.31597829464882 -0.7630494042187357 0.5299861147922863 0.36995989627094356 0.631004544531795 0.7347871317793622 0.2488395783465326 0.0 0.0 0.0 0.0 0.0 0.0
9.50537473129076 12.19173039012246 0.0533309380956668 -0.30474944026389655 0.008760405532331782 0.9523922689489615 0.5354263794701689 0.8285643834401963 0.16370600068975488 0.0 0.0 0.0 0.0 0.0 0.0
9.402204485262308 12.712632110230068 0.13519912753286012 0.21501649374081877 -0.3211697617321183 0.922289483604979 0.5354263794701689 0.8285643834401963 0.16370600068975488 0.0 0.0 0.0 0.0 0.0 0.0
9.34804725574758 13.160323173045217 0.4273032337776882 0.6530940668893286 -0.529082166842473 0.541793503581605 0.5354263794701689 0.8285643834401963 0.16370600068975488 0.0 0.0 0.0 0.0 0.0 0.0
9.44276283932991 13.487409939281031 0.8429091862115 0.8430502848760774 -0.535987410987268 -0.04453888675674169 0.5354263794701689 0.8285643834401963 0.16370600068975488 0.0 0.0 0.0 0.0 0.0 0.0
9.729651761876356 13.69231835831743 1.2483624980076944 0.7127176045892981 -0.3392620764663704 -0.6139502093657261 0.5354263794701689 0.8285643834401963 0.16370600068975488 0.0 0.0 0.0 0.0 0.0 0.0
10.179004684814625 13.819891976348423 1.5138658402610008 0.3116115903161491 -0.013645406936463681 -0.9501115827365636 0.5354263794701689 0.8285643834401963 0.16370600068975488 0.0 0.0 0.0 0.0 0.0 0.0
10.699389479570332 13.944355123438896 1.5627912173342038 -0.20788087698606458 0.3171553808276433 -0.9253096808072292 0.5354263794701689 0.8285643834401963 0.16370600068975488 0.0 0.0 0.0 0.0 0.0 0.0
11.172387821876084 14.141113849568338 1.4007922235524883 -0.6483959235383541 0.5274635368601341 -0.5489671607863641 0.5354263794701689 0.8285643834401963 0.16370600068975488 0.0 0.0 0.0 0.0 0.0 0.0
11.497584293009462 14.458107905521713 1.113656148196245 -0.8425745181366859 0.537379476519406 0.035937161858714185 0.5354263794701689 0.8285643834401963 0.16370600068975488 0.0 0.0 0.0 0.0 0.0 0.0
11.630715876221938 14.897597630056355 0.8347119500164599 -0.7166449662001804 0.34313596854323125 0.6071883558763619 0.5354263794701689 0.8285643834401963 0.16370600068975488 0.0 0.0 0.0 0.0 0.0 0.0
11.600488216839816 15.415305209417214 0.6941763566639005 -0.31845000993934647 0.01852936919002615 0.9477585418486336 0.5354263794701689 0.8285643834401963 0.16370600068975488 0.0 0.0 0.0 0.0 0.0 0.0
11.497669867671975 15.93723655906797 0.7696823527470021 0.2007294292976837 -0.31311684731300216 0.9282594120948037 0.5354263794701689 0.8285643834401963 0.16370600068975488 0.0 0.0 0.0 0.0 0.0 0.0
11.440607798228504 16.387792913521487 1.0567851110248383 0.6436484023274346 -0.5258047384873065 0.5560990120164163 0.5354263794701689 0.8285643834401963 0.16370600068975488 0.0 0.0 0.0 0.0 0.0 0.0
11.530265402347997 16.718492061292356 1.4706506565894968 0.8420345860855778 -0.538730618523859 -0.02733270020667502 0.5354263794701689 0.8285643834401963 0.16370600068975488 0.0 0.0 0.0 0.0 0.0 0.0
11.811864816860353 16.92638754761953 1.878285712282019 0.720517752522282 -0.3469837294875837 -0.6003802626428726 0.5354263794701689 0.8285643834401963 0.16370600068975488 0.0 0.0 0.0 0.0 0.0 0.0
12.257706275731287 17.055188081892148 2.1490640682141064 0.325264178361357 -0.023411920360386508 -0.9453333254783457 0.5354263794701689 0.8285643834401963 0.16370600068975488 0.0 0.0 0.0 0.0 0.0 0.0
12.777691714294143 17.17865186818196 2.2043536628584497 -0.19356269528610678 0.3090544687381559 -0.931138452834245 0.5354263794701689 0.8285643834401963 0.16370600068975488 0.0 0.0 0.0 0.0 0.0 0.0
13.253554530376073 17.372564630345046 2.047390217880914 -0.6388518647986924 0.524105898047906 -0.563188514153679 0.5354263794701689 0.8285643834401963 0.16370600068975488 0.0 0.0 0.0 0.0 0.0 0.0
13.583791043775639 17.68594734845917 1.7620479333812948 -0.8414305298406705 0.5400407341059298 0.018726157063691885 0.5354263794701689 0.8285643834401963 0.16370600068975488 0.0 0.0 0.0 0.0 0.0 0.0
13.722223441422376 18.122432368905145 1.4809742769735639 -0.7243356686279319 0.3508050662775326 0.593526448127916 0.5354263794701689 0.8285643834401963 0.16370600068975488 0.0 0.0 0.0 0.0 0.0 0.0
12.175838377769837 9.62746616436236 7.791229924978436 -0.5501745762612819 0.7773866213804946 0.3049229026070991 0.8255349180498633 0.5613132492690668 0.05847679262244119 0.0 0.0 0.0 0.0 0.0 0.0
12.390671502463352 10.034729464909493 7.514339270242244 -0.3719583729690025 0.4632462115645816 0.8043941299197274 0.8255349180498633 0.5613132492690668 0.05847679262244119 0.0 0.0 0.0 0.0 0.0 0.0
12.520716704334896 10.547589753958833 7.420810282731552 -0.05242896497343823 -0.026889179088346708 0.9982625785231902 0.8255349180498633 0.5613132492690668 0.05847679262244119 0.0 0.0 0.0 0.0 0.0 0.0
12.638810721991065 11.054320653788917 7.554835281405598 0.2870190833810842 -0.5068089210425119 0.8128743834854231 0.8255349180498633 0.5613132492690668 0.05847679262244119 0.0 0.0 0.0 0.0 0.0 0.0
12.82233074873502 11.445524444120595 7.874155021372275 0.5174237832559624 -0.7941834804993336 0.3186616196266042 0.8255349180498633 0.5613132492690668 0.05847679262244119 0.0 0.0 0.0 0.0 0.0 0.0
13.123797543152934 11.655694085083432 8.266113687559537 0.5512505370075752 -0.7798344576747523 -0.29661602126652553 0.8255349180498633 0.5613132492690668 0.05847679262244119 0.0 0.0 0.0 0.0 0.0 0.0
13.550921914826848 11.688100436881781 8.59045872236606 0.37564799533252197 -0.46921328624269454 -0.7992042765250871 0.8255349180498633 0.5613132492690668 0.05847679262244119 0.0 0.0 0.0 0.0 0.0 0.0
14.063675258856593 11.613549605317292 8.73262511719169 0.05733049973108631 0.01966985746076203 -0.9981614651488286 0.8255349180498633 0.5613132492690668 0.05847679262244119 0.0 0.0 0.0 0.0 0.0 0.0
14.589497092103944 11.543482518379896 8.647260574629449 -0.28276781123302913 0.5010800934523957 -0.8179004247927856 0.8255349180498633 0.5613132492690668 0.05847679262244119 0.0 0.0 0.0 0.0 0.0 0.0
15.050861993883425 11.587636654511483 8.37545560450042 -0.5154379030840266 0.7921216243290606 -0.3269053384920943 0.8255349180498633 0.5613132492690668 0.05847679262244119 0.0 0.0 0.0 0.0 0.0 0.0
15.394732809436626 11.81235493983302 8.029132552176026 -0.5522845178912231 0.7822229065558058 0.28828655146753696 0.8255349180498633 0.5613132492690668 0.05847679262244119 0.0 0.0 0.0 0.0 0.0 0.0
15.612710351758864 12.215380961316633 7.748524428329606 -0.3793090106468174 0.47514462851242634 0.7939535606305443 0.8255349180498633 0.5613132492690668 0.05847679262244119 0.0 0.0 0.0 0.0 0.0 0.0
15.744224393169185 12.7267162158201 7.648898043610704 -0.0622276685492167 -0.012449037897377531 0.9979843379143566 0.8255349180498633 0.5613132492690668 0.05847679262244119 0.0 0.0 0.0 0.0 0.0 0.0
15.861553635575717 13.23521371174315 7.776762220121001 0.27849500522136766 -0.4953131066731534 0.8228641798161698 0.8255349180498633 0.5613132492690668 0.05847679262244119 0.0 0.0 0.0 0.0 0.0 0.0
16.042365823185317 13.630804569415005 8.092198312311853 0.513412770320171 -0.789999445030272 0.33512416225039265 0.8255349180498633 0.5613132492690668 0.05847679262244119 0.0 0.0 0.0 0.0 0.0 0.0
16.340210467943955 13.846315028734843 8.484025967832379 0.5532764401705761 -0.7845517861340264 -0.27993512753150734 0.8255349180498633 0.5613132492690668 0.05847679262244119 0.0 0.0 0.0 0.0 0.0 0.0
16.764174494648348 13.882986883719472 8.812042402223925 0.38294114011139646 -0.48103978667910036 -0.7886423820984432 0.8255349180498633 0.5613132492690668 0.05847679262244119 0.0 0.0 0.0 0.0 0.0 0.0
17.27542996629039 13.810005704194662 8.960287780801464 0.0671200984894619 0.005227270291557914 -0.9977312103086989 0.8255349180498633 0.5613132492690668 0.05847679262244119 0.0 0.0 0.0 0.0 0.0 0.0
17.801985466495044 13.738216081097288 8.881100298595477 -0.2742009907368223 0.4895083998831545 -0.8277652705464127 0.8255349180498633 0.5613132492690668 0.05847679262244119 0.0 0.0 0.0 0.0 0.0 0.0
18.26603684223349 13.778009913155685 8.613223696922764 -0.511348539186098 0.7878171042151363 -0.3433174650062497 0.8255349180498633 0.5613132492690668 0.05847679262244119 0.0 0.0 0.0 0.0 0.0 0.0
1.41145661271745 4.634976132637089 3.1913953631458876 -0.24929974338752547 0.9220136436662588 0.2962101936804051 0.945657006428805 0.1658352624169133 0.27969893087250913 0.0 0.0 0.0 0.0 0.0 0.0
1.8250727561121858 4.927781725421008 3.0128689704861946 -0.32435669104596004 0.5417316979612287 0.7754479379028354 0.945657006428805 0.1658352624169133 0.27969893087250913 0.0 0.0 0.0 0.0 0.0 0.0
2.164751781577097 5.3440750758008 3.011105959670957 -0.27618510882135394 -0.04436317707025853 0.9600800457178399 0.945657006428805 0.1658352624169133 0.27969893087250913 0.0 0.0 0.0 0.0 0.0 0.0
2.441474402796004 5.7502558385715385 3.228193225486063 -0.1230861861867405 -0.6136037394199877 0.7799616924822722 0.945657006428805 0.1658352624169133 0.27969893087250913 0.0 0.0 0.0 0.0 0.0 0.0
2.690139524000731 6.016565609634421 3.623072783644032 0.07677523647150601 -0.9497259822566245 0.30352285200859863 0.945657006428805 0.1658352624169133 0.27969893087250913 0.0 0.0 0.0 0.0 0.0 0.0
2.956305562774874 6.066385313158736 4.0871403854677215 0.2474684631807257 -0.9250314458623143 -0.2882293945746086 0.945657006428805 0.1658352624169133 0.27969893087250913 0.0 0.0 0.0 0.0 0.0 0.0
3.2788820455176704 5.905344069492579 4.485506087728978 0.32414428327552414 -0.5489019974838868 -0.7704784752204277 0.945657006428805 0.1658352624169133 0.27969893087250913 0.0 0.0 0.0 0.0 0.0 0.0
3.6753472278323365 5.619180598228745 4.708241197320598 0.27767227075053896 0.035764496890670655 -0.9600099014168529 0.945657006428805 0.1658352624169133 0.27969893087250913 0.0 0.0 0.0 0.0 0.0 0.0
4.135107813001559 5.341169645156471 4.712142019677493 0.1257079201346274 0.6068434609459615 -0.7848175155554012 0.945657006428805 0.1658352624169133 0.27969893087250913 0.0 0.0 0.0 0.0 0.0 0.0
4.623523522520875 5.201488678101185 4.537143664669214 -0.07401497106477363 0.9473724483062714 -0.31145983408532957 0.945657006428805 0.1658352624169133 0.27969893087250913 0.0 0.0 0.0 0.0 0.0 0.0
5.095067517057092 5.277761290446431 4.291148030681088 -0.24561833729234214 0.9279788033323627 0.28022664568448963 0.945657006428805 0.1658352624169133 0.27969893087250913 0.0 0.0 0.0 0.0 0.0 0.0
5.5106228038791265 5.565566700210184 4.109030069394085 -0.3239071906629417 0.5560304959942761 0.7654503376191031 0.945657006428805 0.1658352624169133 0.27969893087250913 0.0 0.0 0.0 0.0 0.0 0.0
5.85234343639779 5.9801192790313555 4.1013965366522855 -0.27913828686125497 -0.027163093106176622 0.9598666486450437 0.945657006428805 0.1658352624169133 0.27969893087250913 0.0 0.0 0.0 0.0 0.0 0.0
6.130434487643332 6.3884800299242865 4.312564636671372 -0.12832008093769864 -0.6000369689928945 0.7896135717361762 0.945657006428805 0.1658352624169133 0.27969893087250913 0.0 0.0 0.0 0.0 0.0 0.0
6.379274972401528 6.660062334855097 4.703725175212945 0.07124906913143347 -0.9449467682760783 0.31937309728982904 0.945657006428805 0.1658352624169133 0.27969893087250913 0.0 0.0 0.0 0.0 0.0 0.0
6.64435668471009 6.716243994224584 5.167686821330824 0.24374950661662315 -0.9308554916237213 -0.27220255645036034 0.945657006428805 0.1658352624169133 0.27969893087250913 0.0 0.0 0.0 0.0 0.0 0.0
6.9650011047215 6.560237114989033 5.569599886140977 0.3236454312637321 -0.5631166506296359 -0.7603639080110076 0.945657006428805 0.1658352624169133 0.27969893087250913 0.0 0.0 0.0 0.0 0.0 0.0
7.3594205109729955 6.275867777523966 5.7981879741951365 0.280583045510698 0.018559620746976407 -0.9596502983116654 0.945657006428805 0.1658352624169133 0.27969893087250913 0.0 0.0 0.0 0.0 0.0 0.0
7.817798831277213 5.995729106192152 5.808023746553713 0.13092246966979443 0.593184781901501 -0.7943494957863502 0.945657006428805 0.1658352624169133 0.27969893087250913 0.0 0.0 0.0 0.0 0.0 0.0
8.306020932662141 5.85080692455937 5.636787526353547 -0.06847774130562759 0.9424491268909707 -0.3272620389964666 0.945657006428805 0.1658352624169133 0.27969893087250913 0.0 0.0 0.0 0.0 0.0 0.0
8.204475917779424 6.215814742430215 10.625960952117264 0.9108328133362675 0.09442275359464608 -0.4018307227596526 0.3476139375091204 0.3495007465418533 0.8700653875520464 0.0 0.0 0.0 0.0 0.0 0.0
8.52208892154735 6.034841138839636 11.019731998233297 0.6072894750008011 0.6230827743161591 -0.4929171836157973 0.3476139375091204 0.3495007465418533 0.8700653875520464 0.0 0.0 0.0 0.0 0.0 0.0
8.978133580250098 5.995899273259751 11.30114255683445 0.07302671177396276 0.9150232316865123 -0.39673616528047156 0.3476139375091204 0.3495007465418533 0.8700653875520464 0.0 0.0 0.0 0.0 0.0 0.0
9.45082468019951 6.165536982134055 11.492117094076596 -0.4889801201973149 0.8593310649665531 -0.14982844468013806 0.3476139375091204 0.3495007465418533 0.8700653875520464 0.0 0.0 0.0 0.0 0.0 0.0
9.812052746364161 6.531059234306375 11.648938232639546 -0.8652152291939937 0.4771646594165667 0.15400160705218904 0.3476139375091204 0.3495007465418533 0.8700653875520464 0.0 0.0 0.0 0.0 0.0 0.0
9.976054973810006 7.005351185606709 11.84086404237571 -0.9127406069926611 -0.08628457801344268 0.39932387349582615 0.3476139375091204 0.3495007465418533 0.8700653875520464 0.0 0.0 0.0 0.0 0.0 0.0
9.93199795117245 7.459974564633931 12.12381574163999 -0.6135005679856598 -0.6169528616549315 0.49293632405926796 0.3476139375091204 0.3495007465418533 0.8700653875520464 0.0 0.0 0.0 0.0 0.0 0.0
9.748093454758742 7.77396351943446 12.519132291483846 -0.08118140601840182 -0.9132304382519351 0.3992740236567536 0.3476139375091204 0.3495007465418533 0.8700653875520464 0.0 0.0 0.0 0.0 0.0 0.0
9.54568365428876 7.8797815671006255 13.005463367583435 0.4819799293759749 -0.8625565029583299 0.15392084616135243 0.3476139375091204 0.3495007465418533 0.8700653875520464 0.0 0.0 0.0 0.0 0.0 0.0
9.453141193885552 7.78897983277706 13.526880705408628 0.862029031325729 -0.4841829310151742 -0.14990943421005976 0.3476139375091204 0.3495007465418533 0.8700653875520464 0.0 0.0 0.0 0.0 0.0 0.0
9.557098278296827 7.587808584093748 14.014126182988731 0.914578891918013 0.07813983152755907 -0.3967866141729884 0.3476139375091204 0.3495007465418533 0.8700653875520464 0.0 0.0 0.0 0.0 0.0 0.0
9.869533649898077 7.404449312465816 14.410924139383194 0.6196649405270023 0.6107759656446584 -0.4929179254931816 0.3476139375091204 0.3495007465418533 0.8700653875520464 0.0 0.0 0.0 0.0 0.0 0.0
10.323221664190244 7.360316441424678 14.695361439151801 0.0893299179844659 0.9113680987837693 -0.40178147577028256 0.3476139375091204 0.3495007465418533 0.8700653875520464 0.0 0.0 0.0 0.0 0.0 0.0
10.79727243609774 7.523929957177539 14.8882126388765 -0.4749430339169519 0.8657162539328831 -0.1580015259742035 0.3476139375091204 0.3495007465418533 0.8700653875520464 0.0 0.0 0.0 0.0 0.0 0.0
11.163059928479763 7.884883520254201 15.045047385783855 -0.8587771866092481 0.4911643302089944 0.14580584518411682 0.3476139375091204 0.3495007465418533 0.8700653875520464 0.0 0.0 0.0 0.0 0.0 0.0
11.333089134152745 8.35779800785651 15.235118579688717 -0.9163475281198097 -0.0699891343909742 0.3942191380132589 0.3476139375091204 0.3495007465418533 0.8700653875520464 0.0 0.0 0.0 0.0 0.0 0.0
11.2942368919579 8.814758470072187 15.515052038507822 -0.6257821231839935 -0.6045525566798865 0.49286198931865893 0.3476139375091204 0.3495007465418533 0.8700653875520464 0.0 0.0 0.0 0.0 0.0 0.0
11.112737595093002 9.13391115797041 15.907333403300042 -0.09747162713142096 -0.9094363551063764 0.40425833066887074 0.3476139375091204 0.3495007465418533 0.8700653875520464 0.0 0.0 0.0 0.0 0.0 0.0
10.909019637756547 9.245757800106679 16.391765467288238 0.46786996970707906 -0.8688100772629428 0.1620701733591232 0.3476139375091204 0.3495007465418533 0.8700653875520464 0.0 0.0 0.0 0.0 0.0 0.0
10.81195265473637 9.159559157793712 16.913141432393193 0.8554599426851153 -0.49810832533744953 -0.14169115247855346 0.3476139375091204 0.3495007465418533 0.8700653875520464 0.0 0.0 0.0 0.0 0.0 0.0
3.4717279377813997 9.016449918013016 8.349028110539685 -0.3250202321736906 0.9418093424658953 0.08577302094317568 0.8801028600017532 0.2680349459254846 0.391888024286858 0.0 0.0 0.0 0.0 0.0 0.0
3.8994789996284074 9.299633833523972 8.189275172529141 -0.46621966271430904 0.6439529262786605 0.6066002430231183 0.8801028600017532 0.2680349459254846 0.391888024286858 0.0 0.0 0.0 0.0 0.0 0.0
4.220955274690066 9.729606838842157 8.167796779002423 -0.4302944486126787 0.10144802707937854 0.8969698909633549 0.8801028600017532 0.2680349459254846 0.391888024286858 0.0 0.0 0.0 0.0 0.0 0.0
4.444345916651231 10.182704925125153 8.350782700343998 -0.230893179343558 -0.4795986737279218 0.8465656807897672 0.8801028600017532 0.2680349459254846 0.391888024286858 0.0 0.0 0.0 0.0 0.0 0.0
4.6151044511159665 10.526478478641275 8.726743295258828 0.056228269086276414 -0.8784378199237662 0.4745370146607555 0.8801028600017532 0.2680349459254846 0.391888024286858 0.0 0.0 0.0 0.0 0.0 0.0
4.798680221288143 10.67001210346569 9.210874617596904 0.32198765800370793 -0.943543751633431 -0.07777619717366892 0.8801028600017532 0.2680349459254846 0.391888024286858 0.0 0.0 0.0 0.0 0.0 0.0
5.055653088233623 10.598464900416616 9.677276853342011 0.46541855229897056 -0.650181636887284 -0.6005409313531443 0.8801028600017532 0.2680349459254846 0.391888024286858 0.0 0.0 0.0 0.0 0.0 0.0
5.418718128820068 10.378708772781094 10.006785764889123 0.4320291571926233 -0.10980464783038603 -0.8951501252026255 0.8801028600017532 0.2680349459254846 0.391888024286858 0.0 0.0 0.0 0.0 0.0 0.0
5.880264229382387 10.133922672217626 10.132245177230358 0.23450466212648394 0.47228896277308635 -0.8496768203756445 0.8801028600017532 0.2680349459254846 0.391888024286858 0.0 0.0 0.0 0.0 0.0 0.0
6.395265675055139 9.996794855578877 10.064020731631844 -0.0521120747903749 0.8749521001686946 -0.4813970856490846 0.8801028600017532 0.2680349459254846 0.391888024286858 0.0 0.0 0.0 0.0 0.0 0.0
6.898388171639716 10.059112397703988 9.88606180521244 -0.3189305632269425 0.9452063062912014 0.06977345044562465 0.8801028600017532 0.2680349459254846 0.391888024286858 0.0 0.0 0.0 0.0 0.0 0.0
7.328810436301548 10.336889747089137 9.724007739017543 -0.4645819984589335 0.656360833646978 0.594435886166159 0.8801028600017532 0.2680349459254846 0.391888024286858 0.0 0.0 0.0 0.0 0.0 0.0
7.653331219796572 10.764284569156539 9.69745535177817 -0.43373096507957903 0.11815290653233516 0.8932621902941472 0.8801028600017532 0.2680349459254846 0.391888024286858 0.0 0.0 0.0 0.0 0.0 0.0
7.878983016154341 11.218612349985671 9.874522108922887 -0.2380982864714675 -0.4649432851851947 0.8527232537819927 0.8801028600017532 0.2680349459254846 0.391888024286858 0.0 0.0 0.0 0.0 0.0 0.0
8.050360300619166 11.566956294327378 10.245967158598182 0.04799191195821775 -0.8713997494236805 0.4882204963855371 0.8801028600017532 0.2680349459254846 0.391888024286858 0.0 0.0 0.0 0.0 0.0 0.0
8.232677342924935 11.716664638369325 10.728702085786441 0.31584918065299733 -0.9467968798292328 -0.06176539019918997 0.8801028600017532 0.2680349459254846 0.391888024286858 0.0 0.0 0.0 0.0 0.0 0.0
8.486992215898765 11.650550603863193 11.197357590335344 0.4637100649010113 -0.6624900459879853 -0.5882855723849901 0.8801028600017532 0.2680349459254846 0.391888024286858 0.0 0.0 0.0 0.0 0.0 0.0
8.847009812757438 11.433421942528819 11.531913380148655 0.43539974267428605 -0.12649216743300432 -0.8913062300114729 0.8801028600017532 0.2680349459254846 0.391888024286858 0.0 0.0 0.0 0.0 0.0 0.0
9.306276794658586 11.187459387648012 11.663295886785862 0.24167377871010096 0.45756220036603507 -0.8557047490111129 0.8801028600017532 0.2680349459254846 0.391888024286858 0.0 0.0 0.0 0.0 0.0 0.0
9.820633322020978 11.045798150737856 11.599620468961197 -0.04386809435615705 0.8677810382139863 -0.4950067272409672 0.8801028600017532 0.2680349459254846 0.391888024286858 0.0 0.0 0.0 0.0 0.0 0.0
5.926503338060032 6.995159681068844 3.1733121876115815 -0.5999344824814736 0.23000396484474733 0.7662746197580753 0.698596339567779 0.6174043484851 0.3616282964788428 0.0 0.0 0.0 0.0 0.0 0.0
5.993227835399692 7.526681843046053 3.21475051407637 -0.2573304715583674 -0.2547975023915641 0.9321262045359359 0.698596339567779 0.6174043484851 0.3616282964788428 0.0 0.0 0.0 0.0 0.0 0.0
6.001293843650706 8.000122906335891 3.4686670381945177 0.18303768784581315 -0.6427971384822558 0.7438474598915308 0.698596339567779 0.6174043484851 0.3616282964788428 0.0 0.0 0.0 0.0 0.0 0.0
6.051083298605462 8.327038341683059 3.892143614200134 0.5538667694104233 -0.7865873946684961 0.27296862876801214 0.698596339567779 0.6174043484851 0.3616282964788428 0.0 0.0 0.0 0.0 0.0 0.0
6.227126701074768 8.474651155665534 4.377843397722388 0.7142726051174523 -0.631539948580251 -0.3016155482165708 0.698596339567779 0.6174043484851 0.3616282964788428 0.0 0.0 0.0 0.0 0.0 0.0
6.565988566355217 8.478304418497709 4.794789907538329 0.603314336139243 -0.23655991724150421 -0.7616109356906302 0.698596339567779 0.6174043484851 0.3616282964788428 0.0 0.0 0.0 0.0 0.0 0.0
7.042375953541918 8.428033840751313 5.038127180599467 0.2631468639839454 0.24829318172819118 -0.9322575952400208 0.698596339567779 0.6174043484851 0.3616282964788428 0.0 0.0 0.0 0.0 0.0 0.0
7.5787476766536885 8.434361701592417 5.068956305492116 -0.17699450137979944 0.6388155497187243 -0.7487240078419286 0.698596339567779 0.6174043484851 0.3616282964788428 0.0 0.0 0.0 0.0 0.0 0.0
8.074773497606794 8.586307587092262 4.929113769238564 -0.5498926964791024 0.7866412099446856 -0.28073765186683297 0.698596339567779 0.6174043484851 0.3616282964788428 0.0 0.0 0.0 0.0 0.0 0.0
8.445451261095087 8.9175683611507 4.725277076408543 -0.7138774624703893 0.6356087225729934 0.29390563173570816 0.698596339567779 0.6174043484851 0.3616282964788428 0.0 0.0 0.0 0.0 0.0 0.0
8.65340063455107 9.393716163519109 4.588436181580431 -0.6066482450744903 0.24309785468468315 0.7568892520017351 0.698596339567779 0.6174043484851 0.3616282964788428 0.0 0.0 0.0 0.0 0.0 0.0
8.723064521454111 9.925278129511977 4.624128215561669 -0.26894321675701777 -0.24176995257772457 0.9323179909188456 0.698596339567779 0.6174043484851 0.3616282964788428 0.0 0.0 0.0 0.0 0.0 0.0
8.731422793635078 10.401728627207449 4.872342164908286 0.17093783609724228 -0.6347853126778079 0.7535435375603258 0.698596339567779 0.6174043484851 0.3616282964788428 0.0 0.0 0.0 0.0 0.0 0.0
8.778746350932977 10.733479792904467 5.292326387352059 0.545876747089947 -0.7866351194471337 0.2884852957065435 0.698596339567779 0.6174043484851 0.3616282964788428 0.0 0.0 0.0 0.0 0.0 0.0
8.950502529906068 10.885917458372003 5.778070842029343 0.7134279552906688 -0.6396290925006539 -0.2861733332030877 0.698596339567779 0.6174043484851 0.3616282964788428 0.0 0.0 0.0 0.0 0.0 0.0
9.284884633735707 10.892551652078055 6.198582076398525 0.6099359553971395 -0.24961727928503746 -0.7521099282658846 0.698596339567779 0.6174043484851 0.3616282964788428 0.0 0.0 0.0 0.0 0.0 0.0
9.758301657789788 10.842285579116865 6.447649828954327 0.27471908846287657 0.23522831170931743 -0.9323073869730466 0.698596339567779 0.6174043484851 0.3616282964788428 0.0 0.0 0.0 0.0 0.0 0.0
10.294340906703031 10.845639807211283 6.484198083314529 -0.16486815323665505 0.6307067342776583 -0.7583056820208759 0.698596339567779 0.6174043484851 0.3616282964788428 0.0 0.0 0.0 0.0 0.0 0.0
10.792798454898392 10.992763655229508 6.34789053359795 -0.5418192270730545 0.7865691236396527 -0.29621097027407045 0.698596339567779 0.6174043484851 0.3616282964788428 0.0 0.0 0.0 0.0 0.0 0.0
11.167748293234087 11.319185959730826 6.144061683887105 -0.7129241178100058 0.6436007521964943 0.2784192414631779 0.698596339567779 0.6174043484851 0.3616282964788428 0.0 0.0 0.0 0.0 0.0 0.0
