t = 20
b = 13 13 13
E = -1.02662445778052 -1.02662445778052 0
11.0885488943375 -1.06324751109494 9.56568063242065 0.897344744491469 -0.431037627022751 -0.0947574462727646 0.10230835652111 -0.00569050161751368 0.994736456744846 0 0 0 0 0 0
11.1142732774579 -1.28940337938717 10.025840869649 0.790071940992956 0.575249327882055 -0.211836113131986 0.0467248457715522 0.288048965908812 0.956475081759315 0 0 0 0 0 0
11.34625673161 -1.32871533056824 10.4954161946835 0.271012797803438 0.832255683747285 -0.483634717836812 0.136619956191813 0.464094039704356 0.875186671448462 0 0 0 0 0 0
11.6875852074144 -1.03025586578838 10.8045152527772 -0.397411094530684 0.784306535740122 -0.476369268466443 0.160338703017036 0.570487773299493 0.805503073135417 0 0 0 0 0 0
11.9489987064809 -0.630026940162124 10.9759764672249 -0.879009283393454 0.455795019689322 -0.139977068602461 0.205542870327323 0.627124612202158 0.751310088597178 0 0 0 0 0 0
12.101828208216 -0.118137404150201 11.1661315745522 -0.968961853486297 -0.109237166107832 0.221766020907465 0.0624699453247787 0.759762671693188 0.647192543709172 0 0 0 0 0 0
11.9026611521395 0.259769774293804 11.4417691986424 -0.499302702487383 -0.628667152020839 0.596216758619551 -0.0771878407342757 0.717671278870321 0.692091014771481 0 0 0 0 0 0
11.6321637029347 0.490434005637286 11.7756097924462 0.509019668764833 -0.655488822522491 0.557882945032933 0.187132897013121 0.716903237963167 0.67158843516949 0 0 0 0 0 0
11.5279311060641 0.708314335496994 12.2276023547818 0.951136852489822 -0.297456241423367 0.0828158938491801 0.203632247534523 0.805904932504737 0.555923688583761 0 0 0 0 0 0
11.7208083698795 0.934482863681928 12.6327316815853 0.89947234087069 -0.0940261897164013 -0.426741823185889 0.301573404340801 0.8403000799812 0.450498898309296 0 0 0 0 0 0
12.0401599527682 1.12655311709934 13.019782952578 0.335115110503135 0.211791461058764 -0.918064398468357 0.309561625591164 0.895560807910901 0.31959730802266 0 0 0 0 0 0
12.2785600169619 1.52537533975148 13.1381732118708 -0.137970050234295 0.107568936267544 -0.984577670470245 0.149400529939392 0.9849704174373 0.0866761698924191 0 0 0 0 0 0
12.506859351213 1.98736520520254 13.0071865009367 -0.773679268530168 0.0915998634379749 -0.626920931589278 0.129861656959524 0.991412437255431 -0.0154054959989442 0 0 0 0 0 0
12.6233994788607 2.40348395077648 12.6240288175262 -0.987315105745033 0.131724706348963 -0.0886424486628976 0.129568888162952 0.99112626676114 0.0296753526742855 0 0 0 0 0 0
12.5794245567752 2.92144439650156 12.4245110160375 -0.845834646034517 0.0204938667821765 0.53305136055729 -0.0444896048135402 0.993070319181584 -0.108775071703593 0 0 0 0 0 0
12.3538450705126 3.35030195999957 12.1923899533861 -0.396967669827995 0.0573515749520336 0.916039008973883 -0.213131348339772 0.965004586040728 -0.15277819633454 0 0 0 0 0 0
12.0059284229682 3.7105083396949 12.1290982036071 0.37887275780063 0.199015033417499 0.903796686135979 -0.0549896959428119 0.97971935938888 -0.192681369568418 0 0 0 0 0 0
11.9782036045012 4.25131187381442 12.3484753906869 0.718534087676819 -0.213517958506923 0.661905466242332 0.182301072957539 0.976254020530934 0.117023101119898 0 0 0 0 0 0
11.9208320753985 4.65075456011086 12.5778045417172 0.96619882082009 -0.196009748192173 -0.16745153704732 0.207809659004074 0.976567941928831 0.0559481940861197 0 0 0 0 0 0
12.1752834049425 4.97386958541687 12.9235447670788 0.520974330807431 -0.0214344175934717 -0.853303177295256 0.405861741668673 0.885666350607603 0.225546806785382 0 0 0 0 0 0
4.27200408168775 0.100398452941698 6.95700946705246 0.864771625994702 0.390831137937807 -0.315311047210079 -0.407256317504038 0.178487718252124 -0.895703313763101 0 0 0 0 0 0
4.11310917989444 0.54002921273399 6.69212778148907 0.727876011282954 -0.413618795731952 -0.546914987924143 -0.432065122826796 0.342692411385691 -0.834195205461722 0 0 0 0 0 0
4.11190997552235 0.906910570937508 6.19354245004728 0.591051923293221 -0.503743379956839 -0.630000183429373 -0.404510241209901 0.490615807315307 -0.771795046867144 0 0 0 0 0 0
4.206377032532 1.29614028689078 5.85409943061966 0.0574097106299672 -0.786153950515943 -0.615358506249454 -0.429658887332816 0.536917082207418 -0.726025679552589 0 0 0 0 0 0
4.17603206448598 1.62775459815709 5.39455018312172 -0.435125023800612 -0.863204072794901 -0.256017464976144 -0.566253361107908 0.483432279282909 -0.667570492443553 0 0 0 0 0 0
4.12166353272584 1.69693124391709 4.92290435468622 -0.840052650520091 -0.461259559336911 0.285571642980336 -0.522345779149351 0.545542416447355 -0.65539175983654 0 0 0 0 0 0
3.75489560604584 1.76443207193971 4.53610979901943 -0.573389272695407 0.0110703552377719 0.81920826972922 -0.627089549624627 0.637550908671108 -0.447534954617209 0 0 0 0 0 0
3.2945311776185 1.91861369303904 4.31001977475719 -0.0562959765410326 0.379213182833974 0.923595217067639 -0.69391323049596 0.650254079673189 -0.309279906251658 0 0 0 0 0 0
2.78749680215914 2.03998073035586 4.27214305638267 0.379012543358357 0.709931315711986 0.593588257084385 -0.662364539604717 0.656067687032816 -0.361729742633422 0 0 0 0 0 0
2.41733279746641 2.45115894586204 4.17961260122216 0.760662224632271 0.474370408161727 0.443131691349152 -0.405084573497974 0.880285557348821 -0.246989525763827 0 0 0 0 0 0
2.1977680386148 2.89176313269949 4.42603690609882 0.917038487938108 0.193123075719628 -0.348918169869066 -0.239701583964314 0.966164971761687 -0.0952281365234963 0 0 0 0 0 0
2.14184722051143 3.45742858702793 4.51049302990815 0.818561019363834 -0.182189006746375 -0.544761437143645 -0.0100440093091136 0.943683863648648 -0.330696058891177 0 0 0 0 0 0
2.30593155681562 3.86706475956253 4.34878085993307 0.232615671343511 -0.558343112154951 -0.796330910209149 0.101781385812152 0.828270835171418 -0.551006327646607 0 0 0 0 0 0
2.56976501485974 4.1452567684504 4.1215497849533 -0.632598143372539 -0.398713329873898 -0.663963304394516 0.156172769276156 0.774020149537105 -0.613598300394626 0 0 0 0 0 0
2.75661876301499 4.30856644922292 3.657873324919 -0.952676088492146 -0.113291227038919 -0.28208751885066 0.159138105500169 0.604774738097812 -0.780334914979805 0 0 0 0 0 0
2.68377692060261 4.41551663118875 3.15485414077234 -0.79052826182521 0.485306993529842 0.373553462420892 0.0283967269837882 0.638347911363621 -0.769224005055946 0 0 0 0 0 0
2.58450886551738 4.79970115554408 2.79777705255637 -0.568506396778406 0.411084226418404 0.712608051885477 0.0429352511263572 0.879849803820229 -0.473308447978927 0 0 0 0 0 0
2.23797484972578 5.10741363540266 2.52590887170949 0.0228638597242519 0.527047144365873 0.849528428914706 -0.162922531143679 0.840355250538206 -0.516971277479325 0 0 0 0 0 0
1.94350351164946 5.48936149579568 2.48917085876738 0.795217464447654 0.401455272914662 0.4543818307178 0.00575399913491184 0.744373488997006 -0.667738721636224 0 0 0 0 0 0
1.87662607050941 5.98985513669628 2.40830704423876 0.990653958074097 -0.130061079072166 0.0410956331343016 0.116527568739414 0.650403886453472 -0.750597169066004 0 0 0 0 0 0
7.55194939725114 10.4427871640908 4.39167000171141 -0.0411167139889266 0.941343155495055 -0.3349365304552 0.998382924539817 0.0255376021297799 -0.0507874675956929 0 0 0 0 0 0
7.92366974352954 10.3611423091975 4.01615122164447 0.149879864453101 0.860225389023971 0.487389275948987 0.987542192416671 -0.106357184464025 -0.115967958979024 0 0 0 0 0 0
8.33960381281935 10.5211513865411 3.85884762688257 0.0727552693785086 0.0823859414886879 0.993941259543382 0.994599173600026 -0.0799577175011647 -0.0661758814535069 0 0 0 0 0 0
8.76107122883217 10.8076807978867 3.91705101894326 0.0845980820101352 -0.804161061818451 0.588360562219485 0.995963654753404 0.0504705680526827 -0.074223447580135 0 0 0 0 0 0
9.24778750438191 10.8862345047629 4.1306433511309 -0.0402470876038358 -0.99633534998695 -0.0754721293312369 0.945616648383238 -0.0135796681718351 -0.324999610634836 0 0 0 0 0 0
9.73319534378145 10.7282495835077 4.18519044394197 -0.160863819229912 -0.771655677719003 -0.615361963974694 0.975840300256844 -0.0309545012712262 -0.2162811301193 0 0 0 0 0 0
10.2375602638885 10.4973817321785 4.18966047405971 -0.522123316367841 -0.251312532904144 -0.815002609388677 0.850891484609097 -0.218548599789125 -0.477723969411144 0 0 0 0 0 0
10.6072355869547 10.207919317402 3.9364903475528 -0.598446140228988 0.439720543926093 -0.669707443959202 0.754114018584353 0.026927218390183 -0.656191261664102 0 0 0 0 0 0
10.7647026329029 10.0021966694194 3.46578085788243 -0.120313127364103 0.956539709397892 -0.26562480254838 0.791741582518348 -0.0689614331018922 -0.606951058369516 0 0 0 0 0 0
11.0452851270514 10.0140149978542 2.92977608708159 0.0729863150938719 0.989153281529146 0.12747071604545 0.729587152715211 0.0341876246120848 -0.683032790513234 0 0 0 0 0 0
11.2855676729616 10.2064850587238 2.48215270500628 0.45238309952932 0.694724709011626 0.55920220846216 0.79842792011985 -0.0361471711209216 -0.601004358048297 0 0 0 0 0 0
11.5983351712617 10.4447829928714 2.13582870709359 0.401589659370017 0.110531642852287 0.909125129679874 0.819728374025508 0.399270780759855 -0.410643685509608 0 0 0 0 0 0
11.9323347970163 10.8656262767746 2.14033231761335 0.466473304981083 -0.647487896615057 0.602629305192699 0.874719589368057 0.236458554555008 -0.423028358332553 0 0 0 0 0 0
12.4215265141223 11.089731349891 2.18956357092202 0.266249144180577 -0.9246792677454 0.272175761273744 0.934765591982095 0.178789833619125 -0.306997530023956 0 0 0 0 0 0
12.900662035045 11.2065966216075 2.40276948776093 -0.00517869120127724 -0.890119204790585 -0.455698345860964 0.920224568084566 0.174103272406864 -0.350535012275231 0 0 0 0 0 0
13.3863367463111 11.0902610430578 2.49995676883197 -0.234262281879789 -0.485172913943403 -0.842453812896672 0.901742753540705 0.215387026206428 -0.37479118903568 0 0 0 0 0 0
13.8970378556765 11.0368294647185 2.33942117250415 -0.616916013072249 0.0474719312210366 -0.785595983035291 0.757760014839761 0.305511822895864 -0.576595426604211 0 0 0 0 0 0
14.1396308141091 10.952832635799 1.88172964671221 -0.599990325637182 0.777904626014133 -0.186751176616378 0.740830079780547 0.452147009861177 -0.496723136531757 0 0 0 0 0 0
14.2074713565002 11.1676273153222 1.40911485955803 -0.0236379677039142 0.841658538223716 0.539492494403718 0.411958059376145 0.499896903236276 -0.761835706336886 0 0 0 0 0 0
14.062372438723 11.4500748668882 0.979584552792308 0.789695759165677 0.42494826694978 0.442492461373212 0.214906768751988 0.483950392453386 -0.848296586335696 0 0 0 0 0 0
9.03412880632611 1.52932565754488 17.0276752669399 -0.581774210767806 0.607250553153568 0.541096602632268 -0.599958946183758 0.128789226847318 -0.789596477919035 0 0 0 0 0 0
8.53211397079161 1.54508189327291 16.8368403957625 0.181428623928867 0.973925400293785 0.136209284125085 -0.546936879147259 0.215041898734778 -0.809084069808075 0 0 0 0 0 0
8.09555759081297 1.70625478668107 16.5417109072129 0.802799558758471 0.588231254851352 -0.0974518305277486 -0.264467485540869 0.204810957930178 -0.942395575437095 0 0 0 0 0 0
7.90579580024843 2.03592668442412 16.1800970062163 0.978137907089661 -0.0778084115179395 -0.192852497550106 -0.159936949392828 0.311255265840017 -0.936771226984357 0 0 0 0 0 0
8.0358400321285 2.3991421937217 15.8061343159934 0.658214842700883 -0.708012384255372 -0.255874353129177 -0.00813235946913646 0.333176419773237 -0.942829432101349 0 0 0 0 0 0
8.3024984456426 2.58808668813647 15.4111576224773 -0.0136210213006083 -0.985367261055948 -0.169899466208191 0.00794968490637118 0.169803140972373 -0.985445937545945 0 0 0 0 0 0
8.2458025921885 2.4965705575785 14.8061558882722 -0.232584228585611 -0.960803144074006 0.150870457514855 -0.0628069644724841 -0.13996276393047 -0.988162795255263 0 0 0 0 0 0
8.50919578292799 2.26412759227856 14.3996101994831 -0.89721794136194 -0.42580730494509 0.116996174098313 -0.0653158698833919 -0.134063775780088 -0.988817850347051 0 0 0 0 0 0
8.58191350543681 1.93272359581588 14.0044791917668 -0.964516932145513 0.228374754393431 0.132484184566869 -0.129003318265114 0.0301717187700393 -0.991185053994991 0 0 0 0 0 0
8.44421240228327 1.80176387347554 13.5565885892822 -0.636571407457221 0.739970980476692 0.217301153380041 -0.131234700089285 0.173720576693001 -0.976011585344112 0 0 0 0 0 0
8.06942187913571 1.86120762547685 13.1324276561329 -0.251478736850288 0.887280308456734 0.386642081435927 -0.535966030058073 0.204972136557043 -0.818979143726524 0 0 0 0 0 0
7.64798565387678 1.98428193539147 12.6843208472464 0.348423351808698 0.88119954412379 0.319512959596975 -0.340945626722509 0.43666830762335 -0.832512383533216 0 0 0 0 0 0
7.29995867917949 2.33533394255571 12.4657115641787 0.875598587942132 0.481262151402178 -0.0413987248776129 -0.236937193625159 0.353226398652097 -0.905036948180738 0 0 0 0 0 0
7.05090323698643 2.7540882632461 12.2144037456637 0.980818466852315 0.00882308540752369 -0.194723620152682 -0.176000149520287 0.469455259886952 -0.865237369935737 0 0 0 0 0 0
6.97275805262116 3.29916500943503 12.0300781955343 0.773982909277391 -0.548648207608051 -0.316125924965004 -0.0665117893200266 0.426042119015622 -0.902255116198367 0 0 0 0 0 0
7.23447987878691 3.64035698968697 11.7171063949892 0.0533888822911044 -0.947032416771958 -0.316668957794684 -0.221087530190288 0.298040666746025 -0.928596825839904 0 0 0 0 0 0
7.37661570904005 3.6718731171711 11.2022060874118 -0.508721439657672 -0.853065505730383 -0.116110894258863 -0.214042406459254 0.255953506597446 -0.942694887382764 0 0 0 0 0 0
7.26850040590483 3.6463864372157 10.711931181525 -0.771629873164073 -0.582123134484381 0.25635911362555 -0.435498473494993 0.189748229002084 -0.879964027204581 0 0 0 0 0 0
7.12896762690861 3.42822294143551 10.2729838272179 -0.822014613143424 0.0696060418562354 0.565196403664934 -0.547928452897305 0.173701317012992 -0.81829228456189 0 0 0 0 0 0
6.77335793629215 3.13860574194102 10.0032779932289 -0.531350212504544 0.783347949715071 0.322541379281126 -0.522849460773826 -0.00367190110763316 -0.852417127063256 0 0 0 0 0 0
4.13956778334135 7.66534848118356 1.98311160374762 -0.112198594383215 0.622541806186283 -0.774501888292568 -0.0772916516250495 0.771594405058896 0.631401674586693 0 0 0 0 0 0
4.36475946328999 7.99378693473805 2.02548752029104 -0.892493428099836 0.445523547917738 -0.0704574272124222 0.270212242874853 0.653167273520578 0.707359778756353 0 0 0 0 0 0
4.52588297927564 8.5469972284354 2.1784992254362 -0.94418110016096 -0.0239320151074865 0.328556401172972 0.202040303875019 0.745688137310572 0.634924339968456 0 0 0 0 0 0
4.46775145559194 9.05470736623304 2.32964600145205 -0.636793490517844 -0.421596288579735 0.645562250979635 0.286343575749277 0.648077603670382 0.705693117614146 0 0 0 0 0 0
4.37801632634297 9.41220779278915 2.69813166185281 -0.0936659452396288 -0.780858192057776 0.617646480277051 0.128679007640011 0.605675534097823 0.785238091528995 0 0 0 0 0 0
4.14328170009425 9.67726982542484 3.10226886159229 0.537707430746742 -0.719783891580612 0.439069320655415 0.0892722687801679 0.566437091209168 0.819255444735851 0 0 0 0 0 0
4.08997251798175 9.7926631874279 3.62431062737974 0.956748912967591 -0.284673798544652 -0.0599361823733592 0.230415746077941 0.615751181468722 0.753497887508133 0 0 0 0 0 0
4.25982397443368 9.86497737571898 4.12889584617962 0.650821194790741 0.35784058007083 -0.669613240360228 0.279461950608475 0.707133195277967 0.649510325012681 0 0 0 0 0 0
4.56589467090638 10.1644176364183 4.49701579630162 0.288597781208803 0.527265591307668 -0.799188536519595 0.282596420208101 0.750609185705058 0.597264693097421 0 0 0 0 0 0
4.96611340591686 10.4895077553306 4.60999822595672 -0.298180023581276 0.609737553508856 -0.73437646297938 0.397015347281129 0.778891413686437 0.485496632026205 0 0 0 0 0 0
5.34844347781073 10.8652803521108 4.64610603332632 -0.735271972631508 0.533310419371285 -0.418276371377341 0.21641471013803 0.769563075019855 0.60078061453567 0 0 0 0 0 0
5.59680323534383 11.2644251994587 4.67963684121111 -0.967092082481483 0.252316848954953 -0.0326972741229611 0.189421583297377 0.799831281285538 0.569551916209795 0 0 0 0 0 0
5.57559332735863 11.6946014340901 4.77071875124036 -0.82683898612324 -0.256914263658839 0.500332241770736 0.142977925501693 0.764340392464058 0.628761542452401 0 0 0 0 0 0
5.44726146301808 12.1507054220929 5.01428265566767 -0.535132502302079 -0.635302393797606 0.556798054428127 0.185866368142307 0.554416321130774 0.81121898156873 0 0 0 0 0 0
5.17804481106725 12.421004338022 5.1349512430127 0.289696094386154 -0.594259244723892 0.750288026665492 0.187369940828454 0.803946707904059 0.564413143117847 0 0 0 0 0 0
5.09247409022215 12.7317069888717 5.5100206576479 0.73995018231082 -0.541087600219373 0.399622242357736 0.191007087129766 0.738651771093032 0.646459475703875 0 0 0 0 0 0
5.03327824021041 12.8494769495667 6.03089606484011 0.981947553928124 -0.0225300777366043 -0.187806807469155 0.125403830945289 0.820853995575142 0.55720067940785 0 0 0 0 0 0
5.26047092548446 13.0631105853604 6.4788582651657 0.460863049779547 0.387162568787075 -0.79856771452275 0.0592391597158104 0.884396458607254 0.462961797515857 0 0 0 0 0 0
5.61053140039862 13.2625866238671 6.73397059686635 -0.29261324096234 0.560781055068798 -0.774533472155621 0.0329756456800024 0.815421803127299 0.577927235711046 0 0 0 0 0 0
5.69039435628152 13.7270506406663 6.90864824950129 -0.610276529906331 0.160140338891453 -0.77583350591813 -0.240854503834037 0.895484215573358 0.374295508444636 0 0 0 0 0 0
4.36910368988542 13.4161657433621 -0.317368985880255 0.61341341489221 0.180389809281226 -0.768884581154908 0.786910214002454 -0.0569438892443557 0.614434462393132 0 0 0 0 0 0
4.79448119210626 13.1081902734607 -0.20383400157262 0.382225766503472 0.87161230726067 -0.306912771406737 0.75669562884128 -0.104591729473115 0.645346647483601 0 0 0 0 0 0
5.30024974678303 13.0777539246764 -0.212956158426205 -0.0551529120378725 0.909038530498355 0.413046131035185 0.898295958174387 -0.135428183220072 0.417999496072987 0 0 0 0 0 0
5.85004194393514 13.1640650744254 -0.0501715667875637 -0.468349199479029 0.607540657327404 0.641516466695546 0.769611580921544 -0.0761229898250405 0.633958441012925 0 0 0 0 0 0
6.28872672529963 13.3884339877004 0.172448255876816 -0.626891285913563 0.0611397273374152 0.776704093839312 0.777318393161634 -0.0184256536980079 0.628837507579196 0 0 0 0 0 0
6.57963365119905 13.7344158255565 0.475195110522246 -0.472809203354242 -0.618195856320819 0.627921444490708 0.817851858674834 -0.0426352639250069 0.57384716739927 0 0 0 0 0 0
6.8233985291153 13.7261689388067 0.910302162394713 -0.114120634042817 -0.990421792718675 0.0777248569866331 0.834921648142811 -0.053214576912968 0.547790151669839 0 0 0 0 0 0
7.1390868898452 13.5981781076102 1.3525830800553 0.0664406217342438 -0.871013872662285 -0.486744776462384 0.816995707631431 -0.232555496596192 0.527670308729527 0 0 0 0 0 0
7.44211487258785 13.3094225860566 1.70054354510922 0.36945871532102 -0.168986625326544 -0.913752580370686 0.832952738661623 -0.375682511933822 0.406266397063795 0 0 0 0 0 0
7.71380909546929 12.8482764568808 1.7475711850397 0.512619151540742 0.695815066593982 -0.503053673651691 0.830835333687443 -0.254151489382996 0.495095615756069 0 0 0 0 0 0
8.15164656097647 12.6993212630854 1.74026623326944 0.170807779113651 0.963053601184401 0.208212544867065 0.84784863576399 -0.251318055338844 0.466896054699376 0 0 0 0 0 0
8.7137954544254 12.7327688068961 1.70642475566131 -0.342134147542812 0.579288227010883 0.739844155975934 0.894425312065741 -0.0405571927500377 0.445374533681864 0 0 0 0 0 0
9.15001361664722 12.9962713791182 1.91547600477997 -0.461928916123773 -0.0579934872609312 0.88501888786852 0.882431494823148 -0.130281463847428 0.452041366604823 0 0 0 0 0 0
9.4473394069386 13.2259966959621 2.23301726571782 -0.396000042129396 -0.665014782729302 0.633197682706605 0.840799391918601 0.0145839567380781 0.541150340252293 0 0 0 0 0 0
9.58740473840979 13.2788619162916 2.71355748516104 -0.0154571294206994 -0.998510786721831 0.0523190782623439 0.662557801785208 0.0289601375572173 0.748450712957252 0 0 0 0 0 0
9.66633477958661 13.2236948581822 3.18450468101436 0.413272147118637 -0.813743674864586 -0.408689813958986 0.716840497894489 0.0139522207724193 0.697097580051673 0 0 0 0 0 0
9.95389121272536 12.9990173223405 3.53377823674942 0.553724259412569 -0.27298338252834 -0.7866826027067 0.811168899695618 -0.0366137493935022 0.583664672155125 0 0 0 0 0 0
10.2711815108873 12.6485601693542 3.78910499353651 0.517293887009388 0.478865668260729 -0.709291693327874 0.82233495469108 -0.0486029042282391 0.566924139540556 0 0 0 0 0 0
10.7339934334476 12.3790863126507 3.74581449795429 0.328771952804163 0.929745897153393 -0.165775660987281 0.846965535471392 -0.21261617694476 0.487281995383629 0 0 0 0 0 0
11.2675825491023 12.4159503543206 3.69473808260508 -0.0954271131761432 0.877441839531557 0.470095186436051 0.942068070134318 -0.0729475189439934 0.32739335777214 0 0 0 0 0 0
2.21119047431154 1.32138815452583 0.784694187660404 0.529826028259357 -0.829344706340659 0.177402756020422 0.435063727686129 0.44533470436748 0.782557700069317 0 0 0 0 0 0
2.17717281328503 1.32276196849962 1.32090870955608 0.896450796279872 -0.209411446331 -0.390541695590549 0.441326713609302 0.501605748291329 0.744058065701804 0 0 0 0 0 0
2.48011112413249 1.17573363858739 1.70563400155486 0.631793034268795 0.486781019800494 -0.603226160416987 0.420224349830139 0.438837288048729 0.794250168667199 0 0 0 0 0 0
2.86160559726323 1.38296807556816 1.90789600563329 0.122211764251266 0.771727842033239 -0.62409968956034 0.403879054210115 0.535726419196976 0.741538207609513 0 0 0 0 0 0
3.34382508208836 1.577454231101 2.04326441361463 -0.481789552598198 0.743798856969018 -0.46329481691339 0.513336785547236 0.668050787411704 0.538696101751845 0 0 0 0 0 0
3.69080526297909 1.98658730088807 2.01594148563817 -0.835255689831771 0.54521441070597 0.0713384816364525 0.507317842676025 0.714077927318072 0.48241198183676 0 0 0 0 0 0
3.86889824283559 2.46531743204765 1.99581606663738 -0.820040906259383 0.15670882337983 0.550431882012842 0.432949217347821 0.798865279152447 0.417575431464297 0 0 0 0 0 0
3.93200570826016 2.97713066310165 2.02120083551313 -0.205153272996028 -0.322575257206396 0.924044013030356 0.683909818029749 0.62812641807993 0.371112602470723 0 0 0 0 0 0
4.02531145685608 3.41506897427205 2.38788611766007 0.101900754966873 -0.736430181899686 0.668795053304356 0.663329754809546 0.551318624876434 0.506005346067278 0 0 0 0 0 0
4.12615529551538 3.6236289879795 2.83878791745524 0.393021910701311 -0.89043083884249 0.229492263370578 0.703805373847876 0.451915180150387 0.548115558703176 0 0 0 0 0 0
4.36618781434781 3.76708905177518 3.25815370228958 0.426061002734239 -0.853034314726963 -0.301337816822574 0.79648006709223 0.195711951480536 0.572115665554124 0 0 0 0 0 0
4.56438730697656 3.6841546509817 3.74699250146591 0.569025405538518 -0.385879604549333 -0.726159086319641 0.822316821731307 0.269451148004594 0.501189708131291 0 0 0 0 0 0
5.05569792586966 3.65695970239705 4.08159155774817 0.422589677600882 0.39847258750724 -0.814025528709308 0.659852526673832 0.480438140494195 0.577731629911882 0 0 0 0 0 0
5.56380603768054 3.76381519251133 4.24093335321887 -0.299917262930468 0.780447044600105 -0.548590964172085 0.540553252621202 0.612866602355927 0.576365082909558 0 0 0 0 0 0
5.98992668119647 4.06494176510525 4.14455406962798 -0.712985271654089 0.694749699146857 -0.0947357268389077 0.56579962643585 0.649853648485869 0.507504697785802 0 0 0 0 0 0
6.34697678245497 4.45607535399342 4.09251688133299 -0.816810253698353 0.370273605775427 0.442400798280583 0.56612672324244 0.662003856925608 0.491173519895358 0 0 0 0 0 0
6.51343687163066 4.95007291203698 4.1456227246741 -0.519240272212308 -0.109876849880112 0.847535614339192 0.37899868387625 0.859248187808013 0.343587760795863 0 0 0 0 0 0
6.5140372773694 5.51689871369296 4.27496455106923 0.0601945488113911 -0.499220563278216 0.864381539306326 0.499192688134079 0.764941957317804 0.407026365298711 0 0 0 0 0 0
6.66698385460053 5.88147531791015 4.62622573838814 0.615935086999368 -0.779128878228473 0.116542523198712 0.697327307362263 0.608034809279064 0.379510602107329 0 0 0 0 0 0
6.95324982276278 5.93773519853774 4.99056791181144 0.750233298155067 -0.245892462708314 -0.613748234313233 0.599740211627219 0.643843375868899 0.475160379142747 0 0 0 0 0 0
9.37651093089652 12.7159479206302 -2.34455468716612 -0.658058614659279 0.0391670822727756 0.751947338142072 0.39066130733092 -0.83596077062403 0.385426170533573 0 0 0 0 0 0
9.61996940912468 12.5461554123362 -1.89668910953773 -0.941536914464502 -0.319291897808418 0.107521731266587 0.336706911058108 -0.880688890803115 0.33318993631514 0 0 0 0 0 0
9.59216974645075 12.2318903455244 -1.50134377702301 -0.671082790233909 -0.383742301673586 -0.634341969727787 0.1325272338248 -0.903931317836321 0.40662600129534 0 0 0 0 0 0
9.37951374420726 11.7500511211001 -1.21372360865601 0.00908541024611064 -0.285560218334026 -0.9583177015091 0.239096539250138 -0.929938171325805 0.279370439434497 0 0 0 0 0 0
9.34147080744607 11.2011120288435 -1.07751791973405 0.377737722464453 0.0731755862933322 -0.92301654730454 0.177909597376759 -0.984033071692504 -0.00520470716315089 0 0 0 0 0 0
9.28594815436143 10.7345154894127 -1.33807502768536 0.86296414612338 0.300355834111331 -0.406299465198801 0.336597972699139 -0.941457739849543 0.0189506952964544 0 0 0 0 0 0
9.42668367651792 10.3473921876215 -1.68305932317133 0.888483617052918 0.290033318157229 0.355636804320464 0.348864704175979 -0.930356373775148 -0.112829233606201 0 0 0 0 0 0
9.72945553445334 10.0266236939988 -1.98985221366877 0.447572057962522 0.201147293939007 0.871331750295033 0.304538021527535 -0.95041617930177 0.062973641831493 0 0 0 0 0 0
10.0770166897736 9.66700097688237 -1.76196470212651 0.0373619240626985 0.320201154114004 0.946612543512071 0.450898118757741 -0.850764392790961 0.269983026243795 0 0 0 0 0 0
10.5584770065194 9.49803966128794 -1.59364019603776 -0.455270781119736 -0.0334541968264228 0.889724301440241 0.516505718255983 -0.823884178336018 0.233316745426589 0 0 0 0 0 0
10.9117536420371 9.30364907492037 -1.23854440495132 -0.784058869092577 -0.497677333208674 0.370902900780745 0.583666861256294 -0.794462797581266 0.16781495264301 0 0 0 0 0 0
11.1491947396268 8.8530728624756 -0.927916035467416 -0.683996012458316 -0.610740927395469 -0.398929786485347 0.549099805313951 -0.791072643741217 0.26961727713272 0 0 0 0 0 0
11.1090174304755 8.46281397082396 -0.599101531027453 -0.288784166527541 -0.595665991360128 -0.749523670006457 0.551889177665883 -0.743289067201371 0.378073667628665 0 0 0 0 0 0
11.1438869138762 8.00209763800129 -0.453082484878495 0.273731423234498 -0.109437113202331 -0.955559849610664 0.594763575696953 -0.761513826007553 0.257590725422154 0 0 0 0 0 0
11.2070987442013 7.45520410226856 -0.551356235861048 0.646297022641596 0.285426757256831 -0.707694655035954 0.631357262391502 -0.720893861414338 0.285832202175739 0 0 0 0 0 0
11.4122738591361 6.97101323706226 -0.745183272423968 0.775067913696746 0.592811300556297 -0.218733836181157 0.631296826169251 -0.74132229579251 0.227827941722596 0 0 0 0 0 0
11.7404760848942 6.63340841060367 -1.00401020741659 0.653780721368693 0.663984118473061 0.362899240536796 0.626437291112615 -0.743950729034752 0.232623371723799 0 0 0 0 0 0
12.2144913901562 6.44812214853216 -1.17624142869571 0.203164081550808 0.496220034033495 0.844091247313591 0.638986865503507 -0.72038719759954 0.269699965236712 0 0 0 0 0 0
12.7466497060402 6.37596919114837 -1.15931276381723 -0.206453895817398 -0.00761116937796757 0.978426726435106 0.811527955624162 -0.559975927038627 0.166881210379417 0 0 0 0 0 0
13.1081999163421 6.39607247750691 -0.939454892798202 -0.435785028579702 -0.757629686122578 0.485889563143306 0.819998478296318 -0.556768500575501 -0.13270769517489 0 0 0 0 0 0
17.2373342564807 12.8341445527554 15.6020927410555 0.995306108430659 -0.0436761197533643 -0.0863605644024311 -0.0966159202150896 -0.397008105595006 -0.912715688510313 0 0 0 0 0 0
17.3616280366533 13.0091793323541 15.1095493579311 0.666101239819909 -0.735376282260714 0.124622878312093 -0.140155695685525 -0.287517703265371 -0.947465013219967 0 0 0 0 0 0
17.6561609416717 13.1266265704127 14.6377702754301 -0.178908397589362 -0.978150024836181 0.105897659015604 -0.12344644431103 -0.0844662835027595 -0.988749929121714 0 0 0 0 0 0
17.8734465925687 12.9316767581176 14.1866975332712 -0.752165735087903 -0.609727496265351 0.249958171015994 -0.125544684667537 -0.239776627447696 -0.962676322073799 0 0 0 0 0 0
17.8476770744291 12.5404589406184 13.7640611637743 -0.959439228224783 0.0241789614595131 0.280876743726091 -0.236564712646404 -0.610972124340241 -0.755480112252928 0 0 0 0 0 0
17.5657706071875 12.1852448263027 13.5720443040351 -0.859548839959152 0.438944306152832 0.261732091690882 -0.481342044404065 -0.523266289261285 -0.703208522994167 0 0 0 0 0 0
17.2129456184137 11.7877629521011 13.4932547800088 -0.518441430942294 0.808885197102198 -0.277350357114329 -0.32976524038792 -0.488378353911125 -0.807924173213648 0 0 0 0 0 0
16.7379131291465 11.5748844354925 13.3601684417711 0.0127868250837665 0.817252722226699 -0.576137557461174 -0.384631341213592 -0.527831303743859 -0.757266694199798 0 0 0 0 0 0
16.3450457713949 11.3611073766342 13.0846017687344 0.499056463262782 0.655598991188695 -0.566685635275863 -0.324832573470723 -0.464732380543235 -0.82371573597146 0 0 0 0 0 0
15.978551030291 11.2737105672242 12.6521034749645 0.924137031223399 -0.0367798553639365 -0.380286720463664 -0.368017281751321 -0.353082073701802 -0.86017226737602 0 0 0 0 0 0
15.9452027089707 11.2621806530226 12.1934788540226 0.802422407675532 -0.596322502482823 0.022754179678152 -0.22755362436215 -0.34100395149836 -0.912105066920556 0 0 0 0 0 0
16.1583976211314 11.297208655964 11.7015377289303 0.191486627371035 -0.951200907286124 0.241970464139988 -0.0455246386489312 -0.254874733433433 -0.965901846738642 0 0 0 0 0 0
16.3959111036351 11.211806601107 11.2395696001312 -0.33828191303763 -0.897477141694305 0.283019659118975 -0.120692979895077 -0.256889221104908 -0.95887493067874 0 0 0 0 0 0
16.5969484484435 10.8868023013581 10.8792215185751 -0.746178424592483 -0.625792531893281 0.227159559999744 -0.0454517926378196 -0.292528592901061 -0.955175982152678 0 0 0 0 0 0
16.5645212443609 10.4890443062032 10.4947269291845 -0.987261032109719 -0.0041632231113913 0.15905446253085 -0.154434855446599 -0.215447909283625 -0.964226152833713 0 0 0 0 0 0
16.3678217385441 10.1767286530317 10.0961512237033 -0.806479115365166 0.589811162007295 0.0414032565316328 -0.173778536917858 -0.16951882248314 -0.970084732861319 0 0 0 0 0 0
16.072896831508 9.96469348792213 9.64642615863399 -0.327548173070492 0.944495199302289 0.0253182308448473 -0.320275815066633 -0.0857809699729784 -0.943432577068387 0 0 0 0 0 0
15.6082456201326 9.9662834987533 9.337867754287 0.372150003064407 0.925631152569911 -0.0686392352176201 -0.339266127330004 0.0668222221187133 -0.938314065480006 0 0 0 0 0 0
15.2480968742354 10.2026376322577 9.01675296714326 0.837513525570661 0.505397476997021 -0.20771250499488 -0.289567844288098 0.0881449452173504 -0.953090201495626 0 0 0 0 0 0
15.0787984297626 10.5537415001387 8.64695678980167 0.910773813732008 -0.198574425651319 -0.362021073554155 -0.372176523223068 -0.015102261276747 -0.928039092531084 0 0 0 0 0 0
13.8326255760586 9.25568755283271 5.96073273303262 -0.466642028771908 0.732506982338881 -0.495659901352151 0.354312117850359 0.668308333918881 0.65408477581959 0 0 0 0 0 0
14.165797072363 9.67105728144035 6.03249515164464 -0.899752753312028 0.436007761935859 -0.0184990388698379 0.295149057539283 0.639204581695884 0.710144025231968 0 0 0 0 0 0
14.2450525930908 10.199972720964 6.08399391265927 -0.833605823470132 -0.16894065304388 0.525890090062353 0.267795785519802 0.709090531869397 0.652285240420943 0 0 0 0 0 0
14.1669118520489 10.7099021876195 6.31707303466237 -0.618184919380245 -0.57851648311417 0.532133521041527 0.110269244077719 0.606464382869636 0.787427232270437 0 0 0 0 0 0
14.0296811011671 11.0333888770998 6.68950703804686 -0.182955967556093 -0.837847777851412 0.514332786321332 0.0404032922622799 0.516313332910836 0.855446150399236 0 0 0 0 0 0
13.7606312145448 11.1816153549003 7.13033146103833 0.572806166677686 -0.658817012108991 0.487701999146812 0.017479617378079 0.604665127091237 0.796287979977127 0 0 0 0 0 0
13.6108847284008 11.2056181177067 7.57570377945804 0.975268469056948 -0.161499529108492 0.150895047503395 -0.0758749747292468 0.396587771605423 0.914855796080935 0 0 0 0 0 0
13.6096575673162 11.1465932452379 8.10974465862749 0.911121244760702 0.393857779660162 -0.121384211275092 -0.0680915949254487 0.434329762826014 0.898176592783405 0 0 0 0 0 0
13.7921889926779 11.2437503732218 8.61936643168469 0.570078365090157 0.611513522678108 -0.548691050809056 0.192930644117944 0.549526273345695 0.812895221700207 0 0 0 0 0 0
14.1073253030628 11.5380712177885 8.94198599148671 -0.215767111650786 0.681666711451103 -0.699124486789954 0.128294984827347 0.729573824368638 0.671760695236235 0 0 0 0 0 0
14.4512546010034 11.9272641770264 9.07183280723181 -0.698334654708469 0.51251877643381 -0.499653093491869 0.112193296403638 0.76781128396439 0.630776106442722 0 0 0 0 0 0
14.5022231430342 12.4643795379774 9.19703747873851 -0.986202868932995 0.0462174728275806 -0.158958631454106 -0.0699544291250439 0.753933945707792 0.653215112620085 0 0 0 0 0 0
14.3268140248574 13.0137569970363 9.29476232774317 -0.874101048795199 -0.451196006781966 0.179915313298062 -0.175944261930827 0.639333907987211 0.748529071440393 0 0 0 0 0 0
14.0671083762542 13.4401010458968 9.42559266266179 -0.382930172555456 -0.740452298123365 0.552353941916301 -0.0166847941772992 0.60337597470904 0.797282290526497 0 0 0 0 0 0
13.7661614878503 13.6504837798487 9.82387322470037 0.244090323769906 -0.838889244387429 0.486502568845213 -0.0578747334737634 0.488181334583136 0.870821164068702 0 0 0 0 0 0
13.4101829011776 13.840079088786 10.2044598450226 0.809577716532371 -0.498741790511521 0.30958124505789 -0.0312057075390139 0.490072853392854 0.871122725099269 0 0 0 0 0 0
13.3055281849403 13.833941929203 10.758404651769 0.993100315143423 -0.0680237145600615 -0.0955224492958904 0.115065280808923 0.408113051404801 0.905650991511314 0 0 0 0 0 0
13.4866850856773 13.7828605826319 11.2616520814358 0.814014953061437 0.370958624838472 -0.446955651995066 0.25288773479771 0.466391326338412 0.847659674813648 0 0 0 0 0 0
13.8432406896009 13.8655625852169 11.6350325457662 0.211201630508487 0.785529468453137 -0.581667710520611 0.261238377794311 0.528079197222188 0.808014152987784 0 0 0 0 0 0
14.2396891015413 14.0864065619694 11.9226811103731 -0.425617802892194 0.798188019416471 -0.426316046520928 -0.0389940985407819 0.454502506580212 0.889891528104014 0 0 0 0 0 0
8.18003479076972 17.285700437845 6.63093696841492 -0.00421630168737014 -0.951738517116173 0.306881113523772 0.28706463568033 0.292815280233153 0.912059815255392 0 0 0 0 0 0
8.07444218317014 17.1689993586286 7.16618480492955 0.598723208960399 -0.792185851491381 0.118203619864364 0.068718894060204 0.197839656261681 0.977822675135631 0 0 0 0 0 0
7.93101299132608 16.9060651061788 7.6122551446003 0.97041612437553 -0.241428550803229 -0.00219098357573024 0.021778659344059 0.078493864527885 0.99667667938437 0 0 0 0 0 0
8.16559888514285 16.7417819667136 8.02319137268005 0.734400572708327 0.678606197255093 -0.0122240685806256 0.0694835632641875 -0.0572561031483286 0.995938639218491 0 0 0 0 0 0
8.56908384978162 16.568114056271 8.38422056427961 0.0392301110754568 0.971341853397848 0.234426965647388 0.173396733134085 -0.237665837942265 0.955745009096897 0 0 0 0 0 0
8.92545473196335 16.5969234072243 8.72626116364587 -0.711756810878488 0.595196126908463 0.373019855612608 0.31268802800064 -0.207052573681919 0.927014254947983 0 0 0 0 0 0
9.09350932644742 16.7571423098718 9.19782617196327 -0.976362659928383 0.0335908430327728 0.213512555981892 0.216047869611529 0.18031859018473 0.959587684409357 0 0 0 0 0 0
9.15669651969736 17.2499484417052 9.51823418514517 -0.75280464338042 -0.515490220415115 0.409334828180128 0.343656941471668 0.22259102781879 0.912333897711201 0 0 0 0 0 0
9.17271353548708 17.5554441657195 9.94708876458578 -0.0174444709727882 -0.958676448403494 0.283963303454765 0.286851281270024 0.267268821329576 0.919936801948288 0 0 0 0 0 0
9.03812461608151 17.5593794218197 10.2872934145965 0.842971413136376 -0.537851945944964 0.0106995737334753 0.139437427190959 0.237662303669032 0.961287591365402 0 0 0 0 0 0
9.0535641206264 17.5018868661409 10.7685791796598 0.983104728515506 0.0771503271361945 -0.165990722009487 0.142720035631489 0.244732617271352 0.959029164036663 0 0 0 0 0 0
9.32125664045789 17.3233858036561 11.1738168298688 0.626794484577778 0.768919961066719 -0.126058587871013 0.218412217279315 -0.0180845791477597 0.975689013641223 0 0 0 0 0 0
9.72237065612414 17.2900306732665 11.567976421881 0.0949329678048304 0.983566175375559 -0.153575096551692 0.0420929667663925 0.150167780168444 0.987764050746981 0 0 0 0 0 0
10.0473531480525 17.386943055264 11.9113952578582 -0.534401961874681 0.842693427299023 -0.0654395196461478 0.0189354748817946 0.089338802051518 0.995821282278603 0 0 0 0 0 0
10.2863841455436 17.6092076016457 12.2925728471649 -0.927141066945833 0.364213526403282 -0.0880792209742339 -0.0657705614487614 0.0732342193456437 0.995143699353791 0 0 0 0 0 0
10.2174273619969 17.939679220697 12.6428911032816 -0.966667334983888 -0.243624382641057 -0.0787491184579974 -0.0539345903024089 -0.106909250470735 0.99280485098165 0 0 0 0 0 0
9.94157405784982 18.1287003482141 13.0540493426685 -0.632404206397485 -0.759704837535391 -0.151371990659083 -0.134668546967991 -0.0846122129930376 0.987271571488793 0 0 0 0 0 0
9.63633322149163 18.0562967451131 13.4163783496422 -0.0721832189677148 -0.958908754439723 -0.274378540630126 -0.00785998010043185 -0.274540722488022 0.961543349209268 0 0 0 0 0 0
9.25649008707056 17.9270716251974 13.7737369422831 0.554627081503129 -0.821931769871338 -0.1296802457566 -0.0278676675465844 -0.174107648108461 0.9843322203279 0 0 0 0 0 0
9.03377141716988 17.6724874042108 14.2436629363159 0.877714256193448 -0.439209146438069 -0.191606393838839 0.0488338412238517 -0.315791514052714 0.947571092638235 0 0 0 0 0 0
-0.600539972275116 5.79454205912395 9.74427267300612 -0.32756709019736 0.653043433754404 -0.68281335301083 0.944827012592493 0.227409123335423 -0.235768969330909 0 0 0 0 0 0
-0.204238679624864 5.7796365067766 9.44747618855583 -0.202517089493707 0.964487847564783 0.169558309624888 0.905662313393425 0.250327373092419 -0.34221627719838 0 0 0 0 0 0
0.111239627540441 6.03850030509533 9.11735440091968 -0.130526334227768 0.791993987146356 0.596412944525083 0.785853695642878 0.449415291025619 -0.424805679383867 0 0 0 0 0 0
0.304196066485529 6.41235987369461 8.78316592452537 0.253766946217708 0.376604188815936 0.890938618521854 0.89018054717795 0.269398923572887 -0.367427289955083 0 0 0 0 0 0
0.695840965542894 6.79165981111628 8.68234302379546 0.274237787819209 -0.108272274562178 0.95554735638437 0.923698253176215 0.306089351268563 -0.230414509350429 0 0 0 0 0 0
1.01329196901612 7.21973045087073 8.75064741525324 0.406382334773694 -0.733438925689525 0.544904340473883 0.913697160106003 0.328359808085935 -0.239452158161067 0 0 0 0 0 0
1.44250957293999 7.48586075630689 8.93403773977627 0.226910850291185 -0.970679969210396 -0.0793212669706973 0.9733313789321 0.228841822389113 -0.0160451585148088 0 0 0 0 0 0
1.86243136307336 7.45358200226762 9.23812373175946 0.217117539077268 -0.754032119100699 -0.619915750396408 0.945037847835741 0.321415154631898 -0.0599646940369313 0 0 0 0 0 0
2.39541744856621 7.40293346443578 9.35840442372226 -0.129183642582171 -0.429753527806265 -0.893657368249863 0.901664582728695 0.324154753312536 -0.286224869914507 0 0 0 0 0 0
2.91870294857728 7.29007128374639 9.29364508964781 -0.269425401813416 0.118210733122504 -0.955738549725979 0.932638877447837 0.279348139428392 -0.228362302648078 0 0 0 0 0 0
3.4052927594082 7.22811979054614 9.01072147167342 -0.486750761891379 0.55780746421206 -0.672253321797277 0.873317221700533 0.293325363009367 -0.388943777038127 0 0 0 0 0 0
3.82038018619992 7.19360440738301 8.65165742060646 -0.401233539939333 0.90400840645067 -0.147582002609646 0.854831470824984 0.311677584151032 -0.414873763963172 0 0 0 0 0 0
4.04439441413341 7.308348678722 8.23718509624308 -0.0754673786237004 0.825986887162146 0.558614658776385 0.801990360369045 0.383181881774643 -0.458239137737898 0 0 0 0 0 0
4.18987160717501 7.72459000519707 7.99393469096229 0.474237404544258 0.1030933774576 0.87434011669116 0.764605382801496 0.444088493717906 -0.467080312514175 0 0 0 0 0 0
4.49085091068581 8.17415557411314 7.95254111884721 0.568661468190994 -0.768315310856021 0.293795367048358 0.791256858047208 0.413320723356991 -0.450642390634652 0 0 0 0 0 0
4.8900911611693 8.34164899580114 8.09693584133993 0.256327253667452 -0.818103839160178 -0.514783884148174 0.730800342042655 0.51260062365634 -0.450745450001959 0 0 0 0 0 0
5.38233351283304 8.47022218207785 8.04631784428566 -0.265019291343951 -0.462195276260439 -0.846250732240797 0.684391609754487 0.528068460379674 -0.502744294497613 0 0 0 0 0 0
5.8272320205256 8.46040043630374 7.77931742854375 -0.713924759596972 0.191248011708246 -0.673599016961907 0.685018122076165 0.390133595747392 -0.615260879543349 0 0 0 0 0 0
6.11430657267257 8.28318151685943 7.43520472075478 -0.538635783026676 0.760760270005354 -0.362098473933018 0.694435066238441 0.157494263569887 -0.702107894643687 0 0 0 0 0 0
6.25359131354833 8.28718165953741 6.91629349334099 -0.212375395526332 0.925507218142271 0.313581058964965 0.59499770594659 0.377030866708453 -0.709806632448139 0 0 0 0 0 0
-0.973774596253864 1.39820364725666 9.09254657840114 -0.961901741844567 -0.0861524155424464 0.259466376111798 -0.0115593436577705 0.961018989102667 0.276240627276816 0 0 0 0 0 0
-1.14420264256764 1.91234371436357 9.04128004949374 -0.51426599096391 -0.420963545115119 0.747208260274215 -0.0126657080351607 0.87487991438154 0.484174261244562 0 0 0 0 0 0
-1.52625072651894 2.13895653738588 9.01225335015299 0.177004591235904 -0.0275748358304241 0.983823664642367 -0.409924073454025 0.906713047314122 0.0991650333191995 0 0 0 0 0 0
-1.84710344275329 2.51225982887251 9.30630384783813 0.763041321439561 0.169013633451587 0.623860828617458 -0.24675163965989 0.968274207813601 0.0394802078021302 0 0 0 0 0 0
-1.95973657538098 2.95375739884444 9.59104719764934 0.978077725338127 0.111194472605536 -0.176067465647042 -0.131638992478258 0.985284578778151 -0.109020523211327 0 0 0 0 0 0
-1.85698246151246 3.42688078785609 9.76348522905892 0.623834494840387 -0.228069701472511 -0.747539118921197 0.191816907050581 0.971899543211099 -0.136446150827369 0 0 0 0 0 0
-1.40765967540628 3.74501245541721 9.77478615543706 -0.0636717521377448 -0.157459777100156 -0.985470611725829 0.200178517617574 0.965389957832574 -0.167184898840931 0 0 0 0 0 0
-1.1115574062681 4.1395624119004 9.56185687100514 -0.677523291315597 -0.0635164361443795 -0.732753609383398 0.149160093807459 0.963696083537552 -0.221452308612334 0 0 0 0 0 0
-1.13205116083114 4.57419371333424 9.22930960575377 -0.962423277163366 -0.171027475848357 -0.210928988237907 -0.0985569296587268 0.943777284648888 -0.31554867864882 0 0 0 0 0 0
-1.26778107727968 5.06429037247775 8.98903888884215 -0.859300404772742 -0.417833520540506 0.294988073437094 -0.484355235468207 0.850063896975346 -0.206860767023682 0 0 0 0 0 0
-1.51802503257818 5.38010069385034 8.73135329124428 -0.410953064544755 -0.307922339869801 0.858080072808116 -0.614274843212013 0.789014757039648 -0.0110512519889217 0 0 0 0 0 0
-2.15542353792296 5.67846729339334 8.58083556490143 -0.0692145478857258 -0.271357363012123 0.959986733189621 -0.651932225034838 0.740690140949954 0.162365295123873 0 0 0 0 0 0
-2.60869737395396 5.8310554871448 8.73503349762943 0.366589467044883 0.158579703305813 0.916768586040768 -0.689240957589795 0.708169460697453 0.153110800782244 0 0 0 0 0 0
-2.97628174251976 6.01699431305813 9.07430069195931 0.757646073466953 0.59514191570112 0.267915149880909 -0.639676779174269 0.758607888262977 0.123805048565963 0 0 0 0 0 0
-3.29185091974254 6.29377070569104 9.34788263462787 0.668299987337637 0.65818625041852 -0.346649659865005 -0.649568733124224 0.743433558347913 0.159270227191243 0 0 0 0 0 0
-3.34012230064502 6.70039116393755 9.695754419686 0.280617353728879 0.562105668653006 -0.778004574571614 -0.510779830317856 0.773721460828978 0.374778689352977 0 0 0 0 0 0
-3.35445498692761 7.21155788519145 9.82886763170688 -0.0991523134848903 0.23080153327967 -0.967935675014796 -0.511593683848267 0.822499463567565 0.248528740948861 0 0 0 0 0 0
-3.30193177842679 7.74517328053904 9.79450159418189 -0.783224325063278 -0.106170422913953 -0.612607131796102 -0.327238698953296 0.908187126788432 0.260980797460514 0 0 0 0 0 0
-3.38890483465879 8.2125963168746 9.54422875364406 -0.919043616003267 -0.389206583642361 0.0622660993886764 -0.372231492414433 0.908977074340052 0.18762834108717 0 0 0 0 0 0
-3.76527236607634 8.55425746981519 9.43471587029288 -0.540922406504059 -0.458182638103657 0.705316680847852 -0.426785818983252 0.872134616680765 0.239238531808505 0 0 0 0 0 0
0.459300008195772 7.34535455154075 6.80700538810739 0.58987831176495 -0.104634655525084 0.8006841862885 0.657704177162954 0.637526600289202 -0.401229422233832 0 0 0 0 0 0
0.679397422720099 7.82088693158844 6.92579590020428 0.76759143543481 -0.639994512709821 0.0347909751005454 0.592538765647329 0.687887347712313 -0.419176344826923 0 0 0 0 0 0
1.15345105171684 7.99885826664718 7.07700786196818 0.394760507638113 -0.616490087518139 -0.681251872365263 0.80514508235295 0.589311057589186 -0.0667373491080935 0 0 0 0 0 0
1.698250269565 8.16243873647629 7.10870507540293 0.00748711540917018 -0.346298092194199 -0.9380946511123 0.788049753263176 0.579534915870529 -0.207646015297151 0 0 0 0 0 0
2.23105249695023 8.35242580912328 6.97446370320415 -0.529925511174905 -0.108525388082535 -0.841071455197209 0.619854159307232 0.627282022704421 -0.471484978744154 0 0 0 0 0 0
2.56929957786563 8.40292115946933 6.62647673862674 -0.830714953283705 0.305399683105395 -0.465449997260689 0.536189039631498 0.663784150982698 -0.521432560052812 0 0 0 0 0 0
2.83077469826082 8.46556573258943 6.14309345501614 -0.600033672533871 0.773480986439573 0.204173346551358 0.707528404512341 0.632219611047795 -0.315756108752938 0 0 0 0 0 0
3.01313043191631 8.93669035117091 5.83351931704727 -0.240609033855452 0.440589491162523 0.864863106569066 0.759359243992465 0.640428769000545 -0.114997958241169 0 0 0 0 0 0
3.0985186724605 9.44755113980967 5.80134362477656 0.286388193381567 -0.127511974921826 0.949590700745946 0.787489164767006 0.595868247334038 -0.157486022216662 0 0 0 0 0 0
3.35567542096805 9.86748386121165 5.96214145134991 0.60221790439554 -0.732367617561253 0.317759765189205 0.793788913131404 0.59171621163353 -0.140609694828371 0 0 0 0 0 0
3.69668063448567 10.1339310574348 6.28058522675931 0.563157439697652 -0.72717195061127 -0.392523441793463 0.746291926470366 0.651521046287455 -0.136266968593456 0 0 0 0 0 0
4.20154543157269 10.2230993297465 6.21791786092546 0.147428748487254 -0.402648262674566 -0.903404195631521 0.988320447421183 0.0955883470056517 0.118682606669718 0 0 0 0 0 0
4.74814810082929 10.0168741627171 6.36609564650945 0.0511292670042728 0.32071870973233 -0.945793480249909 0.955898493933502 0.258536227144629 0.139345213586558 0 0 0 0 0 0
5.36359555567039 10.0790806191204 6.34044042582265 -0.111057852706378 0.239135659399031 -0.964614062595004 0.979505508366834 0.190449640768793 -0.0655583206776101 0 0 0 0 0 0
5.85778126067551 10.0684811503511 6.0430877054161 -0.436486824855693 0.612470907728324 -0.659058903978877 0.882314912796084 0.148040174812769 -0.446771195690865 0 0 0 0 0 0
6.18054438765671 10.1095808034765 5.61551328558647 -0.22150585996412 0.969785567219591 -0.102230658875567 0.859265469714662 0.144536334822637 -0.490685337535247 0 0 0 0 0 0
6.46477603052495 10.3250456806339 5.12619676737852 0.081846421930867 0.7937591148996 0.602700282670348 0.795604048227201 0.312182297827112 -0.519188223448756 0 0 0 0 0 0
6.70007267846742 10.6313379049112 4.72872114040799 0.155808820969441 0.412641248445798 0.897469114448628 0.800578462268375 0.479458787133728 -0.359434830243619 0 0 0 0 0 0
6.88399199821764 11.1143364658296 4.58184984950418 0.487059036951978 -0.362565309135912 0.79455641154961 0.801798384719225 0.546308499740374 -0.242211422878987 0 0 0 0 0 0
7.21944660602352 11.4526725829204 4.66828249809465 0.452852178558227 -0.889678518077863 0.0582841217300698 0.873645560005065 0.42974316527105 -0.228175913247336 0 0 0 0 0 0
12.4816499286787 2.93554158800705 1.87779461786518 0.238204430162408 0.96578468336267 -0.102560201019058 -0.876845284992379 0.259263407449021 0.404876316601203 0 0 0 0 0 0
12.2903330874273 3.23752591782356 2.20835815169003 -0.150333948745406 0.628224517350552 -0.763369936304987 -0.857881819690997 0.300870865700596 0.41655192427384 0 0 0 0 0 0
12.1142417088935 3.64187489036841 2.50220098791764 -0.380387509903326 0.079342396031551 -0.92141745506666 -0.87844118040027 0.280575149254219 0.386805737028232 0 0 0 0 0 0
11.772192552617 4.05711934974569 2.42697027874951 -0.581386017827009 -0.625731278291035 -0.520048714683076 -0.813254595400757 0.466276367147453 0.348142661130929 0 0 0 0 0 0
11.2794440685992 4.29821293692245 2.38223974303844 -0.136568485504809 -0.988863455730501 -0.0591448618872022 -0.881942034442276 0.0941780386457725 0.461853596847155 0 0 0 0 0 0
10.7803852561055 4.25495640670349 2.28774438016435 0.126651347888934 -0.859205073261528 0.495707653924738 -0.940634588020597 0.0546182266985454 0.334997643471754 0 0 0 0 0 0
10.3099058797075 4.00110338684364 2.23395866820983 0.29252178117801 -0.309733618414505 0.904707739085005 -0.955969334247088 -0.117998891013033 0.268698518229773 0 0 0 0 0 0
9.90474892876429 3.83090414584973 2.49575965234181 0.53244210886637 -0.177381625759779 0.827672132881583 -0.789641112042613 -0.456307115811092 0.410183776169011 0 0 0 0 0 0
9.736448349154 3.35174738008439 2.529725905605 0.109922705731646 0.58784765575241 0.801468734506238 -0.83475263484716 -0.383114943996536 0.395488278337367 0 0 0 0 0 0
9.52146357779252 3.0968294159135 2.95101379024445 -0.219706520957298 0.944282689846073 0.245069880454342 -0.924054706683632 -0.281981624878907 0.258087702702934 0 0 0 0 0 0
9.14502044985285 3.12144939346423 3.30556881902659 -0.476064603864521 0.568245659555341 -0.671162695137201 -0.874933284378091 -0.229138555516179 0.426599660411639 0 0 0 0 0 0
8.758213929244 3.39573333731547 3.5582230014148 -0.364611736264388 -0.0587761564906612 -0.929302773699968 -0.909293079549574 -0.192537065789765 0.368938441722082 0 0 0 0 0 0
8.29152972230933 3.65904964074925 3.59766254327422 -0.217380487998631 -0.80753559545476 -0.548299175187235 -0.938714073930199 0.0190068288361001 0.3441723810287 0 0 0 0 0 0
7.73772524798536 3.77553649194366 3.63983831823908 0.206102709713763 -0.850353562829356 -0.484169899138788 -0.935070824026824 -0.316970997676861 0.15865667551519 0 0 0 0 0 0
7.30485966897884 3.7419512752698 3.32331892570414 0.295852019367379 -0.925905095227635 0.234885796223929 -0.939079834304342 -0.326948970831307 -0.10598790155145 0 0 0 0 0 0
6.90516671638634 3.50008267865722 3.02360842069902 0.333998653997776 -0.563563715495228 0.755540096689042 -0.810606758784021 -0.580784882640171 -0.074870573059835 0 0 0 0 0 0
6.64157675039259 3.03197199744139 3.01478673846619 0.15641348032271 0.0999071397628885 0.982625761212139 -0.682265644108428 -0.70843889965727 0.180631991412671 0 0 0 0 0 0
6.51435378008228 2.60003455248717 3.16925920425853 -0.340627348344649 0.598784745704055 0.724865392932939 -0.716200290037023 -0.664737212410075 0.212559598673328 0 0 0 0 0 0
6.21686865636197 2.23807309185521 3.46412503201106 -0.484183449439605 0.824545152652201 0.292731410215105 -0.782135551493205 -0.557842756097421 0.277624636082701 0 0 0 0 0 0
5.96922292990264 2.08258118369832 3.91716218610892 -0.506954640871249 0.580451726635374 -0.637238405265341 -0.855843508011696 -0.426960097292108 0.291953703717811 0 0 0 0 0 0
