t = 20
b = 13 13 13
E = -0.991026230682052 -0.991026230682052 0
3.33824990721787 8.62877979894455 10.9300961558755 0.833636798997649 -0.337661456512212 -0.437074854164599 0.455385947465935 0.867999789790047 0.197989908265516 0 0 0 0 0 0
3.74005832759925 8.79034347839036 11.2481091633341 0.438244154071398 0.0575432600159646 -0.897012170847743 0.398759898634453 0.881925079640634 0.25139351054055 0 0 0 0 0 0
4.18887013669724 9.11407559479626 11.4278382041171 -0.00473810236904112 0.282690594547897 -0.959199446486547 0.551256514722051 0.801037894083632 0.233354981130801 0 0 0 0 0 0
4.63719535392284 9.41130741741413 11.4612061326795 -0.580781925498555 0.516442979629407 -0.629268626109464 0.538213171365537 0.823548980207152 0.179147032820561 0 0 0 0 0 0
5.00014340829686 9.70137786027281 11.1913673843051 -0.817073656692532 0.566762245245626 -0.105693882998179 0.544828985416334 0.819011588796961 0.179948309429365 0 0 0 0 0 0
5.23261157212118 10.124832044598 10.9000569569331 -0.784013993151876 0.490533389335227 0.380393286598678 0.525976767389363 0.850406122668917 -0.0125645013372852 0 0 0 0 0 0
5.19560058973721 10.681728022894 10.7709704539494 -0.511409787950096 0.057673366301816 0.857399446937222 0.41297106261063 0.891473858945103 0.186357882215304 0 0 0 0 0 0
5.05863173938113 11.2011398963279 10.7593110420291 0.154667560233498 -0.139053953903008 0.978131864175458 0.430971028631923 0.900378592888064 0.0598528357628375 0 0 0 0 0 0
5.07984143280319 11.6706828314101 10.9040694801678 0.455200058813707 -0.526219421799923 0.718252063398743 0.721966579071126 0.690250543384952 0.0481502446630708 0 0 0 0 0 0
5.37213526087245 11.9526631915622 11.2459985595163 0.636108166734901 -0.768149580782741 0.072887733923227 0.770186371544183 0.637818852855442 0.000253041054624121 0 0 0 0 0 0
5.84772189761627 12.1744566290147 11.4463349783837 0.395449403013434 -0.8303891917804 -0.392522050120262 0.849132516269206 0.493434125755939 -0.188405767835801 0 0 0 0 0 0
6.34420538265898 12.0828055935627 11.6301537448325 0.187541501374116 0.0272288538743452 -0.981879205798265 0.852636589753485 0.491793391231752 0.176493926678286 0 0 0 0 0 0
6.89416018849138 12.2150634070012 11.5336407812276 -0.341366103841929 0.32301253533769 -0.882684589852173 0.835472455934428 0.534537442293062 -0.127497051580366 0 0 0 0 0 0
7.37320293124082 12.2433120930704 11.2717693097879 -0.528410495971667 0.831978117610025 -0.169099850872362 0.840174373648278 0.48381952206711 -0.245001412100985 0 0 0 0 0 0
7.71283393046102 12.4815200734375 10.9225340434174 -0.460616270737944 0.783682276032302 0.416743015975431 0.745483932929311 0.596408110634417 -0.297575320404317 0 0 0 0 0 0
7.80419028690991 12.8983741355425 10.5950547896601 -0.152848714163887 0.386845941694969 0.909388524214253 0.67287202981017 0.714695097951166 -0.190929695080978 0 0 0 0 0 0
7.85121742983043 13.3688675492567 10.5936842928411 0.395994111744052 -0.21430643141291 0.892894964102219 0.748200804484592 0.639023882064633 -0.178448968390559 0 0 0 0 0 0
7.99515521569593 13.8550816212625 10.696403640163 0.567025030685074 -0.583936724136985 0.580947946705002 0.728062448031002 0.685159977205259 -0.0219289170547449 0 0 0 0 0 0
8.19540063688219 14.196530782627 11.0694069963929 0.805124885983044 -0.583690785952426 -0.105256754486497 0.590182510277141 0.806036968173584 0.0445983239652524 0 0 0 0 0 0
8.41380513224328 14.4046290934967 11.4787665893917 0.428906145509017 0.122114686521725 -0.895057272849229 0.527023634122567 0.770896390317677 0.357721741681184 0 0 0 0 0 0
17.9755709260574 2.56434903014922 6.61135814076458 0.451766113952209 -0.885885948057458 -0.105420421735347 -0.145612646421256 0.0433619395614458 -0.988390964851292 0 0 0 0 0 0
18.1407560506298 2.41550739319733 6.12441185983737 -0.151170654615133 -0.981737346894667 0.115495518941002 -0.305868504494184 -0.0646487727959684 -0.949876304649435 0 0 0 0 0 0
18.294999591713 2.1500972389042 5.6201639690569 -0.597103670666316 -0.703940079068031 0.384623935238701 -0.125817644304135 -0.391361697258782 -0.911595273298674 0 0 0 0 0 0
18.4387414982015 1.7093958706125 5.34849197855508 -0.984693962837272 -0.062863544311743 0.162560678973713 -0.111557522776566 -0.489286364365395 -0.86495882720396 0 0 0 0 0 0
18.3127587744888 1.28153181756441 5.04200866752651 -0.864939219564064 0.463480790956428 0.192524551354654 -0.455957050208682 -0.565382658179173 -0.687346796162788 0 0 0 0 0 0
17.9729704393505 0.886501294463497 4.92457552618251 -0.298317815381142 0.78112111301577 -0.548503680778196 -0.207813263974047 -0.614039496621151 -0.761425731050439 0 0 0 0 0 0
17.5517096963888 0.738994376822428 4.62546651962175 0.447369223349528 0.610960174247092 -0.653137384846101 -0.220859667633248 -0.632203683365203 -0.742657060797513 0 0 0 0 0 0
17.2838832440657 0.577960125809851 4.20628106979757 0.882614822278115 0.368914467171829 -0.29136436193587 -0.0216634883472617 -0.587218860797534 -0.809138247023508 0 0 0 0 0 0
17.2224846522104 0.700892071686276 3.66664900011326 0.943464125702888 -0.330927196077009 0.0190429621722477 -0.128536243741678 -0.418197922744688 -0.899215731321916 0 0 0 0 0 0
17.3365482770432 0.653309829842425 3.11555507547481 0.561062365236618 -0.748829584497815 0.352793531255779 -0.0110514727166456 -0.432934005768243 -0.901357870992568 0 0 0 0 0 0
17.6500870057933 0.577392770189865 2.75874410061695 -0.271858277125385 -0.95217198132658 0.139504821189204 0.116524786165055 -0.176468237539098 -0.977384742744142 0 0 0 0 0 0
17.8363572096391 0.328699527091695 2.38308059541651 -0.822299775328079 -0.566823951427953 0.0503357485589722 -0.0253329935476051 -0.0519039622677222 -0.998330715814568 0 0 0 0 0 0
17.7633536638857 0.0157545302520126 1.87700159319235 -0.997968073273693 0.0636569827625455 0.00274103483402131 -0.0111286414965312 -0.131785572865983 -0.991215776772558 0 0 0 0 0 0
17.8114614404059 -0.384127845132873 1.41060854098966 -0.819854243142585 0.5693930165487 -0.0602545658574579 0.0049508080473274 -0.0981813330767925 -0.995156226597082 0 0 0 0 0 0
17.537022576825 -0.607314091921658 1.06129527098589 -0.385325511042432 0.890058564705957 -0.243556978823147 -0.0179619716198335 -0.271122496289335 -0.962377243902498 0 0 0 0 0 0
17.2202119070262 -0.823613931368281 0.657164444612694 0.211669499786665 0.954392461827954 -0.210549404335518 -0.130960547293501 -0.185790947697042 -0.973822909366185 0 0 0 0 0 0
16.8425075456576 -0.818040357754983 0.245630154732994 0.822084816228854 0.530076813597577 -0.207834373028648 -0.115373946150468 -0.202366281638506 -0.97248996941124 0 0 0 0 0 0
16.707174768217 -0.614976659910638 -0.233050611630517 0.986963875513173 0.0337631001664483 -0.157360609744525 -0.153411188540448 -0.0982258503777824 -0.983268371070771 0 0 0 0 0 0
16.8280638451324 -0.38481878345155 -0.717080918112028 0.592577408627974 -0.804548973843778 0.0394076575132233 0.0355617852502645 -0.022744941840137 -0.99910861624275 0 0 0 0 0 0
17.2256675127743 -0.37099051247734 -1.04494388248256 -0.242047749272056 -0.966298659991202 -0.0876343926294881 0.165331422662287 0.0479232562383138 -0.985073033938084 0 0 0 0 0 0
4.57008561217893 15.1001159088471 3.16735591526224 0.245751112786727 -0.962344286780056 -0.116188916278059 0.909517919468909 0.187469617929622 0.370988270054822 0 0 0 0 0 0
4.84709803561364 15.1614701929802 3.52531755801473 0.277145850647787 -0.790838500449407 -0.545678150264099 0.905910148170873 0.0258218735857823 0.422681954057122 0 0 0 0 0 0
5.28312758211693 14.9937185395544 3.72673066495403 0.1118849029472 -0.207346532183687 -0.97184833388955 0.968640198693102 -0.195582589008635 0.153243650284333 0 0 0 0 0 0
5.62955859870534 14.6145043011044 3.7570448518309 0.154443028913803 0.542638909377796 -0.825645423198849 0.979429462973062 0.0257550667894407 0.200136462432441 0 0 0 0 0 0
6.11898859256001 14.5177687541837 3.6001687775737 -0.0136361557273397 0.973224274655366 -0.229452754349379 0.982420521534342 0.0557682284045465 0.178156738769012 0 0 0 0 0 0
6.61011190244002 14.5766151506687 3.49035643235929 -0.150098001200188 0.968072485853523 0.200764170531222 0.964811281995274 0.0990812895613097 0.243561261684828 0 0 0 0 0 0
7.08517763936438 14.8076042931079 3.44746778426701 -0.399303899033763 0.634271243840634 0.662009354505878 0.87272972472219 0.04173637553474 0.486416388029386 0 0 0 0 0 0
7.47280470612251 15.1735659551995 3.51456786708356 -0.450897585404681 0.000513497347904574 0.892575545148253 0.892040813604151 0.0348735171071374 0.450607395266681 0 0 0 0 0 0
7.75574851905287 15.3693121406638 3.89910429400207 -0.387886660436287 -0.575177799909523 0.720218326028174 0.862656952161022 0.0486411359600556 0.503445153696777 0 0 0 0 0 0
7.96055693215273 15.6039434431072 4.33692476857539 -0.0777410537471913 -0.942536690374622 0.324932171167969 0.906913039207324 0.0685101124860535 0.415710360470944 0 0 0 0 0 0
8.13999072599876 15.6225777786406 4.84302888561417 0.302338794884623 -0.915747685526893 -0.264570273386587 0.798994983146392 0.0921089350196605 0.594241500567272 0 0 0 0 0 0
8.28865494020955 15.3776335678459 5.32497430128812 0.565201207360203 -0.607105704649829 -0.558542978274908 0.714593095359309 0.0220041940369503 0.69919419584947 0 0 0 0 0 0
8.53192128319651 15.1239453787955 5.68477087534043 0.614369781170792 -0.184102272756317 -0.767239288064755 0.781666018947501 0.00957834616533687 0.623623676673283 0 0 0 0 0 0
8.97567933146496 14.9447450456568 6.00559406653383 0.488900596472138 0.517304255654099 -0.702404807679549 0.792701456690573 0.0726617323949773 0.605264135073279 0 0 0 0 0 0
9.48588523153906 14.8065173820255 5.97926804918867 0.0420723734224981 0.943918743529481 -0.327486367667917 0.873936980400741 0.124086849562521 0.469932556920335 0 0 0 0 0 0
9.99738127566447 15.0249023376901 5.9724562988889 -0.454315875576992 0.863524577403616 0.218911830239066 0.815196457020618 0.303895640177385 0.493053928431982 0 0 0 0 0 0
10.3669784496648 15.3871734533426 5.82808639256044 -0.456373682877217 0.445660120770494 0.770136428389097 0.881671414669407 0.343135886554295 0.323903195281313 0 0 0 0 0 0
10.7522359783638 15.7661411646089 5.94526596174003 -0.3856014745875 -0.240276996685398 0.890830212588118 0.796851781227542 0.399989591516617 0.452808530653811 0 0 0 0 0 0
10.8328124073639 16.1396597983885 6.3405402087298 0.159525479863288 -0.806140766057319 0.569814607196857 0.679270832508858 0.50847498906107 0.529192140533161 0 0 0 0 0 0
11.0125285826833 16.3223805070349 6.79964713419404 0.506502278178626 -0.849993059216866 0.144800695726977 0.730466138285203 0.512228398619969 0.451709296412998 0 0 0 0 0 0
-0.930981659902365 13.5159478047286 4.39801224358126 0.125931824551987 0.777489974499286 0.616157865419332 0.753062635183443 -0.47923837564846 0.450807327798022 0 0 0 0 0 0
-0.397969065658236 13.3051713238756 4.56036455348044 -0.370337746422889 0.492838550107171 0.78737546132876 0.704668622347911 -0.403224356737405 0.583825531140941 0 0 0 0 0 0
-0.00635893321683315 13.3665273404563 4.85890886861533 -0.747287355105374 0.00269191766815611 0.66449556994677 0.657323751487095 -0.143582939642504 0.739803639606179 0 0 0 0 0 0
0.210398407230107 13.6067282554543 5.26923407232643 -0.691039770426865 -0.558723336002466 0.458576350779955 0.540687977729428 0.0214817933883083 0.840948894577836 0 0 0 0 0 0
0.403378474414393 13.6491039754548 5.7972906616969 -0.434092977338588 -0.900672481689753 -0.0187714611083099 0.586739291022892 -0.298476781218768 0.752760662789467 0 0 0 0 0 0
0.351674177252519 13.5390692401907 6.32064916674743 0.0528208562412527 -0.909875181552427 -0.41150590656864 0.505060316075553 -0.331148960477418 0.79702850833605 0 0 0 0 0 0
0.347452236656833 13.2225321478655 6.75478226444707 0.424500353478043 -0.53132527829797 -0.733139071758285 0.602121365031023 -0.439062342486538 0.666838901972142 0 0 0 0 0 0
0.483561949793717 12.8728806643918 7.13248356847274 0.658345631481384 0.156820682191194 -0.736198548726134 0.741775691669627 -0.301312110408947 0.599149259674877 0 0 0 0 0 0
0.863165083213964 12.5555831922056 7.17725124392972 0.616863727653185 0.661693810865378 -0.426192963536786 0.757050388904498 -0.350697630780761 0.551258451567238 0 0 0 0 0 0
1.30181108635659 12.3011150543773 7.20246757163105 0.26815225498119 0.963225046530167 0.017084434010507 0.764413053467205 -0.223531012167962 0.604736777687706 0 0 0 0 0 0
1.81370977699137 12.2134339350336 7.1860476819375 -0.129981442320461 0.872323808769276 0.471334273426574 0.646778765960081 -0.285708551484867 0.707140616505355 0 0 0 0 0 0
2.32006252544332 12.3799531577309 7.48622484652885 -0.600027857526668 0.55953179177011 0.571743600043312 0.675863855588081 -0.0277968763166032 0.736502126525547 0 0 0 0 0 0
2.66482474315772 12.7257954550939 7.7103168381521 -0.719947315668125 -0.00206538369937666 0.69402564567344 0.69207577663233 0.0728293379752998 0.718141355812932 0 0 0 0 0 0
2.86129110299955 12.9167441086626 8.16486086460904 -0.656914927169429 -0.563649958456374 0.500760923789098 0.604191657128307 0.00375923099398646 0.796830163610091 0 0 0 0 0 0
2.99373972834971 12.978689927661 8.6838733688003 -0.226520320997985 -0.957882146342671 0.176494583182958 0.672529962358467 -0.022742950994197 0.739720357912499 0 0 0 0 0 0
3.05169098303108 13.0822772761875 9.15524165327951 0.229638288918009 -0.943779134611297 -0.237796554506493 0.672529962358467 -0.022742950994197 0.739720357912499 0 0 0 0 0 0
3.23956751066942 13.0071330679487 9.60571393720412 0.510061457615486 -0.585648050430604 -0.629963229468195 0.728912112295235 -0.0945225885238917 0.678050597527973 0 0 0 0 0 0
3.53528566595126 12.6228001099383 9.83706659472513 0.559190328169493 0.152870355246839 -0.814823190249516 0.827879342696409 -0.154941441157883 0.539081574298808 0 0 0 0 0 0
3.96536929041082 12.3960365561719 9.93168187758793 0.317245968192893 0.879617316044754 -0.35444093016972 0.864259564520051 -0.114307535285441 0.489886918086797 0 0 0 0 0 0
4.47786565127114 12.281909082381 9.81763144159835 -0.134704501619745 0.927635332892239 0.348349517601619 0.918922123661797 -0.014580922297315 0.394169414528643 0 0 0 0 0 0
7.53183802729121 8.30635917773055 8.31283518775499 0.837133047030203 -0.123358268709139 0.532908058778446 0.501657057905846 -0.215231641841161 -0.837863674235617 0 0 0 0 0 0
7.91030501892129 8.50924828381569 7.90288659281602 0.390130204513708 -0.717120592066236 0.577526172533042 0.570214492007686 -0.304308505655298 -0.763054235615173 0 0 0 0 0 0
8.43444113235192 8.46849362812838 7.79195645824476 -0.440567894627079 -0.897657070208822 0.0105695093537314 0.563350026053909 -0.285619383437262 -0.77527950827426 0 0 0 0 0 0
8.75070577181881 8.14927714041388 7.46958765190882 -0.807018979397097 -0.589982738975527 -0.0253127359999421 0.352331490506587 -0.446658395525296 -0.822410358947512 0 0 0 0 0 0
9.05735415795663 7.69315500333231 7.30263604722139 -0.95637464733691 -0.156918761784026 -0.246422474890927 0.291840849420791 -0.474812835961476 -0.83029012364087 0 0 0 0 0 0
9.09003094796557 7.33233896419555 6.97544190360529 -0.84276148366753 0.449783692012944 -0.295715593173085 0.183615682262197 -0.276205351779681 -0.943395932191596 0 0 0 0 0 0
8.88752029821104 6.97712523224554 6.62687663928809 -0.393390544806037 0.863915348070191 -0.314474403769165 0.131976575179231 -0.285445808400499 -0.949264385759071 0 0 0 0 0 0
8.59702866082303 6.81849156536248 6.20363312727967 0.111642705871165 0.954732469488903 -0.275720543176212 0.054216181590472 -0.28289362985949 -0.957617773351492 0 0 0 0 0 0
8.35610800305324 6.87580576850411 5.7268130135089 0.785193292432586 0.605467065872968 -0.129927386112604 0.164228506092757 -0.405903083862032 -0.899039311875645 0 0 0 0 0 0
8.33432485399928 7.02945519751375 5.20653590307369 0.986135168963771 0.0714073709204374 0.149794579044188 0.159208679369405 -0.15255623297567 -0.975386688546508 0 0 0 0 0 0
8.48421616629893 7.3203622431216 4.78040119733951 0.805321783355173 -0.567281951628075 0.172185982619628 0.130345892046092 -0.113905001288859 -0.984903852722738 0 0 0 0 0 0
8.82373824755458 7.49410526606785 4.40195275906066 0.402493662404081 -0.893862092623987 0.197508002608545 0.146965857713164 -0.149861291265264 -0.97772318682076 0 0 0 0 0 0
9.2452396029244 7.46039827017379 4.070462867861 -0.277653515527221 -0.953319426350183 0.118703819057065 0.156671825938426 -0.166841769531953 -0.973456605553923 0 0 0 0 0 0
9.30460484435157 7.1433320372365 3.66970073914609 -0.822304669908982 -0.541042183619182 0.176318987606179 -0.0441788676020588 -0.248215146437541 -0.967696992212123 0 0 0 0 0 0
9.36213379499669 6.88634635843104 3.23126327525991 -0.932725261307206 0.174959612802738 0.315297828738671 -0.340820175636785 -0.142217985358634 -0.929309234065519 0 0 0 0 0 0
9.05481744445109 6.74455980020146 2.77948333646612 -0.676561139268557 0.632642395542178 0.376866852076813 -0.512838442087332 -0.037527090206306 -0.857664532214132 0 0 0 0 0 0
8.60281919492546 6.52775432206404 2.70903960851495 -0.10432679760776 0.986173523080714 -0.128754423906451 -0.543889971691565 -0.164960067490264 -0.822783005917693 0 0 0 0 0 0
8.11814540039061 6.524579311512 2.39819986528404 0.531321531987158 0.728537795294805 -0.432354149365776 -0.536117610809428 -0.106005304565941 -0.83746091418279 0 0 0 0 0 0
7.75548126185063 6.8035512962665 2.10975288062797 0.829523887082192 0.180935483502918 -0.528348816190228 -0.532188720103313 -0.0307077735194425 -0.846068672650322 0 0 0 0 0 0
7.56686528106104 6.87168656676527 1.6507271241389 0.88057880977823 -0.409535800509304 -0.238456259869099 -0.356497144787186 -0.240931547166999 -0.902696945457499 0 0 0 0 0 0
4.67834689034342 5.75257008058091 5.92537666804913 -0.610163959022991 0.791657693631648 0.0312736186459036 -0.283740931319038 -0.255205272987476 0.924316694933935 0 0 0 0 0 0
4.70894541965666 5.84773077709884 6.47344215634839 -0.853343457283478 0.394109694232362 -0.341295316146523 -0.40771960091831 -0.0964980072168915 0.907993866515729 0 0 0 0 0 0
4.55200128310572 6.13212868311478 6.89358489248802 -0.86999014158224 -0.145964775248709 -0.470968616721229 -0.489490393156258 0.140803089108425 0.86056588655678 0 0 0 0 0 0
4.12132703261293 6.30674162023969 7.22192968953144 -0.691989221804922 -0.600853753635042 -0.400157073720432 -0.516051813550728 0.024099868366645 0.85621826777739 0 0 0 0 0 0
3.66371284971938 6.52875789625317 7.39508607814628 -0.25407025905276 -0.966253766991013 0.0424495140200843 -0.545433571303499 0.179386867834911 0.818732295041237 0 0 0 0 0 0
3.22384493050843 6.50292639624112 7.76659255925812 0.317106017420002 -0.931526153439284 0.178052798839662 -0.469029200053866 0.00913849198210365 0.883135378897892 0 0 0 0 0 0
2.88440774423154 6.23575550326688 8.06372411737255 0.75208722541014 -0.577865369847555 0.316917054930509 -0.39032035951767 -0.0030762771723471 0.920673966974605 0 0 0 0 0 0
2.63959216733501 5.88638205628897 8.3903563723229 0.879127574952888 0.25905663791129 0.40003045548002 -0.414419653761622 0.00102641074831703 0.910085324053231 0 0 0 0 0 0
2.54631961774797 5.73068216540886 8.96860554049124 0.728233183817477 0.684142634608294 0.0403148297563454 -0.400761929225722 0.377394356270333 0.834843324186388 0 0 0 0 0 0
2.62721207670028 5.84145589739182 9.48809634166637 0.194957725681192 0.862849142530987 -0.466350557446603 -0.390382671561284 0.504453350640724 0.770148158974636 0 0 0 0 0 0
2.71121682692239 6.1952453233516 9.86410601171489 -0.313122365502774 0.700532096807953 -0.641255928287452 -0.455240540975907 0.481869409016175 0.748704162207187 0 0 0 0 0 0
2.76332486409795 6.60503576541545 10.1537358787043 -0.805257788215025 0.313334624667605 -0.503369950934158 -0.227057955056994 0.621285372389186 0.749966113301505 0 0 0 0 0 0
2.83215359622766 7.15930527513958 10.2285862517271 -0.974747719883149 -0.155440378798035 0.160328323204999 0.00765519822638219 0.69428494810369 0.719659508918469 0 0 0 0 0 0
2.66077073225485 7.51037936916879 10.4697582129622 -0.619985415816056 -0.557562615824235 0.552034431544472 0.0169600412481789 0.693887374460395 0.719883788236212 0 0 0 0 0 0
2.33641654235109 7.89098824126227 10.6662686404056 -0.088864180293366 -0.697321657054594 0.71122827844752 -0.00292573703530582 0.714232911160279 0.699901985050988 0 0 0 0 0 0
1.99837761071394 8.10932256130124 11.0222811507323 0.582563148486283 -0.586742239455827 0.562453306918992 0.0157210567742792 0.700011953221721 0.713958061597886 0 0 0 0 0 0
1.76699460392456 8.28717731779467 11.4947478939366 0.91490589236077 -0.37944445617479 0.137728402305995 0.0945378973986115 0.533115252161751 0.840744142928134 0 0 0 0 0 0
1.67718936036213 8.29998181806071 12.0872227192997 0.911826328861025 0.362143042880455 -0.193455841186332 -0.0822429085188534 0.622734603322913 0.77809878410303 0 0 0 0 0 0
1.91094144696383 8.32228164085123 12.5704905353513 0.135755398556748 0.796161712601306 -0.589658374951509 0.126555436368357 0.576357220304334 0.807338885554682 0 0 0 0 0 0
2.17076655007998 8.81919877489275 12.8526621533872 -0.410237363359358 0.650475776803402 -0.639207767080449 0.15799192303084 0.740995128942831 0.652659766754482 0 0 0 0 0 0
-1.92748060583839 7.2243106612547 10.8528471822242 0.355919486641191 -0.919409944965139 -0.167351940915763 0.933774904797267 0.357021473780669 0.0244968249031318 0 0 0 0 0 0
-1.51459697700159 7.24148702928903 11.0008325254158 0.0864921253118337 -0.627697072137854 -0.773637833801196 0.977933081053593 0.201727420398683 -0.0543409315370989 0 0 0 0 0 0
-1.01952704980556 7.08661665058301 11.0943496957785 -0.00258440847199178 -0.174100969754146 -0.984724414830625 0.948741032435462 0.310791378974875 -0.0574384203142106 0 0 0 0 0 0
-0.520371319206919 6.98542224441819 10.9232112988892 -0.348017289899456 0.346869805872224 -0.870956545245056 0.909660922080838 0.349616834540933 -0.224243340691798 0 0 0 0 0 0
-0.138559979855936 7.00538828705594 10.5912015647645 -0.575074293198432 0.763923935286226 -0.292762324077281 0.815671845398704 0.507838848063877 -0.277090499694642 0 0 0 0 0 0
0.119727311561661 7.15165858734476 10.1332339230623 -0.503803190024332 0.765872731471359 0.399526350707818 0.629813678054303 0.642219579803451 -0.436908162263868 0 0 0 0 0 0
0.0568824644475605 7.61456890733167 9.87916627692745 0.340880350374763 0.6122495471525 0.713408073082957 0.596474732434347 0.445700715501682 -0.667509375041777 0 0 0 0 0 0
0.200515177485654 8.05982339060409 9.61079639496283 0.687838499092851 -0.0851476920892835 0.720852321698115 0.635732390640073 0.549957942282054 -0.541655415565973 0 0 0 0 0 0
0.383640656455724 8.56240691744736 9.66139243844577 0.782026294901104 -0.541432893637034 0.30868316405512 0.61613990157438 0.597049881165901 -0.513714960934268 0 0 0 0 0 0
0.744971345953012 8.94131149075619 9.78204300525514 0.383019515260794 -0.877628398680701 -0.288209029626995 0.57402721353716 0.470580893618293 -0.67010923040962 0 0 0 0 0 0
1.18402733060943 8.99286832951775 9.5452552760581 -0.151503167363401 -0.753757220823712 -0.639450422108683 0.654845974184882 0.408047454086488 -0.63613994160671 0 0 0 0 0 0
1.68003001005113 8.9341039982998 9.34723205145673 -0.48493906713062 -0.381793845344512 -0.786808465147354 0.740996036796815 0.298467919613418 -0.60153285397645 0 0 0 0 0 0
2.04658093125294 8.7931009313667 8.98056645530689 -0.73329263698256 0.384012542756996 -0.561084909396493 0.674577159798716 0.307725457134735 -0.671007226868024 0 0 0 0 0 0
2.28830102040963 8.82958379516747 8.45321435538244 -0.657929188421497 0.752569857900432 0.0277090599399077 0.528144612788369 0.487330777370643 -0.695393400464765 0 0 0 0 0 0
2.26672954154273 8.95598756328646 7.93144634100902 0.0907087140832512 0.86544866030939 0.49271751091071 0.448050608593395 0.406390408335379 -0.796302384871534 0 0 0 0 0 0
2.47591584081823 9.30128312334076 7.52849682543085 -0.243476454868613 0.702186927440233 0.669068557665549 0.677120291413208 0.616956750158847 -0.401089116518918 0 0 0 0 0 0
2.78220692218341 9.83902802860337 7.39374192287119 -0.0766996556970484 0.262401177020503 0.961905808857712 0.62555673412309 0.763906980396838 -0.158508352127699 0 0 0 0 0 0
2.75790421874608 10.3161538575728 7.34482148797712 0.639098262353965 -0.262447536792645 0.72296244818636 0.61712879011607 0.735977328367582 -0.278369230589145 0 0 0 0 0 0
2.98102076226766 10.7816809450197 7.49378000897713 0.76925494219445 -0.62807161127854 0.117357935459825 0.627120845488335 0.707009738200128 -0.326889392982064 0 0 0 0 0 0
3.32603776886099 11.0539801670315 7.55386140076221 0.465426323133311 -0.633686748338445 -0.617915400936776 0.517333070928762 0.761238357761294 -0.391002118148104 0 0 0 0 0 0
0.00366858667693987 11.8540731041803 15.374075448972 0.200265993851282 0.340883734973525 -0.918526978883722 0.936102463533941 -0.343261171910373 0.0767068812063502 0 0 0 0 0 0
0.329545552438128 11.6187361407927 15.0833272693752 0.571136509409131 0.79954250425492 -0.185835603450266 0.814823188302282 -0.524824601262039 0.24621598184327 0 0 0 0 0 0
0.780586883715233 11.4670149637262 15.0611991973212 0.0927691543499201 0.602054937102028 0.793047121369388 0.709436056620064 -0.598829573234084 0.371622959177255 0 0 0 0 0 0
1.30277058264981 11.3947067113032 15.1650298446123 -0.411790905489354 0.195478300384062 0.890065438175877 0.633048807811394 -0.641208898745723 0.433705378221057 0 0 0 0 0 0
1.7379321988995 11.352656756739 15.4773618333398 -0.8018089543487 -0.239016695846451 0.547698292705838 0.494931875923246 -0.779230177281218 0.384503275680948 0 0 0 0 0 0
1.94200130847044 11.1982753456245 15.9498100109631 -0.880573251913763 -0.473817420951269 -0.00937014498869465 0.394041933276352 -0.7430117108581 0.540984798628902 0 0 0 0 0 0
1.94010883924447 10.8403685291125 16.3319906225032 -0.605277854132007 -0.572845173544544 -0.552708898466521 0.377116727557279 -0.817839804124132 0.434650467141921 0 0 0 0 0 0
1.81410908793083 10.4401524518041 16.6676038764894 -0.0525544542041397 -0.361387000122178 -0.93093365256929 0.441720331559259 -0.844477311995281 0.302888128213047 0 0 0 0 0 0
1.67082673021898 9.93936395410202 16.7993845604159 0.500631803187619 -0.127549586055592 -0.856211948488317 0.460002870762162 -0.798683554657415 0.387945793133997 0 0 0 0 0 0
1.7976849521376 9.38987024448691 16.8489035264167 0.70486784898496 0.332418795539182 -0.626625135020608 0.524033430509673 -0.83940717951529 0.144168480211343 0 0 0 0 0 0
1.94567627071219 8.90915615872328 16.6599653368061 0.838774514116868 0.544443771410585 0.00618823401551574 0.53672128472148 -0.828682091603885 0.158796264382805 0 0 0 0 0 0
2.37133208918585 8.59527361091956 16.5634815047149 0.560835534119439 0.638065780943871 0.527575172707598 0.637988168695086 -0.739191973094321 0.215792315706592 0 0 0 0 0 0
2.80572001348055 8.28286324574946 16.6962880687833 0.0919432200229495 0.715165115503404 0.692881881606681 0.6371886526374 -0.576971478745958 0.510974102733042 0 0 0 0 0 0
3.36516020151017 8.11667119340043 16.7676131403847 -0.460327128210161 0.319477639707483 0.828271074444063 0.61537109460245 -0.557640915876355 0.557095166796807 0 0 0 0 0 0
3.7051883839554 7.98422559737889 17.2120441634195 -0.758858511362251 -0.122181769460741 0.639691624882264 0.594403075921469 -0.531308013965008 0.603652861859906 0 0 0 0 0 0
3.95490917318852 8.05134795920655 17.6830210398007 -0.70945262183396 -0.689107365633208 0.147675373718773 0.597973759751702 -0.47770439139765 0.643603835513598 0 0 0 0 0 0
4.07075564402366 7.98539961614799 18.1152950284679 -0.500556464261007 -0.828654158095417 -0.250550418793692 0.604207358442672 -0.541674961133798 0.584398583574968 0 0 0 0 0 0
4.16250609054388 7.69445659343463 18.5883579735518 -0.22057149704236 -0.70665063431004 -0.672304317791959 0.398029307599336 -0.694488547154236 0.599381621476327 0 0 0 0 0 0
3.9818428030677 7.3016956198085 18.9073951128835 0.328893860496526 -0.38928304437064 -0.860399639640335 0.509473518568067 -0.693988055249112 0.508740909549673 0 0 0 0 0 0
4.03122376477257 6.78434505875714 19.043758670036 0.780720954252865 0.289447059338899 -0.553800678430931 0.613043902896097 -0.526459150522027 0.589082282837929 0 0 0 0 0 0
-2.34380675431933 0.788667033520241 9.77668272505023 0.859402394735501 -0.463580994903612 -0.215685384500349 0.501037878445387 0.679466384827276 0.53599111583374 0 0 0 0 0 0
-2.04584629460893 0.788576959990777 10.2237897127548 0.532052284550552 0.28454451202283 -0.797467734257775 0.524785240379944 0.628305581678558 0.574310497475829 0 0 0 0 0 0
-1.65540072686992 1.05530397611001 10.4593696743154 0.0962908240797871 0.316996038483973 -0.943526146316838 0.601852099635666 0.736467498598114 0.308852187417831 0 0 0 0 0 0
-1.17899125702191 1.29372655570578 10.3895571203126 -0.361545266063831 0.554340067272297 -0.749661330470886 0.623250927200299 0.741699188172227 0.247872136410343 0 0 0 0 0 0
-0.723903345813229 1.67586683220647 10.0852972027718 -0.691188246972266 0.698810230071888 -0.184182164158968 0.689200040197161 0.714073239120457 0.122893098928503 0 0 0 0 0 0
-0.410165277223429 2.03204814864406 9.89471658496901 -0.791414970008529 0.391387433166406 0.469551086044759 0.563067925775697 0.765762463759175 0.310744847198037 0 0 0 0 0 0
-0.341108225842227 2.54010395195485 9.84134157857533 -0.501555901432053 0.0178041722609644 0.864942014928621 0.563067925775697 0.765762463759175 0.310744847198037 0 0 0 0 0 0
-0.231516679116033 3.08429013704682 9.99386060819892 -0.202322719304761 -0.380155174154446 0.902522886588883 0.500725062501031 0.751853692537761 0.428941064484004 0 0 0 0 0 0
-0.196824116879081 3.43964294348285 10.3072236804772 0.43641660138584 -0.649076043366866 0.623089752733944 0.547169845264462 0.741203286813172 0.388873820217581 0 0 0 0 0 0
0.214749383628004 3.77666947271529 10.6011437805248 0.535186753146497 -0.814524612618698 0.223885673268458 0.691726162454182 0.574701347646115 0.437302272107235 0 0 0 0 0 0
0.459921686326704 3.93986931145353 11.0429698939247 0.635259358649414 -0.649667493920022 -0.41758555361987 0.768468386836774 0.477951552678715 0.425462867621244 0 0 0 0 0 0
0.855470389942435 3.95643818878534 11.3053648795777 0.319893460228059 -0.121615436961671 -0.93961580424977 0.857022367067875 0.45997561995354 0.232239297694712 0 0 0 0 0 0
1.36929284475236 3.84247575927834 11.4134581342808 -0.159686945517341 0.623105473117592 -0.765662881954091 0.869468880991736 0.456064271458116 0.189813712060946 0 0 0 0 0 0
1.76504994228424 3.89876732344244 11.1830367941084 -0.382052662590844 0.906262978503622 0.180895485850229 0.924138266772013 0.375096369337501 0.0726028759585012 0 0 0 0 0 0
2.16588873630083 4.27895639253584 11.110555898235 -0.686069698505575 0.616922616578384 0.385635649216395 0.711491899158955 0.679634403356797 0.17853950600647 0 0 0 0 0 0
2.32836315232332 4.70938971089692 10.8541932951216 -0.122404920402861 0.114661450338401 0.985834563842973 0.793686301384212 0.607688623238007 0.0278674035773978 0 0 0 0 0 0
2.58746844842979 5.09230705385403 11.0474522285356 0.0361082792250771 -0.498584548426127 0.86608870229447 0.852735314341344 0.467274448331277 0.233446082879687 0 0 0 0 0 0
2.89549709194228 5.46144906424468 11.2753962960153 0.0715466917200581 -0.872394202269121 0.483538443922651 0.849545873903081 0.307315839507004 0.428752589406006 0 0 0 0 0 0
3.18265744982529 5.63123964263644 11.7056774180922 0.260287288644048 -0.96515328655305 -0.0270122347497577 0.835796950158484 0.211218205802573 0.506784300904555 0 0 0 0 0 0
3.31069849613045 5.62404854044514 12.1094806595832 0.685173619234483 -0.390506821776815 -0.6148508222739 0.709154215132744 0.164981735464215 0.685478902755349 0 0 0 0 0 0
6.12034332056783 0.833374711362985 7.78181525302833 0.685980599816817 -0.699727405885444 0.199529882794 0.434996682208362 0.614204639181802 0.658430366610828 0 0 0 0 0 0
6.25251754197123 0.887563202375394 8.22785045934798 0.851978721173664 -0.110112150653563 -0.511866753116214 0.479828978470818 0.555417691598581 0.679172540139068 0 0 0 0 0 0
6.59271252474286 0.833132703124066 8.63142484500142 0.503004864762436 0.436059789726001 -0.746215763576085 0.345956634395946 0.689621530118106 0.636188770975245 0 0 0 0 0 0
7.03424790042187 1.010096841869 8.89894902721146 -0.00153343019644069 0.616082384629116 -0.78768022949769 0.469886979048708 0.695750778613907 0.543265203173019 0 0 0 0 0 0
7.50263382887406 1.38847336200141 8.84659765479556 -0.599660745941414 0.559462228329583 -0.572196648757647 0.45068390436597 0.826944336699074 0.336224749753456 0 0 0 0 0 0
7.72870056574499 1.78502228300957 8.69516529211593 -0.931006191257195 0.365001792014426 -0.00107873399309898 0.356058635963176 0.908837311524371 0.217340720844474 0 0 0 0 0 0
7.79953503381762 2.27295496489097 8.46323648883302 -0.823266258391217 0.118597511174238 0.555128181718243 0.331729968105385 0.894082788790554 0.300950486042648 0 0 0 0 0 0
7.67936783612115 2.79337870651331 8.40489203003917 -0.362146168899437 -0.331274599659391 0.871267635099554 0.146301999130425 0.902928407607344 0.404123762956482 0 0 0 0 0 0
7.63871926958378 3.47263917387542 8.43133434896532 -0.306606513657225 -0.478454709082005 0.822844783139697 0.141120761208821 0.832077141872778 0.536407084897909 0 0 0 0 0 0
7.50593567481548 3.85943628916691 8.76251238119248 0.430705425288067 -0.683924452959516 0.588846481921606 0.328245802435447 0.7264943599109 0.603705754653009 0 0 0 0 0 0
7.53833257741137 4.13702866599615 9.20575472291102 0.825019709821175 -0.564782774980399 0.019049816062755 0.429740439448439 0.648930919246001 0.627862896458455 0 0 0 0 0 0
7.7107796393458 4.24253512317898 9.73003989155524 0.824968960589385 -0.391393399776846 -0.407722234707885 0.537632148299876 0.320987145546093 0.779691557930846 0 0 0 0 0 0
7.9720512240624 4.13986278732787 10.120955928547 0.661152358182523 0.17567082274424 -0.729395174995044 0.667652034611677 0.30570252734483 0.678812732242016 0 0 0 0 0 0
8.34993563108006 4.00675179087038 10.3945761079198 0.0392881458972298 0.776277841560441 -0.629165442705033 0.710201181711579 0.421231537497263 0.564072932618796 0 0 0 0 0 0
8.86382202255596 4.21383118835423 10.3966731610942 -0.525501320331921 0.81021001478794 -0.259630688222199 0.56500621823742 0.560490816673572 0.605489898988944 0 0 0 0 0 0
9.26710465255651 4.56462561928998 10.3419786487309 -0.823893642629264 0.529884783052458 0.20105069590661 0.548617908935905 0.656671027497747 0.517495460501681 0 0 0 0 0 0
9.39528954477525 5.07185314570073 10.4643468307736 -0.810881265652179 -0.208179576484648 0.546930376692494 0.285051956813879 0.675715809480547 0.679818745501054 0 0 0 0 0 0
9.33403210389362 5.5461966577821 10.709154634165 -0.371346457033428 -0.591375410127016 0.715805094383816 0.277016606182156 0.665254973422538 0.693323604268525 0 0 0 0 0 0
9.09740426748559 5.91894741098841 11.0489101634299 0.322211338575209 -0.721314387204529 0.61309494216257 0.406503847420185 0.690309631240787 0.598520872692669 0 0 0 0 0 0
9.10349706973808 6.04718069254499 11.5629519657004 0.92658441237416 -0.366784697177171 0.0831282903822978 0.150829120568549 0.564894530326763 0.811261207007597 0 0 0 0 0 0
