t = 0
b =  13.0 13.0 13.0
E = 0. 0. 0.
1.3034126778178585 4.453753181015956 4.191950116373837 0.6342593038505955 -0.7274312836506478 0.26183747448623285 0.5996120531042504 0.6766359185584244 0.4273514004758883 0.0 0.0 0.0 0.0 0.0 0.0
1.4377059072026321 4.5944460312396895 4.692805337526307 0.799948097856741 -0.5223734548551162 -0.2953117241121852 0.5996120531042504 0.6766359185584244 0.4273514004758883 0.0 0.0 0.0 0.0 0.0 0.0
1.7543473306642525 4.616063835992696 5.126344241875409 0.6617232350681418 -0.11885721694170494 -0.7402670613716545 0.5996120531042504 0.6766359185584244 0.4273514004758883 0.0 0.0 0.0 0.0 0.0 0.0
2.2218285863808074 4.610588134403992 5.3911392462923065 0.2720986518546521 0.3298148648745551 -0.9039825654107824 0.5996120531042504 0.6766359185584244 0.4273514004758883 0.0 0.0 0.0 0.0 0.0 0.0
2.7513347383492266 4.6802937416410835 5.449871396479963 -0.22090075844527804 0.653184765314491 -0.724259979067844 0.5996120531042504 0.6766359185584244 0.4273514004758883 0.0 0.0 0.0 0.0 0.0 0.0
3.2304865554793927 4.898892836684101 5.343508461650233 -0.6299762773481192 0.7283988527445499 -0.26937891769592615 0.5996120531042504 0.6766359185584244 0.4273514004758883 0.0 0.0 0.0 0.0 0.0 0.0
3.566035260365823 5.283530473129341 5.175740594055696 -0.7997132758447346 0.5268820378375708 0.28784369828400175 0.5996120531042504 0.6766359185584244 0.4273514004758883 0.0 0.0 0.0 0.0 0.0 0.0
3.719289298860432 5.788270886678022 5.073586706542012 -0.6656258303549811 0.12519392775818963 0.7357096807958411 0.5996120531042504 0.6766359185584244 0.4273514004758883 0.0 0.0 0.0 0.0 0.0 0.0
3.7208139083816762 6.321549259998416 5.139137863914879 -0.27865600324295353 -0.3240574486073781 0.9040672551634302 0.5996120531042504 0.6766359185584244 0.4273514004758883 0.0 0.0 0.0 0.0 0.0 0.0
3.658818873195766 6.780958727712275 5.410771180548767 0.2141798983809987 -0.6501939822953893 0.7289545640959849 0.5996120531042504 0.6766359185584244 0.4273514004758883 0.0 0.0 0.0 0.0 0.0 0.0
3.645646152584984 7.092156456703519 5.848569713004922 0.6256452757130696 -0.7293109514457059 0.2768998466580932 0.5996120531042504 0.6766359185584244 0.4273514004758883 0.0 0.0 0.0 0.0 0.0 0.0
3.775089292258953 7.237107731364911 6.349487574219456 0.7994175525705557 -0.5313504967129387 -0.2803537520437626 0.5996120531042504 0.6766359185584244 0.4273514004758883 0.0 0.0 0.0 0.0 0.0 0.0
4.086759688195089 7.260937643581621 6.78649878883427 0.6694777356577628 -0.13152110457236885 -0.73109627307942 0.5996120531042504 0.6766359185584244 0.4273514004758883 0.0 0.0 0.0 0.0 0.0 0.0
4.55103755503956 7.254787315872743 7.056856584996654 0.2851921338977465 0.31827535411084906 -0.9040830966943595 0.5996120531042504 0.6766359185584244 0.4273514004758883 0.0 0.0 0.0 0.0 0.0 0.0
5.080324977779605 7.321187865147982 7.121128610820543 -0.2074427276882275 0.6471536844872063 -0.7335936364118083 0.5996120531042504 0.6766359185584244 0.4273514004758883 0.0 0.0 0.0 0.0 0.0 0.0
5.5623258242159235 7.535107117164799 7.018177944141804 -0.6212666287679912 0.7301675102942661 -0.2843996886248766 0.5996120531042504 0.6766359185584244 0.4273514004758883 0.0 0.0 0.0 0.0 0.0 0.0
5.902708923076397 7.915468076127947 6.850398359492376 -0.7990609505546784 0.5357784911907735 0.272842455779871 0.5996120531042504 0.6766359185584244 0.4273514004758883 0.0 0.0 0.0 0.0 0.0 0.0
6.060946053115442 8.417959759016327 6.7448132212229694 -0.6732786576389863 0.13783826554522902 0.726427189551249 0.5996120531042504 0.6766359185584244 0.4273514004758883 0.0 0.0 0.0 0.0 0.0 0.0
6.065709291960937 8.95187167887283 6.804817183668834 -0.29170654606737756 -0.3124690217138524 0.9040300887971746 0.5996120531042504 0.6766359185584244 0.4273514004758883 0.0 0.0 0.0 0.0 0.0 0.0
6.003978014451815 9.414556275397809 7.070894833301362 0.2006897594285948 -0.6440641034203931 0.7381768427319949 0.5996120531042504 0.6766359185584244 0.4273514004758883 0.0 0.0 0.0 0.0 0.0 0.0
12.289111381886846 10.812850926239458 0.6632452315962969 0.8400943475864746 -0.00026694102754897024 -0.542440241773915 0.37539798716556627 0.7221317490758374 0.5810353588282844 0.0 0.0 0.0 0.0 0.0 0.0
12.668936688846056 10.85090485378104 1.0413586232004048 0.4509124881341637 0.4054100669032191 -0.7951858937997989 0.37539798716556627 0.7221317490758374 0.5810353588282844 0.0 0.0 0.0 0.0 0.0 0.0
13.15154751166343 10.981372018829457 1.2382093652922888 -0.10957856441508759 0.657065012322596 -0.7458271299719761 0.37539798716556627 0.7221317490758374 0.5810353588282844 0.0 0.0 0.0 0.0 0.0 0.0
13.60917989727449 11.261617174111391 1.2650487896395766 -0.6284388882871493 0.6590899740194465 -0.4131161699031601 0.37539798716556627 0.7221317490758374 0.5810353588282844 0.0 0.0 0.0 0.0 0.0 0.0
13.923559618526637 11.692101909709354 1.1977183700587206 -0.908544771561022 0.4107156351895831 0.07654453004589608 0.37539798716556627 0.7221317490758374 0.5810353588282844 0.0 0.0 0.0 0.0 0.0 0.0
14.030836530514048 12.216209287271967 1.1478362785103036 -0.8434793060603331 0.006303559751967509 0.5371246832742204 0.37539798716556627 0.7221317490758374 0.5810353588282844 0.0 0.0 0.0 0.0 0.0 0.0
13.945842308144892 12.741753561478383 1.2203917754148974 -0.45796194996536577 -0.4005033434253193 0.79364218908086 0.37539798716556627 0.7221317490758374 0.5810353588282844 0.0 0.0 0.0 0.0 0.0 0.0
13.756455644871336 13.17600308594914 1.4738580342924603 0.10154280763693208 -0.6551523303765108 0.7486417582658845 0.37539798716556627 0.7221317490758374 0.5810353588282844 0.0 0.0 0.0 0.0 0.0 0.0
13.590215667793668 13.460910616096177 1.8979772055227782 0.6224697549127504 -0.6608979934548305 0.4192198068629843 0.37539798716556627 0.7221317490758374 0.5810353588282844 0.0 0.0 0.0 0.0 0.0 0.0
13.5658676909344 13.595166427839999 2.417657544918283 0.9069100351579016 -0.41555745919446097 -0.06947075814856127 0.37539798716556627 0.7221317490758374 0.5810353588282844 0.0 0.0 0.0 0.0 0.0 0.0
13.748249885125341 13.63469590368491 2.921502022807923 0.8468000303193719 -0.012339698435905828 -0.5317682206503317 0.37539798716556627 0.7221317490758374 0.5810353588282844 0.0 0.0 0.0 0.0 0.0 0.0
14.123660172872185 13.671412544883086 3.3041299180682087 0.4649765362210061 0.3955661200672057 -0.792038045436512 0.37539798716556627 0.7221317490758374 0.5810353588282844 0.0 0.0 0.0 0.0 0.0 0.0
14.605061876681114 13.79829849559709 3.5062127159497285 -0.09349931798083612 0.6531897560439418 -0.7513993745914166 0.37539798716556627 0.7221317490758374 0.5810353588282844 0.0 0.0 0.0 0.0 0.0 0.0
15.06515040801435 14.074079071753953 3.5370140027503205 -0.6164532180565252 0.662655682949242 -0.42529151861144054 0.37539798716556627 0.7221317490758374 0.5810353588282844 0.0 0.0 0.0 0.0 0.0 0.0
15.384718408894875 14.500912031689587 3.470870074501618 -0.9052062340443591 0.42036763688992485 0.06239169578402632 0.37539798716556627 0.7221317490758374 0.5810353588282844 0.0 0.0 0.0 0.0 0.0 0.0
15.497944620242633 15.023567807681166 3.4189483352700414 -0.8500562674775825 0.018374897404032916 0.5263712618176158 0.37539798716556627 0.7221317490758374 0.5810353588282844 0.0 0.0 0.0 0.0 0.0 0.0
15.417400478671816 15.550412142114162 3.487012941732086 -0.47195571271318343 -0.3905987728175528 0.7903735850285039 0.37539798716556627 0.7221317490758374 0.5810353588282844 0.0 0.0 0.0 0.0 0.0 0.0
15.229274017537923 15.988219473993187 3.7352432317705184 0.08544870798967848 -0.6511774387825233 0.7540997689454123 0.37539798716556627 0.7221317490758374 0.5810353588282844 0.0 0.0 0.0 0.0 0.0 0.0
15.060625592078923 16.277590888212412 4.15537058786784 0.6103897359010493 -0.6643629086478214 0.4313308427641713 0.37539798716556627 0.7221317490758374 0.5810353588282844 0.0 0.0 0.0 0.0 0.0 0.0
15.031115526124509 16.415520756501152 4.6738198231451 0.9034334979714457 -0.42514580196232027 -0.05530788205029829 0.37539798716556627 0.7221317490758374 0.5810353588282844 0.0 0.0 0.0 0.0 0.0 0.0
2.5920484128969146 7.698749680050187 1.2519737698908826 0.3399740095161015 -0.9016681860553497 0.2672305280262734 0.6512755312162269 0.43072386298285614 0.6247536604903946 0.0 0.0 0.0 0.0 0.0 0.0
2.645954847567018 7.75036649608984 1.7840591979204858 0.6732016359381753 -0.7078959417731795 -0.21373556791331544 0.6512755312162269 0.43072386298285614 0.6247536604903946 0.0 0.0 0.0 0.0 0.0 0.0
2.8533176163315477 7.640618409928319 2.2674235965190497 0.7506687055362045 -0.24518219382238635 -0.6134999481345051 0.6512755312162269 0.43072386298285614 0.6247536604903946 0.0 0.0 0.0 0.0 0.0 0.0
3.23179534014288 7.474981034970316 2.6109406626365494 0.5429441833895631 0.31068036878920957 -0.780185440887255 0.6512755312162269 0.43072386298285614 0.6247536604903946 0.0 0.0 0.0 0.0 0.0 0.0
3.734037207641626 7.3801632598533855 2.7766144329552302 0.1289460884305652 0.7485102649990186 -0.6504654406419722 0.6512755312162269 0.43072386298285614 0.6247536604903946 0.0 0.0 0.0 0.0 0.0 0.0
4.2656723400554135 7.455968423194891 2.794014585612649 -0.3340407813868356 0.9019685971114354 -0.27362274429458644 0.6512755312162269 0.43072386298285614 0.6247536604903946 0.0 0.0 0.0 0.0 0.0 0.0
4.721162865841464 7.73737735662843 2.7490424250985646 -0.6701199734913408 0.7127539790704622 0.2071738073386374 0.6512755312162269 0.43072386298285614 0.6247536604903946 0.0 0.0 0.0 0.0 0.0 0.0
5.023899522584808 8.181258582017918 2.7512955404860557 -0.7516093838580026 0.25275220776957613 0.6092615658025687 0.6512755312162269 0.43072386298285614 0.6247536604903946 0.0 0.0 0.0 0.0 0.0 0.0
5.155306796628299 8.68275468112134 2.892429848968685 -0.54754982305824 -0.303274353054534 0.7798806691079366 0.6512755312162269 0.43072386298285614 0.6247536604903946 0.0 0.0 0.0 0.0 0.0 0.0
5.161900071276983 9.11511938190344 3.2113379805134485 -0.13546692993380155 -0.7440819166764405 0.6542100673097473 0.6512755312162269 0.43072386298285614 0.6247536604903946 0.0 0.0 0.0 0.0 0.0 0.0
5.137613654984784 9.377870586366575 3.679373317486218 0.3280821147587753 -0.902200319766738 0.27999412313154803 0.6512755312162269 0.43072386298285614 0.6247536604903946 0.0 0.0 0.0 0.0 0.0 0.0
5.188113567074966 9.434965199551106 4.211233323636852 0.66698727881405 -0.7175577373926998 -0.2005962696764246 0.6512755312162269 0.43072386298285614 0.6247536604903946 0.0 0.0 0.0 0.0 0.0 0.0
5.390653250357596 9.328492503918987 4.697367403802974 0.7524928242152457 -0.26030297365757454 -0.6049767858435445 0.6512755312162269 0.43072386298285614 0.6247536604903946 0.0 0.0 0.0 0.0 0.0 0.0
5.764723696597312 9.16268373725118 5.045597006600438 0.5521137646879652 0.2958452418036987 -0.779516506396235 0.6512755312162269 0.43072386298285614 0.6247536604903946 0.0 0.0 0.0 0.0 0.0 0.0
6.2646484928699335 9.064312902761309 5.216135797237359 0.1419774551058415 0.739596903635077 -0.6579048733480196 0.6512755312162269 0.43072386298285614 0.6247536604903946 0.0 0.0 0.0 0.0 0.0 0.0
6.796937054501258 9.134533205726504 5.2367051512935925 -0.32209846340745485 0.9023633363746794 -0.28634417933199197 0.6512755312162269 0.43072386298285614 0.6247536604903946 0.0 0.0 0.0 0.0 0.0 0.0
7.255803261264012 9.410447259611209 5.192002340661267 -0.6638037904731313 0.7223068509150967 0.1940034558316356 0.6512755312162269 0.43072386298285614 0.6247536604903946 0.0 0.0 0.0 0.0 0.0 0.0
7.563355373101799 9.851011182889428 5.191522623890089 -0.7533189593305306 0.26783391646632454 0.6006459345600151 0.6512755312162269 0.43072386298285614 0.6247536604903946 0.0 0.0 0.0 0.0 0.0 0.0
7.699188404456977 10.352627855853552 5.327960166801218 -0.5566356607169146 -0.28839360079228904 0.7790929804845501 0.6512755312162269 0.43072386298285614 0.6247536604903946 0.0 0.0 0.0 0.0 0.0 0.0
7.708136319437168 10.788505198442756 5.6419919791279955 -0.1484771681449875 -0.7350555674260362 0.6615495773830038 0.6512755312162269 0.43072386298285614 0.6247536604903946 0.0 0.0 0.0 0.0 0.0 0.0
8.25081642148729 13.046648323957967 6.829153347818499 0.8640492122220172 -0.40759335816473363 0.29544307952380044 0.08429205952681756 0.6957430271584 0.713327756968137 0.0 0.0 0.0 0.0 0.0 0.0
8.207540355772737 13.063282827599561 7.364443528508588 0.9909325113895832 0.016640450269715664 -0.13332611629367547 0.08429205952681756 0.6957430271584 0.713327756968137 0.0 0.0 0.0 0.0 0.0 0.0
8.390147387209176 13.083710522403731 7.869342016794421 0.7413439819721634 0.43455227343320785 -0.5114424914373921 0.08429205952681756 0.6957430271584 0.713327756968137 0.0 0.0 0.0 0.0 0.0 0.0
8.74174380266259 13.203194421610208 8.257657173064539 0.2101064791931167 0.6873704225928559 -0.6952533132215846 0.08429205952681756 0.6957430271584 0.713327756968137 0.0 0.0 0.0 0.0 0.0 0.0
9.141233996659086 13.479364430274865 8.487489314709618 -0.4009539878243979 0.6790450559888661 -0.6149257772973824 0.08429205952681756 0.6957430271584 0.713327756968137 0.0 0.0 0.0 0.0 0.0 0.0
9.449326716514975 13.910322780818369 8.577149106071095 -0.8596853312742347 0.41273911958680104 -0.30097765756717115 0.08429205952681756 0.6957430271584 0.713327756968137 0.0 0.0 0.0 0.0 0.0 0.0
9.561454138056865 14.43536502665854 8.598201030919858 -0.9918078442007393 -0.01037330897637437 0.1273169063508937 0.08429205952681756 0.6957430271584 0.713327756968137 0.0 0.0 0.0 0.0 0.0 0.0
9.447498930305917 14.958042676391148 8.64827484857734 -0.7471259749725159 -0.42954474402694776 0.5072416489210945 0.08429205952681756 0.6957430271584 0.713327756968137 0.0 0.0 0.0 0.0 0.0 0.0
9.163236333051632 15.38280558820717 8.813974416066769 -0.21859845657206373 -0.6855249492165422 0.694456808438054 0.08429205952681756 0.6957430271584 0.713327756968137 0.0 0.0 0.0 0.0 0.0 0.0
8.829144210743536 15.651303066279207 9.137975434890764 0.39297827025140863 -0.6810627648328299 0.6178362157307319 0.08429205952681756 0.6957430271584 0.713327756968137 0.0 0.0 0.0 0.0 0.0 0.0
8.584631497504327 15.76455226567793 9.602812238530825 0.8552559819600685 -0.41785344932692764 0.3064893149966355 0.08429205952681756 0.6957430271584 0.713327756968137 0.0 0.0 0.0 0.0 0.0 0.0
8.535074412263583 15.782551758154803 10.137513291168068 0.9926076470046193 0.004105377715392381 -0.12129800073276602 0.08429205952681756 0.6957430271584 0.713327756968137 0.0 0.0 0.0 0.0 0.0 0.0
8.711782271389986 15.801487071611074 10.64456446072163 0.7528510714372584 0.42450450312537974 -0.5030021779893658 0.08429205952681756 0.6957430271584 0.713327756968137 0.0 0.0 0.0 0.0 0.0 0.0
9.060102555939006 15.91718819991183 11.036956267975532 0.22707378683220447 0.6836272704612278 -0.6936074180798621 0.08429205952681756 0.6957430271584 0.713327756968137 0.0 0.0 0.0 0.0 0.0 0.0
9.460184317341312 16.188722186024584 11.27124024245374 -0.38497262586166253 0.6830286081104099 -0.6206996035442034 0.08429205952681756 0.6957430271584 0.713327756968137 0.0 0.0 0.0 0.0 0.0 0.0
9.772511556565272 16.615952564847635 11.364035722773705 -0.8507615015916179 0.42293595790910243 -0.31197763207814133 0.08429205952681756 0.6957430271584 0.713327756968137 0.0 0.0 0.0 0.0 0.0 0.0
9.890907684732174 17.139591208583763 11.385715892045067 -0.9933318588931431 0.0021628661859970835 0.11526985780225825 0.08429205952681756 0.6957430271584 0.713327756968137 0.0 0.0 0.0 0.0 0.0 0.0
9.782873784409151 17.663722877735044 11.433671829029427 -0.7585188353781293 -0.4194319345623628 0.49872440149433106 0.08429205952681756 0.6957430271584 0.713327756968137 0.0 0.0 0.0 0.0 0.0 0.0
9.501935491694857 18.09224502420539 11.595312009026804 -0.23553182454432586 -0.6816775308424973 0.6927052068313732 0.08429205952681756 0.6957430271584 0.713327756968137 0.0 0.0 0.0 0.0 0.0 0.0
9.167307712164662 18.365378756071173 11.914854362717394 0.376937664315975 -0.6849424361150295 0.6235157226797288 0.08429205952681756 0.6957430271584 0.713327756968137 0.0 0.0 0.0 0.0 0.0 0.0
10.892117240213723 1.916970192501922 3.801052508610901 0.6953198067596943 -0.6548033248301242 0.29624815968892787 0.403745486926021 0.6968927716746472 0.592731006928521 0.0 0.0 0.0 0.0 0.0 0.0
10.9195457603498 2.0110434255271628 4.3293355816216526 0.9118805960833375 -0.3588871858595467 -0.1991827460211163 0.403745486926021 0.6968927716746472 0.592731006928521 0.0 0.0 0.0 0.0 0.0 0.0
11.154837491055439 2.023308313243319 4.8122149414095965 0.7820027011243795 0.07337619529283904 -0.6189407963598148 0.403745486926021 0.6968927716746472 0.592731006928521 0.0 0.0 0.0 0.0 0.0 0.0
11.56838676208813 2.0522993069852626 5.154006727192321 0.35502890562033423 0.47776273306891137 -0.8035528900231472 0.403745486926021 0.6968927716746472 0.592731006928521 0.0 0.0 0.0 0.0 0.0 0.0
12.062864883327977 2.190196330763091 5.312628606410442 -0.20682630689563716 0.7006392207851767 -0.6828818060788062 0.403745486926021 0.6968927716746472 0.592731006928521 0.0 0.0 0.0 0.0 0.0 0.0
12.510196941403164 2.4878040869645446 5.315587556445991 -0.6901047474705094 0.6573311544620659 -0.30277250683018114 0.403745486926021 0.6968927716746472 0.592731006928521 0.0 0.0 0.0 0.0 0.0 0.0
12.800219600578272 2.9352505005085807 5.249529504022851 -0.9112008565452493 0.3642919925679848 0.19236512984959428 0.403745486926021 0.6968927716746472 0.592731006928521 0.0 0.0 0.0 0.0 0.0 0.0
12.882533995832913 3.465737285220953 5.227321089001704 -0.7861165257525471 -0.06714778793998988 0.6144200375260488 0.403745486926021 0.6968927716746472 0.592731006928521 0.0 0.0 0.0 0.0 0.0 0.0
12.785653104307071 3.9809177295595966 5.345169740867373 -0.3623733836590368 -0.47307700115841655 0.8030465003911418 0.403745486926021 0.6968927716746472 0.592731006928521 0.0 0.0 0.0 0.0 0.0 0.0
12.606169188574057 4.38826025659879 5.646072867765097 0.19904146544642703 -0.6992763522110932 0.6865821715361431 0.403745486926021 0.6968927716746472 0.592731006928521 0.0 0.0 0.0 0.0 0.0 0.0
12.472056781152403 4.636202717148702 6.103482422267824 0.6848371340329547 -0.6598089257816359 0.30927379667280663 0.403745486926021 0.6968927716746472 0.592731006928521 0.0 0.0 0.0 0.0 0.0 0.0
12.494053019981994 4.733741712305774 6.631390948453431 0.9104517255340769 -0.3696690570307764 -0.18553286432866353 0.403745486926021 0.6968927716746472 0.592731006928521 0.0 0.0 0.0 0.0 0.0 0.0
12.72358675829448 4.747014634281026 7.11700725237752 0.7901704845637038 0.060914267023114435 -0.6098524882276025 0.403745486926021 0.6968927716746472 0.592731006928521 0.0 0.0 0.0 0.0 0.0 0.0
13.133239883426015 4.774172965340868 7.463607662421091 0.3696902655615872 0.46835524260268996 -0.8024789556590118 0.403745486926021 0.6968927716746472 0.592731006928521 0.0 0.0 0.0 0.0 0.0 0.0
13.627163916224633 4.908092888688811 7.627282969272153 -0.19124146621900368 0.6978602310354289 -0.6902302511029078 0.403745486926021 0.6968927716746472 0.592731006928521 0.0 0.0 0.0 0.0 0.0 0.0
14.077494450781208 5.2010900736594845 7.633620268666182 -0.6795173675961893 0.662236450096952 -0.3157515341184145 0.403745486926021 0.6968927716746472 0.592731006928521 0.0 0.0 0.0 0.0 0.0 0.0
14.372928980013187 5.645044078267057 7.567981995922783 -0.9096332600990488 0.3750179697636418 0.1786864697617933 0.403745486926021 0.6968927716746472 0.592731006928521 0.0 0.0 0.0 0.0 0.0 0.0
14.461012578983938 6.17448344088221 7.543075309583962 -0.7941642688331924 -0.05467610724896738 0.6052384963010367 0.403745486926021 0.6968927716746472 0.592731006928521 0.0 0.0 0.0 0.0 0.0 0.0
14.368066407885747 6.691459383129574 7.65613275752082 -0.37697899411910196 -0.46359781698192953 0.8018502990474836 0.403745486926021 0.6968927716746472 0.592731006928521 0.0 0.0 0.0 0.0 0.0 0.0
14.189187863216446 7.102758188408782 7.951972006355807 0.18342690321350538 -0.6963909651012969 0.6938257669637147 0.403745486926021 0.6968927716746472 0.592731006928521 0.0 0.0 0.0 0.0 0.0 0.0
4.759725337219007 11.205895046189479 10.037019110007156 -0.3037500528581868 0.3689606875107051 0.878409879532486 0.8726639090995896 0.4777418732669028 0.10109601516604906 0.0 0.0 0.0 0.0 0.0 0.0
4.930716755486728 11.714649707937346 10.012205179504996 -0.021849122004663 -0.16862035450272073 0.9854388828917814 0.8726639090995896 0.4777418732669028 0.10109601516604906 0.0 0.0 0.0 0.0 0.0 0.0
5.096727665706002 12.18496735457067 10.212022073364896 0.26835265559627164 -0.6421397046585762 0.7180831789809765 0.8726639090995896 0.4777418732669028 0.10109601516604906 0.0 0.0 0.0 0.0 0.0 0.0
5.323909572212175 12.508909235322118 10.575526050468028 0.4566027727190421 -0.8716994450113034 0.17791566966478328 0.8726639090995896 0.4777418732669028 0.10109601516604906 0.0 0.0 0.0 0.0 0.0 0.0
5.6551740951266805 12.634147200155178 10.979585910069373 0.4713818624945919 -0.770085992166716 -0.42984497714842973 0.8726639090995896 0.4777418732669028 0.10109601516604906 0.0 0.0 0.0 0.0 0.0 0.0
6.093890128428879 12.583844038843043 11.285662593604641 0.3070751016239856 -0.37590399574680666 -0.8743003305181828 0.8726639090995896 0.4777418732669028 0.10109601516604906 0.0 0.0 0.0 0.0 0.0 0.0
6.602603940808398 12.447853549872589 11.392442489288392 0.026105375624513566 0.16109021343697041 -0.986594370802071 0.8726639090995896 0.4777418732669028 0.10109601516604906 0.0 0.0 0.0 0.0 0.0 0.0
7.11726847438293 12.348583580123801 11.274328167104573 -0.26478221903331634 0.6368835572513005 -0.7240647146400122 0.8726639090995896 0.4777418732669028 0.10109601516604906 0.0 0.0 0.0 0.0 0.0 0.0
7.571575892797435 12.39449123729002 10.991163270435836 -0.4550746217577648 0.8707141895406245 -0.18645076766975424 0.8726639090995896 0.4777418732669028 0.10109601516604906 0.0 0.0 0.0 0.0 0.0 0.0
7.922149036863313 12.638878221359082 10.665496915410095 -0.4724765672345036 0.7737459436585379 0.42199894322884085 0.8726639090995896 0.4777418732669028 0.10109601516604906 0.0 0.0 0.0 0.0 0.0 0.0
8.165021132561591 13.05964061763106 10.436025232771584 -0.3103767654319066 0.38281867743826026 0.8701242001487193 0.8726639090995896 0.4777418732669028 0.10109601516604906 0.0 0.0 0.0 0.0 0.0 0.0
8.337142834813646 13.567666543470496 10.404898388935472 -0.03035964121893978 -0.15354780472778112 0.9876747257312685 0.8726639090995896 0.4777418732669028 0.10109601516604906 0.0 0.0 0.0 0.0 0.0 0.0
8.502344055894577 14.040691242390848 10.598912029907032 0.261191618279235 -0.6315789086953454 0.7299911099676973 0.8726639090995896 0.4777418732669028 0.10109601516604906 0.0 0.0 0.0 0.0 0.0 0.0
8.727083914580664 14.369747509201435 10.95932716736493 0.45351181510214705 -0.8696626258133052 0.1949716667268936 0.8726639090995896 0.4777418732669028 0.10109601516604906 0.0 0.0 0.0 0.0 0.0 0.0
9.055201805789055 14.500564153093906 11.364186102388018 0.47353529105455233 -0.777346971401071 -0.41412077245588963 0.8726639090995896 0.4777418732669028 0.10109601516604906 0.0 0.0 0.0 0.0 0.0 0.0
9.491262081493142 14.454184530396246 11.674646194299456 0.31365479284746695 -0.3897042060052843 -0.8658818064525916 0.8726639090995896 0.4777418732669028 0.10109601516604906 0.0 0.0 0.0 0.0 0.0 0.0
9.998819977095971 14.31897182167762 11.787728501185015 0.034611594809144504 0.14599370275877707 -0.9886798654061634 0.8726639090995896 0.4777418732669028 0.10109601516604906 0.0 0.0 0.0 0.0 0.0 0.0
10.5142675868246 14.217038382096556 11.675441201642384 -0.2575811267721778 0.6262261629602357 -0.735861913646083 0.8726639090995896 0.4777418732669028 0.10109601516604906 0.0 0.0 0.0 0.0 0.0 0.0
10.970999570600709 14.257853216066511 11.3954141557302 -0.45191447176596744 0.8685448339099943 -0.2034777179367481 0.8726639090995896 0.4777418732669028 0.10109601516604906 0.0 0.0 0.0 0.0 0.0 0.0
11.324717636318256 14.496652872255053 11.069004357611899 -0.47455795332882145 0.7808888011621106 0.4062110647827822 0.8726639090995896 0.4777418732669028 0.10109601516604906 0.0 0.0 0.0 0.0 0.0 0.0
11.669220122452568 1.3002885026932982 8.204586294298142 -0.4999304584615881 0.8659911051700121 0.011355283739632266 0.6505513240844063 0.36683894990241417 0.664990345468654 0.0 0.0 0.0 0.0 0.0 0.0
12.06694230375149 1.6615323540792017 8.202339417117548 -0.7401995248198893 0.5022183470051236 0.4470809718472165 0.6505513240844063 0.36683894990241417 0.664990345468654 0.0 0.0 0.0 0.0 0.0 0.0
12.29593598007731 2.1372568934672462 8.302004661536948 -0.6992544162230152 -0.05235555782999939 0.7129531239548079 0.6505513240844063 0.36683894990241417 0.664990345468654 0.0 0.0 0.0 0.0 0.0 0.0
12.365534590223021 2.601046981800572 8.56418759299495 -0.392650863992628 -0.5870387109072583 0.7079624643313986 0.6505513240844063 0.36683894990241417 0.664990345468654 0.0 0.0 0.0 0.0 0.0 0.0
12.345628423566835 2.931021577511389 8.987750590473365 0.06312731624092026 -0.8986960429470023 0.4340050280073012 0.6505513240844063 0.36683894990241417 0.664990345468654 0.0 0.0 0.0 0.0 0.0 0.0
12.34011213063407 3.0561383819549253 9.51024504774203 0.49492237360209923 -0.8689237228746122 -0.004838174633882641 0.6505513240844063 0.36683894990241417 0.664990345468654 0.0 0.0 0.0 0.0 0.0 0.0
12.447413408336658 2.9831839964284694 10.03163664295067 0.738688146571023 -0.5090327528522358 -0.44184327384168803 0.6505513240844063 0.36683894990241417 0.664990345468654 0.0 0.0 0.0 0.0 0.0 0.0
12.723098672292968 2.7941955788726083 10.452310049984478 0.7018139424504131 0.044248270552483114 -0.7109847260914413 0.6505513240844063 0.36683894990241417 0.664990345468654 0.0 0.0 0.0 0.0 0.0 0.0
13.158762446513455 2.61529355598146 10.710914466334575 0.39830888788950536 0.5807186361826815 -0.7100111938683439 0.6505513240844063 0.36683894990241417 0.664990345468654 0.0 0.0 0.0 0.0 0.0 0.0
13.685220744261162 2.5687663644804912 10.80767180870185 -0.056520372550101755 0.8965642828292463 -0.4392925383405413 0.6505513240844063 0.36683894990241417 0.664990345468654 0.0 0.0 0.0 0.0 0.0 0.0
14.198795221307657 2.7266110294608845 10.804292403132036 -0.48987659848768905 0.8717901686735411 -0.0016793029175957448 0.6505513240844063 0.36683894990241417 0.664990345468654 0.0 0.0 0.0 0.0 0.0 0.0
14.600702312314894 3.0831802908213284 10.80053020040932 -0.7371205143598464 0.5158083938844187 0.43657192776019205 0.6505513240844063 0.36683894990241417 0.664990345468654 0.0 0.0 0.0 0.0 0.0 0.0
14.834582758880275 3.5573280917976597 10.896284582356294 -0.7043200228289086 -0.03613761359784928 0.7089621839884949 0.6505513240844063 0.36683894990241417 0.664990345468654 0.0 0.0 0.0 0.0 0.0 0.0
14.907913434080344 4.023238322617289 11.153646916450972 -0.4039365790224527 -0.5743543374856148 0.7120058533039573 0.6505513240844063 0.36683894990241417 0.664990345468654 0.0 0.0 0.0 0.0 0.0 0.0
14.889166753382364 4.358224464134988 11.573311007209584 0.04990912461408766 -0.894364245870162 0.44454659484619796 0.6505513240844063 0.36683894990241417 0.664990345468654 0.0 0.0 0.0 0.0 0.0 0.0
14.881796859210557 4.489340247665372 12.094309508251065 0.48479351737367116 -0.8745902242758515 0.008196652583656656 0.6505513240844063 0.36683894990241417 0.664990345468654 0.0 0.0 0.0 0.0 0.0 0.0
14.984935662578128 4.421093162053056 12.617176436506899 0.7354967475676246 -0.5225447541103729 -0.4312673350361387 0.6505513240844063 0.36683894990241417 0.664990345468654 0.0 0.0 0.0 0.0 0.0 0.0
15.255730972696176 4.233731983299386 13.041735962171398 0.7067724665107813 0.02802420462402838 -0.7068856516703774 0.6505513240844063 0.36683894990241417 0.664990345468654 0.0 0.0 0.0 0.0 0.0 0.0
15.687635088793984 4.052758922871545 13.305160881295444 0.40953350882100487 0.5679462994820461 -0.7139462907371973 0.6505513240844063 0.36683894990241417 0.664990345468654 0.0 0.0 0.0 0.0 0.0 0.0
16.212892381113534 4.001249239281092 13.405841720981597 -0.04329407590500168 0.8920960996110836 -0.44976679740752346 0.6505513240844063 0.36683894990241417 0.664990345468654 0.0 0.0 0.0 0.0 0.0 0.0
10.253458091519622 7.351622918310536 9.1825703823658 0.6893292462636982 0.6000263509524737 -0.40594774098174335 0.4608061225652497 0.06922081478765285 0.8847972627706946 0.0 0.0 0.0 0.0 0.0 0.0
10.708299401967208 7.166594467130202 9.400673469649055 0.23060224550531971 0.9533732735965016 -0.1946843742055181 0.4608061225652497 0.06922081478765285 0.8847972627706946 0.0 0.0 0.0 0.0 0.0 0.0
11.215706501533642 7.198887483664123 9.574398247706412 -0.3157344037844715 0.9445177500501041 0.09054284128054105 0.4608061225652497 0.06922081478765285 0.8847972627706946 0.0 0.0 0.0 0.0 0.0 0.0
11.65114193382281 7.446483351041258 9.768762269282602 -0.742118274278817 0.5768241417650156 0.3413713175685436 0.4608061225652497 0.06922081478765285 0.8847972627706946 0.0 0.0 0.0 0.0 0.0 0.0
11.917411482139336 7.825566299683527 10.040941893439806 -0.8865590048187608 -0.010014601961960728 0.46250712288819057 0.4608061225652497 0.06922081478765285 0.8847972627706946 0.0 0.0 0.0 0.0 0.0 0.0
11.981589877411807 8.202366419493456 10.41855003081218 -0.6941811469519458 -0.5930486309683723 0.4079287395158868 0.4608061225652497 0.06922081478765285 0.8847972627706946 0.0 0.0 0.0 0.0 0.0 0.0
11.88752965839414 8.443981085213844 10.889145537192697 -0.2380722652682359 -0.9507735698255468 0.19837140779667886 0.4608061225652497 0.06922081478765285 0.8847972627706946 0.0 0.0 0.0 0.0 0.0 0.0
11.739200859017624 8.468866885776364 11.40495981222223 0.3084842503468886 -0.9472837334196108 -0.08655053833755944 0.4608061225652497 0.06922081478765285 0.8847972627706946 0.0 0.0 0.0 0.0 0.0 0.0
11.661191054214154 8.27781932949956 11.901044889314402 0.7378424416736064 -0.5839049689481325 -0.33859048790952573 0.4608061225652497 0.06922081478765285 0.8847972627706946 0.0 0.0 0.0 0.0 0.0 0.0
11.751372457206426 7.953670617178433 12.319948254033832 0.8868819533407507 0.0013090555972170988 -0.46199425019359003 0.4608061225652497 0.06922081478765285 0.8847972627706946 0.0 0.0 0.0 0.0 0.0 0.0
12.043718629368504 7.62982030412188 12.633540014884964 0.6989801830582207 0.5860257480349415 -0.4098786726971567 0.4608061225652497 0.06922081478765285 0.8847972627706946 0.0 0.0 0.0 0.0 0.0 0.0
12.495397356252145 7.439554578769219 12.853699919397929 0.2455241549064172 0.9481014609661802 -0.2020433346371107 0.4608061225652497 0.06922081478765285 0.8847972627706946 0.0 0.0 0.0 0.0 0.0 0.0
13.003043321972132 7.465408611275855 13.027804039423062 -0.3012106046392969 0.9499775774652595 0.08255164423598849 0.4608061225652497 0.06922081478765285 0.8847972627706946 0.0 0.0 0.0 0.0 0.0 0.0
13.442028320886989 7.707810062456782 13.220725809349279 -0.7335104195097895 0.5909413295071838 0.3357838732739463 0.4608061225652497 0.06922081478765285 0.8847972627706946 0.0 0.0 0.0 0.0 0.0 0.0
13.713809596594649 8.084916608292868 13.490189523753745 -0.8871373623682908 0.007396590457178361 0.46144619484815297 0.4608061225652497 0.06922081478765285 0.8847972627706946 0.0 0.0 0.0 0.0 0.0 0.0
13.78336788263664 8.463709207156402 13.864839912793276 -0.7037259891173444 -0.5789582369719067 0.4117973920305901 0.4608061225652497 0.06922081478765285 0.8847972627706946 0.0 0.0 0.0 0.0 0.0 0.0
13.692511807316563 8.710528257685242 14.333359530303401 -0.2529573469296173 -0.9453571505098368 0.2056998750953666 0.4608061225652497 0.06922081478765285 0.8847972627706946 0.0 0.0 0.0 0.0 0.0 0.0
13.543994096804566 8.741853116009661 14.848768440813872 0.29391402057797716 -0.9525990770403963 -0.07854646350709794 0.4608061225652497 0.06922081478765285 0.8847972627706946 0.0 0.0 0.0 0.0 0.0 0.0
13.462474096531336 8.556032984749148 15.346272682496432 0.7291225376876254 -0.5979326875960708 -0.33295168739637754 0.4608061225652497 0.06922081478765285 0.8847972627706946 0.0 0.0 0.0 0.0 0.0 0.0
13.547157601665875 8.233914078537131 15.767880576560646 0.8873252124509943 -0.01610167323257351 -0.4608629985884171 0.4608061225652497 0.06922081478765285 0.8847972627706946 0.0 0.0 0.0 0.0 0.0 0.0
7.723726816472062 8.040091447888834 7.188936853675244 -0.19012729452888807 0.9777811181582211 0.08829324350359129 0.6289965452424939 0.05226612738485067 0.7756491462002637 0.0 0.0 0.0 0.0 0.0 0.0
8.212421154803971 8.243328505867652 7.281444388853791 -0.5960187095140438 0.6730050132537294 0.43797939454335233 0.6289965452424939 0.05226612738485067 0.7756491462002637 0.0 0.0 0.0 0.0 0.0 0.0
8.565253009548401 8.599977077793792 7.473789340799538 -0.7754726518533968 0.11254305177037016 0.6212698509711156 0.6289965452424939 0.05226612738485067 0.7756491462002637 0.0 0.0 0.0 0.0 0.0 0.0
8.741315848902566 8.982279841912158 7.807752774822433 -0.6603115685423108 -0.49067589670003575 0.5685295039369628 0.6289965452424939 0.05226612738485067 0.7756491462002637 0.0 0.0 0.0 0.0 0.0 0.0
8.76686064543078 9.252733019938614 8.271312527156566 -0.2942870805213037 -0.9074788683505879 0.29979529305074804 0.6289965452424939 0.05226612738485067 0.7756491462002637 0.0 0.0 0.0 0.0 0.0 0.0
8.725322692694407 9.316326361370688 8.803210625974687 0.18354198960734874 -0.9795154456771737 -0.08283616197545086 0.6289965452424939 0.05226612738485067 0.7756491462002637 0.0 0.0 0.0 0.0 0.0 0.0
8.725623142264185 9.156639126140155 9.316226219064063 0.5916403892257474 -0.6794177285660777 -0.43399677412040405 0.6289965452424939 0.05226612738485067 0.7756491462002637 0.0 0.0 0.0 0.0 0.0 0.0
8.860788037173965 8.842078598305074 9.730312233836964 0.7749647132774783 -0.12119785711407063 -0.6202747557379008 0.6289965452424939 0.05226612738485067 0.7756491462002637 0.0 0.0 0.0 0.0 0.0 0.0
9.172606162859644 8.499891015127346 10.003006598522438 0.6638669860360412 0.4830671065756837 -0.5708999872096854 0.6289965452424939 0.05226612738485067 0.7756491462002637 0.0 0.0 0.0 0.0 0.0 0.0
9.635752788900845 8.267818594093272 10.14556429316007 0.3005550915354039 0.9038068000260125 -0.3046307686017345 0.6289965452424939 0.05226612738485067 0.7756491462002637 0.0 0.0 0.0 0.0 0.0 0.0
10.16741095751452 8.24176896156345 10.218681394509717 -0.1769427072526916 0.9811751793025897 0.07737277215285965 0.6289965452424939 0.05226612738485067 0.7756491462002637 0.0 0.0 0.0 0.0 0.0 0.0
10.658735030442434 8.439378242028374 10.309435621706147 -0.5872170132311851 0.6857787035879229 0.4299811031628166 0.6289965452424939 0.05226612738485067 0.7756491462002637 0.0 0.0 0.0 0.0 0.0 0.0
11.016202966727489 8.793310799554222 10.498204054897915 -0.7743977581382484 0.12984343277171503 0.619232424180542 0.6289965452424939 0.05226612738485067 0.7756491462002637 0.0 0.0 0.0 0.0 0.0 0.0
11.197146909678471 9.176841171665911 10.828126538665813 -0.6673718474885221 -0.4754215290208959 0.5732269942380496 0.6289965452424939 0.05226612738485067 0.7756491462002637 0.0 0.0 0.0 0.0 0.0 0.0
11.22596341899556 9.45199919127813 11.288716133806888 -0.3068002141156398 -0.9000659033143853 0.30944304534026273 0.6289965452424939 0.05226612738485067 0.7756491462002637 0.0 0.0 0.0 0.0 0.0 0.0
11.184844809851505 9.52198715990922 11.819843280869916 0.17032995002581314 -0.9827601926393278 -0.07190349009411136 0.6289965452424939 0.05226612738485067 0.7756491462002637 0.0 0.0 0.0 0.0 0.0 0.0
11.182552918175276 9.36795491170558 12.334580025103545 0.5827489183875598 -0.6920874539063898 -0.425932687479487 0.6289965452424939 0.05226612738485067 0.7756491462002637 0.0 0.0 0.0 0.0 0.0 0.0
11.31309866078171 9.056161306607416 12.752225399824233 0.7737718296115311 -0.13847912034924478 -0.6181429356766293 0.6289965452424939 0.05226612738485067 0.7756491462002637 0.0 0.0 0.0 0.0 0.0 0.0
11.62002571629486 8.71280138166839 13.028965072907539 0.6708258859909793 0.46773974627600373 -0.5755103478114671 0.6289965452424939 0.05226612738485067 0.7756491462002637 0.0 0.0 0.0 0.0 0.0 0.0
12.079867553627219 8.476062746610433 13.174517144098763 0.3130219726717433 0.8962564630994736 -0.31423175679283394 0.6289965452424939 0.05226612738485067 0.7756491462002637 0.0 0.0 0.0 0.0 0.0 0.0
-0.0548679931095597 6.371334360261096 7.220963034279092 0.3866929242328988 -0.7640295023011979 0.5164566796562838 0.3238887253072091 0.6368622971143292 0.6996445584245842 0.0 0.0 0.0 0.0 0.0 0.0
-0.18834061823726617 6.496145456735656 7.726227668561659 0.8195469566461683 -0.5583392176785805 0.12884139029859232 0.3238887253072091 0.6368622971143292 0.6996445584245842 0.0 0.0 0.0 0.0 0.0 0.0
-0.13499748881039686 6.4936831109722135 8.260861701816792 0.9410413981351448 -0.1405265293259616 -0.3077228973467063 0.3238887253072091 0.6368622971143292 0.6996445584245842 0.0 0.0 0.0 0.0 0.0 0.0
0.13285605693128855 6.4591877384272465 8.725350290939225 0.7050184790994278 0.3306745369958681 -0.6273781114375109 0.3238887253072091 0.6368622971143292 0.6996445584245842 0.0 0.0 0.0 0.0 0.0 0.0
0.5614185871671266 6.500069636995176 9.046828019819001 0.20114725257345653 0.6762468181295356 -0.7086818917905472 0.3238887253072091 0.6368622971143292 0.6996445584245842 0.0 0.0 0.0 0.0 0.0 0.0
1.0358326399561915 6.695102019033869 9.206761689166411 -0.3791431782078927 0.7649016268119296 -0.520745572922979 0.3238887253072091 0.6368622971143292 0.6996445584245842 0.0 0.0 0.0 0.0 0.0 0.0
1.42382099334301 7.064493750972006 9.247991388780747 -0.8153907766521648 0.5629575189952514 -0.1349693045002844 0.3238887253072091 0.6368622971143292 0.6996445584245842 0.0 0.0 0.0 0.0 0.0 0.0
1.6259409935356601 7.562211667078594 9.258454831187429 -0.9418577864394897 0.1471364375644879 0.3020840592685018 0.3238887253072091 0.6368622971143292 0.6996445584245842 0.0 0.0 0.0 0.0 0.0 0.0
1.613364481673831 8.093469338757663 9.337778344409452 -0.7104972761360161 -0.3245842364870749 0.6243706383450488 0.3238887253072091 0.6368622971143292 0.6996445584245842 0.0 0.0 0.0 0.0 0.0 0.0
1.4388300933609688 8.550738023516445 9.55942716428808 -0.2092069717474867 -0.6729899323381606 0.7094483729939225 0.3238887253072091 0.6368622971143292 0.6996445584245842 0.0 0.0 0.0 0.0 0.0 0.0
1.2166069692555601 8.854598632023084 9.942794763113499 0.37156455896195323 -0.7657155011023429 0.5249948093981469 0.3238887253072091 0.6368622971143292 0.6996445584245842 0.0 0.0 0.0 0.0 0.0 0.0
1.0790819980568243 8.983914367960173 10.44583494526021 0.8111725014936052 -0.5675329489172725 0.14108694026688332 0.3238887253072091 0.6368622971143292 0.6996445584245842 0.0 0.0 0.0 0.0 0.0 0.0
1.1264638240971347 8.983860950334119 10.981035899880062 0.9426024486268465 -0.1537351407936322 -0.29642221631961857 0.3238887253072091 0.6368622971143292 0.6996445584245842 0.0 0.0 0.0 0.0 0.0 0.0
1.3887119079609633 8.948763602526874 11.44866740096292 0.7159219660542244 0.31846921763199393 -0.6213156170111283 0.3238887253072091 0.6368622971143292 0.6996445584245842 0.0 0.0 0.0 0.0 0.0 0.0
1.8141544265133691 8.986261322899491 11.774669987598369 0.2172507590006403 0.6696817957578513 -0.7101608269569539 0.3238887253072091 0.6368622971143292 0.6996445584245842 0.0 0.0 0.0 0.0 0.0 0.0
2.2891192624157757 9.176413029686678 11.938791391383736 -0.36395764363627847 0.7664710631927586 -0.5292040654859799 0.3238887253072091 0.6368622971143292 0.6996445584245842 0.0 0.0 0.0 0.0 0.0 0.0
2.6811199419993494 9.5412818394457 11.982280711790144 -0.8068924524084752 0.5720651590079397 -0.1471938317167413 0.3238887253072091 0.6368622971143292 0.6996445584245842 0.0 0.0 0.0 0.0 0.0 0.0
2.8891894616675033 10.036552920200638 11.992217193625264 -0.9432753279883067 0.16032213649659469 0.29073779967131663 0.3238887253072091 0.6368622971143292 0.6996445584245842 0.0 0.0 0.0 0.0 0.0 0.0
2.8822393406405227 10.568369437014518 12.068427366043535 -0.7212921357429134 -0.3123299461129871 0.6182132800874501 0.3238887253072091 0.6368622971143292 0.6996445584245842 0.0 0.0 0.0 0.0 0.0 0.0
2.7108706545754555 11.028990332784467 12.28555927510985 -0.22527800176737603 -0.666322660316017 0.7108191994235122 0.3238887253072091 0.6368622971143292 0.6996445584245842 0.0 0.0 0.0 0.0 0.0 0.0
2.9247450628387606 2.117322174716433 13.032701305671944 0.18764369927601363 0.9150825258985936 -0.35695071496925557 0.5755055496372077 0.192068422141805 0.7949233192910703 0.0 0.0 0.0 0.0 0.0 0.0
3.450486632431283 2.171726978789153 13.129246742718756 -0.31474110642829384 0.9491764134346676 -0.0014738058196869341 0.5755055496372077 0.192068422141805 0.7949233192910703 0.0 0.0 0.0 0.0 0.0 0.0
3.9044829569101323 2.4424965761701833 13.225456225682597 -0.6975505036098135 0.622662312123557 0.3545630268015 0.5755055496372077 0.192068422141805 0.7949233192910703 0.0 0.0 0.0 0.0 0.0 0.0
4.199472622142667 2.8552020671918763 13.402488361762181 -0.8153488020474752 0.059588388078009306 0.5758954375631145 0.5755055496372077 0.192068422141805 0.7949233192910703 0.0 0.0 0.0 0.0 0.0 0.0
4.308603502293494 3.2814907331509025 13.710795880954853 -0.6233824586822894 -0.5261241608630942 0.5784355431362496 0.5755055496372077 0.192068422141805 0.7949233192910703 0.0 0.0 0.0 0.0 0.0 0.0
4.275634331372935 3.587849380086666 14.150957800405934 -0.1945826968647955 -0.9119533447654267 0.36121831494537077 0.5755055496372077 0.192068422141805 0.7949233192910703 0.0 0.0 0.0 0.0 0.0 0.0
4.198310028579493 3.686328233388498 14.673459446114562 0.30814228474083727 -0.9513162059445394 0.006768209658579148 0.5755055496372077 0.192068422141805 0.7949233192910703 0.0 0.0 0.0 0.0 0.0 0.0
4.191226769288435 3.5679545276120646 15.197503905427826 0.6937988605091623 -0.6292581353265442 -0.3502532516359376 0.5755055496372077 0.192068422141805 0.7949233192910703 0.0 0.0 0.0 0.0 0.0 0.0
4.342294982080854 3.3061414100883106 15.641708125009943 0.8158696494716944 -0.06813437846301378 -0.5742076467118773 0.5755055496372077 0.192068422141805 0.7949233192910703 0.0 0.0 0.0 0.0 0.0 0.0
4.67934070714172 3.0287970588500612 15.955021693456617 0.6279779179868135 0.5188747679246754 -0.5800109565620807 0.5755055496372077 0.192068422141805 0.7949233192910703 0.0 0.0 0.0 0.0 0.0 0.0
5.159534018367034 2.8697302272866594 16.136121746104894 0.2015068762278535 0.9087547148542852 -0.36545840674828906 0.5755055496372077 0.192068422141805 0.7949233192910703 0.0 0.0 0.0 0.0 0.0 0.0
5.68566082836891 2.9178140615682997 16.233915543435735 -0.3015199968253765 0.9533835520421581 -0.012062098072101431 0.5755055496372077 0.192068422141805 0.7949233192910703 0.0 0.0 0.0 0.0 0.0 0.0
6.143056145607101 3.183221706536206 16.328959785131506 -0.6899943819391318 0.6358060380862542 0.34591680332920277 0.5755055496372077 0.192068422141805 0.7949233192910703 0.0 0.0 0.0 0.0 0.0 0.0
6.443167221771563 3.5935613578915397 16.502855773030454 -0.8163283652633384 0.07667518015130534 0.5724761277252078 0.5755055496372077 0.192068422141805 0.7949233192910703 0.0 0.0 0.0 0.0 0.0 0.0
6.557196221388438 4.021379118974951 16.807247712257354 -0.6325255543415674 -0.5115858606637735 0.5815421999079661 0.5755055496372077 0.192068422141805 0.7949233192910703 0.0 0.0 0.0 0.0 0.0 0.0
6.527041000990708 4.332580867022983 17.244202214251523 -0.20841571006212123 -0.9054868797532204 0.36967066747860394 0.5755055496372077 0.192068422141805 0.7949233192910703 0.0 0.0 0.0 0.0 0.0 0.0
6.449377412926507 4.437376852340083 17.765423156529145 0.2948747469947752 -0.9553782942911142 0.017355067910155432 0.5755055496372077 0.192068422141805 0.7949233192910703 0.0 0.0 0.0 0.0 0.0 0.0
6.438930532718014 4.324394325412504 18.290600187082966 0.6861373576254948 -0.6423055217545409 -0.3415540121186229 0.5755055496372077 0.192068422141805 0.7949233192910703 0.0 0.0 0.0 0.0 0.0 0.0
6.584888684769593 4.064998234590805 18.737919969827335 0.816724914489424 -0.08521014272776835 -0.5707010124649806 0.5755055496372077 0.192068422141805 0.7949233192910703 0.0 0.0 0.0 0.0 0.0 0.0
6.917019306777324 3.7861784890531687 19.055148438823178 0.6370250214264362 0.5042579941588972 -0.5830291565637962 0.5755055496372077 0.192068422141805 0.7949233192910703 0.0 0.0 0.0 0.0 0.0 0.0
5.0294798069122635 11.31311484361232 12.208768699527024 0.9634046404244588 -0.06816548037388051 -0.2592392063211452 0.26792269697370624 0.21492200587471413 0.9391623713911909 0.0 0.0 0.0 0.0 0.0 0.0
5.240789257470013 11.046350527509762 12.624545343745618 0.7852660817060174 0.516056070863822 -0.3421159345114932 0.26792269697370624 0.21492200587471413 0.9391623713911909 0.0 0.0 0.0 0.0 0.0 0.0
5.631100136061082 10.897221208998339 12.962336649927625 0.30879180959871083 0.9042192927829652 -0.29501709930752773 0.26792269697370624 0.21492200587471413 0.9391623713911909 0.0 0.0 0.0 0.0 0.0 0.0
6.091800117366326 10.954208706728092 13.232878799039755 -0.2849976336988862 0.9488544876334793 -0.13583633565376696 0.26792269697370624 0.21492200587471413 0.9391623713911909 0.0 0.0 0.0 0.0 0.0 0.0
6.487534879102444 11.227487614769647 13.472457051165511 -0.7705117110479425 0.6330039986309924 0.0749509229772814 0.26792269697370624 0.21492200587471413 0.9391623713911909 0.0 0.0 0.0 0.0 0.0 0.0
6.707631472060998 11.645059804216636 13.729120368542274 -0.9632955071010587 0.07666470728611577 0.257263072856654 0.26792269697370624 0.21492200587471413 0.9391623713911909 0.0 0.0 0.0 0.0 0.0 0.0
6.70814482386573 12.080107716101752 14.044426811471505 -0.7901072345644706 -0.5088007881223084 0.34183668014857926 0.26792269697370624 0.21492200587471413 0.9391623713911909 0.0 0.0 0.0 0.0 0.0 0.0
6.528553206690732 12.39917447232495 14.43765493639651 -0.31674401372833144 -0.9009643574275329 0.296540817447546 0.26792269697370624 0.21492200587471413 0.9391623713911909 0.0 0.0 0.0 0.0 0.0 0.0
6.276759781619996 12.512866374923657 14.898479549989354 0.27695555360070384 -0.950836504025274 0.13858414030011576 0.26792269697370624 0.21492200587471413 0.9391623713911909 0.0 0.0 0.0 0.0 0.0 0.0
6.088098383706958 12.409815066511689 15.390894422724166 0.7654350756669069 -0.6394699656052244 -0.07202296875059375 0.26792269697370624 0.21492200587471413 0.9391623713911909 0.0 0.0 0.0 0.0 0.0 0.0
6.073917935376642 12.16099655931906 15.866891657466073 0.9631130150952426 -0.08515809588407146 -0.25526734781313026 0.26792269697370624 0.21492200587471413 0.9391623713911909 0.0 0.0 0.0 0.0 0.0 0.0
6.27927912914168 11.892766261490154 16.284700692241977 0.7948882176979871 0.5015067582308772 -0.3415313935989974 0.26792269697370624 0.21492200587471413 0.9391623713911909 0.0 0.0 0.0 0.0 0.0 0.0
6.665835117142168 11.738854444979907 16.62465763510069 0.32467209657498225 0.8976408101480573 -0.2980419528562111 0.26792269697370624 0.21492200587471413 0.9391623713911909 0.0 0.0 0.0 0.0 0.0 0.0
7.126400119772745 11.78955987938722 16.896675905427927 -0.26889238226483797 0.9527461105359741 -0.1413213912276302 0.26792269697370624 0.21492200587471413 0.9391623713911909 0.0 0.0 0.0 0.0 0.0 0.0
7.525671095405341 12.057443819669407 17.13647996017814 -0.7603001494413572 0.645887234465767 0.06908952969598775 0.26792269697370624 0.21492200587471413 0.9391623713911909 0.0 0.0 0.0 0.0 0.0 0.0
7.7516316280499025 12.472557775370936 17.392032975396457 -0.9628571783044836 0.0936449993633226 0.25325218317276316 0.26792269697370624 0.21492200587471413 0.9391623713911909 0.0 0.0 0.0 0.0 0.0 0.0
7.758108836603612 12.909018111623878 17.7053148337376 -0.7996086670161912 -0.49417453665814426 0.3412000981115008 0.26792269697370624 0.21492200587471413 0.9391623713911909 0.0 0.0 0.0 0.0 0.0 0.0
7.582315224351258 13.232831346696374 18.096373265179135 -0.33257545438445985 -0.8942489040455311 0.29952039121625024 0.26792269697370624 0.21492200587471413 0.9391623713911909 0.0 0.0 0.0 0.0 0.0 0.0
7.330711026807465 13.352800515954108 18.555707379222834 0.26080873373300334 -0.9545831617416504 0.14404787998405508 0.26792269697370624 0.21492200587471413 0.9391623713911909 0.0 0.0 0.0 0.0 0.0 0.0
7.138558188324469 13.25517242345683 19.047877212041374 0.7551073234158056 -0.6522553165127509 -0.06615082920620398 0.26792269697370624 0.21492200587471413 0.9391623713911909 0.0 0.0 0.0 0.0 0.0 0.0
6.443931430851724 2.0463021215172414 0.26635341574074173 0.43541495219321286 -0.6872970469805805 0.5814091404668109 0.5416610375667942 0.7158725811342774 0.4406015977753728 0.0 0.0 0.0 0.0 0.0 0.0
6.4517024398182485 2.290291154761708 0.7449911338474873 0.7743288581071407 -0.6289112005006879 0.06989650482874617 0.5416610375667942 0.7158725811342774 0.4406015977753728 0.0 0.0 0.0 0.0 0.0 0.0
6.635981736354588 2.3909198600633235 1.2395617624292423 0.8190622847380437 -0.33159147411604395 -0.46817098160100085 0.5416610375667942 0.7158725811342774 0.4406015977753728 0.0 0.0 0.0 0.0 0.0 0.0
7.006966306468796 2.415962278406646 1.627412801024028 0.5526202554058324 0.09170539719908798 -0.8283724847191328 0.5416610375667942 0.7158725811342774 0.4406015977753728 0.0 0.0 0.0 0.0 0.0 0.0
7.503920681190984 2.4619089449270155 1.8264363056623105 0.07622855172698675 0.4801618548858089 -0.873861431243092 0.5416610375667942 0.7158725811342774 0.4406015977753728 0.0 0.0 0.0 0.0 0.0 0.0
8.018251356677876 2.61730852137692 1.826263069552641 -0.4291236532263612 0.6861967960233057 -0.5873558098537981 0.5416610375667942 0.7158725811342774 0.4406015977753728 0.0 0.0 0.0 0.0 0.0 0.0
8.43476328190942 2.929126679071549 1.6922020581056212 -0.7714446077541359 0.6315341017529268 -0.07770389623558738 0.5416610375667942 0.7158725811342774 0.4406015977753728 0.0 0.0 0.0 0.0 0.0 0.0
8.675424384529872 3.384903055132007 1.5404284410667428 -0.8206808579300866 0.33694104353950033 0.46146902670238793 0.5416610375667942 0.7158725811342774 0.4406015977753728 0.0 0.0 0.0 0.0 0.0 0.0
8.7290112597624 3.917485152669159 1.4938467031848175 -0.5581267291261653 -0.08566155046841638 0.8253221510454416 0.5416610375667942 0.7158725811342774 0.4406015977753728 0.0 0.0 0.0 0.0 0.0 0.0
8.655373129529137 4.430540697081691 1.6353971756024985 -0.08353092454592428 -0.47571988926863307 0.8756215915558171 0.5416610375667942 0.7158725811342774 0.4406015977753728 0.0 0.0 0.0 0.0 0.0 0.0
8.562694122417327 4.835155877766891 1.976545617366801 0.42279967483189623 -0.6850442885232956 0.5932577498218241 0.5416610375667942 0.7158725811342774 0.4406015977753728 0.0 0.0 0.0 0.0 0.0 0.0
8.566392314486857 5.0836151913282555 2.45292718186987 0.768501608907481 -0.634108909238234 0.08550537018988699 0.5416610375667942 0.7158725811342774 0.4406015977753728 0.0 0.0 0.0 0.0 0.0 0.0
8.745270472487785 5.187529359076501 2.9487996981981537 0.8222369330974026 -0.34226495359797143 -0.4547319291507418 0.5416610375667942 0.7158725811342774 0.4406015977753728 0.0 0.0 0.0 0.0 0.0 0.0
9.111577565259989 5.213424219882705 3.341016056968366 0.5635906993351996 0.07961118027902388 -0.8222089658945838 0.5416610375667942 0.7158725811342774 0.4406015977753728 0.0 0.0 0.0 0.0 0.0 0.0
9.606355175679058 5.257466451738483 3.545809856092065 0.09082693616155421 0.47124169574006447 -0.8773150698942387 0.5416610375667942 0.7158725811342774 0.4406015977753728 0.0 0.0 0.0 0.0 0.0 0.0
10.121836789054026 5.40892824296585 3.550619657428615 -0.41644349860525764 0.6838396122484571 -0.5991145109153108 0.5416610375667942 0.7158725811342774 0.4406015977753728 0.0 0.0 0.0 0.0 0.0 0.0
10.542390093818511 5.716271295322295 3.418861287150855 -0.7655000856879332 0.63663542687505 -0.09330033257919952 0.5416610375667942 0.7158725811342774 0.4406015977753728 0.0 0.0 0.0 0.0 0.0 0.0
10.78844762996394 6.168735413266671 3.265835103125967 -0.823730391738844 0.34756279885509306 0.44796020200212444 0.5416610375667942 0.7158725811342774 0.4406015977753728 0.0 0.0 0.0 0.0 0.0 0.0
10.846735797393785 6.7004264821461454 3.214921461242551 -0.5690117499304496 -0.07355474739002638 0.8190331663476615 0.5416610375667942 0.7158725811342774 0.4406015977753728 0.0 0.0 0.0 0.0 0.0 0.0
10.775317718523002 7.2153507440436595 3.350706455399 -0.09811603095434492 -0.46672761533187923 0.8789417372934242 0.5416610375667942 0.7158725811342774 0.4406015977753728 0.0 0.0 0.0 0.0 0.0 0.0
9.287819700186178 -0.568626289053667 4.968592034630309 -0.18899987346042899 0.9587652890280229 0.212245537967123 0.9707837851811141 0.1498872039735988 0.18738374666551375 0.0 0.0 0.0 0.0 0.0 0.0
9.696668927171775 -0.31597924307306285 4.728390282203491 -0.23978948539241832 0.6350543200074318 0.7343071655207632 0.9707837851811141 0.1498872039735988 0.18738374666551375 0.0 0.0 0.0 0.0 0.0 0.0
10.050858133417183 0.08142845513524788 4.6555738712621375 -0.19947906275742655 0.07007559727399618 0.9773932239319604 0.9707837851811141 0.1498872039735988 0.18738374666551375 0.0 0.0 0.0 0.0 0.0 0.0
10.359576081030418 0.4948098879470978 4.805554276469797 -0.08338320906881315 -0.521526016465338 0.8491512554281376 0.9707837851811141 0.1498872039735988 0.18738374666551375 0.0 0.0 0.0 0.0 0.0 0.0
10.64928682351276 0.7893094488958344 5.149098737070882 0.06439131983795414 -0.9149911770994834 0.39830252793527127 0.9707837851811141 0.1498872039735988 0.18738374666551375 0.0 0.0 0.0 0.0 0.0 0.0
10.953675569378241 0.8752367422345054 5.583436271447419 0.1877025097728257 -0.9608358917168529 -0.2038679891833483 0.9707837851811141 0.1498872039735988 0.18738374666551375 0.0 0.0 0.0 0.0 0.0 0.0
11.300851108252504 0.7421414638235755 5.971302091274897 0.2397023780263914 -0.6416429867515541 -0.7285856487202018 0.9707837851811141 0.1498872039735988 0.18738374666551375 0.0 0.0 0.0 0.0 0.0 0.0
11.70266681174013 0.46278364639330344 6.193086789551624 0.20063530525768716 -0.07867918342068522 -0.9765014390058051 0.9707837851811141 0.1498872039735988 0.18738374666551375 0.0 0.0 0.0 0.0 0.0 0.0
12.150217339374244 0.16549090662664223 6.192277954081316 0.08534352557816847 0.514176157137499 -0.8534280063796839 0.9707837851811141 0.1498872039735988 0.18738374666551375 0.0 0.0 0.0 0.0 0.0 0.0
12.617221926349238 -0.014595361941950324 5.99693017770361 -0.0623716863361525 0.9116873790322353 -0.40612300557456366 0.9707837851811141 0.1498872039735988 0.18738374666551375 0.0 0.0 0.0 0.0 0.0 0.0
13.07000888546138 0.013137536226139557 5.709006649426502 -0.1863908518123837 0.9628333230325011 0.19547491506289036 0.9707837851811141 0.1498872039735988 0.18738374666551375 0.0 0.0 0.0 0.0 0.0 0.0
13.480308044038093 0.2603483206750817 5.465641634188608 -0.23959701639623268 0.6481827898980133 0.7228086473016563 0.9707837851811141 0.1498872039735988 0.18738374666551375 0.0 0.0 0.0 0.0 0.0 0.0
13.835991055188353 0.6553123924763763 5.387040872846333 -0.20177626860266148 0.08727677784293777 0.9755352897143905 0.9707837851811141 0.1498872039735988 0.18738374666551375 0.0 0.0 0.0 0.0 0.0 0.0
14.145679159561737 1.0701712085331363 5.5308134114897145 -0.08729734284763034 -0.50678714130458 0.8576397654843633 0.9707837851811141 0.1498872039735988 0.18738374666551375 0.0 0.0 0.0 0.0 0.0 0.0
14.43546783188619 1.3695078797834372 5.870084961660931 0.060347302988954334 -0.9083141524413326 0.41391255537461236 0.9707837851811141 0.1498872039735988 0.18738374666551375 0.0 0.0 0.0 0.0 0.0 0.0
14.739012673825803 1.4617943114045908 6.303707891853566 0.18506499946693442 -0.9647574308628397 -0.18706695477083846 0.9707837851811141 0.1498872039735988 0.18738374666551375 0.0 0.0 0.0 0.0 0.0 0.0
15.084743088216985 1.3341642563044245 6.694688903820119 0.23947340852563742 -0.6546732314154802 -0.7169766012061514 0.9707837851811141 0.1498872039735988 0.18738374666551375 0.0 0.0 0.0 0.0 0.0 0.0
15.485061473616627 1.057301417503777 6.922235076982029 0.20290186590357281 -0.09586772580065192 -0.9744948496337258 0.9707837851811141 0.1498872039735988 0.18738374666551375 0.0 0.0 0.0 0.0 0.0 0.0
15.931631345733305 0.7585855275903883 6.9276451185074075 0.08924451208644865 0.4993595316687444 -0.8617862120004138 0.9707837851811141 0.1498872039735988 0.18738374666551375 0.0 0.0 0.0 0.0 0.0 0.0
16.398544507188166 0.5736986586332602 6.73661096589115 -0.05831832396098979 0.9048717542110403 -0.42167058413104175 0.9707837851811141 0.1498872039735988 0.18738374666551375 0.0 0.0 0.0 0.0 0.0 0.0
12.34044550201804 4.726384513572493 9.129023499125982 0.5724809823164712 -0.7901464805970893 0.21893849384245292 0.4856079544894197 0.5419021849720853 0.6859496602951864 0.0 0.0 0.0 0.0 0.0 0.0
12.36253596098238 4.746787517471432 9.66547557636402 0.8511167887355513 -0.4721292490685297 -0.22955213810040864 0.4856079544894197 0.5419021849720853 0.6859496602951864 0.0 0.0 0.0 0.0 0.0 0.0
12.578638518719414 4.6595686441896325 10.149601236499201 0.8063990972001367 0.02525777776126194 -0.590832074871843 0.4856079544894197 0.5419021849720853 0.6859496602951864 0.0 0.0 0.0 0.0 0.0 0.0
12.978559776036604 4.578107282143249 10.499046706576788 0.45531690636446387 0.5130489525320255 -0.7276450282139536 0.4856079544894197 0.5419021849720853 0.6859496602951864 0.0 0.0 0.0 0.0 0.0 0.0
13.48227053648614 4.61359544496965 10.682625469577621 -0.06874778969178635 0.8059242525148165 -0.5880134697614742 0.4856079544894197 0.5419021849720853 0.6859496602951864 0.0 0.0 0.0 0.0 0.0 0.0
13.970310236112281 4.832794066515246 10.732166543644455 -0.5666940510423784 0.7926154546322821 -0.22498576308566454 0.4856079544894197 0.5419021849720853 0.6859496602951864 0.0 0.0 0.0 0.0 0.0 0.0
14.32917200897226 5.23266940588395 10.730422105936725 -0.8493437677826974 0.4781787937112319 0.22351779654775214 0.4856079544894197 0.5419021849720853 0.6859496602951864 0.0 0.0 0.0 0.0 0.0 0.0
14.494425843241531 5.741545616325048 10.779628556985054 -0.8093135868718406 -0.017925985663805922 0.587103208254406 0.4856079544894197 0.5419021849720853 0.6859496602951864 0.0 0.0 0.0 0.0 0.0 0.0
14.475196619918279 6.246335597770039 10.962665202828202 -0.4618116433067768 -0.5072203833786664 0.7276382953030254 0.4856079544894197 0.5419021849720853 0.6859496602951864 0.0 0.0 0.0 0.0 0.0 0.0
14.350697417972322 6.6355046768641515 11.311567020980847 0.0611402646294599 -0.8038132771753951 0.5917314285024843 0.4856079544894197 0.5419021849720853 0.6859496602951864 0.0 0.0 0.0 0.0 0.0 0.0
14.240135141272432 6.8414444941341115 11.79535403687949 0.5608639638222522 -0.7950240679318704 0.23101589879194775 0.4856079544894197 0.5419021849720853 0.6859496602951864 0.0 0.0 0.0 0.0 0.0 0.0
14.257421822773436 6.866158550103534 12.331801134176683 0.8475060660135575 -0.4841919231874497 -0.21746643324950574 0.4856079544894197 0.5419021849720853 0.6859496602951864 0.0 0.0 0.0 0.0 0.0 0.0
14.467897538689046 6.780501041947257 12.81867675117206 0.812166444180518 0.01059282843313707 -0.5833296314545995 0.4856079544894197 0.5419021849720853 0.6859496602951864 0.0 0.0 0.0 0.0 0.0 0.0
14.863506621110458 6.697258169365617 13.172582360322867 0.4682712115044741 0.5013531874293279 -0.7275761499187452 0.4856079544894197 0.5419021849720853 0.6859496602951864 0.0 0.0 0.0 0.0 0.0 0.0
15.36585814092849 6.728298771633594 13.360636963206481 -0.053528083499269054 0.8016410883428257 -0.5954043246042342 0.4856079544894197 0.5419021849720853 0.6859496602951864 0.0 0.0 0.0 0.0 0.0 0.0
15.8560079324286 6.94207348521299 13.412969131562136 -0.554991164639809 0.7973721370706235 -0.2370284417431252 0.4856079544894197 0.5419021849720853 0.6859496602951864 0.0 0.0 0.0 0.0 0.0 0.0
16.219647470486244 7.337609202526985 13.411270659164336 -0.8456038233762385 0.4901681795740902 0.21139850904041013 0.4856079544894197 0.5419021849720853 0.6859496602951864 0.0 0.0 0.0 0.0 0.0 0.0
16.39053159039831 7.844878771798058 13.45776048355396 -0.814957451870042 -0.0032588645175724504 0.5795116318449036 0.4856079544894197 0.5419021849720853 0.6859496602951864 0.0 0.0 0.0 0.0 0.0 0.0
16.375646133513932 8.351405482799809 13.63635000265699 -0.4746951190364308 -0.49544781149370026 0.7274585967937215 0.4856079544894197 0.5419021849720853 0.6859496602951864 0.0 0.0 0.0 0.0 0.0 0.0
16.252553909308894 8.744994849582284 13.980763731788665 0.045911825998276146 -0.7994078514377005 0.5990318783614623 0.4856079544894197 0.5419021849720853 0.6859496602951864 0.0 0.0 0.0 0.0 0.0 0.0
2.908686920308954 1.2686355151023883 9.281622808568748 0.24724211140644992 -0.3737844401709891 0.8939555529406039 0.7363923017097818 0.672116984172979 0.07736367085906251 0.0 0.0 0.0 0.0 0.0 0.0
3.002320380224787 1.7128761924910307 9.568969459594701 0.5695502882307059 -0.6775751779306678 0.4653002766263349 0.7363923017097818 0.672116984172979 0.07736367085906251 0.0 0.0 0.0 0.0 0.0 0.0
3.225782846263735 2.002663586750444 9.962381323318318 0.6754767881831037 -0.7239437771416315 -0.14013035418404596 0.7363923017097818 0.672116984172979 0.07736367085906251 0.0 0.0 0.0 0.0 0.0 0.0
3.603220267422929 2.127427974231499 10.323850468396477 0.5247783629350916 -0.4952740317219981 -0.692323120585325 0.7363923017097818 0.672116984172979 0.07736367085906251 0.0 0.0 0.0 0.0 0.0 0.0
4.100280932925352 2.139294630597705 10.52750453635323 0.17470786378169795 -0.07844140111094969 -0.9814907584509325 0.7363923017097818 0.672116984172979 0.07736367085906251 0.0 0.0 0.0 0.0 0.0 0.0
4.637166261474005 2.133280567112508 10.507427755038446 -0.24173707378207718 0.36819242925243717 -0.8977736475306387 0.7363923017097818 0.672116984172979 0.07736367085906251 0.0 0.0 0.0 0.0 0.0 0.0
5.118947616447764 2.2111959794605953 10.282703442520562 -0.5663420553876986 0.6749437998936834 -0.4729773179385164 0.7363923017097818 0.672116984172979 0.07736367085906251 0.0 0.0 0.0 0.0 0.0 0.0
5.47163128207592 2.4429648522315848 9.950163935496342 -0.6757842214173133 0.7252727364967593 0.1315110024975015 0.7363923017097818 0.672116984172979 0.07736367085906251 0.0 0.0 0.0 0.0 0.0 0.0
5.670269913168419 2.84005966810775 9.647602365629426 -0.5284846632208325 0.5000584345912094 0.6860360943380109 0.7363923017097818 0.672116984172979 0.07736367085906251 0.0 0.0 0.0 0.0 0.0 0.0
5.7484404486509355 3.3511428198833424 9.501422745053016 -0.18040494567438123 0.08486357285328056 0.9799246040276769 0.7363923017097818 0.672116984172979 0.07736367085906251 0.0 0.0 0.0 0.0 0.0 0.0
5.785487671090527 3.8815706257610763 9.578616968798087 0.23621362694361142 -0.3625723790548841 0.9015233731815419 0.7363923017097818 0.672116984172979 0.07736367085906251 0.0 0.0 0.0 0.0 0.0 0.0
5.876379797224387 4.329350046424893 9.861313473826364 0.5630906934044896 -0.6722610222731872 0.4806183401967305 0.7363923017097818 0.672116984172979 0.07736367085906251 0.0 0.0 0.0 0.0 0.0 0.0
6.095628464637475 4.623887545908814 10.253566944625163 0.6760401910666555 -0.7265464635249967 -0.12288163573895139 0.7363923017097818 0.672116984172979 0.07736367085906251 0.0 0.0 0.0 0.0 0.0 0.0
6.468980514875842 4.752808756171395 10.617809542690793 0.5321507173533561 -0.5048047560745731 -0.6796968237860164 0.7363923017097818 0.672116984172979 0.07736367085906251 0.0 0.0 0.0 0.0 0.0 0.0
6.963636337879052 4.766659706403073 10.827115228387708 0.18608828903198374 -0.09127928190597755 -0.9782838245518923 0.7363923017097818 0.672116984172979 0.07736367085906251 0.0 0.0 0.0 0.0 0.0 0.0
7.50071099222238 4.7597035414521764 10.813421085496277 -0.23067219152291715 0.3569247175669083 -0.9052044443371878 0.7363923017097818 0.672116984172979 0.07736367085906251 0.0 0.0 0.0 0.0 0.0 0.0
7.985203913249947 4.834108377101309 10.593385561035884 -0.5597964498848851 0.6695270493730789 -0.48822276150754945 0.7363923017097818 0.672116984172979 0.07736367085906251 0.0 0.0 0.0 0.0 0.0 0.0
8.342091215912236 5.0611319247217335 10.262059642727893 -0.6762446776380533 0.7277648612270962 0.11424291106808379 0.7363923017097818 0.672116984172979 0.07736367085906251 0.0 0.0 0.0 0.0 0.0 0.0
8.54482852302886 5.454049495358029 9.956775399592532 -0.5357762461484495 0.509512634721329 0.6733057916893369 0.7363923017097818 0.672116984172979 0.07736367085906251 0.0 0.0 0.0 0.0 0.0 0.0
8.625435617977722 5.96311048711089 9.804971232858351 -0.1917574610459081 0.09768803968795367 0.9765685449752879 0.7363923017097818 0.672116984172979 0.07736367085906251 0.0 0.0 0.0 0.0 0.0 0.0
12.165553434823691 1.9610751093332777 1.1409556257865328 -0.35148852240592526 0.5347568380958239 0.7684340848287875 0.9106515378650546 0.38571220960319047 0.14812112593089355 0.0 0.0 0.0 0.0 0.0 0.0
12.404019680721158 2.436874728298987 1.067242165156777 -0.1573686931898814 -0.00768204005775622 0.9875100407916164 0.9106515378650546 0.38571220960319047 0.14812112593089355 0.0 0.0 0.0 0.0 0.0 0.0
12.606613728054377 2.910923225991815 1.2186316493975178 0.09653813363323986 -0.5472023827565341 0.8314144219702844 0.9106515378650546 0.38571220960319047 0.14812112593089355 0.0 0.0 0.0 0.0 0.0 0.0
12.831213645986871 3.2602369233175432 1.5595420772868769 0.31376850945757156 -0.8788313915101463 0.35945056373458845 0.9106515378650546 0.38571220960319047 0.14812112593089355 0.0 0.0 0.0 0.0 0.0 0.0
13.12733710552296 3.409220977296065 1.9823892724896637 0.41179298260924724 -0.876577661351747 -0.2490745733568199 0.9106515378650546 0.38571220960319047 0.14812112593089355 0.0 0.0 0.0 0.0 0.0 0.0
13.51732878840191 3.3583891257879 2.3484599108586206 0.353370416856152 -0.5412974220488708 -0.7629721157251788 0.9106515378650546 0.38571220960319047 0.14812112593089355 0.0 0.0 0.0 0.0 0.0 0.0
13.987871268922035 3.184168509891748 2.5406110314410713 0.16069652170109708 -0.0003692420993484624 -0.9870037951160271 0.9106515378650546 0.38571220960319047 0.14812112593089355 0.0 0.0 0.0 0.0 0.0 0.0
14.49504452662025 3.0098637252474307 2.507774605870705 -0.0930286687507717 0.5406992190971149 -0.8360562309188472 0.9106515378650546 0.38571220960319047 0.14812112593089355 0.0 0.0 0.0 0.0 0.0 0.0
14.981011896349575 2.958811344609426 2.2843591361558406 -0.3114107125878244 0.8763470069497242 -0.3674769264808373 0.9106515378650546 0.38571220960319047 0.14812112593089355 0.0 0.0 0.0 0.0 0.0 0.0
15.395993184345953 3.1075222917799095 1.977177289486992 -0.4114826202032994 0.879055915121521 0.24071300621381383 0.9106515378650546 0.38571220960319047 0.14812112593089355 0.0 0.0 0.0 0.0 0.0 0.0
15.717176996119669 3.456614062461877 1.7248659801586272 -0.3552254007810058 0.5477967841075105 0.7574520433409909 0.9106515378650546 0.38571220960319047 0.14812112593089355 0.0 0.0 0.0 0.0 0.0 0.0
15.957387166608173 3.9305761273176016 1.6452158879431042 -0.16401211255002318 0.008420496137237787 0.9864223852800992 0.9106515378650546 0.38571220960319047 0.14812112593089355 0.0 0.0 0.0 0.0 0.0 0.0
16.16021077088025 4.406457644532761 1.790420809490004 0.08951211937500317 -0.5341548790987594 0.8406343709485022 0.9106515378650546 0.38571220960319047 0.14812112593089355 0.0 0.0 0.0 0.0 0.0 0.0
16.383438665580364 4.760578540250151 2.127248362345213 0.3090292005866382 -0.8737958851718075 0.37547530443638993 0.9106515378650546 0.38571220960319047 0.14812112593089355 0.0 0.0 0.0 0.0 0.0 0.0
16.67710977627782 4.915517636448601 2.5496655226610447 0.4111409218027035 -0.8814672253799554 -0.23233310784342626 0.9106515378650546 0.38571220960319047 0.14812112593089355 0.0 0.0 0.0 0.0 0.0 0.0
17.06450047303677 4.869526250886284 2.9191223437335956 0.3570533329162792 -0.554254429320159 -0.7518742880511079 0.9106515378650546 0.38571220960319047 0.14812112593089355 0.0 0.0 0.0 0.0 0.0 0.0
17.533281488268685 4.697192550720796 3.117189397187138 0.16731521324158 -0.016471108921744863 -0.9857658555604426 0.9106515378650546 0.38571220960319047 0.14812112593089355 0.0 0.0 0.0 0.0 0.0 0.0
18.040202011623595 4.521104260758333 3.090551092848511 -0.08598875330478392 0.5275698611382957 -0.8451484934161612 0.9106515378650546 0.38571220960319047 0.14812112593089355 0.0 0.0 0.0 0.0 0.0 0.0
18.527521395957045 4.465275537242354 2.871261162843035 -0.30662415481537203 0.8711782204541967 -0.38344508849379794 0.9106515378650546 0.38571220960319047 0.14812112593089355 0.0 0.0 0.0 0.0 0.0 0.0
18.944945794552385 4.60803191649057 2.5645649128502805 -0.41076791342911545 0.8838114084964379 0.22393551640736223 0.9106515378650546 0.38571220960319047 0.14812112593089355 0.0 0.0 0.0 0.0 0.0 0.0
0.2181742373002768 10.441256449969552 4.267931515968012 0.15445828133673534 -0.9859832929569192 -0.06308395466623837 0.6973395637836506 0.06356413822422964 0.7139167550308922 0.0 0.0 0.0 0.0 0.0 0.0
0.26133443348957835 10.299381194084392 4.784355480701235 0.5355197199806363 -0.7082329664846955 -0.4600268412779291 0.6973395637836506 0.06356413822422964 0.7139167550308922 0.0 0.0 0.0 0.0 0.0 0.0
0.4265663666986179 9.996064211204464 5.195916312490389 0.7131282635916405 -0.16141309502119125 -0.6821978396495046 0.6973395637836506 0.06356413822422964 0.7139167550308922 0.0 0.0 0.0 0.0 0.0 0.0
0.754355910031985 9.655953108235584 5.451970125266052 0.6198074569954326 0.4467303099238975 -0.6451904729985966 0.6973395637836506 0.06356413822422964 0.7139167550308922 0.0 0.0 0.0 0.0 0.0 0.0
1.22343058268973 9.417674193470248 5.560952749420738 0.29101143485859426 0.8851534011964167 -0.3630644586460599 0.6973395637836506 0.06356413822422964 0.7139167550308922 0.0 0.0 0.0 0.0 0.0 0.0
1.7588413210801794 9.381166024359025 5.5871748188032155 -0.14834469683275137 0.9872919163787449 0.056995813660157976 0.6973395637836506 0.06356413822422964 0.7139167550308922 0.0 0.0 0.0 0.0 0.0 0.0
2.2604368811599307 9.56971107865152 5.626389085702902 -0.5313421980062666 0.7143417258882077 0.4554024234376943 0.6973395637836506 0.06356413822422964 0.7139167550308922 0.0 0.0 0.0 0.0 0.0 0.0
2.6409129704854473 9.921090351837028 5.769412349354469 -0.712473914589391 0.17000117057598493 0.6807940386287638 0.6973395637836506 0.06356413822422964 0.7139167550308922 0.0 0.0 0.0 0.0 0.0 0.0
2.858980608562289 10.311221397204427 6.067622635532676 -0.62292487909139 -0.4389256717060548 0.6475406162754305 0.6973395637836506 0.06356413822422964 0.7139167550308922 0.0 0.0 0.0 0.0 0.0 0.0
2.9350525008498884 10.601299321895615 6.513439825565764 -0.2967162672779865 -0.881097312861076 0.368275687497299 0.6973395637836506 0.06356413822422964 0.7139167550308922 0.0 0.0 0.0 0.0 0.0 0.0
2.9434879106752807 10.690531086396353 7.043205470151671 0.14221981530576308 -0.9885253536986826 -0.050903332202199676 0.6973395637836506 0.06356413822422964 0.7139167550308922 0.0 0.0 0.0 0.0 0.0 0.0
2.9843423318745748 10.554428465417482 7.561367698560412 0.5271242122663432 -0.7203960854036072 -0.4507433249397533 0.6973395637836506 0.06356413822422964 0.7139167550308922 0.0 0.0 0.0 0.0 0.0 0.0
3.1453547338459686 10.254111534103563 7.976782971866476 0.7117653079400901 -0.17857629988345303 -0.6793383925061808 0.6973395637836506 0.06356413822422964 0.7139167550308922 0.0 0.0 0.0 0.0 0.0 0.0
3.4686140601580333 9.913088129612301 8.237343037225344 0.6259948630460521 0.43108760759894177 -0.6498414468272803 0.6973395637836506 0.06356413822422964 0.7139167550308922 0.0 0.0 0.0 0.0 0.0 0.0
3.9345689351984023 9.670331158837408 8.349771724332644 0.30239850360484083 0.8769741255540536 -0.3734588707290986 0.6973395637836506 0.06356413822422964 0.7139167550308922 0.0 0.0 0.0 0.0 0.0 0.0
4.469455558650478 9.627480467576591 8.377070450106347 -0.13608410318921368 0.9896835109857044 0.04480697425841314 0.6973395637836506 0.06356413822422964 0.7139167550308922 0.0 0.0 0.0 0.0 0.0 0.0
4.973321806498679 9.810228163785403 8.414582927072107 -0.5228660839768121 0.7263955839679762 0.44604990059249355 0.6973395637836506 0.06356413822422964 0.7139167550308922 0.0 0.0 0.0 0.0 0.0 0.0
5.358000714052362 10.158557756215783 8.553772492912907 -0.7110024976068787 0.18713782991429853 0.6778310121348421 0.6973395637836506 0.06356413822422964 0.7139167550308922 0.0 0.0 0.0 0.0 0.0 0.0
5.58060657990483 10.54954542286343 8.847473659297828 -0.6290171750682564 -0.4232167145014866 0.6520927894369899 0.6973395637836506 0.06356413822422964 0.7139167550308922 0.0 0.0 0.0 0.0 0.0 0.0
5.659827960908437 10.844060826123927 9.289819397553039 -0.30805771111486313 -0.8727841532720272 0.3786136136219865 0.6973395637836506 0.06356413822422964 0.7139167550308922 0.0 0.0 0.0 0.0 0.0 0.0
5.7284139716047315 11.659997157757957 6.561720534000605 -0.04917559713871625 -0.09959741075302524 0.9938119119920751 0.9686347407292873 0.23789831585949175 0.0717713756557865 0.0 0.0 0.0 0.0 0.0 0.0
6.014651839084681 12.081290746714014 6.732789810153324 0.10299102726979574 -0.6472135143129732 0.7553194788912589 0.9686347407292873 0.23789831585949175 0.0717713756557865 0.0 0.0 0.0 0.0 0.0 0.0
6.324366514471398 12.355051994717828 7.076034185285468 0.2160296385003622 -0.9489423829525138 0.22986854749140326 0.9686347407292873 0.23789831585949175 0.0717713756557865 0.0 0.0 0.0 0.0 0.0 0.0
6.683325152751655 12.412501796669101 7.4716771030511 0.24699497824169547 -0.8901521748378207 -0.3829132882976016 0.9686347407292873 0.23789831585949175 0.0717713756557865 0.0 0.0 0.0 0.0 0.0 0.0
7.098586304093815 12.267041382357414 7.780034924700911 0.18412279621319103 -0.4931782729515289 -0.8502199638935697 0.9686347407292873 0.23789831585949175 0.0717713756557865 0.0 0.0 0.0 0.0 0.0 0.0
7.555818252626204 12.00916096520855 7.894585078828973 0.05129928553430488 0.09116230033005872 -0.9945138602866236 0.9686347407292873 0.23789831585949175 0.0717713756557865 0.0 0.0 0.0 0.0 0.0 0.0
8.024743874910271 11.772060997288348 7.7824357672122755 -0.10101368139737991 0.640868791563875 -0.7609753137717458 0.9686347407292873 0.23789831585949175 0.0717713756557865 0.0 0.0 0.0 0.0 0.0 0.0
8.470643425341406 11.681047090570098 7.496822108877186 -0.21494986190751025 0.9470985141277736 -0.23832952272621494 0.9686347407292873 0.23789831585949175 0.0717713756557865 0.0 0.0 0.0 0.0 0.0 0.0
8.867545147987316 11.80592431994777 7.156881228337608 -0.24722299610893403 0.8935096765318001 0.3748616386601321 0.9686347407292873 0.23789831585949175 0.0717713756557865 0.0 0.0 0.0 0.0 0.0 0.0
9.208092380891312 12.13447710820519 6.902390070125644 -0.18557198074050102 0.5004615741362503 0.8456365961671202 0.9686347407292873 0.23789831585949175 0.0717713756557865 0.0 0.0 0.0 0.0 0.0 0.0
9.506338474946482 12.577110128034011 6.84066180061797 -0.05341906729068834 -0.08272024754497316 0.9951400725002941 0.9686347407292873 0.23789831585949175 0.0717713756557865 0.0 0.0 0.0 0.0 0.0 0.0
9.792407690931904 13.000887064832161 7.005775741948864 0.09902864294203378 -0.634475264175075 0.766573197435853 0.9686347407292873 0.23789831585949175 0.0717713756557865 0.0 0.0 0.0 0.0 0.0 0.0
10.101050489191904 13.28003534519781 7.345630067755521 0.21385371605046027 -0.9451825200843419 0.24677234824514063 0.9686347407292873 0.23789831585949175 0.0717713756557865 0.0 0.0 0.0 0.0 0.0 0.0
10.458441248754523 13.343729240370022 7.7417361581093616 0.24743218698785463 -0.8967991340045486 -0.36678144185754297 0.9686347407292873 0.23789831585949175 0.0717713756557865 0.0 0.0 0.0 0.0 0.0 0.0
10.87223418312649 13.202997744728073 8.054234407250979 0.187007033243005 -0.5077067632344857 -0.8409888299398575 0.9686347407292873 0.23789831585949175 0.0717713756557865 0.0 0.0 0.0 0.0 0.0 0.0
11.328655376610383 12.946534476431808 8.175029226146057 0.05553478097827578 0.07427189529277223 -0.9956905009446024 0.9686347407292873 0.23789831585949175 0.0717713756557865 0.0 0.0 0.0 0.0 0.0 0.0
11.79773572516568 12.707001489004497 8.068856364021364 -0.09703606307212413 0.6280334190384368 -0.7721127035830668 0.9686347407292873 0.23789831585949175 0.0717713756557865 0.0 0.0 0.0 0.0 0.0 0.0
12.24469670009044 12.610628739208098 7.786680386820351 -0.21274128440496623 0.9431945467325825 -0.25519638109432974 0.9686347407292873 0.23789831585949175 0.0717713756557865 0.0 0.0 0.0 0.0 0.0 0.0
12.643163292541177 12.72925721601705 7.446332386519121 -0.24762253494776496 0.9000202967511434 0.3586733132281041 0.9686347407292873 0.23789831585949175 0.0717713756557865 0.0 0.0 0.0 0.0 0.0 0.0
12.985184320359114 13.053045347789604 7.187743979253908 -0.18842784443590183 0.514913288497034 0.8362770191571741 0.9686347407292873 0.23789831585949175 0.0717713756557865 0.0 0.0 0.0 0.0 0.0 0.0
7.937268197847149 11.21409794008296 10.984221395219075 0.8518558024719154 0.042628304589172085 -0.5220388102840459 0.49859637298056336 0.23931515279282836 0.8331445939897661 0.0 0.0 0.0 0.0 0.0 0.0
8.285141952865617 10.97096193704048 11.313696487922966 0.5959567872586725 0.6033152383741053 -0.5299492719741372 0.49859637298056336 0.23931515279282836 0.8331445939897661 0.0 0.0 0.0 0.0 0.0 0.0
8.768864076291507 10.865351661568718 11.522369627405476 0.1136438246997272 0.9347926262078413 -0.3365231449619252 0.49859637298056336 0.23931515279282836 0.8331445939897661 0.0 0.0 0.0 0.0 0.0 0.0
9.27849131313351 10.972827394654326 11.654332305405198 -0.4118443268860697 0.9111266664459619 -0.01524624881173566 0.49859637298056336 0.23931515279282836 0.8331445939897661 0.0 0.0 0.0 0.0 0.0 0.0
9.69423862270313 11.287994480024933 11.782819600508562 -0.7808659330179004 0.5413084528757516 0.31182295216571876 0.49859637298056336 0.23931515279282836 0.8331445939897661 0.0 0.0 0.0 0.0 0.0 0.0
9.93198751827134 11.726552844260862 11.982386947369623 -0.8532235158140447 -0.03416189213666249 0.520425400213675 0.49859637298056336 0.23931515279282836 0.8331445939897661 0.0 0.0 0.0 0.0 0.0 0.0
9.975244086563022 12.157324004109332 12.3005852805846 -0.6014272198159762 -0.5966535631699804 0.5313095376717715 0.49859637298056336 0.23931515279282836 0.8331445939897661 0.0 0.0 0.0 0.0 0.0 0.0
9.881405301173718 12.452087965459476 12.73989563962954 -0.12113866768293108 -0.9324665700394181 0.3403402987466032 0.49859637298056336 0.23931515279282836 0.8331445939897661 0.0 0.0 0.0 0.0 0.0 0.0
9.759952952674455 12.534296142829032 13.256786580482586 0.4051724896333768 -0.9140199369412096 0.020070090141249865 0.49859637298056336 0.23931515279282836 0.8331445939897661 0.0 0.0 0.0 0.0 0.0 0.0
9.730859685935892 12.40815344681316 13.778252499014839 0.7775518440151866 -0.5483218482006229 -0.3078250812627773 0.49859637298056336 0.23931515279282836 0.8331445939897661 0.0 0.0 0.0 0.0 0.0 0.0
9.879009386506295 12.157020768246984 14.229549680587512 0.8545262528820539 0.025692878123802942 -0.5187723577341712 0.49859637298056336 0.23931515279282836 0.8331445939897661 0.0 0.0 0.0 0.0 0.0 0.0
10.221948373308868 11.911744782057557 14.562592686891485 0.6068518513619694 0.5899464504869812 -0.5326293420910656 0.49859637298056336 0.23931515279282836 0.8331445939897661 0.0 0.0 0.0 0.0 0.0 0.0
10.703219258724024 11.80094710781933 14.774222817906592 0.12862428548758215 0.9300695029314947 -0.3441315342998527 0.49859637298056336 0.23931515279282836 0.8331445939897661 0.0 0.0 0.0 0.0 0.0 0.0
11.213810054063241 11.902158806039015 14.907408154849936 -0.3984697969269106 0.9168436012794868 -0.024892403055697357 0.49859637298056336 0.23931515279282836 0.8331445939897661 0.0 0.0 0.0 0.0 0.0 0.0
11.633569646655102 12.212365032018884 15.03491926773349 -0.774178541429138 0.5552934866938389 0.30380376828810246 0.49859637298056336 0.23931515279282836 0.8331445939897661 0.0 0.0 0.0 0.0 0.0 0.0
11.876855216368627 12.649150425762949 15.23168245915752 -0.8557639144674747 -0.01722190749880076 0.5170798087311153 0.49859637298056336 0.23931515279282836 0.8331445939897661 0.0 0.0 0.0 0.0 0.0 0.0
11.92506937485264 13.082010085150772 15.546314009251745 -0.6122302687899601 -0.5831944110977075 0.5339085847237994 0.49859637298056336 0.23931515279282836 0.8331445939897661 0.0 0.0 0.0 0.0 0.0 0.0
11.833725624302131 13.381930560178636 15.982650038033219 -0.13610010805490538 -0.9276016074300132 0.34789656290440407 0.49859637298056336 0.23931515279282836 0.8331445939897661 0.0 0.0 0.0 0.0 0.0 0.0
11.711357849838109 13.470404219605802 16.498289099275333 0.39173675920266876 -0.9195974444278228 0.029712820317275533 0.49859637298056336 0.23931515279282836 0.8331445939897661 0.0 0.0 0.0 0.0 0.0 0.0
11.67828648196035 13.349255612640471 17.020701198843685 0.7707462821498045 -0.5622228374381375 -0.2997593194802501 0.49859637298056336 0.23931515279282836 0.8331445939897661 0.0 0.0 0.0 0.0 0.0 0.0
4.7497458722919195 4.79682022152716 11.520706788881581 0.9308650523428854 -0.12898408990279744 -0.3418382057035526 0.3164388328033432 0.7523134491484066 0.5778329683606551 0.0 0.0 0.0 0.0 0.0 0.0
5.043433736335326 4.8480456795522455 11.967706221858965 0.6469454505164322 0.2743465432104195 -0.7114742147714028 0.3164388328033432 0.7523134491484066 0.5778329683606551 0.0 0.0 0.0 0.0 0.0 0.0
5.484592836180121 4.9618084407344725 12.252525085192637 0.11724045568766506 0.5734483377284008 -0.8108092744330709 0.3164388328033432 0.7523134491484066 0.5778329683606551 0.0 0.0 0.0 0.0 0.0 0.0
5.952476901587895 5.206288768545465 12.352519948907142 -0.4570061484127345 0.6546875211984376 -0.6021043347294579 0.3164388328033432 0.7523134491484066 0.5778329683606551 0.0 0.0 0.0 0.0 0.0 0.0
6.316186401085266 5.600005137413415 12.315265110574828 -0.8576284759957978 0.4871999695735478 -0.16464989161447863 0.3164388328033432 0.7523134491484066 0.5778329683606551 0.0 0.0 0.0 0.0 0.0 0.0
6.484399462494078 6.104778754675424 12.240478324268276 -0.9324234067645937 0.13461700395855938 0.3353577981242284 0.3164388328033432 0.7523134491484066 0.5778329683606551 0.0 0.0 0.0 0.0 0.0 0.0
6.440066578992156 6.640238322225517 12.242136358596191 -0.6529750960155005 -0.2691092121365685 0.7079574534721588 0.3164388328033432 0.7523134491484066 0.5778329683606551 0.0 0.0 0.0 0.0 0.0 0.0
6.246888001807611 7.114354436401545 12.405173316718997 -0.1254506291287006 -0.5705963392749228 0.8115922358286032 0.3164388328033432 0.7523134491484066 0.5778329683606551 0.0 0.0 0.0 0.0 0.0 0.0
6.025112949765868 7.4584030970860145 12.753212750535718 0.4497346291867609 -0.6553043772606805 0.6068895586951872 0.3164388328033432 0.7523134491484066 0.5778329683606551 0.0 0.0 0.0 0.0 0.0 0.0
5.905854920598168 7.653075104354731 13.239592678352816 0.8540581827121517 -0.49105132622018194 0.17161939156114614 0.3164388328033432 0.7523134491484066 0.5778329683606551 0.0 0.0 0.0 0.0 0.0 0.0
5.981279481052681 7.735811946360605 13.765093251876289 0.9339107535338527 -0.14023966640827934 -0.32885185175018683 0.3164388328033432 0.7523134491484066 0.5778329683606551 0.0 0.0 0.0 0.0 0.0 0.0
6.26958902716078 7.786581151996065 14.215632035445967 0.6589550149329112 0.26385138735431435 -0.7043867784718644 0.3164388328033432 0.7523134491484066 0.5778329683606551 0.0 0.0 0.0 0.0 0.0 0.0
6.7081073896568855 7.897495289681036 14.505605830699425 0.13365124901862607 0.5677008877010552 -0.8123133913331702 0.3164388328033432 0.7523134491484066 0.5778329683606551 0.0 0.0 0.0 0.0 0.0 0.0
7.177091558572129 8.137816862580197 14.610412762839008 -0.44242886092755634 0.6558713293574803 -0.6116285656713537 0.3164388328033432 0.7523134491484066 0.5778329683606551 0.0 0.0 0.0 0.0 0.0 0.0
7.545224054717893 8.527644325643417 14.575798944188884 -0.8504228495912713 0.49486528740714136 -0.17857582202669514 0.3164388328033432 0.7523134491484066 0.5778329683606551 0.0 0.0 0.0 0.0 0.0 0.0
7.719502635540732 9.030276346542054 14.500478761288882 -0.9353269793834474 0.14585164906444192 0.32232086203443233 0.3164388328033432 0.7523134491484066 0.5778329683606551 0.0 0.0 0.0 0.0 0.0 0.0
7.68057340198301 9.566155255434158 14.498631629031467 -0.6648847518746868 -0.25857346926737124 0.7007624616912443 0.3164388328033432 0.7523134491484066 0.5778329683606551 0.0 0.0 0.0 0.0 0.0 0.0
7.490083668314824 10.043092333870739 14.656523321966093 -0.14184169084848722 -0.5647622035066461 0.8129726860279873 0.3164388328033432 0.7523134491484066 0.5778329683606551 0.0 0.0 0.0 0.0 0.0 0.0
7.267261116754671 10.391291850247713 14.999732164261022 0.43508939999765867 -0.656388334313241 0.6163209947642275 0.3164388328033432 0.7523134491484066 0.5778329683606551 0.0 0.0 0.0 0.0 0.0 0.0
7.143617207614091 10.589867625164695 15.483431396705024 0.8467227534778483 -0.4986415626865166 0.185518653252012 0.3164388328033432 0.7523134491484066 0.5778329683606551 0.0 0.0 0.0 0.0 0.0 0.0
5.04405370907596 5.507540441167335 7.670562843888706 -0.6927335439161257 -0.15981087825332296 0.7032643317596212 0.4669612047903269 0.6437418822478318 0.606253760615788 0.0 0.0 0.0 0.0 0.0 0.0
4.953739036739318 6.003526571718287 7.856374900494781 -0.23886886933144147 -0.5682766391851158 0.7874028985346626 0.4669612047903269 0.6437418822478318 0.606253760615788 0.0 0.0 0.0 0.0 0.0 0.0
4.808974198122554 6.369974024486142 8.221675472597498 0.30574608238677886 -0.7608446038117471 0.5723939394819642 0.4669612047903269 0.6437418822478318 0.606253760615788 0.0 0.0 0.0 0.0 0.0 0.0
4.733904188606171 6.5629869258751 8.717453261215532 0.734202985604365 -0.6643549828068831 0.1399229529037411 0.4669612047903269 0.6437418822478318 0.606253760615788 0.0 0.0 0.0 0.0 0.0 0.0
4.826195772760032 6.6045600880292685 9.245126491350655 0.883723899371543 -0.3154657964107053 -0.3457071028696317 0.4669612047903269 0.6437418822478318 0.606253760615788 0.0 0.0 0.0 0.0 0.0 0.0
5.1199322475820495 6.574222811965472 9.693995776508956 0.6975033286917954 0.15327412034874838 -0.6999972503483012 0.4669612047903269 0.6437418822478318 0.606253760615788 0.0 0.0 0.0 0.0 0.0 0.0
5.5726646281263355 6.578824376457951 9.983300666424917 0.2462895818082673 0.5637826361810782 -0.7883467390897373 0.4669612047903269 0.6437418822478318 0.606253760615788 0.0 0.0 0.0 0.0 0.0 0.0
6.081538726593328 6.711940210607352 10.092901892360006 -0.2984936949464396 0.7601007025852032 -0.5771901211963885 0.4669612047903269 0.6437418822478318 0.606253760615788 0.0 0.0 0.0 0.0 0.0 0.0
6.522371177905162 7.018321023827653 10.070932612007066 -0.7298742264425493 0.667643803871162 -0.14674932615632352 0.4669612047903269 0.6437418822478318 0.606253760615788 0.0 0.0 0.0 0.0 0.0 0.0
6.796828776333893 7.476891263147827 10.015511818139318 -0.8839633364668185 0.3215378616573313 0.33944399140842135 0.4669612047903269 0.6437418822478318 0.606253760615788 0.0 0.0 0.0 0.0 0.0 0.0
6.8697869044010655 8.008756068149994 10.03746729279374 -0.7022199958884924 -0.14672569002648597 0.696676861436216 0.4669612047903269 0.6437418822478318 0.606253760615788 0.0 0.0 0.0 0.0 0.0 0.0
6.7826739623100725 8.507174747493893 10.218230279933517 -0.2536915383798906 -0.5592456989465235 0.7892305439884203 0.4669612047903269 0.6437418822478318 0.606253760615788 0.0 0.0 0.0 0.0 0.0 0.0
6.637732026062968 8.87811335216624 10.578898394408629 0.2912185760555638 -0.7592989167473095 0.5819423476483998 0.4669612047903269 0.6437418822478318 0.606253760615788 0.0 0.0 0.0 0.0 0.0 0.0
6.559173373390936 9.075969744874666 11.072220285341034 0.7254898845325658 -0.6708817812748896 0.15356452387955455 0.4669612047903269 0.6437418822478318 0.606253760615788 0.0 0.0 0.0 0.0 0.0 0.0
6.645990162725674 9.120898614432154 11.6005472143237 0.8841354563316175 -0.32758544055090927 -0.3331550299730559 0.4669612047903269 0.6437418822478318 0.606253760615788 0.0 0.0 0.0 0.0 0.0 0.0
6.9343456571505655 9.091154372508571 12.052931443741269 0.7068831863137458 0.14016608597485475 -0.6933034178838396 0.4669612047903269 0.6437418822478318 0.606253760615788 0.0 0.0 0.0 0.0 0.0 0.0
7.383835196137786 9.093360994293288 12.347277137237395 0.2610741753586583 0.5546661729867847 -0.7900542459255496 0.4669612047903269 0.6437418822478318 0.606253760615788 0.0 0.0 0.0 0.0 0.0 0.0
7.892836601612724 9.22200378766294 12.461529940515698 -0.28392127974262393 0.7584393073571585 -0.5866502569375576 0.4669612047903269 0.6437418822478318 0.606253760615788 0.0 0.0 0.0 0.0 0.0 0.0
8.337118142436735 9.523532845008983 12.44205579926611 -0.7210502937590281 0.674068668433547 -0.16036802706974426 0.4669612047903269 0.6437418822478318 0.606253760615788 0.0 0.0 0.0 0.0 0.0 0.0
8.617036246110496 9.978715876534055 12.386025761199985 -0.8842402458583485 0.33360807254488883 0.32684069749229444 0.4669612047903269 0.6437418822478318 0.606253760615788 0.0 0.0 0.0 0.0 0.0 0.0
7.8703283216509705 6.837139271500241 4.067790090887945 -0.09143440680280494 0.4075492784211892 0.9085941530248735 0.9953800032531434 0.010559761064538967 0.09543133955903682 0.0 0.0 0.0 0.0 0.0 0.0
8.25817711163046 7.208963264929063 4.0654800821330666 -0.09124547008934701 -0.20529770625683508 0.9744368199087389 0.9953800032531434 0.010559761064538967 0.09543133955903682 0.0 0.0 0.0 0.0 0.0 0.0
8.62522649383204 7.533989639756939 4.285292977137083 -0.05639085374604001 -0.7401486599332808 0.6700746471944456 0.9953800032531434 0.010559761064538967 0.09543133955903682 0.0 0.0 0.0 0.0 0.0 0.0
8.979421579147868 7.690299104264213 4.657849409053003 -0.00011240925981543203 -0.9938047630753896 0.11113991296031472 0.9953800032531434 0.010559761064538967 0.09543133955903682 0.0 0.0 0.0 0.0 0.0 0.0
9.333591040769386 7.62007074175834 5.055740187625248 0.0562087413835956 -0.8698978211955877 -0.4900187323676929 0.9953800032531434 0.010559761064538967 0.09543133955903682 0.0 0.0 0.0 0.0 0.0 0.0
9.700573286757903 7.35154914353956 5.341931180735816 0.09117525141533797 -0.41550215312760563 -0.9050110685929055 0.9953800032531434 0.010559761064538967 0.09543133955903682 0.0 0.0 0.0 0.0 0.0 0.0
10.088338934175383 6.988313816441547 5.421824872284418 0.0915027590654809 0.19674972973909563 -0.9761745688815071 0.9953800032531434 0.010559761064538967 0.09543133955903682 0.0 0.0 0.0 0.0 0.0 0.0
10.496962638400975 6.669927596428301 5.279199540141104 0.05706683870209917 0.7342531007978537 -0.6764730296835819 0.9953800032531434 0.010559761064538967 0.09543133955903682 0.0 0.0 0.0 0.0 0.0 0.0
10.918594730304322 6.5189143938452325 4.982372159596162 0.0009502722091271976 0.9928014428063159 -0.11976807648294564 0.9953800032531434 0.010559761064538967 0.09543133955903682 0.0 0.0 0.0 0.0 0.0 0.0
11.34044343678764 6.594210311388405 4.658243642248426 -0.05552731858379629 0.8741679179377089 0.48243877138901614 0.9953800032531434 0.010559761064538967 0.09543133955903682 0.0 0.0 0.0 0.0 0.0 0.0
11.749634689252611 6.868772833331211 4.4440870580187735 -0.09090915267947657 0.4234233857363795 0.9013590640641715 0.9953800032531434 0.010559761064538967 0.09543133955903682 0.0 0.0 0.0 0.0 0.0 0.0
12.138103197503836 7.2398547293756605 4.435395300803852 -0.09175307975224478 -0.188186769967689 0.9778379783814416 0.9953800032531434 0.010559761064538967 0.09543133955903682 0.0 0.0 0.0 0.0 0.0 0.0
12.505656588338523 7.56803944528467 4.649601741528696 -0.05773847779744808 -0.7283016254460243 0.682819896132436 0.9953800032531434 0.010559761064538967 0.09543133955903682 0.0 0.0 0.0 0.0 0.0 0.0
12.860048491342535 7.7302077827572155 5.019456999061887 -0.0017880627915312656 -0.9917225168635854 0.1283871192028515 0.9953800032531434 0.010559761064538967 0.09543133955903682 0.0 0.0 0.0 0.0 0.0 0.0
13.214032805376958 7.6663129413061135 5.418578104457075 0.054841667163703915 -0.8783714434084003 -0.47482207083006034 0.9953800032531434 0.010559761064538967 0.09543133955903682 0.0 0.0 0.0 0.0 0.0 0.0
13.580518279166943 7.402193301692069 5.709463503866253 0.09063613085966937 -0.43131237301497927 -0.8976384175529555 0.9953800032531434 0.010559761064538967 0.09543133955903682 0.0 0.0 0.0 0.0 0.0 0.0
13.967664261838259 7.039755993077997 5.795732197750001 0.09199641308674891 0.17960947904515448 -0.9794269217334686 0.9953800032531434 0.010559761064538967 0.09543133955903682 0.0 0.0 0.0 0.0 0.0 0.0
14.37578082976737 6.718260670863689 5.658740494006894 0.05840571988416898 0.7222946871056827 -0.6891147632025548 0.9953800032531434 0.010559761064538967 0.09543133955903682 0.0 0.0 0.0 0.0 0.0 0.0
14.797210983381817 6.561412445302155 5.364665058308737 0.002625717206030871 0.9905680674115858 -0.13699638474655906 0.9953800032531434 0.010559761064538967 0.09543133955903682 0.0 0.0 0.0 0.0 0.0 0.0
15.219239669315996 6.630364241875362 5.039361292397005 -0.05415183933832898 0.8825080774929229 0.4671692107320625 0.9953800032531434 0.010559761064538967 0.09543133955903682 0.0 0.0 0.0 0.0 0.0 0.0
8.380420319201383 4.575427957964181 12.983076122864063 -0.708099841918326 0.7041807524010046 -0.052192737264840014 0.5759814129962196 0.6187801448668857 0.5341877424664425 0.0 0.0 0.0 0.0 0.0 0.0
8.667916775901732 5.019368065419404 12.888481881518475 -0.81310033636658 0.36624309991107457 0.45247523111003646 0.5759814129962196 0.6187801448668857 0.5341877424664425 0.0 0.0 0.0 0.0 0.0 0.0
8.770066985343082 5.5467932990232125 12.89702938334157 -0.6091904187164999 -0.11083642949316382 0.7852402942037692 0.5759814129962196 0.6187801448668857 0.5341877424664425 0.0 0.0 0.0 0.0 0.0 0.0
8.733352219669802 6.048953365036581 13.084572434936037 -0.17383887587537003 -0.5458073462466689 0.8196794410118848 0.5759814129962196 0.6187801448668857 0.5341877424664425 0.0 0.0 0.0 0.0 0.0 0.0
8.657010876770883 6.426696629299169 13.458961440900413 0.3275569623418242 -0.7734169267488727 0.5427086638701514 0.5759814129962196 0.6187801448668857 0.5341877424664425 0.0 0.0 0.0 0.0 0.0 0.0
8.65533615374438 6.628139480773752 13.957060903870344 0.7045084341049961 -0.7071924859377369 0.05955379171916231 0.5759814129962196 0.6187801448668857 0.5341877424664425 0.0 0.0 0.0 0.0 0.0 0.0
8.814254150439497 6.668377782826986 14.46873565553652 0.8138053729987959 -0.37229379609101715 -0.4462265615922363 0.5759814129962196 0.6187801448668857 0.5341877424664425 0.0 0.0 0.0 0.0 0.0 0.0
9.158679107516113 6.623751702347031 14.878693048447207 0.613924044590099 0.10404553131101635 -0.7824779836444865 0.5759814129962196 0.6187801448668857 0.5341877424664425 0.0 0.0 0.0 0.0 0.0 0.0
9.64304806987419 6.602842804003219 15.110284560365427 0.18080270737896778 0.5408562218194773 -0.8214529373759609 0.5759814129962196 0.6187801448668857 0.5341877424664425 0.0 0.0 0.0 0.0 0.0 0.0
10.168631015068268 6.705222098441223 15.154625849361745 -0.32100860122549835 0.7721865910249132 -0.5483441862375958 0.5759814129962196 0.6187801448668857 0.5341877424664425 0.0 0.0 0.0 0.0 0.0 0.0
10.621040039512444 6.983621350600242 15.073972063851528 -0.7008633752467939 0.7101503640286579 -0.06691031092167356 0.5759814129962196 0.6187801448668857 0.5341877424664425 0.0 0.0 0.0 0.0 0.0 0.0
10.913687235516415 7.423899400584506 14.978066070861379 -0.8144484352010826 0.3783161406569934 0.43994391019413437 0.5759814129962196 0.6187801448668857 0.5341877424664425 0.0 0.0 0.0 0.0 0.0 0.0
11.020680885089643 7.950414626735266 14.98244530604284 -0.6186109177707991 -0.09724670965883099 0.7796560843572627 0.5759814129962196 0.6187801448668857 0.5341877424664425 0.0 0.0 0.0 0.0 0.0 0.0
10.986662156492397 8.454762462359424 15.16454717018545 -0.1877527700563925 -0.5358639090969844 0.8231638769184716 0.5759814129962196 0.6187801448668857 0.5341877424664425 0.0 0.0 0.0 0.0 0.0 0.0
10.909845178053146 8.83696010304394 15.534289265972514 0.314435794061354 -0.7708974503024054 0.5539379500722573 0.5759814129962196 0.6187801448668857 0.5341877424664425 0.0 0.0 0.0 0.0 0.0 0.0
10.90470384876392 9.043431645675703 16.030301534908233 0.6971649429290638 -0.7130541614198994 0.07426173464495396 0.5759814129962196 0.6187801448668857 0.5341877424664425 0.0 0.0 0.0 0.0 0.0 0.0
11.058481290151699 9.087362469775517 16.54324176859292 0.8150294740017632 -0.3843096749841482 -0.4336277553639595 0.5759814129962196 0.6187801448668857 0.5341877424664425 0.0 0.0 0.0 0.0 0.0 0.0
11.398044725783118 9.043689891370375 16.957336541798274 0.6232506813350611 0.09044048229319916 -0.7767748112406541 0.5759814129962196 0.6187801448668857 0.5341877424664425 0.0 0.0 0.0 0.0 0.0 0.0
11.879678173835474 9.02063322374968 17.194365472340067 0.19468853463346278 0.5308307882631321 -0.8248121293447465 0.5759814129962196 0.6187801448668857 0.5341877424664425 0.0 0.0 0.0 0.0 0.0 0.0
12.405690879483412 9.118579451016181 17.243378452044976 -0.30783904139410434 0.769549602754406 -0.559489529387363 0.5759814129962196 0.6187801448668857 0.5341877424664425 0.0 0.0 0.0 0.0 0.0 0.0
4.9991164783107775 2.9194407513096237 5.813223884817151 -0.03880495170505015 -0.24510469260713616 0.9687197042411856 0.7034333842077171 0.6818376173166394 0.20069613248402796 0.0 0.0 0.0 0.0 0.0 0.0
5.019176424006985 3.399742870229528 6.053208416106305 0.38471547917256715 -0.6026832633726723 0.6991186481102389 0.7034333842077171 0.6818376173166394 0.20069613248402796 0.0 0.0 0.0 0.0 0.0 0.0
5.126932275285668 3.742663320300175 6.452557065229988 0.6620760674127236 -0.7312923860561142 0.16391072892174474 0.7034333842077171 0.6818376173166394 0.20069613248402796 0.0 0.0 0.0 0.0 0.0 0.0
5.3856083869633355 3.918885647959184 6.88926917016884 0.6879028883212409 -0.5820713047201579 -0.4335696166253663 0.7034333842077171 0.6818376173166394 0.20069613248402796 0.0 0.0 0.0 0.0 0.0 0.0
5.801091983678725 3.9624248033923326 7.227149067355654 0.4523839008335548 -0.21171160300776884 -0.8663296159190779 0.7034333842077171 0.6818376173166394 0.20069613248402796 0.0 0.0 0.0 0.0 0.0 0.0
6.319696504823402 3.9577042922583456 7.367549101334613 0.04499670596372118 0.23908087631651348 -0.9699565098663662 0.7034333842077171 0.6818376173166394 0.20069613248402796 0.0 0.0 0.0 0.0 0.0 0.0
6.848558026508333 4.007482274403399 7.286847518369809 -0.3794854898065351 0.5990425335090629 -0.7050807089073824 0.7034333842077171 0.6818376173166394 0.20069613248402796 0.0 0.0 0.0 0.0 0.0 0.0
7.290915818851337 4.193812020910744 7.0454227656241715 -0.6597948033402453 0.7314179167644606 -0.1723329583136755 0.7034333842077171 0.6818376173166394 0.20069613248402796 0.0 0.0 0.0 0.0 0.0 0.0
7.582873365012459 4.546868504558644 6.764714709608467 -0.6894370399041523 0.5859154047855977 0.42588696439680895 0.7034333842077171 0.6818376173166394 0.20069613248402796 0.0 0.0 0.0 0.0 0.0 0.0
7.717673716234261 5.033484423163276 6.581087600527567 -0.4571506182358611 0.2178138345455158 0.8623053088826182 0.7034333842077171 0.6818376173166394 0.20069613248402796 0.0 0.0 0.0 0.0 0.0 0.0
7.748266569644935 5.569751012206081 6.594023013738936 -0.0511850335490213 -0.23303885309152 0.9711194495479809 0.7034333842077171 0.6818376173166394 0.20069613248402796 0.0 0.0 0.0 0.0 0.0 0.0
7.767191793047569 6.052896387354095 6.828325136031084 0.3742266011512164 -0.5953561842372392 0.7109890750787116 0.7034333842077171 0.6818376173166394 0.20069613248402796 0.0 0.0 0.0 0.0 0.0 0.0
7.871421981957681 6.400330301572321 7.2246972403587275 0.6574632933389932 -0.7314877471666456 0.18074206388361652 0.7034333842077171 0.6818376173166394 0.20069613248402796 0.0 0.0 0.0 0.0 0.0 0.0
8.125520949271527 6.581021560807617 7.662269503835698 0.6909186881872108 -0.5897148851244993 -0.41817187922702437 0.7034333842077171 0.6818376173166394 0.20069613248402796 0.0 0.0 0.0 0.0 0.0 0.0
8.537114853297437 6.627287293423377 8.004519474285072 0.4618825218486581 -0.22389947871646154 -0.8582153339583366 0.7034333842077171 0.6818376173166394 0.20069613248402796 0.0 0.0 0.0 0.0 0.0 0.0
9.053994892711902 6.622515132820713 8.151139232354858 0.05736946319584561 0.22697908305561706 -0.9722084347236709 0.7034333842077171 0.6818376173166394 0.20069613248402796 0.0 0.0 0.0 0.0 0.0 0.0
9.583952303066992 6.669482861342483 8.076144047138802 -0.368939213691343 0.5916244962869707 -0.7168432966792673 0.7034333842077171 0.6818376173166394 0.20069613248402796 0.0 0.0 0.0 0.0 0.0 0.0
10.029810008052452 6.85131141240836 7.837744409889201 -0.6550817149624808 0.7315018719448139 -0.1891374052456214 0.7034333842077171 0.6818376173166394 0.20069613248402796 0.0 0.0 0.0 0.0 0.0 0.0
10.32634181550004 7.199885838200797 7.556230895162644 -0.6923477203371635 0.5934694563917244 0.4104249486496183 0.7034333842077171 0.6818376173166394 0.20069613248402796 0.0 0.0 0.0 0.0 0.0 0.0
10.465052938312018 7.68374164525127 7.368273760394806 -0.4665792513191656 0.22996807207524073 0.8540600026136581 0.7034333842077171 0.6818376173166394 0.20069613248402796 0.0 0.0 0.0 0.0 0.0 0.0
