t = 0
b =  13.0 13.0 13.0
E = 0. 0. 0.
9.195459836420346 1.2528005190692568 5.707135522145444 -0.7992623703672606 0.5853502691838747 -0.13617902070904098 0.5434913466470538 0.8007170442085673 0.2519312827611281 0.0 0.0 0.0 0.0 0.0 0.0
9.406442473628012 1.6764092691629175 5.452720397281878 -0.7978455340337486 0.39948528786483295 0.45150194750626904 0.5434913466470538 0.8007170442085673 0.2519312827611281 0.0 0.0 0.0 0.0 0.0 0.0
9.43555619624844 2.191080703195189 5.301225155558894 -0.49331384005483936 0.061849166648105955 0.8676497771539406 0.5434913466470538 0.8007170442085673 0.2519312827611281 0.0 0.0 0.0 0.0 0.0 0.0
9.352219013506225 2.719850656710984 5.34751070783879 -0.0013639704715256032 -0.2992844870411587 0.9541629501301457 0.5434913466470538 0.8007170442085673 0.2519312827611281 0.0 0.0 0.0 0.0 0.0 0.0
9.268570913652109 3.1803987019887465 5.6112977346236335 0.4911040942982908 -0.5467149603337035 0.6781736655981063 0.5434913466470538 0.8007170442085673 0.2519312827611281 0.0 0.0 0.0 0.0 0.0 0.0
9.2968700075459 3.5163230548560307 6.029674469820329 0.7969935028215943 -0.5864392796087843 0.14453486704631172 0.5434913466470538 0.8007170442085673 0.2519312827611281 0.0 0.0 0.0 0.0 0.0 0.0
9.50684379548531 3.7185685554841545 6.4809979325080285 0.8000917546022 -0.4033655118185975 -0.4440151439904875 0.5434913466470538 0.8007170442085673 0.2519312827611281 0.0 0.0 0.0 0.0 0.0 0.0
9.899198524061214 3.828866875001315 6.831108129152139 0.49922177198864837 -0.06704644217680544 -0.8638763782879734 0.5434913466470538 0.8007170442085673 0.2519312827611281 0.0 0.0 0.0 0.0 0.0 0.0
10.405350871269967 3.923881955914653 6.984297678183597 0.008689091653683704 0.29474469180469004 -0.9555365332310385 0.5434913466470538 0.8007170442085673 0.2519312827611281 0.0 0.0 0.0 0.0 0.0 0.0
10.91348389719458 4.086084098599025 6.91967264439904 -0.4851447198743807 0.5445573895011288 -0.6841723834807452 0.5434913466470538 0.8007170442085673 0.2519312827611281 0.0 0.0 0.0 0.0 0.0 0.0
11.311028168958726 4.372418115354703 6.699090494272533 -0.7946639411350027 0.5874836304120592 -0.1528797064938677 0.5434913466470538 0.8007170442085673 0.2519312827611281 0.0 0.0 0.0 0.0 0.0 0.0
11.527428770337012 4.792669044148008 6.443659410240382 -0.8022770450858574 0.4072150179269436 0.4364945270024163 0.5434913466470538 0.8007170442085673 0.2519312827611281 0.0 0.0 0.0 0.0 0.0 0.0
11.560950294044295 5.305744649090799 6.287727267372752 -0.5050916862517049 0.07223861185935201 0.8600371918911659 0.5434913466470538 0.8007170442085673 0.2519312827611281 0.0 0.0 0.0 0.0 0.0 0.0
11.479336151977767 5.83528704787992 6.327840629457821 -0.016013551127871315 -0.2901824506187903 0.9568373485254154 0.5434913466470538 0.8007170442085673 0.2519312827611281 0.0 0.0 0.0 0.0 0.0 0.0
11.394071720427775 6.298682347919884 6.586065095246189 0.4791483998017378 -0.5423583485150041 0.6901189989875007 0.5434913466470538 0.8007170442085673 0.2519312827611281 0.0 0.0 0.0 0.0 0.0 0.0
11.418029181689015 6.6384470453505235 7.001602208568383 0.7922738627126269 -0.5884832420623431 0.16121290355987616 0.5434913466470538 0.8007170442085673 0.2519312827611281 0.0 0.0 0.0 0.0 0.0 0.0
11.62258549488453 6.844066969236399 7.453887808329622 0.8044012390663895 -0.4110335130350777 -0.4289406692661568 0.5434913466470538 0.8007170442085673 0.2519312827611281 0.0 0.0 0.0 0.0 0.0 0.0
12.010505095835752 6.955991790892742 7.808396369035004 0.5109231358273113 -0.07742528029192246 -0.8561325103324267 0.5434913466470538 0.8007170442085673 0.2519312827611281 0.0 0.0 0.0 0.0 0.0 0.0
12.514889641675026 7.050267517470351 7.96774949707186 0.02333679110814142 0.2855981109157888 -0.9580652969511557 0.5434913466470538 0.8007170442085673 0.2519312827611281 0.0 0.0 0.0 0.0 0.0 0.0
13.024593809781695 7.209645342417572 7.908711610523133 -0.47311559072335174 0.5401180048408143 -0.6960130592605791 0.5434913466470538 0.8007170442085673 0.2519312827611281 0.0 0.0 0.0 0.0 0.0 0.0
11.201415841257726 0.6433488343323215 9.125620988726306 0.7942823814769238 -0.5390987721750218 -0.2801571207639213 0.5966691801533636 0.7790485523647501 0.19253374383078997 0.0 0.0 0.0 0.0 0.0 0.0
11.564773834801523 0.7729350316623113 9.499604261223537 0.5762848642786589 -0.24900212096696886 -0.7783917387519466 0.5966691801533636 0.7790485523647501 0.19253374383078997 0.0 0.0 0.0 0.0 0.0 0.0
12.05949598129047 0.8457611876830176 9.696153112380133 0.13934709217181152 0.13569459908988973 -0.9809023211722432 0.5966691801533636 0.7790485523647501 0.19253374383078997 0.0 0.0 0.0 0.0 0.0 0.0
12.585982301824544 0.949518931835901 9.669105248561378 -0.35053097001024736 0.46883867225978654 -0.8107517119669593 0.5966691801533636 0.7790485523647501 0.19253374383078997 0.0 0.0 0.0 0.0 0.0 0.0
13.032565076715308 1.1601484660824326 9.457246506489417 -0.7072364561201253 0.623863095273603 -0.33258297233966316 0.5966691801533636 0.7790485523647501 0.19253374383078997 0.0 0.0 0.0 0.0 0.0 0.0
13.317933279180263 1.5129876125264625 9.169575465407892 -0.7952509881869877 0.5418714979582558 0.27193959897024006 0.5966691801533636 0.7790485523647501 0.19253374383078997 0.0 0.0 0.0 0.0 0.0 0.0
13.422023993865388 1.9893463839800876 8.943893064468224 -0.5811363739541305 0.25401385896024975 0.7731477700437134 0.5966691801533636 0.7790485523647501 0.19253374383078997 0.0 0.0 0.0 0.0 0.0 0.0
13.393644653822184 2.5236076225762596 8.89444972203715 -0.14623833517406318 -0.1303478919420004 0.9806241769361972 0.5966691801533636 0.7790485523647501 0.19253374383078997 0.0 0.0 0.0 0.0 0.0 0.0
13.331930280674658 3.0281560551028504 9.068539691594067 0.34421809211320975 -0.4651882993949485 0.815545063848698 0.5966691801533636 0.7790485523647501 0.19253374383078997 0.0 0.0 0.0 0.0 0.0 0.0
13.348680432455177 3.4266648001451916 9.428533184116455 0.7039003111870762 -0.623295894374148 0.34062674581874425 0.5966691801533636 0.7790485523647501 0.19253374383078997 0.0 0.0 0.0 0.0 0.0 0.0
13.525884682319045 3.683093226452913 9.866172554066063 0.7961590334553612 -0.5446029581289805 -0.26370136792324045 0.5966691801533636 0.7790485523647501 0.19253374383078997 0.0 0.0 0.0 0.0 0.0 0.0
13.88457340891024 3.8153793913191762 10.243701188900191 0.5859436278447641 -0.25900625281471706 -0.7678449231394284 0.5966691801533636 0.7790485523647501 0.19253374383078997 0.0 0.0 0.0 0.0 0.0 0.0
14.376828003905393 3.8886250727066822 10.446199549344414 0.15311844156090604 0.12499125829747647 -0.9802713543724371 0.5966691801533636 0.7790485523647501 0.19253374383078997 0.0 0.0 0.0 0.0 0.0 0.0
14.903985952472233 3.990362515355953 10.425245023715156 -0.33787900067576393 0.46150250064006104 -0.8202763088163139 0.5966691801533636 0.7790485523647501 0.19253374383078997 0.0 0.0 0.0 0.0 0.0 0.0
15.354124372203655 4.197299467547323 10.217308487681189 -0.7005105615200702 0.6226812270791475 -0.34864457925234144 0.5966691801533636 0.7790485523647501 0.19253374383078997 0.0 0.0 0.0 0.0 0.0 0.0
15.644581387394982 4.546176625044077 9.929898408836534 -0.7970064481308827 0.5472929446759266 0.25544305499611186 0.5966691801533636 0.7790485523647501 0.19253374383078997 0.0 0.0 0.0 0.0 0.0 0.0
15.75336075765703 5.019809226500306 9.700716582415769 -0.5907062598595649 0.2639789223402481 0.7624836018714136 0.5966691801533636 0.7790485523647501 0.19253374383078997 0.0 0.0 0.0 0.0 0.0 0.0
15.727488617397489 5.553615831610103 9.645342917033174 -0.15998688738560257 -0.11962510608471078 0.9798438803497662 0.5966691801533636 0.7790485523647501 0.19253374383078997 0.0 0.0 0.0 0.0 0.0 0.0
15.665147461124407 6.060153890023881 9.81332469500714 0.3315141784442641 -0.45778155668297116 0.8249450865671841 0.5966691801533636 0.7790485523647501 0.19253374383078997 0.0 0.0 0.0 0.0 0.0 0.0
15.678374972258805 6.4623406281876585 10.169352731421029 0.6970674652616665 -0.6220191401978975 0.3566358620513958 0.5966691801533636 0.7790485523647501 0.19253374383078997 0.0 0.0 0.0 0.0 0.0 0.0
11.524676881136491 7.634092318127373 4.918346861396053 0.7045985403560738 0.5511971471788661 -0.4469033473470184 0.09712970349688207 0.5489484897158293 0.8301935776295296 0.0 0.0 0.0 0.0 0.0 0.0
11.890147326037614 7.689802720043377 5.308235059653571 0.15857704977571419 0.8149460284373816 -0.5574193125633244 0.09712970349688207 0.5489484897158293 0.8301935776295296 0.0 0.0 0.0 0.0 0.0 0.0
12.291765414424741 7.931280094783997 5.571059508073056 -0.4476905132813254 0.7690832883215397 -0.45616236138290805 0.09712970349688207 0.5489484897158293 0.8301935776295296 0.0 0.0 0.0 0.0 0.0 0.0
12.59133243622279 8.34807002929675 5.729901731862137 -0.8838729653565647 0.43103294858547275 -0.18160170248515328 0.09712970349688207 0.5489484897158293 0.8301935776295296 0.0 0.0 0.0 0.0 0.0 0.0
12.689420587756707 8.863113938002034 5.847347841855622 -0.9842573003249183 -0.07077401480481008 0.16195247940526214 0.09712970349688207 0.5489484897158293 0.8301935776295296 0.0 0.0 0.0 0.0 0.0 0.0
12.563147256711861 9.362024907805653 6.001711024625378 -0.71070583099533 -0.5456927466923195 0.4439782066685583 0.09712970349688207 0.5489484897158293 0.8301935776295296 0.0 0.0 0.0 0.0 0.0 0.0
12.274868509129236 9.736545198830513 6.257279053575027 -0.16714533410278135 -0.8132936806152272 0.5573291902987011 0.09712970349688207 0.5489484897158293 0.8301935776295296 0.0 0.0 0.0 0.0 0.0 0.0
11.948488977378648 9.925675169768807 6.639890288989653 0.4399164697363746 -0.7719107477271965 0.4589414964872158 0.09712970349688207 0.5489484897158293 0.8301935776295296 0.0 0.0 0.0 0.0 0.0 0.0
11.722388418746458 9.938848061474483 7.127117252969153 0.8798466517115339 -0.43726601611813126 0.18619425506760465 0.09712970349688207 0.5489484897158293 0.8301935776295296 0.0 0.0 0.0 0.0 0.0 0.0
11.696848932056326 9.852346151047435 7.656787203249926 0.9855083804499291 0.06350338571213858 -0.1572912968541249 0.09712970349688207 0.5489484897158293 0.8301935776295296 0.0 0.0 0.0 0.0 0.0 0.0
11.89595611169882 9.780319839391606 8.150602597463623 0.7167589986339464 0.540146789590377 -0.44101925533072867 0.09712970349688207 0.5489484897158293 0.8301935776295296 0.0 0.0 0.0 0.0 0.0 0.0
12.258448527632778 9.831420005418645 8.54388763854799 0.17570088966552713 0.8115793973304998 -0.5571966252584487 0.09712970349688207 0.5489484897158293 0.8301935776295296 0.0 0.0 0.0 0.0 0.0 0.0
12.660991966894429 10.067519720603554 8.810159691372474 -0.4321089248490476 0.77467942314084 -0.4616856814197018 0.09712970349688207 0.5489484897158293 0.8301935776295296 0.0 0.0 0.0 0.0 0.0 0.0
12.965036163140411 10.48020763466874 8.971190478590378 -0.8757533343375106 0.4434657841507183 -0.19077262823665214 0.09712970349688207 0.5489484897158293 0.8301935776295296 0.0 0.0 0.0 0.0 0.0 0.0
13.06945235926854 10.993983588184756 9.088734639199068 -0.9866844102962178 -0.05622792059078174 0.15261813596175441 0.09712970349688207 0.5489484897158293 0.8301935776295296 0.0 0.0 0.0 0.0 0.0 0.0
12.948953813023579 11.494942385432887 9.241068108702375 -0.7227575822997717 -0.5345596982191438 0.4380267186691303 0.09712970349688207 0.5489484897158293 0.8301935776295296 0.0 0.0 0.0 0.0 0.0 0.0
12.663702653151784 11.87404828265202 9.493249782508842 -0.18424306492527123 -0.8098033091325081 0.5570216275379085 0.09712970349688207 0.5489484897158293 0.8301935776295296 0.0 0.0 0.0 0.0 0.0 0.0
12.336453280833057 12.068559490073898 9.872404553839285 0.42426847319411565 -0.777389103717118 0.46439470720005893 0.09712970349688207 0.5489484897158293 0.8301935776295296 0.0 0.0 0.0 0.0 0.0 0.0
12.105915920328554 12.08586482684288 10.357418113288182 0.8715933249564605 -0.44963178054689457 0.1953364733314532 0.09712970349688207 0.5489484897158293 0.8301935776295296 0.0 0.0 0.0 0.0 0.0 0.0
12.074058285672601 12.00067658508851 10.886958627979254 0.9877853003045584 0.04894817349557669 -0.14793335260744514 0.09712970349688207 0.5489484897158293 0.8301935776295296 0.0 0.0 0.0 0.0 0.0 0.0
8.944526355380553 0.669075375605149 11.048712715389884 0.8714080148055112 0.3086268904541005 -0.3813102597903059 0.021217061997665133 0.7528587361539676 0.6578400715043422 0.0 0.0 0.0 0.0 0.0 0.0
9.224543338854614 0.7931593940789001 11.490163445872746 0.4184957467848864 0.5908808105197966 -0.6897254364473073 0.021217061997665133 0.7528587361539676 0.6578400715043422 0.0 0.0 0.0 0.0 0.0 0.0
9.599956440976277 1.0519347119027302 11.774391241415204 -0.19341005231507563 0.6486492316686945 -0.736102388203633 0.021217061997665133 0.7528587361539676 0.6578400715043422 0.0 0.0 0.0 0.0 0.0 0.0
9.931281715587064 1.4585696424952164 11.890824474405148 -0.7318361388969086 0.45998496486983226 -0.5028217357057708 0.021217061997665133 0.7528587361539676 0.6578400715043422 0.0 0.0 0.0 0.0 0.0 0.0
10.095784919309041 1.9700581603032283 11.892639476919655 -0.9922254406640627 0.09656471937842699 -0.07851069908217705 0.021217061997665133 0.7528587361539676 0.6578400715043422 0.0 0.0 0.0 0.0 0.0 0.0
10.034110302611229 2.503558608931966 11.876557963108036 -0.8756517083982317 -0.3035420774808544 0.3756278647516248 0.021217061997665133 0.7528587361539676 0.6578400715043422 0.0 0.0 0.0 0.0 0.0 0.0
9.77283085143162 2.967866631447978 11.946100832885696 -0.42640325199607215 -0.5883281641522594 0.6870591226032924 0.021217061997665133 0.7528587361539676 0.6578400715043422 0.0 0.0 0.0 0.0 0.0 0.0
9.414352765542708 3.29806523043371 12.172258851279125 0.1848429289215908 -0.6495985449398652 0.7374651327620156 0.021217061997665133 0.7528587361539676 0.6578400715043422 0.0 0.0 0.0 0.0 0.0 0.0
9.098009631117563 3.480187820660753 12.566522069890027 0.7258641907329744 -0.4640755777963217 0.5076958092249473 0.021217061997665133 0.7528587361539676 0.6578400715043422 0.0 0.0 0.0 0.0 0.0 0.0
8.94712726180935 3.5565243683269654 13.076514564188429 0.9911175106828065 -0.10224253971806091 0.0850443595420486 0.021217061997665133 0.7528587361539676 0.6578400715043422 0.0 0.0 0.0 0.0 0.0 0.0
9.022170160246839 3.6095547258473797 13.605892922920365 0.8798287177231342 0.29843414860319656 -0.3699168641967411 0.021217061997665133 0.7528587361539676 0.6578400715043422 0.0 0.0 0.0 0.0 0.0 0.0
9.297770042573168 3.730613156932136 14.050948720819203 0.4342782849487311 0.5857307143172165 -0.6843404865470344 0.021217061997665133 0.7528587361539676 0.6578400715043422 0.0 0.0 0.0 0.0 0.0 0.0
9.672363673618145 3.9851889227755453 14.34000908327684 -0.1762617290234203 0.6504983887668151 -0.7387717164953268 0.021217061997665133 0.7528587361539676 0.6578400715043422 0.0 0.0 0.0 0.0 0.0 0.0
10.00677843798615 4.388045816806311 14.460666409713882 -0.7198369652006186 0.4681308495708196 -0.5125312197426277 0.021217061997665133 0.7528587361539676 0.6578400715043422 0.0 0.0 0.0 0.0 0.0 0.0
10.17710634348697 4.897613152726503 14.464492228483776 -0.9899341032658445 0.10791257389244652 -0.09157154354467908 0.021217061997665133 0.7528587361539676 0.6578400715043422 0.0 0.0 0.0 0.0 0.0 0.0
10.121778739000023 5.431779163260953 14.447444311021355 -0.8839387246847868 -0.29330349280968854 0.36417769304045666 0.021217061997665133 0.7528587361539676 0.6578400715043422 0.0 0.0 0.0 0.0 0.0 0.0
9.864957274408006 5.899086633380626 14.513410710146376 -0.4421202459286146 -0.5830886588205303 0.6815697353131931 0.021217061997665133 0.7528587361539676 0.6578400715043422 0.0 0.0 0.0 0.0 0.0 0.0
9.507354485845227 6.233479025375249 14.73474095188166 0.16766710611215938 -0.6513486946229543 0.7400220399021551 0.021217061997665133 0.7528587361539676 0.6578400715043422 0.0 0.0 0.0 0.0 0.0 0.0
9.187971419396368 6.419396461935854 15.124759240897468 0.7137549212964005 -0.4721504713686812 0.5173275990235788 0.021217061997665133 0.7528587361539676 0.6578400715043422 0.0 0.0 0.0 0.0 0.0 0.0
9.031288809715354 6.497687183691731 15.632702372388437 0.9886753085342331 -0.11357439010653048 0.09809175401973437 0.021217061997665133 0.7528587361539676 0.6578400715043422 0.0 0.0 0.0 0.0 0.0 0.0
2.1324022754373386 9.735707440365589 7.418710653850089 0.9156536189950035 -0.3694918908186364 -0.1582851624146175 0.3981640535064577 0.7796629964681641 0.483312526667363 0.0 0.0 0.0 0.0 0.0 0.0
2.3725430284831996 9.819606793699023 7.891974237231653 0.7740682944267944 -0.002851353802880433 -0.6330956841936962 0.3981640535064577 0.7796629964681641 0.483312526667363 0.0 0.0 0.0 0.0 0.0 0.0
2.7891326735997417 9.90285618084337 8.22092363948088 0.3384014830741162 0.3648724601946831 -0.8673825707522131 0.3981640535064577 0.7796629964681641 0.483312526667363 0.0 0.0 0.0 0.0 0.0 0.0
3.2828609474308466 10.069278256769826 8.352153157434909 -0.2258297094694996 0.5939751262220693 -0.7721363168187326 0.3981640535064577 0.7796629964681641 0.483312526667363 0.0 0.0 0.0 0.0 0.0 0.0
3.725111331882637 10.371096981408055 8.307374177674802 -0.7042644197142581 0.5974167110631642 -0.383542566695029 0.3981640535064577 0.7796629964681641 0.483312526667363 0.0 0.0 0.0 0.0 0.0 0.0
4.006824619700851 10.809096864130876 8.175166657768381 -0.9151373022363889 0.37388969909660597 0.15076541700586765 0.3981640535064577 0.7796629964681641 0.483312526667363 0.0 0.0 0.0 0.0 0.0 0.0
4.079932330679443 11.332324915527225 8.07732611941229 -0.7783342233591513 0.00831573934083521 0.627795098122884 0.3981640535064577 0.7796629964681641 0.483312526667363 0.0 0.0 0.0 0.0 0.0 0.0
3.975618730952996 11.857448539967972 8.122591493426908 -0.34582895997351415 -0.3604175088222664 0.866314925288713 0.3981640535064577 0.7796629964681641 0.483312526667363 0.0 0.0 0.0 0.0 0.0 0.0
3.792473408919063 12.300414981932132 8.365333381919728 0.21806250725793333 -0.592222119524387 0.7757072283242086 0.3981640535064577 0.7796629964681641 0.483312526667363 0.0 0.0 0.0 0.0 0.0 0.0
3.6590354422759224 12.60838437311641 8.784897757516713 0.6991083821713933 -0.5990316455933751 0.390395386186094 0.3981640535064577 0.7796629964681641 0.483312526667363 0.0 0.0 0.0 0.0 0.0 0.0
3.6849592533462276 12.779804481839122 9.293452773678627 0.9145512942291103 -0.3782590342264176 -0.14323419022690137 0.3981640535064577 0.7796629964681641 0.483312526667363 0.0 0.0 0.0 0.0 0.0 0.0
3.9193550607124563 12.865000431807985 9.76935755167145 0.7825408791269554 -0.013779491603044659 -0.6224467030247428 0.3981640535064577 0.7796629964681641 0.483312526667363 0.0 0.0 0.0 0.0 0.0 0.0
4.332131086098358 12.94705534623236 10.103375584124468 0.3532301006586782 0.3559351102611387 -0.8651813065895784 0.3981640535064577 0.7796629964681641 0.483312526667363 0.0 0.0 0.0 0.0 0.0 0.0
4.825425924043807 13.11024568024028 10.240175510517423 -0.2102786987421767 0.5904240128194207 -0.7792190667209757 0.3981640535064577 0.7796629964681641 0.483312526667363 0.0 0.0 0.0 0.0 0.0 0.0
5.2707877259945475 13.408023186548101 10.199352426133169 -0.6938991048185186 0.6006009615445276 -0.39721847555702433 0.3981640535064577 0.7796629964681641 0.483312526667363 0.0 0.0 0.0 0.0 0.0 0.0
5.557975205168341 13.842707700937934 10.067983377747193 -0.9138956395999476 0.38259956346628227 0.135692055609795 0.3981640535064577 0.7796629964681641 0.483312526667363 0.0 0.0 0.0 0.0 0.0 0.0
5.636840144539558 14.36460579785842 9.967545337707028 -0.7866879413770844 0.0192421945036178 0.6170509062002651 0.3981640535064577 0.7796629964681641 0.483312526667363 0.0 0.0 0.0 0.0 0.0 0.0
5.536379542920699 14.890890153621461 10.00776407115075 -0.36060434150409193 -0.35142560586330707 0.8639818009842605 0.3981640535064577 0.7796629964681641 0.483312526667363 0.0 0.0 0.0 0.0 0.0 0.0
5.3537191703095495 15.337067031470339 10.244927483314056 0.20247887668938305 -0.5885809430399599 0.782671564568942 0.3981640535064577 0.7796629964681641 0.483312526667363 0.0 0.0 0.0 0.0 0.0 0.0
5.217213864010752 15.649076864833534 10.66050090324765 0.6886369843622716 -0.6021245394071385 0.40401131520314654 0.3981640535064577 0.7796629964681641 0.483312526667363 0.0 0.0 0.0 0.0 0.0 0.0
12.550746617816463 0.33321480091416467 12.482109566817922 -0.13915966135382116 0.9882506437226743 0.0632080203266133 0.95275283166434 0.11621169196141032 0.2806365699744926 0.0 0.0 0.0 0.0 0.0 0.0
13.001223683519903 0.5260729223410381 12.261743370695935 -0.2710419976879191 0.7423121094418914 0.6127878651419849 0.95275283166434 0.11621169196141032 0.2806365699744926 0.0 0.0 0.0 0.0 0.0 0.0
13.389916717322034 0.8881411124720745 12.181062187714462 -0.29995094751983414 0.21435679398750365 0.9295593547231681 0.95275283166434 0.11621169196141032 0.2806365699744926 0.0 0.0 0.0 0.0 0.0 0.0
13.71023592319905 1.2990719405373083 12.31227408889076 -0.2149035174765556 -0.3950362513572134 0.8931757040413965 0.95275283166434 0.11621169196141032 0.2806365699744926 0.0 0.0 0.0 0.0 0.0 0.0
13.981567865505335 1.6199542426758322 12.647085419907109 -0.04821064814872765 -0.8543484201574135 0.5174596702928751 0.95275283166434 0.11621169196141032 0.2806365699744926 0.0 0.0 0.0 0.0 0.0 0.0
14.241910189049168 1.7460877955573624 13.09985169904861 0.13679825244985472 -0.9890793401959574 -0.05484794366423388 0.95275283166434 0.11621169196141032 0.2806365699744926 0.0 0.0 0.0 0.0 0.0 0.0
14.53343567854331 1.646760681719798 13.540115387706058 0.2698352097979245 -0.7480424823693443 -0.6063179068145843 0.95275283166434 0.11621169196141032 0.2806365699744926 0.0 0.0 0.0 0.0 0.0 0.0
14.886470112601264 1.3769172604889515 13.842168890427299 0.3003572595396379 -0.2228117788872608 -0.9274375600712604 0.95275283166434 0.11621169196141032 0.2806365699744926 0.0 0.0 0.0 0.0 0.0 0.0
15.307970993422034 1.0562838872499714 13.932812972148433 0.21676856467665942 0.38706884460837887 -0.8962081783277562 0.95275283166434 0.11621169196141032 0.2806365699744926 0.0 0.0 0.0 0.0 0.0 0.0
15.77888427538148 0.8238828693186097 13.819166371420524 0.050825867915885746 0.849895542591321 -0.5244943258358479 0.95275283166434 0.11621169196141032 0.2806365699744926 0.0 0.0 0.0 0.0 0.0 0.0
16.261383315531592 0.7852155670629409 13.585961272615096 -0.13442642582932854 0.9898327144481083 0.0464836901185921 0.95275283166434 0.11621169196141032 0.2806365699744926 0.0 0.0 0.0 0.0 0.0 0.0
16.71323984768418 0.9721806632108493 13.363352132434812 -0.2686078729119946 0.7537158889656005 0.5998017750311246 0.95275283166434 0.11621169196141032 0.2806365699744926 0.0 0.0 0.0 0.0 0.0 0.0
17.103867206754714 1.3309553199641704 13.277467825745664 -0.3007406981912475 0.23124979580740465 0.9252451374584327 0.95275283166434 0.11621169196141032 0.2806365699744926 0.0 0.0 0.0 0.0 0.0 0.0
17.425940714209734 1.7424433749480748 13.402493177253044 -0.2186171041113097 -0.37907196106842955 0.8991724028915251 0.95275283166434 0.11621169196141032 0.2806365699744926 0.0 0.0 0.0 0.0 0.0 0.0
17.698180445903787 2.0675219644789142 13.732484906292047 -0.05343721709642192 -0.8453779421891559 0.5314890391052457 0.95275283166434 0.11621169196141032 0.2806365699744926 0.0 0.0 0.0 0.0 0.0 0.0
17.958239162279305 2.199896625487881 14.183629578518419 0.13204436211602216 -0.9905107091067606 -0.03811589665997901 0.95275283166434 0.11621169196141032 0.2806365699744926 0.0 0.0 0.0 0.0 0.0 0.0
18.24839739515395 2.1064843391894974 14.62608573090183 0.2673600804965845 -0.7593318971787822 -0.5932399660202694 0.95275283166434 0.11621169196141032 0.2806365699744926 0.0 0.0 0.0 0.0 0.0 0.0
18.59950036679029 1.8399823230367982 14.933312814364598 0.30110123427432456 -0.23967020216027787 -0.9229822538461555 0.95275283166434 0.11621169196141032 0.2806365699744926 0.0 0.0 0.0 0.0 0.0 0.0
19.019239374253626 1.5188474767604303 15.030146064021455 0.2204489950070711 0.37104620973100805 -0.9020681519955265 0.95275283166434 0.11621169196141032 0.2806365699744926 0.0 0.0 0.0 0.0 0.0 0.0
19.489229737065262 1.2822926256672313 14.92135285004732 0.056044496825985335 0.8407959629836792 -0.5384432774265724 0.95275283166434 0.11621169196141032 0.2806365699744926 0.0 0.0 0.0 0.0 0.0 0.0
1.2130981995908847 4.789195655885073 3.8420601600979607 -0.8262076667502352 0.5616971829975139 -0.043326273966146994 0.542463636201242 0.8139518165463216 0.20788372649216635 0.0 0.0 0.0 0.0 0.0 0.0
1.3838521839381233 5.222621880429399 3.574347839079383 -0.7584106812453543 0.36806711534963427 0.5379031856860083 0.542463636201242 0.8139518165463216 0.20788372649216635 0.0 0.0 0.0 0.0 0.0 0.0
1.3817264296320575 5.739949015498923 3.4292505661630788 -0.4024807979849663 0.034602196826425125 0.9147742318343743 0.542463636201242 0.8139518165463216 0.20788372649216635 0.0 0.0 0.0 0.0 0.0 0.0
1.2878551647612426 6.26516372242379 3.4926761081768323 0.10635826955000373 -0.3120086747890233 0.9441072530993105 0.542463636201242 0.8139518165463216 0.20788372649216635 0.0 0.0 0.0 0.0 0.0 0.0
1.218228270780919 6.719256042113134 3.7713109282409514 0.5747900522674882 -0.5400822343452641 0.6147581442803052 0.542463636201242 0.8139518165463216 0.20788372649216635 0.0 0.0 0.0 0.0 0.0 0.0
1.2796247873007645 7.050236599489763 4.190079886637158 0.8248494841513578 -0.5629695233803144 0.05185213824115291 0.542463636201242 0.8139518165463216 0.20788372649216635 0.0 0.0 0.0 0.0 0.0 0.0
1.529045769686838 7.252888236297987 4.620668541576966 0.7615348062581805 -0.3719752781346919 -0.5307533620373338 0.542463636201242 0.8139518165463216 0.20788372649216635 0.0 0.0 0.0 0.0 0.0 0.0
1.9520586351211908 7.370748096751191 4.930271950940185 0.40890032328453774 -0.03966140563070024 -0.9117167863548398 0.542463636201242 0.8139518165463216 0.20788372649216635 0.0 0.0 0.0 0.0 0.0 0.0
2.4682803421143213 7.4795671385429285 5.032049490166609 -0.09908222895373424 0.30772049797573425 -0.9463037604443537 0.542463636201242 0.8139518165463216 0.20788372649216635 0.0 0.0 0.0 0.0 0.0 0.0
2.9619162518998214 7.658531077530674 4.9181170574242525 -0.5694217858459557 0.5381942395888217 -0.6213741145859 0.542463636201242 0.8139518165463216 0.20788372649216635 0.0 0.0 0.0 0.0 0.0 0.0
3.3257524476848537 7.960176410366999 4.662542375710475 -0.8234284860707314 0.5641989914542791 -0.06037405377507935 0.542463636201242 0.8139518165463216 0.20788372649216635 0.0 0.0 0.0 0.0 0.0 0.0
3.501888094160849 8.390430921057872 4.393205426538997 -0.7646009374471117 0.3758551135621535 0.5235631194652438 0.542463636201242 0.8139518165463216 0.20788372649216635 0.0 0.0 0.0 0.0 0.0 0.0
3.503732932887573 8.906361616711537 4.243214706923558 -0.4152887092413725 0.04471759406537598 0.9085899101121678 0.542463636201242 0.8139518165463216 0.20788372649216635 0.0 0.0 0.0 0.0 0.0 0.0
3.410912697275648 9.432485689339446 4.30033708590701 0.09179864286211405 -0.30340888705514124 0.9484282030942736 0.542463636201242 0.8139518165463216 0.20788372649216635 0.0 0.0 0.0 0.0 0.0 0.0
3.339017965192591 9.889447696616362 4.573653703628138 0.5640101557508214 -0.5362652592573361 0.6279427648469199 0.542463636201242 0.8139518165463216 0.20788372649216635 0.0 0.0 0.0 0.0 0.0 0.0
3.395689365859538 10.224168021171957 4.990109894354369 0.821944780722854 -0.5653854935906645 0.06889137159106176 0.542463636201242 0.8139518165463216 0.20788372649216635 0.0 0.0 0.0 0.0 0.0 0.0
3.63972310515479 10.430008704673682 5.422269875402452 0.7676088413143799 -0.37970632616754024 -0.5163330055345507 0.542463636201242 0.8139518165463216 0.20788372649216635 0.0 0.0 0.0 0.0 0.0 0.0
4.0587333039805005 10.549295319178038 5.736731731592493 0.4216454693551395 -0.0497703770821376 -0.9053938412300934 0.542463636201242 0.8139518165463216 0.20788372649216635 0.0 0.0 0.0 0.0 0.0 0.0
4.57385760081281 10.657236774660495 5.844809033185877 -0.08450806594843048 0.2990741703730986 -0.9504804192645402 0.542463636201242 0.8139518165463216 0.20788372649216635 0.0 0.0 0.0 0.0 0.0 0.0
5.069718281353124 10.833352196689882 5.7362242933009995 -0.5585555740986761 0.5342954402501177 -0.6344635948352189 0.542463636201242 0.8139518165463216 0.20788372649216635 0.0 0.0 0.0 0.0 0.0 0.0
2.0363232236011717 7.731555682777854 12.008931081896224 -0.28749288798094574 -0.3527139029157225 0.8904722017280123 0.279836921142427 0.8582220137679355 0.4302862682559564 0.0 0.0 0.0 0.0 0.0 0.0
1.7903592457213966 8.15705004211588 12.22605172549199 0.3042304707442594 -0.5043660644426393 0.8081204697997508 0.279836921142427 0.8582220137679355 0.4302862682559564 0.0 0.0 0.0 0.0 0.0 0.0
1.6137446132204012 8.467574141194307 12.627383455606155 0.780371587171499 -0.4644011255368887 0.4187502603408226 0.279836921142427 0.8582220137679355 0.4302862682559564 0.0 0.0 0.0 0.0 0.0 0.0
1.615015708569576 8.672237989094198 13.124169320741007 0.9600364905151215 -0.24800243466691158 -0.12971017415258274 0.279836921142427 0.8582220137679355 0.4302862682559564 0.0 0.0 0.0 0.0 0.0 0.0
1.8351271521392638 8.820369674208358 13.59138774759644 0.7749674801578886 0.06261652751261577 -0.6288915448469586 0.279836921142427 0.8582220137679355 0.4302862682559564 0.0 0.0 0.0 0.0 0.0 0.0
2.231892457195329 8.982774798739252 13.915250327015912 0.2954753673233605 0.34944642399758863 -0.8891465031480597 0.279836921142427 0.8582220137679355 0.4302862682559564 0.0 0.0 0.0 0.0 0.0 0.0
2.6960113815298996 9.224836246615743 14.036431933065746 -0.2962727776420105 0.5035157815732318 -0.8115998391664362 0.279836921142427 0.8582220137679355 0.4302862682559564 0.0 0.0 0.0 0.0 0.0 0.0
3.092594916878738 9.581674132744999 13.972609330240566 -0.7754619409644941 0.46629107539426684 -0.4257128270597887 0.279836921142427 0.8582220137679355 0.4302862682559564 0.0 0.0 0.0 0.0 0.0 0.0
3.312411878384775 10.044803084182249 13.811745475092033 -0.960040147882309 0.2519145937019805 0.12190960558577875 0.279836921142427 0.8582220137679355 0.4302862682559564 0.0 0.0 0.0 0.0 0.0 0.0
3.3133876579733337 10.565355975180367 13.67867091837267 -0.7798830516043262 -0.058168453925089986 0.6232165408493969 0.279836921142427 0.8582220137679355 0.4302862682559564 0.0 0.0 0.0 0.0 0.0 0.0
3.136589071409631 11.072649365275991 13.687658591749466 -0.3034353450725747 -0.3461523333813318 0.887753092619421 0.279836921142427 0.8582220137679355 0.4302862682559564 0.0 0.0 0.0 0.0 0.0 0.0
2.890622388389028 11.50103732008564 13.899009610522048 0.28829252222067697 -0.5026271540276183 0.8150174020631319 0.279836921142427 0.8582220137679355 0.4302862682559564 0.0 0.0 0.0 0.0 0.0 0.0
2.7103719948797655 11.814851399319506 14.29614387173948 0.7704932403283612 -0.4681455153809357 0.43264297409875935 0.279836921142427 0.8582220137679355 0.4302862682559564 0.0 0.0 0.0 0.0 0.0 0.0
2.705755559746957 12.02195169359207 14.791899112515855 0.9599706944752882 -0.25580756846541336 -0.11409975313051784 0.279836921142427 0.8582220137679355 0.4302862682559564 0.0 0.0 0.0 0.0 0.0 0.0
2.919964474625312 12.170740644583947 15.261645310975975 0.7847392319369437 0.05371595058458809 -0.6174940764993694 0.279836921142427 0.8582220137679355 0.4302862682559564 0.0 0.0 0.0 0.0 0.0 0.0
3.3130547221155484 12.331774148201756 15.590633715268584 0.3113722150454634 0.3428318819247033 -0.8862920762557043 0.279836921142427 0.8582220137679355 0.4302862682559564 0.0 0.0 0.0 0.0 0.0 0.0
3.777122275822739 12.57095619009152 15.717591812891486 -0.2802903122076069 0.501700249478224 -0.818372898229193 0.279836921142427 0.8582220137679355 0.4302862682559564 0.0 0.0 0.0 0.0 0.0 0.0
4.177297644042858 12.924500819635867 15.658001782612903 -0.7654658636488919 0.46996430427410785 -0.4395401737002077 0.279836921142427 0.8582220137679355 0.4302862682559564 0.0 0.0 0.0 0.0 0.0 0.0
4.402985044558795 13.385173827126945 15.498218555909208 -0.9598281355832059 0.25968106249210693 0.10628121153730014 0.279836921142427 0.8582220137679355 0.4302862682559564 0.0 0.0 0.0 0.0 0.0 0.0
4.409879591367504 13.905041140983975 15.362662134719582 -0.7895356513388081 -0.04925935656648085 0.6117245875846902 0.279836921142427 0.8582220137679355 0.4302862682559564 0.0 0.0 0.0 0.0 0.0 0.0
7.546548372828296 7.599380652076602 4.195599140118025 0.018099913089643982 -0.4549745662005505 0.8903204688519567 0.5617792996020736 0.7412434617340828 0.36737194908576937 0.0 0.0 0.0 0.0 0.0 0.0
7.476582696715383 8.010063940638677 4.534905996488866 0.49964387955451905 -0.6579314338170884 0.5634556078513189 0.5617792996020736 0.7412434617340828 0.36737194908576937 0.0 0.0 0.0 0.0 0.0 0.0
7.5205108586682385 8.270771738160304 5.002652576398569 0.7913647825764446 -0.6109291496995476 0.022524540952574088 0.5617792996020736 0.7412434617340828 0.36737194908576937 0.0 0.0 0.0 0.0 0.0 0.0
7.744830647709724 8.392218216785007 5.475533626127149 0.7824329737839884 -0.3318246674204654 -0.5269639756442956 0.5617792996020736 0.7412434617340828 0.36737194908576937 0.0 0.0 0.0 0.0 0.0 0.0
8.14750605774456 8.438025252030338 5.828293221026666 0.4762417966692842 0.07334555382423845 -0.8762500675260616 0.5617792996020736 0.7412434617340828 0.36737194908576937 0.0 0.0 0.0 0.0 0.0 0.0
8.658740800315126 8.500551408577723 5.981311585462369 -0.010881601338308124 0.45065057289884825 -0.8926341086348054 0.5617792996020736 0.7412434617340828 0.36737194908576937 0.0 0.0 0.0 0.0 0.0 0.0
9.167495081518236 8.665803377397143 5.930853976747996 -0.49387089706680487 0.656745904853403 -0.5698915278267558 0.5617792996020736 0.7412434617340828 0.36737194908576937 0.0 0.0 0.0 0.0 0.0 0.0
9.563671476195298 8.980760595892434 5.750489576333853 -0.7892303819185551 0.6133324873481699 -0.03063762751908718 0.5617792996020736 0.7412434617340828 0.36737194908576937 0.0 0.0 0.0 0.0 0.0 0.0
9.779942780480855 9.435526974177275 5.563141327762718 -0.7847480494511321 0.3369038035270208 0.5202560197168985 0.5617792996020736 0.7412434617340828 0.36737194908576937 0.0 0.0 0.0 0.0 0.0 0.0
9.817330742201895 9.967090585076795 5.49438545525593 -0.4821268127095124 -0.06752026798525801 0.8734957068456407 0.5617792996020736 0.7412434617340828 0.36737194908576937 0.0 0.0 0.0 0.0 0.0 0.0
9.74481788179566 10.483262948764548 5.624742956609187 0.0036624609108990317 -0.44629226081125734 0.8948797708743073 0.5617792996020736 0.7412434617340828 0.36737194908576937 0.0 0.0 0.0 0.0 0.0 0.0
9.673139879469304 10.897702977557767 5.959088329890675 0.48806030439817877 -0.65551036214637 0.576284048355923 0.5617792996020736 0.7412434617340828 0.36737194908576937 0.0 0.0 0.0 0.0 0.0 0.0
9.712715238887352 11.162719398674058 6.424797670127699 0.7870358783114513 -0.6156891173532696 0.03874838091164509 0.5617792996020736 0.7412434617340828 0.36737194908576937 0.0 0.0 0.0 0.0 0.0 0.0
9.931695451530615 11.287389466116988 6.899339705012752 0.7870033635160328 -0.34195728310456364 -0.5135084442793479 0.5617792996020736 0.7412434617340828 0.36737194908576937 0.0 0.0 0.0 0.0 0.0 0.0
10.330073105650454 11.33411036011653 7.256827473866761 0.4879751129263213 0.06168984021645303 -0.8706748260852684 0.5617792996020736 0.7412434617340828 0.36737194908576937 0.0 0.0 0.0 0.0 0.0 0.0
10.839684702116006 11.394893455134484 7.415844888718811 0.003556958427086651 0.44189996184011276 -0.89705728455459 0.5617792996020736 0.7412434617340828 0.36737194908576937 0.0 0.0 0.0 0.0 0.0 0.0
11.350107107366933 11.556407660358298 7.370378067330695 -0.4822125440477719 0.6542248997873459 -0.5826326826236343 0.5617792996020736 0.7412434617340828 0.36737194908576937 0.0 0.0 0.0 0.0 0.0 0.0
11.750609148029332 11.867052452073851 7.192100107605958 -0.7847814388750824 0.6179988602483434 -0.04685618346497723 0.5617792996020736 0.7412434617340828 0.36737194908576937 0.0 0.0 0.0 0.0 0.0 0.0
11.97222023500697 12.318570103428376 7.003141279386048 -0.789198744227796 0.34698472131105446 0.5067217631856357 0.5617792996020736 0.7412434617340828 0.36737194908576937 0.0 0.0 0.0 0.0 0.0 0.0
12.013933443405712 12.849182932923647 6.929689693028326 -0.4937862519490099 -0.05585471452747576 0.8677876400659339 0.5617792996020736 0.7412434617340828 0.36737194908576937 0.0 0.0 0.0 0.0 0.0 0.0
7.902576091635684 8.32765121245988 2.4766044377865777 0.6328695654047138 -0.184336009701874 -0.7519949126899991 0.668471968851459 0.6201491173877612 0.4105609565740938 0.0 0.0 0.0 0.0 0.0 0.0
8.372699037157748 8.280080546599688 2.7323514807052325 0.2835738947914844 0.2978002510644445 -0.9115376331555061 0.668471968851459 0.6201491173877612 0.4105609565740938 0.0 0.0 0.0 0.0 0.0 0.0
8.907462660920197 8.300393457339933 2.7803134914645176 -0.17345623955571884 0.6667972174966988 -0.7247719666887297 0.668471968851459 0.6201491173877612 0.4105609565740938 0.0 0.0 0.0 0.0 0.0 0.0
9.402686929418111 8.472702814789354 2.663063709612125 -0.5645874484620316 0.7824667727469916 -0.26265331253582286 0.668471968851459 0.6201491173877612 0.4105609565740938 0.0 0.0 0.0 0.0 0.0 0.0
9.769213471274336 8.823375497706806 2.4859420969027926 -0.741222446298862 0.6008641188839027 0.2992517263786489 0.668471968851459 0.6201491173877612 0.4105609565740938 0.0 0.0 0.0 0.0 0.0 0.0
9.966778333174139 9.31101517543006 2.3770349246374423 -0.6362546442083209 0.19098314034447686 0.7474660312198171 0.668471968851459 0.6201491173877612 0.4105609565740938 0.0 0.0 0.0 0.0 0.0 0.0
10.019308928906872 9.842189466004129 2.438512657707702 -0.2895630651726672 -0.2914555262796434 0.9117054938349695 0.668471968851459 0.6201491173877612 0.4105609565740938 0.0 0.0 0.0 0.0 0.0 0.0
10.005833614822382 10.306926460192091 2.707813686784497 0.16713836355836004 -0.6631653655935873 0.7295727964392291 0.668471968851459 0.6201491173877612 0.4105609565740938 0.0 0.0 0.0 0.0 0.0 0.0
10.030457495970037 10.620494888426471 3.1434208577656553 0.5603411335691466 -0.7829275949848878 0.2702631958695503 0.668471968851459 0.6201491173877612 0.4105609565740938 0.0 0.0 0.0 0.0 0.0 0.0
10.182811156145938 10.755594946749191 3.640634532749121 0.7406609385328565 -0.6052425411900935 -0.29172391137064124 0.668471968851459 0.6201491173877612 0.4105609565740938 0.0 0.0 0.0 0.0 0.0 0.0
10.503998500565332 10.752729948763646 4.071349732956543 0.6395912697574091 -0.19761572688152348 -0.7428802273174269 0.668471968851459 0.6201491173877612 0.4105609565740938 0.0 0.0 0.0 0.0 0.0 0.0
10.970980695050697 10.70481843961747 4.332725361972199 0.2955301842053458 0.2850886060280979 -0.9118039246112674 0.668471968851459 0.6201491173877612 0.4105609565740938 0.0 0.0 0.0 0.0 0.0 0.0
11.50532900432454 10.721892887185726 4.386255257682764 -0.16080775932751606 0.6594830110803346 -0.7343180663966251 0.668471968851459 0.6201491173877612 0.4105609565740938 0.0 0.0 0.0 0.0 0.0 0.0
12.003021179799854 10.889296507880408 4.272397327052868 -0.5560521465294938 0.7833287942551964 -0.27785249761454706 0.668471968851459 0.6201491173877612 0.4105609565740938 0.0 0.0 0.0 0.0 0.0 0.0
12.373961250977564 11.235259951873036 4.095202910849096 -0.7400430265687986 0.6095748719334786 0.28417388045732633 0.668471968851459 0.6201491173877612 0.4105609565740938 0.0 0.0 0.0 0.0 0.0 0.0
12.57620849096343 11.720176007103202 3.9827859396371137 -0.6428791879550293 0.2042332642158654 0.7382378502095471 0.668471968851459 0.6201491173877612 0.4105609565740938 0.0 0.0 0.0 0.0 0.0 0.0
12.631911399826723 12.251647041337582 4.0386503096090856 -0.30147479747030786 -0.27869997517544015 0.9118329179885123 0.668471968851459 0.6201491173877612 0.4105609565740938 0.0 0.0 0.0 0.0 0.0 0.0
12.618893119120742 12.719588407461414 4.3023670219274015 0.1544649089632045 -0.6557504343824979 0.7390074151902356 0.668471968851459 0.6201491173877612 0.4105609565740938 0.0 0.0 0.0 0.0 0.0 0.0
12.64108511927317 13.03805144143454 4.734540497791234 0.551720813966037 -0.7836703400050439 0.28542063981609933 0.668471968851459 0.6201491173877612 0.4105609565740938 0.0 0.0 0.0 0.0 0.0 0.0
12.789041896329074 13.177876796745293 5.23177561748192 0.7393687574630722 -0.6138607811903031 -0.27660220860279217 0.668471968851459 0.6201491173877612 0.4105609565740938 0.0 0.0 0.0 0.0 0.0 0.0
4.319335546103726 6.256472365646037 9.570788692373467 0.17925899894999991 0.21952421307622383 -0.958997044400403 0.9392444183636435 0.2518515639321538 0.2332181646391837 0.0 0.0 0.0 0.0 0.0 0.0
4.808835611617733 6.048047710357976 9.49572904243959 -0.026436799962306027 0.7305026129350415 -0.682397998313909 0.9392444183636435 0.2518515639321538 0.2332181646391837 0.0 0.0 0.0 0.0 0.0 0.0
5.292309407748497 6.006141148673756 9.265116747318375 -0.22208881656920726 0.963950856787459 -0.14654454358184982 0.9392444183636435 0.2518515639321538 0.2332181646391837 0.0 0.0 0.0 0.0 0.0 0.0
5.725158051154276 6.183967215124995 9.001099618876646 -0.3333655786344662 0.831178053747446 0.4449836333510649 0.9392444183636435 0.2518515639321538 0.2332181646391837 0.0 0.0 0.0 0.0 0.0 0.0
6.082016000420965 6.551260345081019 8.838516523658722 -0.3179911838012426 0.3826268115327915 0.8674550882443042 0.9392444183636435 0.2518515639321538 0.2332181646391837 0.0 0.0 0.0 0.0 0.0 0.0
6.366387849334553 7.005773268765312 8.8736698431006 -0.1818066217128521 -0.2112907535623123 0.9603658520378728 0.9392444183636435 0.2518515639321538 0.2332181646391837 0.0 0.0 0.0 0.0 0.0 0.0
6.609316873108145 7.412122458526803 9.127738588732468 0.023449315608868634 -0.7249354287860791 0.688417572181462 0.9392444183636435 0.2518515639321538 0.2332181646391837 0.0 0.0 0.0 0.0 0.0 0.0
6.85759116911261 7.653222594486381 9.53873214160419 0.2197964658791305 -0.9631650143399917 0.15492794692529466 0.9392444183636435 0.2518515639321538 0.2332181646391837 0.0 0.0 0.0 0.0 0.0 0.0
7.15596807643013 7.674769235121128 9.985041524852345 0.33263926396097 -0.8354721076858519 -0.43742139562493215 0.9392444183636435 0.2518515639321538 0.2332181646391837 0.0 0.0 0.0 0.0 0.0 0.0
7.530170114434062 7.505869982520718 10.331640687204313 0.31910684423212216 -0.3903693789731167 -0.8635870366815138 0.9392444183636435 0.2518515639321538 0.2332181646391837 0.0 0.0 0.0 0.0 0.0 0.0
7.977112567621417 7.247986017700396 10.481385157371927 0.1843403991975687 0.20304120343947177 -0.9616615240975022 0.9392444183636435 0.2518515639321538 0.2332181646391837 0.0 0.0 0.0 0.0 0.0 0.0
8.466075420606138 7.0363853015928015 10.411918852862792 -0.02046004549925914 0.7193130379975132 -0.6943847203855763 0.9392444183636435 0.2518515639321538 0.2332181646391837 0.0 0.0 0.0 0.0 0.0 0.0
8.950374405575525 6.988752015129958 10.184167529492917 -0.2174873768371996 0.9623058231476378 -0.163299551905753 0.9392444183636435 0.2518515639321538 0.2332181646391837 0.0 0.0 0.0 0.0 0.0 0.0
9.385097136151623 7.160476371332614 9.919192068127899 -0.3318876175196571 0.8397025371885959 0.4298258465659771 0.9392444183636435 0.2518515639321538 0.2332181646391837 0.0 0.0 0.0 0.0 0.0 0.0
9.744166073871256 7.523610947308688 9.752195422012086 -0.32019820344134026 0.3980822182738567 0.8596532196223671 0.9392444183636435 0.2518515639321538 0.2332181646391837 0.0 0.0 0.0 0.0 0.0 0.0
10.030245821041385 7.977488377465963 9.781156754358218 -0.18686013844718277 -0.19477619094288312 0.9628839619088476 0.9392444183636435 0.2518515639321538 0.2332181646391837 0.0 0.0 0.0 0.0 0.0 0.0
10.273730793772916 8.386966568769166 10.029607516118658 0.01746921727797132 -0.7136358687361699 0.7002989885048135 0.9392444183636435 0.2518515639321538 0.2332181646391837 0.0 0.0 0.0 0.0 0.0 0.0
10.52119787513263 8.633771441339373 10.437691454343708 0.21516172528948665 -0.9613733486411324 0.17165872099309396 0.9392444183636435 0.2518515639321538 0.2332181646391837 0.0 0.0 0.0 0.0 0.0 0.0
10.817711078542155 8.661431228837179 10.884905003420386 0.3311106965513157 -0.8438690200920922 -0.42219756460466745 0.9392444183636435 0.2518515639321538 0.2332181646391837 0.0 0.0 0.0 0.0 0.0 0.0
11.189700975648966 8.496731046652615 11.235878604360964 0.3212651783176692 -0.405764742072437 -0.8556539366422633 0.9392444183636435 0.2518515639321538 0.2332181646391837 0.0 0.0 0.0 0.0 0.0 0.0
10.628343091538712 3.1203664792609476 9.362279629733505 -0.038414459388505115 0.9295237031065293 -0.36675606971529945 0.5478990229416907 0.3265298767669418 0.7701849779358896 0.0 0.0 0.0 0.0 0.0 0.0
11.13152095072341 3.293290048053038 9.437076578206497 -0.5211264121882314 0.8534331168764325 0.008898176127660543 0.5478990229416907 0.3265298767669418 0.7701849779358896 0.0 0.0 0.0 0.0 0.0 0.0
11.515908027852534 3.6607537226904223 9.513901866207773 -0.805853728228669 0.4531090209041789 0.3811718560901509 0.5478990229416907 0.3265298767669418 0.7701849779358896 0.0 0.0 0.0 0.0 0.0 0.0
11.71660072227571 4.13150361290001 9.677615290798386 -0.784423739759192 -0.11935876768841344 0.6086319750704088 0.5478990229416907 0.3265298767669418 0.7701849779358896 0.0 0.0 0.0 0.0 0.0 0.0
11.738484000538849 4.575045668259396 9.980066393256932 -0.46497805768965517 -0.6464801648640012 0.6048626309374464 0.5478990229416907 0.3265298767669418 0.7701849779358896 0.0 0.0 0.0 0.0 0.0 0.0
11.654375515921076 4.871222549696505 10.420395951469699 0.03112056251473544 -0.9279929388357949 0.37129586054744945 0.5478990229416907 0.3265298767669418 0.7701849779358896 0.0 0.0 0.0 0.0 0.0 0.0
11.577360964507747 4.955863411526654 10.945362412777099 0.5153959607117196 -0.8569456801293239 -0.003332415000267614 0.5478990229416907 0.3265298767669418 0.7701849779358896 0.0 0.0 0.0 0.0 0.0 0.0
11.617830938555612 4.845163478607491 11.469569249980331 0.8038638164733811 -0.46033043017399694 -0.3766946503743755 0.5478990229416907 0.3265298767669418 0.7701849779358896 0.0 0.0 0.0 0.0 0.0 0.0
11.841541694862196 4.629531209645847 11.907908529778013 0.7869303684705121 0.11117204651879697 -0.6069442900725619 0.5478990229416907 0.3265298767669418 0.7701849779358896 0.0 0.0 0.0 0.0 0.0 0.0
12.24463325342243 4.439240612186197 12.207894839556124 0.4710289167115555 0.6404384040416021 -0.6066056464047987 0.5478990229416907 0.3265298767669418 0.7701849779358896 0.0 0.0 0.0 0.0 0.0 0.0
12.755095868368011 4.394937969079252 12.369605373149387 -0.02382429568964292 0.9263915043098967 -0.37580737576228956 0.5478990229416907 0.3265298767669418 0.7701849779358896 0.0 0.0 0.0 0.0 0.0 0.0
13.260127734361506 4.561806298528699 12.44565060361284 -0.5096262598373638 0.8603929836508726 -0.002233599903430848 0.5478990229416907 0.3265298767669418 0.7701849779358896 0.0 0.0 0.0 0.0 0.0 0.0
13.64899027838966 4.924801235673667 12.521186684908026 -0.8018126873761844 0.4675167834993148 0.37218875790254 0.5478990229416907 0.3265298767669418 0.7701849779358896 0.0 0.0 0.0 0.0 0.0 0.0
13.85507959510134 5.39436663832774 12.681563205278033 -0.7893770693875496 -0.10297685916741864 0.6052103839171442 0.5478990229416907 0.3265298767669418 0.7701849779358896 0.0 0.0 0.0 0.0 0.0 0.0
13.881230384008344 5.840458462694428 12.979897451704923 -0.47704390505778677 -0.6343478713551779 0.6083024665036068 0.5478990229416907 0.3265298767669418 0.7701849779358896 0.0 0.0 0.0 0.0 0.0 0.0
13.798638999747217 6.141950669825919 13.416894264511576 0.01652621455219307 -0.9247195214842755 0.3802902717904666 0.5478990229416907 0.3265298767669418 0.7701849779358896 0.0 0.0 0.0 0.0 0.0 0.0
13.719814766613261 6.232653032938728 13.940578256738718 0.503817748950222 -0.8637747649155701 0.007799444709847481 0.5478990229416907 0.3265298767669418 0.7701849779358896 0.0 0.0 0.0 0.0 0.0 0.0
13.755835805205157 6.126457911210322 14.466040132632877 0.7997004971384989 -0.47466753361150504 -0.3676545218158045 0.5478990229416907 0.3265298767669418 0.7701849779358896 0.0 0.0 0.0 0.0 0.0 0.0
13.974148597282385 5.912062310259738 14.907695148710859 0.7917636561845544 0.09477382972952299 -0.6034303886478255 0.5478990229416907 0.3265298767669418 0.7701849779358896 0.0 0.0 0.0 0.0 0.0 0.0
14.372943939699763 5.719270406778061 15.211798188709604 0.4830225646636962 0.6282090306223717 -0.6099529620144533 0.5478990229416907 0.3265298767669418 0.7701849779358896 0.0 0.0 0.0 0.0 0.0 0.0
3.400100941900981 6.402863867766016 10.6918247016722 -0.454576298624815 0.27066925085500315 0.8485862038532999 0.775724673805302 0.5885101098187634 0.2278312557371467 0.0 0.0 0.0 0.0 0.0 0.0
3.4966339676253364 6.931124503719515 10.709351183488776 -0.11155023540310004 -0.22746617460746818 0.9673756686990622 0.775724673805302 0.5885101098187634 0.2278312557371467 0.0 0.0 0.0 0.0 0.0 0.0
3.5677391136796217 7.407534218014007 10.947390979423824 0.2738556272687313 -0.63918339730493 0.7186429433473746 0.775724673805302 0.5885101098187634 0.2278312557371467 0.0 0.0 0.0 0.0 0.0 0.0
3.7012696585866944 7.738242056780906 11.349245456907036 0.5552191585192511 -0.8080641607897369 0.19688574874874276 0.775724673805302 0.5885101098187634 0.2278312557371467 0.0 0.0 0.0 0.0 0.0 0.0
3.961362428148226 7.884751644670009 11.795980047012545 0.6256456486790057 -0.6699478394782178 -0.3996716335537137 0.775724673805302 0.5885101098187634 0.2278312557371467 0.0 0.0 0.0 0.0 0.0 0.0
4.364071143012105 7.878546601470114 12.151609475673798 0.4583788966681809 -0.27730713301836796 -0.8443870801157453 0.775724673805302 0.5885101098187634 0.2278312557371467 0.0 0.0 0.0 0.0 0.0 0.0
4.871267341794409 7.809129388573201 12.314760842853989 0.11696633812664871 0.22068718960317904 -0.9683057575426746 0.775724673805302 0.5885101098187634 0.2278312557371467 0.0 0.0 0.0 0.0 0.0 0.0
5.405126021033034 7.7900178274902645 12.257186882134544 -0.26888368784208466 0.6348387592014311 -0.7243488884702093 0.775724673805302 0.5885101098187634 0.2278312557371467 0.0 0.0 0.0 0.0 0.0 0.0
5.877692655167618 7.915617781542524 12.034497569496645 -0.552580305304084 0.8078044702410226 -0.20519976620031993 0.775724673805302 0.5885101098187634 0.2278312557371467 0.0 0.0 0.0 0.0 0.0 0.0
6.224298591321172 8.22535679000383 11.765032963696763 -0.6263424261310333 0.6738717572655392 0.3919081780062073 0.775724673805302 0.5885101098187634 0.2278312557371467 0.0 0.0 0.0 0.0 0.0 0.0
6.428129751730264 8.68870488673722 11.584903839404804 -0.4621465873838801 0.2839238971699145 0.8401236530328622 0.775724673805302 0.5885101098187634 0.2278312557371467 0.0 0.0 0.0 0.0 0.0 0.0
6.526614583003738 9.216773444764168 11.596280928256213 -0.12237353341069618 -0.2138913984149771 0.9691621061539015 0.775724673805302 0.5885101098187634 0.2278312557371467 0.0 0.0 0.0 0.0 0.0 0.0
6.597204363485756 9.696085451792323 11.828578549700135 0.2638912718815825 -0.6304457756685413 0.729999671620756 0.775724673805302 0.5885101098187634 0.2278312557371467 0.0 0.0 0.0 0.0 0.0 0.0
6.72794816769653 10.031687324419828 12.22727961925948 0.5498993709592654 -0.807483262254358 0.21349815689523757 0.775724673805302 0.5885101098187634 0.2278312557371467 0.0 0.0 0.0 0.0 0.0 0.0
6.984041550820078 10.183223362008954 12.674647600400824 0.6269915051823267 -0.6777443571095448 -0.38411487713361175 0.775724673805302 0.5885101098187634 0.2278312557371467 0.0 0.0 0.0 0.0 0.0 0.0
7.383057667278253 10.180267552069704 13.03445658321337 0.46587908384767596 -0.29051903941743623 -0.83579624728113 0.775724673805302 0.5885101098187634 0.2278312557371467 0.0 0.0 0.0 0.0 0.0 0.0
7.8882709355584115 10.111087917954055 13.203745785159814 0.1277714094763851 0.20707931856867096 -0.9699446493184817 0.775724673805302 0.5885101098187634 0.2278312557371467 0.0 0.0 0.0 0.0 0.0 0.0
8.422609700649048 10.089112021021894 13.15193607377476 -0.258878759579031 0.6260047812489637 -0.7355948624700005 0.775724673805302 0.5885101098187634 0.2278312557371467 0.0 0.0 0.0 0.0 0.0 0.0
8.89793704434801 10.209833933672703 12.932447490344144 -0.5471765596483273 0.8071005612909735 -0.2217802888789161 0.775724673805302 0.5885101098187634 0.2278312557371467 0.0 0.0 0.0 0.0 0.0 0.0
9.248535474058203 10.514534444665244 12.662404083085251 -0.6275928364030052 0.6815653440967621 0.376292324425961 0.775724673805302 0.5885101098187634 0.2278312557371467 0.0 0.0 0.0 0.0 0.0 0.0
4.390898653989436 6.938008671643522 12.99429227248599 0.5886173449239399 0.7825434996865799 -0.20286767202531653 0.000865241634176693 0.2503359787267863 0.9681586384016911 0.0 0.0 0.0 0.0 0.0 0.0
4.742741596982388 6.9242136331969055 13.400126404242641 0.002774505018543535 0.9681546734482646 -0.25033743308220263 0.000865241634176693 0.2503359787267863 0.9681586384016911 0.0 0.0 0.0 0.0 0.0 0.0
5.095216988481617 7.13110948302585 13.748896110251325 -0.5841224157306477 0.7859477000840124 -0.20269981789247768 0.000865241634176693 0.2503359787267863 0.9681586384016911 0.0 0.0 0.0 0.0 0.0 0.0
5.3145416569356065 7.517162135818825 14.05146038639346 -0.9491014647377737 0.3051460551130432 -0.07805315292517083 0.000865241634176693 0.2503359787267863 0.9681586384016911 0.0 0.0 0.0 0.0 0.0 0.0
5.317518616639101 7.972772841476253 14.336232443870356 -0.9535009991607403 -0.29158567796534685 0.07624720981753376 0.000865241634176693 0.2503359787267863 0.9681586384016911 0.0 0.0 0.0 0.0 0.0 0.0
5.103144993581953 8.361916582666725 14.63838505522428 -0.5956495623159693 -0.7775391369321414 0.2015799827651905 0.000865241634176693 0.2503359787267863 0.9681586384016911 0.0 0.0 0.0 0.0 0.0 0.0
4.752993034052739 8.57382025312821 14.986487829992253 -0.011500898017756266 -0.9680924780172934 0.2503291500227666 0.000865241634176693 0.2503359787267863 0.9681586384016911 0.0 0.0 0.0 0.0 0.0 0.0
4.400219444458502 8.56504721276458 15.391653142384534 0.577017149722163 -0.7908513010605868 0.20397408790649676 0.000865241634176693 0.2503359787267863 0.9681586384016911 0.0 0.0 0.0 0.0 0.0 0.0
4.178976932299302 8.375999593440016 15.843314354533154 0.9463167350703531 -0.31315249250232624 0.08012585952966068 0.000865241634176693 0.2503359787267863 0.9681586384016911 0.0 0.0 0.0 0.0 0.0 0.0
4.173447349675288 8.11556885359619 16.313240258882725 0.956094771193234 0.2835181835880384 -0.07416352251542525 0.000865241634176693 0.2503359787267863 0.9681586384016911 0.0 0.0 0.0 0.0 0.0 0.0
4.385859600228336 7.919766092622172 16.766260585941346 0.6026364186876775 0.7724755615620602 -0.20027694240892827 0.000865241634176693 0.2503359787267863 0.9681586384016911 0.0 0.0 0.0 0.0 0.0 0.0
4.735642841383222 7.900049160212203 17.173627777676128 0.02022641517905757 0.9679565585959989 -0.25030180342936764 0.000865241634176693 0.2503359787267863 0.9681586384016911 0.0 0.0 0.0 0.0 0.0 0.0
5.0900366945146 8.100977955790988 17.523938665443428 -0.5698679416237143 0.7956946756486803 -0.20523282450400399 0.000865241634176693 0.2503359787267863 0.9681586384016911 0.0 0.0 0.0 0.0 0.0 0.0
5.3145291324219315 8.483285377720458 17.82746672440738 -0.9434599397197428 0.3211350821168862 -0.08219246423972745 0.000865241634176693 0.2503359787267863 0.9681586384016911 0.0 0.0 0.0 0.0 0.0 0.0
5.323959847384138 8.938795551723002 18.112259008561697 -0.9586157329072302 -0.2754290982033645 0.07207418737394147 0.000865241634176693 0.2503359787267863 0.9681586384016911 0.0 0.0 0.0 0.0 0.0 0.0
5.114874075867254 9.3315216541237 18.413480605995723 -0.6095773819629008 -0.7673531591872054 0.1989586501880979 0.000865241634176693 0.2503359787267863 0.9681586384016911 0.0 0.0 0.0 0.0 0.0 0.0
4.766835120951548 9.549329579742874 18.760054834000368 -0.028950392020533223 -0.9677469255351712 0.25025539538455477 0.000865241634176693 0.2503359787267863 0.9681586384016911 0.0 0.0 0.0 0.0 0.0 0.0
4.412196923263836 9.546539563236104 19.163674787257218 0.5626753358751775 -0.800477455006566 0.20647593182733412 0.000865241634176693 0.2503359787267863 0.9681586384016911 0.0 0.0 0.0 0.0 0.0 0.0
4.185820586093476 9.36128068567353 19.614360935670884 0.9405312962419692 -0.3290932160516179 0.08425280967542138 0.000865241634176693 0.2503359787267863 0.9681586384016911 0.0 0.0 0.0 0.0 0.0 0.0
4.173838387495331 9.101004999157055 20.08425251470108 0.9610636923217338 0.26731903782649524 -0.06997936350404252 0.000865241634176693 0.2503359787267863 0.9681586384016911 0.0 0.0 0.0 0.0 0.0 0.0
3.439535885680368 0.5628099767973193 3.179215965724847 0.671267691552603 -0.5718467946632881 0.47158342815557314 0.04499576499310397 0.6664951646549286 0.7441502379387411 0.0 0.0 0.0 0.0 0.0 0.0
3.273285458962635 0.5891299757300121 3.6894640969225168 0.9775811991362993 -0.18275502904035537 0.10457341180096506 0.04499576499310397 0.6664951646549286 0.7441502379387411 0.0 0.0 0.0 0.0 0.0 0.0
3.3298746973476576 0.5737909600425608 4.223549740630624 0.9124952648820693 0.275768427616151 -0.30216579207103816 0.04499576499310397 0.6664951646549286 0.7441502379387411 0.0 0.0 0.0 0.0 0.0 0.0
3.5944672600742527 0.6213133661072769 4.688756682528478 0.5007371233918859 0.6295228480190448 -0.5941071595926192 0.04499576499310397 0.6664951646549286 0.7441502379387411 0.0 0.0 0.0 0.0 0.0 0.0
3.9732028658337435 0.8123355251858992 5.018536878703586 -0.10125942315312485 0.744111013398762 -0.660337284242957 0.04499576499310397 0.6664951646549286 0.7441502379387411 0.0 0.0 0.0 0.0 0.0 0.0
4.328856382899348 1.1729778131822555 5.197793170157969 -0.6647858218749904 0.5759989639155888 -0.47569423435875435 0.04499576499310397 0.6664951646549286 0.7441502379387411 0.0 0.0 0.0 0.0 0.0 0.0
4.532971950951032 1.6649190831270035 5.268614945922534 -0.975748972240323 0.18905527785176285 -0.11032699165818771 0.04499576499310397 0.6664951646549286 0.7441502379387411 0.0 0.0 0.0 0.0 0.0 0.0
4.514665510078549 2.199955509606694 5.314287680467173 -0.916008774398711 -0.2697136691036333 0.29695531974225825 0.04499576499310397 0.6664951646549286 0.7441502379387411 0.0 0.0 0.0 0.0 0.0 0.0
4.287554840259624 2.673510696727658 5.42765138949077 -0.5082615283130268 -0.6260138837944864 0.5914193403444371 0.04499576499310397 0.6664951646549286 0.7441502379387411 0.0 0.0 0.0 0.0 0.0 0.0
3.944585939069272 3.004365999340114 5.675829155754919 0.0925827700583677 -0.7444809576378261 0.6611932655456985 0.04499576499310397 0.6664951646549286 0.7441502379387411 0.0 0.0 0.0 0.0 0.0 0.0
3.6227212832268467 3.1655168442339012 6.074725947704685 0.658253326183219 -0.5801072686167172 0.4797688146042635 0.04499576499310397 0.6664951646549286 0.7441502379387411 0.0 0.0 0.0 0.0 0.0 0.0
3.450905493799856 3.1944322189934065 6.582986056039441 0.973842438282345 -0.19534112937180534 0.11607216968784667 0.04499576499310397 0.6664951646549286 0.7441502379387411 0.0 0.0 0.0 0.0 0.0 0.0
3.501077118821322 3.1788195771661916 7.117704819106757 0.9194525263007102 0.26363837085097386 -0.2917222331161713 0.04499576499310397 0.6664951646549286 0.7441502379387411 0.0 0.0 0.0 0.0 0.0 0.0
3.76083797614365 3.223303310269849 7.585925489956189 0.5157472271509724 0.6224572461889653 -0.5886864822237154 0.04499576499310397 0.6664951646549286 0.7441502379387411 0.0 0.0 0.0 0.0 0.0 0.0
4.138163430123051 3.409676192227926 7.919955058659679 -0.08389906642722174 0.7447942067695903 -0.6619988944213555 0.04499576499310397 0.6664951646549286 0.7441502379387411 0.0 0.0 0.0 0.0 0.0 0.0
4.496364089270481 3.765824937054115 8.103081958549994 -0.6516707019521274 0.5841713959033633 -0.48380685859704087 0.04499576499310397 0.6664951646549286 0.7441502379387411 0.0 0.0 0.0 0.0 0.0 0.0
4.7060163914030735 4.255135569957455 8.175925069800112 -0.9718617424523076 0.20161210490855155 -0.12180850837239308 0.04499576499310397 0.6664951646549286 0.7441502379387411 0.0 0.0 0.0 0.0 0.0 0.0
4.69413277876399 4.790403688518432 8.221001927734031 -0.9228262583330265 -0.2575429955156573 0.2864669307125833 0.04499576499310397 0.6664951646549286 0.7441502379387411 0.0 0.0 0.0 0.0 0.0 0.0
4.471890891501124 5.266964873148014 8.331378931537579 -0.5231936498407739 -0.6188532060542062 0.5859087933481792 0.04499576499310397 0.6664951646549286 0.7441502379387411 0.0 0.0 0.0 0.0 0.0 0.0
4.130386995294741 5.602458449985296 8.57531386322049 0.0752089735573388 -0.7450507369389215 0.6627541095181687 0.04499576499310397 0.6664951646549286 0.7441502379387411 0.0 0.0 0.0 0.0 0.0 0.0
