t = 20
b = 13 13 13
E = -1.0330696850409 -1.0330696850409 0
12.4751255995289 11.5098655102598 2.33629116758983 0.42216494884603 -0.291492703546853 -0.85837565188254 0.146906271328699 -0.912377035946057 0.382082048417073 0 0 0 0 0 0
12.3958663003191 11.0814691757519 2.27781094169805 0.906275574488472 -0.0446274372861525 -0.420324844527254 0.111086582518696 -0.934307834020003 0.338716168012642 0 0 0 0 0 0
12.3716644256222 10.5412300254348 2.13940255508734 0.919023604824969 0.285218468449152 0.2721140184372 0.24103795573388 -0.952795558749134 0.184611286555175 0 0 0 0 0 0
12.6041730431619 10.0679634193328 1.93468672319186 0.49173604820319 0.351983046568219 0.796431788558232 0.331929548891872 -0.921365894376077 0.202256429447892 0 0 0 0 0 0
12.963893209016 9.59454635252101 1.87516557527984 -0.0547333573150531 0.338795593871664 0.939266631564312 0.245880424022198 -0.907136768781197 0.341534331814349 0 0 0 0 0 0
13.3310667150403 9.24964168730925 2.08569695843693 -0.671931012368772 0.256934178500194 0.694617551272287 0.212277545680813 -0.831729505735016 0.512995392659152 0 0 0 0 0 0
13.5274610486479 8.98337425810342 2.45987072504439 -0.986810116382399 -0.160608579692986 0.0202652000818415 0.139282651483668 -0.778570798838766 0.611905102275872 0 0 0 0 0 0
13.451815211381 8.91952830007982 2.93391429935057 -0.472679815883764 -0.706547488794665 -0.526654001915911 -0.0386303107768315 -0.580444530018021 0.8133829643295 0 0 0 0 0 0
13.1342421160606 8.66957296668424 3.31099367500211 0.229934251054845 -0.801508066462898 -0.552010017650726 -0.311633981977945 -0.597979801613835 0.738447302208118 0 0 0 0 0 0
12.8394590521819 8.31379050726083 3.54945016905258 0.613792527273047 -0.599424631929641 -0.51375951971694 -0.110503082312434 -0.709593012442523 0.69589282615371 0 0 0 0 0 0
12.6537230170821 7.81598601924909 3.62931204418197 0.983409768658869 -0.178620967852596 0.0316192465076506 -0.145788966043065 -0.674543111639667 0.723696875714943 0 0 0 0 0 0
12.6908617501756 7.30914425067097 3.69055043406779 0.806172476455648 0.266153021859657 0.528439691128838 -0.253965509509922 -0.651005943422643 0.715327045209225 0 0 0 0 0 0
12.7423381417135 6.93074801770832 4.24116693394793 0.634054819207942 0.6341189554151 0.442569357979567 0.0623347175083325 -0.612371572946758 0.788108773989904 0 0 0 0 0 0
12.9930675528399 6.54191985218537 4.59361085206792 0.0426983199081677 0.897435456157463 0.439074544364015 0.0936702494685128 -0.441135457416166 0.892538734495448 0 0 0 0 0 0
13.3417205955336 6.44915382548906 4.99175733545037 -0.590048377023385 0.716364799205071 0.372376673855852 0.179430490086912 -0.33333628553351 0.925576371767286 0 0 0 0 0 0
13.519849301551 6.46240432934433 5.48007158914766 -0.915565014820552 0.386866580992023 0.109886087145671 0.059100028262655 -0.140841403424435 0.988266606610174 0 0 0 0 0 0
13.5085078612716 6.48997722009256 6.00870230819103 -0.969402907440397 0.104264515155851 -0.222231667242588 -0.229865963508848 -0.0678930820888435 0.970851259578225 0 0 0 0 0 0
13.2825534699119 6.80146237319234 6.46457675220701 -0.72230157050272 -0.653174955988126 -0.227250782439168 -0.198432334723344 -0.119041426326535 0.972858544370346 0 0 0 0 0 0
13.043064447117 6.91098181236309 6.83966947626291 -0.0398485663928432 -0.989439070670069 -0.139364332553154 -0.241830803338955 -0.12577858475275 0.962131804990371 0 0 0 0 0 0
12.6500416060142 6.76913825709009 7.11566416972945 0.636209288074902 -0.771086853884846 0.0257450098698149 -0.45206726219064 -0.345536025826764 0.822338157518733 0 0 0 0 0 0
5.49419137250316 13.6537176376888 7.5784363774049 0.277181885755662 -0.652637504019571 -0.705148559210072 0.741742162202762 -0.321147042551388 0.588798048460819 0 0 0 0 0 0
5.62187737819581 13.2301111416562 7.88329523423474 0.692786203713471 -0.035258631709245 -0.720280573689356 0.696597767261981 -0.225650164040983 0.681053268191189 0 0 0 0 0 0
6.04559859458159 12.8457971090252 8.10491229818453 0.659075951005962 0.416433588692041 -0.626260294937062 0.739679463781278 -0.208353230846097 0.639893133309175 0 0 0 0 0 0
6.48834956016452 12.5431353621692 8.137355349579 0.373066135520666 0.922667112259025 -0.0975041459798919 0.699793468633308 -0.210823681832276 0.682526538998189 0 0 0 0 0 0
7.00206632540767 12.5055242855327 8.17012815935542 -0.191866751440366 0.896415588624739 0.399532529542068 0.682138731261814 -0.170878765328928 0.710976229470566 0 0 0 0 0 0
7.46400872230562 12.6628713015491 8.39602492734894 -0.791209229162887 0.108863663594105 0.601777914546836 0.60673529897691 0.0165596293707879 0.7947314361786 0 0 0 0 0 0
7.68102115781228 12.9346278441697 8.72904812047965 -0.66535402056273 -0.559105836925845 0.49467634917839 0.619164114954802 -0.0431020068400641 0.784077812311122 0 0 0 0 0 0
7.78522689897596 13.0049529305574 9.23569027545159 -0.417308459496681 -0.901497800861476 0.114696838118709 0.476287837700235 -0.10947553078991 0.87244770835684 0 0 0 0 0 0
7.69926310273716 12.9285216843789 9.76052700478955 0.19145695031144 -0.927836053184086 -0.320100756933222 0.561658196790508 -0.163887212563331 0.810975370486833 0 0 0 0 0 0
7.65686717651446 12.640641207132 10.21220445428 0.71029210842113 -0.498201491852058 -0.497272957470089 0.54136054649619 -0.0648954901206981 0.838282371316099 0 0 0 0 0 0
7.93685731702393 12.3261208431031 10.5459222451557 0.746169787471638 0.141618186960873 -0.650518975423811 0.637608487330526 0.129099791874713 0.759466036516436 0 0 0 0 0 0
8.35503004146492 12.0609464852097 10.8119161789524 0.344075767237069 0.774004069099369 -0.531535104595963 0.921207566789623 -0.168771611573093 0.350560639571192 0 0 0 0 0 0
8.8660204022553 11.9247164069648 10.7169671448391 -0.122207075642982 0.988455777361885 -0.0895578408778504 0.927988256043746 0.145799249138828 0.342899949832951 0 0 0 0 0 0
9.36319249237232 12.1366365911889 10.620026235524 -0.432101336351546 0.825143291530349 0.363905184856811 0.90153342268003 0.405493461822661 0.151038207781689 0 0 0 0 0 0
9.67374239995031 12.5475841108989 10.4671668456722 -0.417781048497346 0.315326838740543 0.852072755277596 0.775640290703264 0.612159268119791 0.153763356794777 0 0 0 0 0 0
9.80938487038431 13.0659422447957 10.5070550313412 0.0131352552875113 -0.195855335230329 0.980544824437082 0.749403086643079 0.651145002139284 0.120021664372966 0 0 0 0 0 0
9.91194049145481 13.551648629928 10.7126195082017 0.347093471009193 -0.58050556145263 0.736572749635334 0.795000625268698 0.598759749657252 0.0972664793891696 0 0 0 0 0 0
10.2927029248042 13.8740013095616 10.9534359772839 0.563808631531069 -0.819994000229292 0.0986390723751378 0.820946140025821 0.569480395434076 0.0417074860540914 0 0 0 0 0 0
10.6685616785672 14.0226577700261 11.3074367627353 0.461867654232669 -0.625110729964808 -0.629217645379145 0.858324923891216 0.493785701341897 0.139477618912245 0 0 0 0 0 0
11.1237787839619 13.9001769658288 11.5652369599377 0.370761827756621 0.00158879439131083 -0.928726624368523 0.904136442387008 0.227978655805647 0.36133506063599 0 0 0 0 0 0
0.242058606838303 4.08924734390145 -0.26024771982248 -0.767681809961222 -0.188414945207239 0.612506691455054 0.617171731746829 0.0399382192678845 0.785814222430678 0 0 0 0 0 0
0.310580350245893 4.40454938008961 0.150508286875343 -0.410786023011156 -0.706896095688642 0.575806176763356 0.622574029569015 0.243902801714485 0.743581200019221 0 0 0 0 0 0
0.358500962367493 4.54988944491217 0.692518083745999 0.103628128039905 -0.9874746773195 0.118974672647984 0.681409207826906 0.157622013509898 0.714728474559252 0 0 0 0 0 0
0.558306585357257 4.43970783294504 1.20474516954658 0.486877336132332 -0.7835873261004 -0.385929218815455 0.741305331457822 0.137005103031961 0.657035773223506 0 0 0 0 0 0
0.676196385919252 4.25430622481871 1.66381676529888 0.745061719530823 -0.141024046656171 -0.651916599232211 0.666909694677448 0.173189088818309 0.724732363469106 0 0 0 0 0 0
1.03455918069417 3.93656389980449 1.94309514730051 0.490007955167126 0.552476091781633 -0.674286565106131 0.838434427673548 -0.0869971339390532 0.538014134738224 0 0 0 0 0 0
1.51258594492883 3.69227135826899 1.92080907667698 0.286712261316002 0.924619447404567 -0.250748792005739 0.902969232777522 -0.173372480470308 0.393177501483422 0 0 0 0 0 0
2.04637300727706 3.64050918880189 1.95362907058402 -0.0468979469167464 0.974112091061069 0.221147499700146 0.833805671883654 -0.0837376473692201 0.545670328997021 0 0 0 0 0 0
2.55240633998758 3.81445221975688 2.00220056723007 -0.452789240016062 0.629900140274278 0.631037017462622 0.86815031991559 0.150154097864038 0.473042037164876 0 0 0 0 0 0
3.02913411464279 4.0934207020292 2.20102703773098 -0.62105499050822 0.185153615456558 0.761583112633283 0.776946616806502 0.273349899102528 0.567127664017167 0 0 0 0 0 0
3.30986948845688 4.37756335896605 2.5549329460526 -0.697250963633219 -0.332551787397199 0.635020001583789 0.62537468770614 0.150775375010071 0.765619544073308 0 0 0 0 0 0
3.43806507461225 4.67900256148254 2.9788557536464 -0.464957077692564 -0.733981086693224 0.495062299392939 0.625699365751274 0.123180087845868 0.770277203126729 0 0 0 0 0 0
3.49363692055607 4.85110247549495 3.44134966203186 0.117102578641861 -0.993091667327455 0.00747839288895657 0.699009367104487 0.0877696002059504 0.709705855957151 0 0 0 0 0 0
3.6266461961306 4.75562647424892 3.9065294498736 0.317126826370301 -0.853090628559061 -0.414327111665417 0.698380018701179 -0.0855081472558754 0.710600947249445 0 0 0 0 0 0
3.77165756125877 4.44675470542756 4.32156563688287 0.676384894660226 -0.217605443253425 -0.703669912204546 0.705771028524798 -0.081802310510738 0.70370138360682 0 0 0 0 0 0
4.20377514820849 4.12215656672179 4.44671225403222 0.656090533402057 0.311350035316826 -0.687463720852537 0.753751709806606 -0.225120677235863 0.617396987880962 0 0 0 0 0 0
4.66012236399435 3.85405618934273 4.57469801248065 0.372284836115997 0.800943972044902 -0.468927237898398 0.824492460258711 -0.0534086647231243 0.563346871393665 0 0 0 0 0 0
5.18622283264946 3.72816172306551 4.67161510674006 -0.0888044381465045 0.989861252634812 -0.110853381985954 0.826797026398555 0.135319069288707 0.545981159588264 0 0 0 0 0 0
5.7008930362347 3.83685703587935 4.60454601709515 -0.460485270855436 0.698211692145868 0.548136614609897 0.857476277413206 0.19020703759988 0.478075011395773 0 0 0 0 0 0
6.20943337066081 4.03661740329814 4.77502446339816 -0.751670957991447 0.304115123701679 0.585239064355868 0.645670457251067 0.158302019142135 0.747027530529312 0 0 0 0 0 0
3.02166426954926 8.63792582486049 8.88522173036652 -0.026422491334641 0.522915488665967 -0.85197490788456 0.6585829723595 0.650276150477871 0.378694331404377 0 0 0 0 0 0
3.65091435641602 8.46678438081822 8.92558206883812 -0.0962573163295265 0.951943941523616 -0.290752921308659 0.597504968650387 0.288885726221686 0.748019284259082 0 0 0 0 0 0
4.07568489635831 8.77490899479284 8.98532499666084 -0.729797330361863 0.633512104236293 0.257018035131393 0.671248950459179 0.592663181775397 0.445168731466299 0 0 0 0 0 0
4.29976375730283 9.25311073119402 8.88634588018135 -0.640219501812864 0.229953097839739 0.732966958527052 0.607495708486636 0.735548612821551 0.299861972158212 0 0 0 0 0 0
4.38244012318122 9.81122862289678 8.91252036185736 -0.14746785348426 -0.310156447245685 0.939178476340189 0.513946554504776 0.787267843728339 0.340687953036208 0 0 0 0 0 0
4.39237487027203 10.2553262473715 9.22854656779538 0.378655625839345 -0.663387250930302 0.645396988157948 0.596476157569766 0.708106364040357 0.377890950746844 0 0 0 0 0 0
4.39823020135925 10.5645579047237 9.66789449291558 0.741496552224729 -0.661997889240789 0.109277891998249 0.39353212349147 0.561011094918936 0.728284984850128 0 0 0 0 0 0
4.53025959054683 10.6979433961305 10.13194916504 0.916602030781792 -0.26003295989167 -0.303683349785056 0.399383150426802 0.560828202548289 0.725234325154028 0 0 0 0 0 0
4.78392781637164 10.610364574948 10.5974247104831 0.753231585791367 0.250393617930371 -0.608231217766699 0.39923372373742 0.560851709434809 0.725298417104853 0 0 0 0 0 0
5.12291430739317 10.7160348211418 11.0235439988846 0.225255090929622 0.632486642380327 -0.741094320057001 0.374356502504653 0.646067894412395 0.665171770929899 0 0 0 0 0 0
5.6105430622391 10.8892977742606 11.168054374437 -0.498518071505329 0.661007706117049 -0.560846275584036 0.411258477495419 0.749867841113008 0.518232269887418 0 0 0 0 0 0
5.9275431186249 11.3344585681715 11.1431632613616 -0.877865440471493 0.463668114224057 -0.119850524728511 0.318603397316039 0.752278025229948 0.576688519024619 0 0 0 0 0 0
6.08387097102272 11.8445200827093 11.0792574238313 -0.964144559887829 0.0200119097998548 0.264621977743472 0.197919995361501 0.718491325123714 0.666781741770178 0 0 0 0 0 0
5.96984086346569 12.2557890918784 11.2356535386843 -0.644206103455413 -0.392453917883955 0.656489465725329 0.138795560171152 0.784087702101939 0.604931622490739 0 0 0 0 0 0
5.81315824607404 12.7290752701571 11.4704511721759 -0.175701239435955 -0.714226455136374 0.677502505710494 0.0330136028025365 0.683546642775207 0.729159851596849 0 0 0 0 0 0
5.60648582478867 13.0092459650465 11.822652527537 0.389522787995596 -0.741000473529207 0.546982902714179 0.0623492277579621 0.613743055285671 0.787040047193658 0 0 0 0 0 0
5.43333113712632 13.1279402699953 12.2832764965672 0.832075056401429 -0.512380029427186 0.212409524171479 0.156223415247812 0.583941108572112 0.796622260703203 0 0 0 0 0 0
5.37701483207066 13.1578337551599 12.8365775364793 0.932473111512116 0.215192033121469 -0.290148729426758 0.0795551143653674 0.661151417120391 0.746022645378819 0 0 0 0 0 0
5.58784278458547 13.2033182600083 13.328683049937 0.634636399300192 0.437648834560863 -0.636945946129502 0.291331743309631 0.627901759809254 0.721709910815013 0 0 0 0 0 0
6.01610736294644 13.4562821695779 13.7214768384983 0.13028885039468 0.59558932422545 -0.792652617690438 0.15435636205166 0.777534631504854 0.609601517636552 0 0 0 0 0 0
4.74733932048099 1.58402239470865 4.14984818451807 0.719238049719181 0.647819298414026 -0.251051358169019 0.612451489094047 -0.420579862656415 0.669339788623383 0 0 0 0 0 0
5.2074451725303 1.31313027220736 4.15552436225692 0.359034720058009 0.864751271169808 0.351140013104556 0.69556976062194 -0.498772145141654 0.517116094643293 0 0 0 0 0 0
5.70441304904719 1.30992076740999 4.08711062627899 0.0469522687481478 0.58683065017844 0.808347247456532 0.80701061554206 -0.499183748359085 0.315514582510221 0 0 0 0 0 0
6.1894007615445 1.29524921690712 4.22692532466363 -0.46070210662328 0.122167707282992 0.87910671721361 0.719599282537219 -0.528385109976328 0.450539729798853 0 0 0 0 0 0
6.48238990223219 1.35754137715941 4.67123937417309 -0.677836654414162 -0.393691043682201 0.620922565266423 0.719599282537219 -0.528385109976328 0.450539729798853 0 0 0 0 0 0
6.67816123344428 1.36548766311877 5.09051817455256 -0.382004837706472 -0.903045517976177 -0.196420712838515 0.726732724334139 -0.424831490301976 0.539794175801928 0 0 0 0 0 0
6.80410385768318 0.98263351252418 5.51761395071794 0.0329546471670595 -0.634336560607093 -0.772354270466125 0.789373969729295 -0.457469891117068 0.409402045225904 0 0 0 0 0 0
6.99887764297213 0.503247595735428 5.66231162681256 0.34869327452723 -0.0270885453020713 -0.936845350638458 0.661145945938821 -0.701383811047421 0.266358382201981 0 0 0 0 0 0
7.05907265128071 -0.0223347674996675 5.56837099370149 0.797015207237481 0.363011920314127 -0.482689450000768 0.547995699784253 -0.770647022867081 0.325275082298155 0 0 0 0 0 0
7.6353161166143 -0.273905760678494 5.67617661482472 0.641563726859966 0.743902527879057 -0.187096267714511 0.765398512057597 -0.604739550291093 0.220125405289219 0 0 0 0 0 0
8.06565441864677 -0.559706824056203 5.51342890378074 0.384959956185063 0.859644638233489 0.335882312857359 0.873578908920097 -0.456802880659057 0.167901810924008 0 0 0 0 0 0
8.57526642540117 -0.545100998272954 5.3767890556981 -0.030903883294575 0.569171523567853 0.82163783186801 0.871302269876691 -0.387459961295805 0.301176248898182 0 0 0 0 0 0
9.10424986985884 -0.61917148469293 5.3141094210515 -0.406767315820625 0.18592150051571 0.894412402880276 0.820325654996804 -0.356504756754515 0.447180252432358 0 0 0 0 0 0
9.48924364099019 -0.453376351898488 5.65022974511729 -0.605991773633832 -0.493584209845035 0.623817760311274 0.795407529519193 -0.385883153659908 0.467355382664689 0 0 0 0 0 0
9.85529283987515 -0.393178468080978 6.00693807274077 -0.605499468480858 -0.783366769102103 0.140381262054203 0.741873837684473 -0.491734009863653 0.455873746231043 0 0 0 0 0 0
9.93178346158107 -0.63409720823037 6.42471854898434 -0.0435758853670747 -0.729691456699438 -0.682386635445279 0.714860040497181 -0.499923081150051 0.488929478998565 0 0 0 0 0 0
10.2598055332726 -1.06472611798786 6.69189235743805 -0.0527823605780146 -0.340721182046156 -0.938681574612437 0.635846695734861 -0.736279105004429 0.231499587595611 0 0 0 0 0 0
10.3466761484652 -1.55801084008457 6.83608200374862 0.1792293122464 0.105098045986019 -0.978177516794167 0.772261904904941 -0.631014720903991 0.0737019147312448 0 0 0 0 0 0
10.5360290346294 -2.04760975625215 6.72152421087899 0.605660570346515 0.591557728548485 -0.532198015142946 0.784282822102317 -0.556792509976515 0.273646771932868 0 0 0 0 0 0
10.8634422668613 -2.40236306958371 6.48565186371189 0.513143955731297 0.857614754670264 -0.0343542321745089 0.847130486437805 -0.499621773253544 0.180964147384592 0 0 0 0 0 0
27.0433685979741 9.89523788179195 25.0682993175939 -0.485862772884125 0.628761311778596 0.607121551862398 0.725302170314896 -0.0975650560715959 0.681482077218652 0 0 0 0 0 0
27.3689826797455 10.2769153888127 25.2606085802542 -0.528155489959269 -0.164278907404822 0.833105166835354 0.835841342495875 0.0724284527954046 0.544172187271968 0 0 0 0 0 0
27.6436158813156 10.6005713572196 25.5632610119813 -0.357571907762659 -0.751145942993166 0.554907292350606 0.821788082870007 0.0291809902182089 0.569045531273837 0 0 0 0 0 0
27.8132294388453 10.7662947420311 26.0453938805425 -0.0016219676497015 -0.999798084246725 0.020028977945018 0.896129340950705 0.00743548057775345 0.443730681738183 0 0 0 0 0 0
28.2328794273381 10.7934187190046 26.2851315235229 -0.104677840633377 -0.899721031720617 -0.423727052192708 0.953593903232349 -0.211754676384021 0.214052855032563 0 0 0 0 0 0
28.5712285052789 10.6281516330859 26.5579656062839 -0.0379422827822342 -0.420975858427976 -0.906277942906094 0.899582979095568 -0.409278371235562 0.15245221730204 0 0 0 0 0 0
28.7636126172153 10.1354540547659 26.6524248668699 0.186834679921069 0.219225635119568 -0.957618359935321 0.877643117579408 -0.475230572599641 0.0624376571638871 0 0 0 0 0 0
29.0010512111119 9.7301090764482 26.5660785134137 0.339885893359689 0.66822178538228 -0.661783367149405 0.88208047754998 -0.470578751476718 -0.0221284835407711 0 0 0 0 0 0
29.4163399259119 9.45865058545265 26.3758437486681 0.21744637811446 0.970168214220342 -0.107194723570781 0.975465549754161 -0.219868355174932 -0.0111744187983708 0 0 0 0 0 0
29.8685860618347 9.39338249497434 26.0931803250941 0.143302270224662 0.892416790130897 0.427851296645138 0.949753514638198 -0.245559304209355 0.194084748366807 0 0 0 0 0 0
30.3536198724724 9.53158804993671 25.907906124963 0.0223598048571509 0.33903780114851 0.940506995465283 0.977225270884717 -0.205979986119162 0.0510197536513208 0 0 0 0 0 0
30.8245519455178 9.57764713484932 26.0315117461494 -0.290175846709222 -0.156812461506112 0.944038044732827 0.907305276359992 -0.358759061063293 0.219292205958857 0 0 0 0 0 0
31.3224848790664 9.67056852857516 26.3849441421162 -0.562277939586084 -0.662866967077618 0.494419763573574 0.812215909614166 -0.330328673689882 0.480820427506899 0 0 0 0 0 0
31.5943429675975 9.67169774534258 26.8619209223872 -0.414436261667624 -0.909879493438425 0.019023470640199 0.737687798732888 -0.323617192877265 0.592527319264576 0 0 0 0 0 0
31.7130989851489 9.47744924810787 27.3485929184336 0.0902464391170307 -0.954130615642797 -0.285465144141616 0.717429736554277 -0.136524330941395 0.683122009723493 0 0 0 0 0 0
31.8334263358936 9.19086789717757 27.8148801707188 0.465782571891297 -0.50845719780698 -0.724236062151425 0.570450797974707 -0.453146681705305 0.685013847998339 0 0 0 0 0 0
32.0507098461569 8.85252557887436 28.2106679096753 0.370135937465478 -0.259805499208482 -0.89190834191501 0.719310837995127 -0.527410506269315 0.452139443335232 0 0 0 0 0 0
32.2313998913795 8.34668823690851 28.2235050880548 0.736641445970003 0.467355975380017 -0.488812614767475 0.669441827144674 -0.606469277877033 0.429001928970618 0 0 0 0 0 0
32.5673521050035 7.99567704044587 28.3059075769075 0.420816974630951 0.898923307280284 0.121860418063988 0.643371243500644 -0.390452079272477 0.658498759929155 0 0 0 0 0 0
33.0626755873409 7.86921961246479 28.4587278084012 -0.154819168052324 0.878749081821513 0.451476551330668 0.837241568295338 -0.125894270499482 0.532143955122829 0 0 0 0 0 0
11.2597771426833 12.666285607539 2.97756862002052 -0.929042167165953 0.279592201694161 -0.242299096943017 0.11866290165611 0.845491450220055 0.520637420260338 0 0 0 0 0 0
11.2412673711728 13.2080272397819 2.98287546552213 -0.941826210888028 -0.156136842462323 0.297631777386413 0.0121309734780167 0.869175716985948 0.494354541280283 0 0 0 0 0 0
10.9961286132053 13.678336400507 3.06890676679397 -0.498577962477137 -0.602120245019436 0.623595402380326 -0.0930733327342358 0.752410786574544 0.652085395465976 0 0 0 0 0 0
10.7374398617798 14.042091877177 3.46399740845562 -0.154969727279671 -0.900779426552207 0.405685602809789 -0.0456182715388953 0.41673321385188 0.907883473676269 0 0 0 0 0 0
10.4838909367493 14.0263567385417 3.89432802796663 0.441962397260918 -0.84777555628795 0.293165218892078 -0.151516829782508 0.251568470951656 0.955905829418204 0 0 0 0 0 0
10.3081473031081 13.9398743170187 4.39464799370899 0.802531450526674 -0.596521305475886 -0.0102763334365041 0.178786487577345 0.224026539718721 0.958043580095087 0 0 0 0 0 0
10.3967755806929 13.7005186280339 4.86876754588467 0.927161960177675 0.152371631769579 -0.342277059458224 0.27667647184254 0.337547307388697 0.899728817590837 0 0 0 0 0 0
10.7377446792117 13.5460783704183 5.30473491415147 0.65784989059883 0.670488747305371 -0.343042797878022 0.259023524151213 0.226276445892058 0.938991897713045 0 0 0 0 0 0
11.1191698452537 13.5774050777587 5.6792550224737 -0.00502725846387036 0.914377549746605 -0.404831351542507 0.350279570125047 0.380797672185587 0.855743744126155 0 0 0 0 0 0
11.5582891456089 13.797186183396 5.8831540681023 -0.532209946453099 0.839323122695055 -0.110856973645369 0.476267533492906 0.405077787512272 0.780436558987819 0 0 0 0 0 0
11.8656036033059 14.0413050975372 6.11567690011621 -0.889291919824939 0.404188538434877 0.21398950145265 0.397770733336139 0.452663027888632 0.798044251206614 0 0 0 0 0 0
12.1311564873582 14.4875779249129 6.28802159743512 -0.783162383402651 -0.390018170119775 0.484295889100353 0.297087354589573 0.449507302950329 0.842426429035373 0 0 0 0 0 0
11.8864596675825 14.8280329604723 6.62402596834761 -0.126272437684731 -0.865109163250147 0.48542909589536 -0.0221593380324337 0.491683807762824 0.87049181324227 0 0 0 0 0 0
11.7324888046438 14.9360519409009 7.12630131218793 0.432298485351513 -0.888470014522712 0.154074828757979 0.0599890638847707 0.198823597770521 0.97819757165095 0 0 0 0 0 0
11.5419020182341 14.838547920636 7.59996803524553 0.938701090935093 -0.344574560743822 -0.0104227618925764 0.0490378271989485 0.103541387330501 0.993415558874171 0 0 0 0 0 0
11.5467368512433 14.6109400480111 8.03824445762398 0.917778167460821 0.362694169021636 -0.161666864539283 0.0673694537028994 0.259005062975198 0.96352360327134 0 0 0 0 0 0
11.8540638707708 14.542570426498 8.52879807006548 0.453859244957851 0.883174341023004 -0.118384412508039 0.0794193688626696 0.0922343554256778 0.992565054557466 0 0 0 0 0 0
12.131667505249 14.6673729315719 8.87102136785724 -0.226060468775269 0.974095692019226 0.00585211471960512 0.179262360327114 0.0356952671876668 0.983153525178216 0 0 0 0 0 0
12.5178331546605 14.9308499053794 9.20356876804997 -0.814487398596568 0.49385248425743 0.304499591658446 0.395519083144815 0.0886522699570418 0.914169256702362 0 0 0 0 0 0
12.6722830679594 15.2628246546908 9.59679019704382 -0.932833743254298 -0.160525401656479 0.322572166916492 0.31741095898895 0.057536796832106 0.946540965898474 0 0 0 0 0 0
0.786731874961503 2.56725642984395 12.6480575211657 0.591664900760629 -0.489781641131326 0.640348802777534 0.672680614802205 0.737711989638781 -0.0572870911507778 0 0 0 0 0 0
1.02581434111644 2.9386844643797 12.9539429435979 0.772016539341868 -0.584813232480913 -0.248965752861375 0.568586460772026 0.810499452164246 -0.140712738116344 0 0 0 0 0 0
1.41330656714864 3.29607536761963 13.0879985864623 0.217063661277522 -0.577380546903325 -0.787092796949899 0.717993766123715 0.640707541130268 -0.271990438336149 0 0 0 0 0 0
1.89625193313866 3.34936772217138 13.016387737271 -0.270250009662595 -0.0923158856572438 -0.958354167065958 0.881106847765103 0.37751991349249 -0.284832297568353 0 0 0 0 0 0
2.37280294225011 3.2595653592588 12.8720961146074 -0.561932668703099 0.324517528012781 -0.760867958227107 0.812788668537521 0.387471025461563 -0.435018142983448 0 0 0 0 0 0
2.7022189642533 3.15418264662177 12.501625134331 -0.396057833792211 0.896864827189687 -0.196905241275684 0.871111456236231 0.299187483532548 -0.389424807262525 0 0 0 0 0 0
2.96697558389424 3.35557721309226 12.1335644291545 -0.0856312605095425 0.811224064690244 0.578431330488751 0.939801627121628 0.258535336983773 -0.223455546340271 0 0 0 0 0 0
3.28253516464345 3.65509218615358 11.9479036553208 -0.0384925791438422 0.121882091646851 0.991797901332043 0.939018781486571 0.343816813232761 -0.00580749119200726 0 0 0 0 0 0
3.53727714198154 4.08295400389056 12.0642823103726 0.188684730190442 -0.444672497728236 0.875593765599717 0.885767206955433 0.462060216604994 0.0437814037385348 0 0 0 0 0 0
3.86845387493365 4.41494737638536 12.247930711457 0.229775536882028 -0.836442474024151 0.497561242762067 0.844306983287769 0.425608939792026 0.325580632625183 0 0 0 0 0 0
4.33753308960036 4.57444440526196 12.4614610966979 0.243548751823376 -0.967089608477886 -0.0736321577801809 0.936683410904593 0.214836879271231 0.276530835606332 0 0 0 0 0 0
4.75750033365509 4.43651402413444 12.7328575663829 0.307196371266419 -0.577369693239543 -0.756488352064472 0.951297357956891 0.20782983021674 0.227684207656834 0 0 0 0 0 0
5.21086050052019 4.22346882519861 12.9271805048868 0.0704117721903261 0.0602701282199967 -0.995695582987774 0.989782227551424 0.119849335439512 0.0772481638490403 0 0 0 0 0 0
5.67701157416336 4.08592983722599 13.0068133130024 -0.102473122790848 0.547717869640439 -0.830364013178576 0.968617910846438 0.244971476284532 0.0420513804108536 0 0 0 0 0 0
6.12253311565372 3.96237933573887 12.7330781640561 -0.135439272197836 0.990130270487381 0.0360312504793446 0.978043930878547 0.139422560469482 -0.154891636003284 0 0 0 0 0 0
6.46161439378756 4.19382275494606 12.3316001662347 -0.0481169213648434 0.832233170756035 0.552333876719259 0.955281729082185 0.199863246412469 -0.217925447837604 0 0 0 0 0 0
6.93345099833978 4.45398217609333 12.0975464722038 -0.158213868743283 0.527632336901083 0.834609183266986 0.946797940619441 0.320974173226873 -0.0234358648253169 0 0 0 0 0 0
7.21189903084559 4.87588661578288 12.0756415821248 -0.0654885429262961 0.0362465439857337 0.997194784781028 0.967581657385164 0.246590138210379 0.0545805828950719 0 0 0 0 0 0
7.50736964644577 5.32970966109516 12.1673846098717 0.305980372433604 -0.725240408047 0.616767672808177 0.935456836411146 0.349411136284943 -0.0532199685429908 0 0 0 0 0 0
7.88688670046333 5.60145495722256 12.433479333346 0.319194415031907 -0.901368429097245 -0.292660008267622 0.900127514222271 0.38495932019074 -0.203903849738837 0 0 0 0 0 0
0.517733191783959 7.18297001228492 7.83928935162509 -0.108300120672272 0.867483099796548 0.485534916797695 0.914940031031164 0.277987731592563 -0.292587697452771 0 0 0 0 0 0
0.837970163135154 7.55311167529191 7.6176397777374 0.261152717260008 0.231997118764053 0.937004052900996 0.917235084264601 0.242837850697145 -0.315768235360844 0 0 0 0 0 0
1.17642896251329 7.90181667951398 7.48596442527275 0.295135644253667 -0.497357696167709 0.815800388302017 0.94475436125229 0.024479489385606 -0.326863811845541 0 0 0 0 0 0
1.7365596148863 7.95157779000434 7.54240459458472 0.087806170915785 -0.935743895708618 0.341574937595202 0.964097981028233 -0.00643734980564664 -0.26546872415553 0 0 0 0 0 0
2.24723829648879 7.96196207858433 7.69011174402551 -0.0930905285755949 -0.966668437769874 -0.238508458778861 0.960155505313554 -0.0237595827573914 -0.2784544627821 0 0 0 0 0 0
2.75038036255922 7.83179941162449 7.78419841916553 -0.260239914639273 -0.689612822167055 -0.67580273921562 0.948921650660914 -0.0533552376869925 -0.310967714591613 0 0 0 0 0 0
3.16586883724257 7.49387588951945 7.82735073928598 -0.281296678634093 -0.0714261975809857 -0.956958973461532 0.95809631089952 0.0352854509277485 -0.28426465836181 0 0 0 0 0 0
3.57348958497765 7.26505851404522 7.56433302464858 -0.191682701258814 0.7955160809964 -0.57481467179801 0.973317523960014 0.0788076745345035 -0.215504867663846 0 0 0 0 0 0
3.92867087384034 7.13672973958097 7.20016745493048 -0.0835984337055362 0.994482850869608 -0.0633652997170982 0.985205961875876 0.0729374878004281 -0.155078481929611 0 0 0 0 0 0
4.30395492344808 7.25102582287116 6.95147316805095 -0.0762565749432197 0.8121565818614 0.578434630115742 0.995879275202176 0.0334788980767428 0.0842830505282944 0 0 0 0 0 0
4.66662617528352 7.46195510853499 6.79386690215184 -0.0618321919198422 0.22797779532922 0.971701036779943 0.988017472263968 0.151921568122896 0.0272270387703198 0 0 0 0 0 0
5.02175913510319 7.86601461977465 6.78327733771769 0.0718552747680319 -0.323227700364977 0.943589250259232 0.906358352107414 0.416066915073806 0.0735041478156126 0 0 0 0 0 0
5.3051609445043 8.27157937777643 6.99276658234254 0.197996426302565 -0.724240196739428 0.66051007002032 0.933059929966386 0.345720411816082 0.0993809033207167 0 0 0 0 0 0
5.76969304695339 8.44295967300551 7.21576971776821 -0.0113900907427001 -0.968043326524304 0.250524218000243 0.986932065950332 0.0293895160869407 0.158434066864377 0 0 0 0 0 0
6.22230807116541 8.36840910693706 7.49968268494425 0.0205443729379376 -0.863850798987602 -0.50332864594524 0.994041386435676 -0.0362549883445001 0.102797363162578 0 0 0 0 0 0
6.73130108669958 8.20903599994871 7.7535917790668 -0.0212825618200716 -0.395310887641332 -0.918300797492084 0.996941369591386 -0.0774783093247303 0.0102477890997088 0 0 0 0 0 0
7.14981018345948 7.87244803312542 7.76920519116456 -0.107650727157148 0.137765546849072 -0.984597366969826 0.993439444936869 -0.0235376965773952 -0.111910884561585 0 0 0 0 0 0
7.55010851886032 7.58006641707858 7.56193885190148 -0.238268337276759 0.735558629622243 -0.634177973316337 0.953710194000767 0.0538452122920479 -0.295867468594036 0 0 0 0 0 0
7.95092521830572 7.59957573522963 7.18475534030099 -0.31714639577078 0.936858490776248 0.147357836269587 0.817957964773078 0.348846412731311 -0.457439556869299 0 0 0 0 0 0
8.17160481870476 7.94396489861354 6.87260639036425 -0.0536123892872923 0.728989660848192 0.682422000005382 0.681015404720475 0.526504790012842 -0.508930962535138 0 0 0 0 0 0
13.2416255475099 2.51933821427311 6.25554424006162 0.832314645539803 -0.429365291016279 0.350567793287487 -0.143447178157835 0.444058254956796 0.884440599069988 0 0 0 0 0 0
13.1526135490652 2.40221252240875 6.77230679535809 0.977445457727666 0.207724218965687 -0.038092335484295 -0.072938001224346 0.501316300901428 0.862184443392426 0 0 0 0 0 0
13.285784209876 2.33603655001845 7.28861234238984 0.479281328925345 0.792778702325052 -0.376551904633826 -0.174815903921786 0.506675267036432 0.844227204909656 0 0 0 0 0 0
13.5692058384986 2.54113342813034 7.69640218181212 -0.252384065469481 0.813132617629134 -0.524516567559775 -0.00496481785186772 0.54096941361165 0.841027611984509 0 0 0 0 0 0
13.5081549035346 2.98906186250384 7.96853490217707 -0.546283939525726 0.45732718310373 -0.701730507396295 -0.341007367039247 0.643779142328901 0.685027292541856 0 0 0 0 0 0
13.4461884487266 3.53368508109578 8.07737389865648 -0.883726226264968 -0.0745563906473442 -0.462027381899729 -0.337180038142627 0.786065801268399 0.51808317667572 0 0 0 0 0 0
13.4727745543208 4.03131735818265 7.98998080282201 -0.924478056687355 -0.352603421308455 0.14495223346035 -0.267039885638235 0.870284029882542 0.413878492808845 0 0 0 0 0 0
13.3269909388753 4.49291695708823 7.85551375214487 -0.328321689697249 -0.457518858092443 0.826366360982906 -0.258548138867516 0.884981295704661 0.387247938846733 0 0 0 0 0 0
12.9631199893302 4.83202583474613 8.15088267884835 0.174156422043265 -0.511633681745927 0.84136824064389 -0.480721540251673 0.701518808452051 0.526097103324162 0 0 0 0 0 0
12.64610952891 5.14367555412517 8.51575632662383 0.56704031829456 -0.3865861254297 0.727335166930389 -0.309713092518808 0.718154390456838 0.623162957652333 0 0 0 0 0 0
12.3214958031995 5.17595091838704 8.94268645212502 0.941556832154236 0.072055862355492 0.329057266328956 -0.299990488903906 0.623693792557943 0.721811443309044 0 0 0 0 0 0
12.2036036002598 5.2141844656949 9.46549112546359 0.925620024242551 0.373277016451703 -0.0623846111644133 -0.187290527037016 0.595047050624157 0.781563347417015 0 0 0 0 0 0
12.2913606217644 5.35019308519573 9.9778244766291 0.679029219599149 0.568282847106695 -0.464729948050349 -0.225577685547976 0.763943236536962 0.604570458368791 0 0 0 0 0 0
12.5055649907486 5.63864728139835 10.3773188659759 -0.318716029184503 0.550550639130995 -0.771565996200789 -0.144550162007263 0.77626328746789 0.613612711075332 0 0 0 0 0 0
12.6158363897471 6.19426697046189 10.4652906811957 -0.787403393573374 0.158834229324795 -0.595623692765771 -0.259050436781646 0.791514481412604 0.553532019776069 0 0 0 0 0 0
12.4052311766099 6.70618893183289 10.4904757908821 -0.927001461387194 -0.339513090477738 -0.159371114008346 -0.364475600553026 0.715246693719909 0.596305042511171 0 0 0 0 0 0
12.0749148595547 7.12986787697457 10.4989836842222 -0.429287936784075 -0.803054167228589 0.41329876823972 -0.414040264445239 0.581676280651541 0.700159527497489 0 0 0 0 0 0
11.805807138734 7.37050296026531 10.9591166135293 -0.105262045646047 -0.977413589747997 0.18325549465799 -0.401789209885321 0.210369415300531 0.891240786727045 0 0 0 0 0 0
11.3538249501277 7.2919966644087 11.2003722098721 0.462998530005506 -0.757134064767439 0.460847446755947 -0.35027466204943 0.321317879611648 0.879808207149736 0 0 0 0 0 0
11.1326194703813 7.11816141457363 11.6014474635877 0.942339878289419 0.0529682808606965 0.330438973197996 -0.33107127681807 0.291713336674263 0.897382381636959 0 0 0 0 0 0
14.8488803733891 9.83861782169422 3.95956127158419 -0.73675377777344 0.665613085748049 0.118966764339986 0.202283576029307 0.0490859702798336 0.978096070123218 0 0 0 0 0 0
15.0680776323564 10.2579133731008 4.21417647998736 -0.877200303125636 -0.197623166530164 0.437566808895375 0.355316584242514 0.345731948780046 0.868458142085722 0 0 0 0 0 0
15.057309756433 10.6071849413212 4.58948308291306 -0.463272212484622 -0.723988342577227 0.511096602367775 0.393441781095536 0.348743795589949 0.850635838608913 0 0 0 0 0 0
14.9785895944802 10.8594938767679 4.94652306884756 0.378387956475046 -0.869455881520612 0.317598842069448 0.532715696012604 0.485139793847578 0.693435914592931 0 0 0 0 0 0
15.0126181373528 11.0185010346098 5.4487136047658 0.700644651825299 -0.619314520927309 -0.354325550923418 0.638344212903228 0.322221271965085 0.699063743693063 0 0 0 0 0 0
15.1979552917478 10.8822168959147 5.83534036017771 0.799836788818606 -0.0151439563836377 -0.600026475947013 0.56984809511686 0.333121119323951 0.751201350073364 0 0 0 0 0 0
15.5830814893836 10.7134922588108 6.12844379056526 0.505650667995152 0.616847225909448 -0.603172364953729 0.673172499430357 0.15517091603657 0.723021972575563 0 0 0 0 0 0
15.9652618222998 10.764146352322 6.4806197506286 0.0577631524125458 0.875938108880322 -0.478952865775464 0.697194675170182 0.30798791132079 0.647350779249242 0 0 0 0 0 0
16.4729492920815 10.9398613452691 6.4726965947779 -0.637820933317123 0.751115443230886 0.170323362938101 0.692760602805968 0.462862971012883 0.553028586300057 0 0 0 0 0 0
16.7754324191827 11.355536761606 6.60002201648491 -0.87977577642933 0.387128288009931 0.275909898029536 0.47138304516701 0.635213591528622 0.611802025059075 0 0 0 0 0 0
16.7814886612577 11.8863099163798 6.68325831999385 -0.739697411345275 -0.300702801639121 0.602017910643431 0.329083295308846 0.618702572086575 0.713380201605096 0 0 0 0 0 0
16.6604116832875 12.2094060633775 7.19895949919101 -0.278606944185783 -0.765402430614254 0.580118341255689 0.121002159731435 0.571246947662184 0.81180995443944 0 0 0 0 0 0
16.6126250986221 12.593550785109 7.5791524467165 0.196075414619461 -0.92736207768391 0.318675397003891 0.333359384431589 0.368667127586315 0.867730413117258 0 0 0 0 0 0
16.4989840097771 12.6206499697837 8.10359161309754 0.787686705086698 -0.611439796230773 -0.075438917111336 0.258840604729155 0.217332557610863 0.941152538511036 0 0 0 0 0 0
16.5501391351633 12.4903612099788 8.62233345094521 0.96359510054696 -0.172138674942467 -0.20457946815589 0.259267315136003 0.414702742895823 0.872239700046294 0 0 0 0 0 0
16.7788931444318 12.5452936267455 9.14095187200073 0.770780292059656 0.326388527659056 -0.547145565992255 0.415631649938396 0.393274971388863 0.820112875431532 0 0 0 0 0 0
17.2361642662449 12.4753987163661 9.54796994217552 0.164059964999993 0.777221282377022 -0.607463090322711 0.646980062083714 0.380079458824833 0.661026780278663 0 0 0 0 0 0
17.7247719289409 12.6145925017529 9.67139458510138 -0.420992326755629 0.855613999578889 -0.301148044219946 0.665836750969206 0.516962741771125 0.53796927856454 0 0 0 0 0 0
18.0827054152816 12.940873549576 9.75799554602355 -0.805820469244078 0.589757871449929 0.0532824962825809 0.440018596773286 0.536139863726686 0.720373292825879 0 0 0 0 0 0
18.3401743101048 13.4117978809317 9.78299843493807 -0.866276915013952 0.216155377501603 0.450378906356692 0.49138195456774 0.531188905631174 0.690204405418817 0 0 0 0 0 0
6.21382419584924 2.78600618870397 0.632808721599697 0.468472325429159 -0.388641635409443 0.793404915243956 0.543664925299228 0.834691614406942 0.087854185091644 0 0 0 0 0 0
6.33684087933899 3.20652615200513 0.914860257578292 0.80846275758054 -0.568914130758488 0.150747077678423 0.586729047410798 0.799197194417048 -0.130510035477498 0 0 0 0 0 0
6.70082129640869 3.40794529545599 1.1015465877011 0.522386781613378 -0.326363411974598 -0.787781044275575 0.442660847589012 0.893412116341954 -0.0765908897008523 0 0 0 0 0 0
7.16979469435633 3.6458064233525 1.21186946824544 0.0890269629937289 -0.0853593832046525 -0.992364839944984 0.529285772517399 0.848061418922717 -0.0254637142900919 0 0 0 0 0 0
7.66434638221706 3.79456774266144 1.08496101022426 -0.425988139850328 0.19190500639318 -0.88414171557963 0.542834249195845 0.836012845071746 -0.0800843353910684 0 0 0 0 0 0
8.03981066972149 4.06758038629409 0.797849724322093 -0.892726863945625 0.310745054867073 -0.326306998492938 0.377451706103707 0.911233396401134 -0.164875428256168 0 0 0 0 0 0
8.24830552834973 4.40721981778954 0.431683108870081 -0.878142985345693 0.409386577459508 0.247522781747751 0.402628206319131 0.91188059140101 -0.0797766538680559 0 0 0 0 0 0
8.31114403680453 4.95277894932451 0.217653457306502 -0.548364382894776 0.093520777758087 0.830993602682929 0.190666831035184 0.981534687456346 0.015356329736418 0 0 0 0 0 0
8.20382798133721 5.44914898358696 0.311970887644766 0.0304397312591002 -0.19260214750953 0.980804687761835 0.211945584728137 0.960189449410413 0.181976070831241 0 0 0 0 0 0
7.9922288611444 5.892953374431 0.528647091044071 0.678961489737439 -0.372048852092103 0.632922544321551 0.310563052830682 0.926704385696963 0.211588212683272 0 0 0 0 0 0
8.02314403444726 6.19424654480631 0.949107291328424 0.944205918401621 -0.328681240326469 -0.0210671761944006 0.322378095810543 0.909212900806682 0.263446890944395 0 0 0 0 0 0
8.22798792116835 6.54689580386022 1.30227589061882 0.832018134441011 -0.291287069254057 -0.472120394864152 0.408369459380442 0.897622084507211 0.165858307148769 0 0 0 0 0 0
8.5338038760211 6.89964426201596 1.59590301601976 0.49606471526667 -0.1783372386093 -0.849773868504209 0.45229217750674 0.888490285056673 0.0775680315988678 0 0 0 0 0 0
8.98256180833477 7.15348114078434 1.71312411153716 -0.323489236751781 0.180014758161106 -0.928950698664869 0.472135042749417 0.881502941534775 0.00640823482286346 0 0 0 0 0 0
9.35397226013583 7.59065235720376 1.76269222520866 -0.546786268411201 -0.0248193024294177 -0.836904283000076 0.249548264981524 0.949300145916446 -0.191193348230855 0 0 0 0 0 0
9.61544262089746 8.01023294510022 1.51200086720326 -0.896606854032636 -0.0352349826816641 -0.441423430842907 0.0755778722037549 0.970028070440652 -0.230940528687234 0 0 0 0 0 0
9.57189640139669 8.37500453934129 1.15999071822667 -0.966958851044455 -0.0519513048573933 0.249582936737272 -0.0698647479178315 0.995536319212024 -0.0634535588296912 0 0 0 0 0 0
9.39480819250259 8.88043292974587 1.0017937009072 -0.64401077708795 -0.092629003936752 0.759387902605947 -0.0733910826246182 0.995544948418954 0.0591946337828775 0 0 0 0 0 0
9.10294384395355 9.36586816898811 0.868995765696727 -0.027801070714479 -0.00515506984522437 0.999600182934167 -0.184578610052511 0.982817751408752 -6.50148308504733e-05 0 0 0 0 0 0
8.74921559212837 9.76547800250641 0.931232466561494 0.670272834727294 -0.00968418189017367 0.742051577484852 -0.0602711822655809 0.99590133707577 0.0674382042984698 0 0 0 0 0 0
2.22626745738259 4.59230455493591 7.39775546934145 -0.626252571573443 0.17256405343307 0.760282423879704 0.75420969651096 0.381046384369458 0.534762925648187 0 0 0 0 0 0
2.371097268865 5.01171162096217 7.70075240132522 -0.35933380844039 -0.541646763317417 0.759932890391968 0.713363414644155 0.365580025784921 0.597882834169311 0 0 0 0 0 0
2.37592318174454 5.38737097613022 8.08486418395882 0.15627213640503 -0.898931004715257 0.40927016522711 0.781216435700463 0.366038948956317 0.505684059901456 0 0 0 0 0 0
2.59071418421494 5.43267646172362 8.48024808883108 0.646658414714755 -0.717708161683658 -0.258317419720902 0.621784862454486 0.29981915360365 0.723527511539711 0 0 0 0 0 0
2.8370634382719 5.31209324803019 8.96510568533856 0.705692347132912 -0.173328584571933 -0.686990184040741 0.707584892880642 0.222166596480714 0.670794769490092 0 0 0 0 0 0
3.20156792963893 5.10890975725449 9.33107100021283 0.493820227712197 0.245529849298354 -0.834180241797779 0.858176748535861 0.0171321857004097 0.513068374084336 0 0 0 0 0 0
3.64499818033827 4.88142583658509 9.48712812942269 0.175706798116313 0.767164665008232 -0.616916118980953 0.829664535688034 0.221913565210228 0.512260800566708 0 0 0 0 0 0
4.18194271310479 4.89824963395509 9.47750364540743 -0.226752550249146 0.969550570557701 -0.0924930921028487 0.758650926630333 0.235381907877333 0.607490023759209 0 0 0 0 0 0
4.65011430816119 5.14874552178855 9.44932455143201 -0.598535031406719 0.708521752293711 0.373835181203705 0.721492726771948 0.273965130016203 0.635917724827972 0 0 0 0 0 0
4.90633357160178 5.60913122596299 9.57147193519129 -0.785218519336017 0.109259415309669 0.609503287159259 0.608725625674626 0.31664055325349 0.727455753075306 0 0 0 0 0 0
5.06138519416668 5.98007970630075 9.96384548023507 -0.81010079905532 -0.376076576077066 0.449781173790192 0.410108975252442 0.18475536193243 0.893127138012617 0 0 0 0 0 0
4.59004945761471 6.13749176692285 9.72268777534014 -0.610615004367668 -0.266684159635512 0.745673437531856 0.366444303601299 0.739575706771607 0.56457625376156 0 0 0 0 0 0
4.43373211322603 6.55956928989095 9.97383043259995 -0.0593899230986955 -0.619286887388135 0.782915441247295 0.192802813045223 0.762415572240799 0.617696989216059 0 0 0 0 0 0
4.19719619011839 6.93521773205057 10.2890143512115 0.494985533404529 -0.644954954882321 0.582256324905945 0.397611613526245 0.763957714334366 0.508206272588275 0 0 0 0 0 0
4.32189847753419 7.10845539888122 10.7857376775396 0.815036329552038 -0.578195466247665 0.0374937904323738 0.41290355790487 0.624997208415647 0.662487087679563 0 0 0 0 0 0
4.46266344688951 7.19298182366564 11.2645369365248 0.846422435332089 -0.0699493836383501 -0.527897854414195 0.395129243638979 0.74707947417603 0.534551344667802 0 0 0 0 0 0
4.80114253938712 7.18000588216151 11.6373149957029 0.591841082692886 0.453155687842746 -0.666613872802449 0.385895373615276 0.566783113629457 0.727902234319159 0 0 0 0 0 0
5.17388774024954 7.22857676677763 11.9543482111872 0.00376978408020192 0.857236302161485 -0.51490942017455 0.439756125508086 0.461030383608797 0.770756469624253 0 0 0 0 0 0
5.66711756569085 7.31719180476614 12.2429377802109 -0.426380539712227 0.885185595610408 -0.186134619774392 0.340119830279163 0.347569564342163 0.873792823839766 0 0 0 0 0 0
5.87453248801316 7.76007970699277 12.4883079355535 -0.906679893376449 0.393678421303562 0.151488849579125 0.312819983570833 0.38661156535747 0.867568530670973 0 0 0 0 0 0
7.60799934955662 9.23225206297789 11.6934744348718 -0.191836646766934 0.933040309570668 -0.304359132725618 0.969276296748434 0.228768661422902 0.0903789804789546 0 0 0 0 0 0
8.05141504885824 9.42352342398366 11.4921770277842 -0.245627727238434 0.841867114720759 0.480548416669357 0.967713345460641 0.184038039317816 0.1722233465632 0 0 0 0 0 0
8.43466379535578 9.79082173994059 11.4091261546906 -0.250718686251967 0.104998212530939 0.96234895735871 0.964459376099896 0.112752443486028 0.238966521380986 0 0 0 0 0 0
8.67085602766458 10.1578343312784 11.6396475832275 0.0157493738085911 -0.599658631229001 0.800100920645139 0.970897292327982 0.200425493564555 0.131103277150482 0 0 0 0 0 0
8.96096124369147 10.3872721595992 12.0293684431873 0.249609477259286 -0.961067927027232 0.118505478784421 0.961125427593497 0.260803485567542 0.0906612064172895 0 0 0 0 0 0
9.41344525780291 10.4950534033259 12.3817571130499 0.0197825762106965 -0.926035032601228 -0.376918781800152 0.998426176184011 -0.00148956832038993 0.0560620361456338 0 0 0 0 0 0
9.8126381030316 10.320426144887 12.7310989459283 0.0178144989668762 -0.529151008018618 -0.84834064758176 0.952741068621832 -0.248366194900322 0.174924810681803 0 0 0 0 0 0
10.1968721641072 9.9783856299543 12.8247137621409 0.159191488752501 0.0932547014617075 -0.982833470412995 0.975453015336827 -0.168283235768808 0.142028755642904 0 0 0 0 0 0
10.5416815956285 9.57817325873967 12.7266239258728 0.280912062005322 0.739833818866076 -0.611338150193457 0.952108093893885 -0.294965216786661 0.0805338340559533 0 0 0 0 0 0
10.9414609892864 9.35348877217817 12.4231996959794 0.085651722447705 0.971972037427043 -0.218938669269877 0.99572695354312 -0.0911215495191914 -0.0149899033005359 0 0 0 0 0 0
11.465386023592 9.37856979374712 12.203798111254 -0.201410571766687 0.932222708510664 0.300656952884276 0.979489041164246 0.193538200015395 0.0560730182346859 0 0 0 0 0 0
11.7572338119665 9.64173362896988 11.9524002416624 0.0310960049173026 0.544083345002151 0.83845474068041 0.992891211764181 0.0796098414639779 -0.0884834150761348 0 0 0 0 0 0
12.1616775768789 9.98968417500955 11.8888332639729 0.00298571244584304 -0.158775714823896 0.987310162969749 0.999946697574387 0.010232402312255 -0.00137838782550377 0 0 0 0 0 0
12.5679110383223 10.3413907367116 12.0627664976295 -0.021221403882583 -0.730806073778542 0.682255182864626 0.946912073248479 0.204268241316169 0.248257952794804 0 0 0 0 0 0
12.9296098803127 10.5818168296457 12.3291745562363 -0.07945712291187 -0.981686412947131 0.173142577818292 0.85702262686543 0.021435473832679 0.514832727691476 0 0 0 0 0 0
13.2392346399913 10.5554525245773 12.7674924017897 0.093944099039594 -0.905322547361659 -0.414204770004205 0.957357047428639 -0.0320232667383156 0.287127139306135 0 0 0 0 0 0
13.5881718299239 10.2570407512679 13.0263551577225 0.10570928895205 -0.564817052221862 -0.818417524096753 0.966698612229869 -0.134529753277053 0.217705164376184 0 0 0 0 0 0
13.9557640512779 9.97490311039063 13.2698141831981 0.199371921966345 0.117011568472702 -0.972912703984794 0.97712852988069 0.0512004295100387 0.206393682343207 0 0 0 0 0 0
14.380395254936 9.65272099752871 13.2021966621691 0.121299829810439 0.637439615280549 -0.760892297344995 0.980666762045177 0.0416246107994007 0.191206939193184 0 0 0 0 0 0
14.8330953934204 9.48320711963774 12.967648731168 -0.0686666300270801 0.989911812511093 -0.12393343927983 0.924622404286637 0.109798860340512 0.364715806840235 0 0 0 0 0 0
7.85057343303977 5.38321541863346 10.1946404087507 -0.568790515489115 0.216760328258773 0.793405513960406 0.360384815930462 -0.801433395549703 0.477312577819232 0 0 0 0 0 0
8.17900702941892 5.17235313700798 10.6177861402786 -0.967589145092539 0.00917196481164588 0.25236307447918 0.157927860388121 -0.757824880959659 0.633056269783112 0 0 0 0 0 0
8.20433477431981 5.10004253895574 11.1495894731621 -0.860735784870763 -0.404895078787515 -0.308535060919442 0.194541852091635 -0.821729206924984 0.535644077976406 0 0 0 0 0 0
7.98716080654752 4.29523582178193 11.2292861118489 -0.59993754627648 -0.67049493213579 -0.436476215329058 0.431892730259908 -0.730662530275117 0.528773048103442 0 0 0 0 0 0
7.77355634432744 4.02797469322196 11.6435682922512 0.0184072817411011 -0.699978155440828 -0.713926994786273 0.313582679633634 -0.673977719276509 0.668894563404895 0 0 0 0 0 0
7.73935594710549 3.59424562676509 11.937467875708 0.37999945880346 -0.365801333422883 -0.849582130094035 0.240128227002323 -0.847978744928251 0.472515060867513 0 0 0 0 0 0
7.84064993237481 3.05336878047372 12.1005051785892 0.666476260617519 -0.0455115727393991 -0.744135801302474 0.260463003782344 -0.921023723812285 0.289610641785879 0 0 0 0 0 0
7.74811156176138 2.58349058018723 12.0660627345511 0.957586043437787 0.181807796576667 -0.22355065313504 0.268434985077522 -0.844880467115629 0.462730650673702 0 0 0 0 0 0
7.98070635136424 2.10547957870982 11.9880226907625 0.715787322906671 0.584244322362766 0.382501085165746 0.335662390774276 -0.768173931989606 0.545196817334186 0 0 0 0 0 0
8.36663294335266 1.71119519627056 12.015590984779 0.182912632021279 0.738847787143848 0.648572984697703 0.620367990731175 -0.598520173576135 0.506869961527172 0 0 0 0 0 0
8.841729915262 1.65946947654488 12.0903380118859 -0.419352482726996 0.18879548750557 0.887975089249828 0.674230942717295 -0.590224840069082 0.44390007214234 0 0 0 0 0 0
9.26445729808496 1.51793879745134 12.4011247704621 -0.766489226459528 -0.339458012819082 0.54521786769547 0.621171314691563 -0.607555307833744 0.494997722951732 0 0 0 0 0 0
9.50156564680334 1.32467414917136 12.9188826383224 -0.863551252449033 -0.497962605431853 -0.0794511043675794 0.372797080252904 -0.736541781071772 0.564383328678774 0 0 0 0 0 0
9.51311107793933 1.0025999066094 13.3071647452648 -0.255097777488624 -0.506927588099211 -0.823376915114992 0.510127759435741 -0.7939544297786 0.330765827267583 0 0 0 0 0 0
9.36832940941239 0.524208039130165 13.5043057904752 0.346441343233479 -0.339405398126151 -0.874518365399727 0.343147163861161 -0.821788004999944 0.454878553871529 0 0 0 0 0 0
9.42177206071502 0.0636422716185117 13.648990177433 0.671156500871239 0.132265900250216 -0.729420785945448 0.440129016934314 -0.862861073360385 0.248509992820811 0 0 0 0 0 0
9.7275891697719 -0.378710776547062 13.6016821409907 0.735797138041385 0.591106670256699 -0.33044738768546 0.651442393535866 -0.751125182041239 0.106928802517267 0 0 0 0 0 0
10.0519691817851 -0.758304042995636 13.3685885288933 0.600213468295476 0.728196329593451 0.33086839988633 0.766308805665489 -0.642061870489006 0.0229645122676057 0 0 0 0 0 0
10.4514220178758 -1.05233444836169 13.1373614663716 0.283964039898083 0.638220441501868 0.715569068709598 0.918549386613092 -0.395120910991227 -0.0121033074064203 0 0 0 0 0 0
10.947974721967 -1.16220527310011 13.0692823847227 -0.117841307062629 0.163969472716029 0.979401571556325 0.876128058862642 -0.447104859759208 0.180268879325518 0 0 0 0 0 0
3.90753591661401 -1.11199338954428 11.9393579879193 -0.597895062521576 0.596252867024784 -0.535727554618059 -0.202410316560382 0.534379600618561 0.82065126953699 0 0 0 0 0 0
3.84734176836247 -0.648549322017496 12.1949902948559 -0.852661582291546 0.0110683864238896 -0.522346357224829 -0.420457134586529 0.578932010359429 0.69860827747492 0 0 0 0 0 0
3.69726168843705 -0.138450097117263 12.2721903757116 -0.852280058962698 -0.489398341749067 -0.184683416114721 -0.493698511725441 0.635919700911646 0.593184552658384 0 0 0 0 0 0
3.38010772888002 0.329031611160814 12.3955348613233 -0.479967957937424 -0.872763411120044 0.0889650918252939 -0.654873216726744 0.423916729159477 0.625648205266104 0 0 0 0 0 0
2.85757332853188 0.451832155665133 12.4192609828061 0.0434076296717595 -0.846075631503901 0.531292578022274 -0.622861355301171 0.392871984541798 0.676531843917622 0 0 0 0 0 0
2.34493369873324 0.381769733346329 12.5640952641662 0.472698090108787 -0.527654956435633 0.70578804364796 -0.741058940670614 0.195376199523797 0.642386010986996 0 0 0 0 0 0
1.94471750000282 0.203637701709635 12.8751918338952 0.611579922535651 0.0411190412341068 0.790113424009031 -0.779797919729445 0.200131476307796 0.593180070953579 0 0 0 0 0 0
1.72970246401159 0.149483117468875 13.3664928900151 0.625490319089883 0.629073400996403 0.461550123912512 -0.714222311537252 0.223513513299599 0.663270833879233 0 0 0 0 0 0
1.6629678955008 0.253310863729943 13.8805586267904 0.367198909738776 0.927776191003935 -0.0663046008425022 -0.486101289430877 0.25218850674257 0.836723666141093 0 0 0 0 0 0
1.58743792943288 0.381174830250876 14.4363148597653 0.252893380667222 0.873789108875455 -0.415376372974369 -0.34826824348088 0.482768453908628 0.803519664036553 0 0 0 0 0 0
1.68350134747066 0.739515619760316 14.8141349162154 -0.330759404032155 0.712665468418976 -0.618632481177198 -0.281931936656675 0.550971530096292 0.785458309597885 0 0 0 0 0 0
1.64352870397897 1.17885327177464 15.10602824969 -0.524263567126296 0.281671679101213 -0.803622285266104 -0.446742899420198 0.712439986288533 0.541156213818921 0 0 0 0 0 0
1.5209096302727 1.68972654744264 15.279284948972 -0.760348212275985 -0.282214110351617 -0.585000676928805 -0.608269815183328 0.625233879298725 0.48896873940356 0 0 0 0 0 0
1.20251237508202 2.12069161459431 15.2395684423236 -0.643055436803018 -0.765578894514565 0.0192005591568639 -0.574742506195168 0.499026566756376 0.648570379560956 0 0 0 0 0 0
0.742403759261843 2.28191295302381 15.3653363554808 -0.0323417362782684 -0.771782958136121 0.635063050117991 -0.439918156842176 0.581529686907503 0.68432100546881 0 0 0 0 0 0
0.393741817410987 2.38923030388728 15.5927223999893 0.85041389840883 -0.0317371706300376 0.525156122875375 -0.404316197332771 0.599266564974179 0.690947173580163 0 0 0 0 0 0
0.171334102161293 2.40239418005649 16.0816463436452 0.926818093893794 0.329770560467084 0.179609571794767 -0.367825676307526 0.700995850168592 0.610990253519091 0 0 0 0 0 0
0.00241101857099821 2.665761894963 16.522663558194 0.794136232984557 0.529397642180412 -0.298472410642789 -0.334091467544457 0.790536166227951 0.513259643065382 0 0 0 0 0 0
0.184170005414002 2.9094156079696 16.9657003974729 0.252780467408823 0.610466497246977 -0.750621536485321 -0.28562222265087 0.78832511656965 0.544943535160684 0 0 0 0 0 0
0.263923033256074 3.33506891431197 17.3657060259285 -0.24897267995229 0.504933231897571 -0.826471436870536 -0.269044245018598 0.783698396132579 0.559849996089663 0 0 0 0 0 0
9.6329014421765 14.1891167631369 7.8305311615143 0.667030641712639 0.14590737285117 0.730603286034284 -0.239705883435848 0.970522923392658 0.0250268778637688 0 0 0 0 0 0
9.4144706529413 14.5273242906372 8.01461848502074 0.975162683751015 0.214908351516678 -0.0535923564316944 -0.219853876335721 0.968551600138877 -0.116499231450592 0 0 0 0 0 0
9.50770662205094 15.0112703176795 8.22304221638446 0.390706181154557 -0.0167178447700363 -0.920363620355491 -0.408943062619722 0.892600575838634 -0.189815129923147 0 0 0 0 0 0
9.46508291656864 15.5306750479668 8.06011054912162 0.106579025325271 -0.393702481986344 -0.913038480590226 -0.102625217801033 0.909008820892682 -0.403944338010308 0 0 0 0 0 0
9.63830037680845 15.9745283771411 7.81176595834647 -0.593579162445703 -0.433315572207753 -0.678160300218558 -0.0994383171948895 0.875702720525264 -0.472500546389208 0 0 0 0 0 0
9.47531211308884 16.2959512678772 7.37415114127648 -0.796568908601455 -0.49241120751051 -0.350726640800964 -0.28750033650438 0.81889694717588 -0.496740723532802 0 0 0 0 0 0
9.22534086783045 16.6197841353768 6.98362155476634 -0.816081299695493 -0.536506971395169 0.214875736023636 -0.577090017835279 0.77659193960793 -0.252729243758754 0 0 0 0 0 0
8.84811590789727 16.8189841501611 6.69607063117502 -0.649697006952345 -0.330030623043932 0.684816462280515 -0.648574576845099 0.71055469362784 -0.272879177720923 0 0 0 0 0 0
8.40178325397646 16.9502481837422 6.45938629102892 -0.102706818190734 0.206337285134485 0.973075657007443 -0.594863320937509 0.771302948273693 -0.226339107066161 0 0 0 0 0 0
7.99324821854963 17.1467247174029 6.3881087147555 0.667536234313036 0.664265016618295 0.3363738449646 -0.594411036506876 0.747494466344926 -0.29652578717969 0 0 0 0 0 0
7.67674994890554 17.5789663738895 6.57252589593158 0.843679784517547 0.486220839824994 -0.227582328216195 -0.531004712628715 0.818173491154652 -0.220513340952207 0 0 0 0 0 0
7.30402481732412 17.9932886621932 6.43997510156914 0.941787584012995 0.323759559461575 0.0906415702435277 -0.285932696054763 0.913116565539076 -0.290621112558908 0 0 0 0 0 0
7.31914615909166 18.4436469676976 6.49295346760156 0.783825843876252 -0.0430537984062073 -0.619486413825581 -0.171756876568103 0.94364458607528 -0.28290364176232 0 0 0 0 0 0
7.27700777738398 19.0102097409299 6.42005641024999 0.378753227110276 -0.380705627077369 -0.843569332340371 -0.230236079713875 0.844063335740003 -0.484302005836694 0 0 0 0 0 0
7.59740590442569 19.3719786895588 6.18520886371303 -0.401662738964065 -0.415092516300918 -0.816311978987726 -0.000636437994303934 0.891503220420674 -0.453013910301048 0 0 0 0 0 0
7.72033058966951 19.7342260020848 5.79674280665978 -0.837642504506764 -0.351874814005737 -0.417778828941897 -0.119069369264655 0.864091140729682 -0.489049062789609 0 0 0 0 0 0
7.69252808028868 20.0851208503357 5.36920811894339 -0.991077390677486 -0.0779011560227487 0.10815274188954 -0.12296825301772 0.847453722297083 -0.516431018931463 0 0 0 0 0 0
7.62285770476436 20.4437448217207 5.00217613171226 -0.759495802924734 0.0891659282003558 0.644372223631561 -0.194377603090145 0.91419898971038 -0.355608710002231 0 0 0 0 0 0
7.24212361135887 20.6711402611883 4.69883149875098 -0.104188483398506 0.398293292865661 0.911321684579791 -0.555647700045986 0.73665485938874 -0.38548054629587 0 0 0 0 0 0
6.80380208664615 20.9794327178369 4.65990715848147 0.535415715432356 0.444947206181341 0.717880209630742 -0.401430281535859 0.881896882641037 -0.247207640363442 0 0 0 0 0 0
8.20737283165449 8.52341436493958 15.862786533137 0.698447850298362 0.67674905758168 0.232768798329814 -0.708064373635232 0.70072530106711 0.0873435471741006 0 0 0 0 0 0
8.02141020600378 8.80869978522022 16.2783767555373 0.569496684240299 0.65925993896459 -0.490968287688432 -0.673729809790038 0.716550362880498 0.180675733999078 0 0 0 0 0 0
7.96015637034503 9.30045425366148 16.4860077081998 0.0337338938771998 0.218749588283821 -0.975197745090472 -0.71029057524567 0.691689891606186 0.13058480986316 0 0 0 0 0 0
7.90569144734231 9.83473486705145 16.4697935034304 -0.394124617777256 -0.268496965556971 -0.878962550481322 -0.732525567168491 0.669351458338928 0.123995639697655 0 0 0 0 0 0
7.76802356067036 10.3057587188595 16.251003224566 -0.660023071723951 -0.570670667961323 -0.488573979577973 -0.667444653588441 0.743940411760252 0.0327154114476859 0 0 0 0 0 0
7.47967610119017 10.6207146437918 15.9684068141841 -0.659180308970898 -0.560342407620538 0.501495470056361 -0.601052161638317 0.793371334730671 0.0964273001674308 0 0 0 0 0 0
6.96648734547576 10.7837373780942 16.0079757012578 -0.177364642352516 -0.527497258394987 0.830835980220486 -0.728807253117295 0.637720374743284 0.249304455317005 0 0 0 0 0 0
6.4310209692865 10.8234827603651 16.0274991916542 0.203272973864411 -0.126410939336711 0.970927583557254 -0.752842069664555 0.613845243301228 0.237534914106633 0 0 0 0 0 0
6.00941278771927 10.9637520786244 16.2803876009209 0.734409325520306 0.244682932202322 0.633066509363498 -0.601655379234573 0.666366471436453 0.440416314847024 0 0 0 0 0 0
5.74646057884633 11.0974889802797 16.7281651133205 0.831758147421954 0.533953824064156 0.151893706138417 -0.494768841584066 0.588933178779057 0.639031692743605 0 0 0 0 0 0
5.80920778286143 11.3965723520285 17.176210644267 0.281176000284825 0.779409917090985 -0.559875198597019 -0.497014505093941 0.617343696167273 0.609805987613072 0 0 0 0 0 0
5.92415150235646 11.7411985980999 17.581838496831 -0.476693407177745 0.458024768736725 -0.750317737213337 -0.348003621179213 0.685479927185892 0.639539482027012 0 0 0 0 0 0
5.84216152309749 12.1120336051053 17.964913027564 -0.681248208855498 -0.0394772120106533 -0.730987296512765 -0.549737674779208 0.686981935336032 0.475230795982657 0 0 0 0 0 0
5.54054385243206 12.6676664666579 17.9683618423235 -0.834879349085026 -0.471370084067142 -0.284230041195332 -0.548144770188395 0.66495165021083 0.507322987648899 0 0 0 0 0 0
5.26252835242394 13.0941974261895 17.9113483552311 -0.599478370480236 -0.667722024671869 0.441330920165878 -0.467457719584166 0.739665299796275 0.484126558534499 0 0 0 0 0 0
4.82232084497834 13.3067159005334 17.9873641376183 -0.145842116409148 -0.620487976795299 0.770535364362842 -0.598588201106966 0.675461949856058 0.430631303776418 0 0 0 0 0 0
4.24432810024287 13.3522921589143 18.3156033279469 0.293641764371768 -0.157585358379717 0.942836872974838 -0.524808233617699 0.79780324504971 0.296793362653584 0 0 0 0 0 0
3.81398105107274 13.4919637392525 18.53626277447 0.782231980406913 0.218372418464266 0.583460894733097 -0.562445689982638 0.65028026261029 0.510676439518651 0 0 0 0 0 0
3.58091452033459 13.6114960916089 18.9808561365732 0.767932450430255 0.62883366556732 -0.121852257366661 -0.471696514735809 0.683890306434556 0.556593610052199 0 0 0 0 0 0
3.36545563331397 13.8889232031345 19.4486269786292 0.627642640993309 0.584091890298503 -0.514685708850038 -0.396549307716167 0.808794007131502 0.434282051871819 0 0 0 0 0 0
8.60020833282594 4.39815792053857 8.00243946676514 0.811689593539007 0.463752185222419 -0.355097049328648 0.418251126796419 -0.037118305452753 0.907572711320609 0 0 0 0 0 0
9.04780146621919 4.23653713054357 8.21290171621288 0.193675929916119 0.979456459542306 0.0561665205614362 0.479617666593226 -0.14447061759576 0.865502821799657 0 0 0 0 0 0
9.4236426616323 4.22916295325268 8.54622619035287 -0.304702194756401 0.926317063871347 0.221570010812382 0.514619873960846 -0.0356338822166705 0.856677659194339 0 0 0 0 0 0
9.87674533458499 4.41724899634305 8.76533052685968 -0.728678305482877 0.44526243732478 0.520354964448499 0.515635749626941 -0.143348204837309 0.844731357223457 0 0 0 0 0 0
10.1459201569846 4.66496945312361 9.15885891515833 -0.775006969707567 -0.404691045618101 0.4853754778532 0.614433211361442 -0.302946076524038 0.728488506082805 0 0 0 0 0 0
10.2204609112537 4.85856742858066 9.63674795383898 -0.526839898286204 -0.848562750932793 0.0487952795171211 0.510758672772137 -0.270177925332393 0.816167548271266 0 0 0 0 0 0
10.1329838050829 4.71342349045716 10.1381078028971 -0.0131085116351937 -0.933090149585502 -0.359403588837418 0.348120485878621 -0.341206521280766 0.873149607539917 0 0 0 0 0 0
10.0257871830069 4.37509729813447 10.5415050933222 0.585675936894993 -0.610949221874877 -0.532658187989872 0.458800020344599 -0.291869013671564 0.839234782519281 0 0 0 0 0 0
10.106480966387 3.96717673558096 10.8764793706097 0.888336855921041 0.0227772288071991 -0.458627112434692 0.447670380367391 -0.265291837732052 0.853938798377534 0 0 0 0 0 0
10.4060003078258 3.51940629331998 11.1072735067212 0.722705786478682 0.599254646889717 -0.344369299402997 0.581870388861681 -0.258641609328647 0.771058602500384 0 0 0 0 0 0
10.8743163151814 3.21306400490231 11.4111497572665 0.37517584249154 0.892307204288481 -0.25105963511811 0.67973358160162 -0.0806843195359922 0.729007749358022 0 0 0 0 0 0
11.3853657481453 3.32650914151487 11.5205069577719 -0.287812999826079 0.953128363244444 0.0933273824238177 0.788948561898707 0.180731660215626 0.587278667817643 0 0 0 0 0 0
11.8223748901029 3.53567119110236 11.5971212183694 -0.680873700631255 0.178082649901387 0.710420701832935 0.732373097115399 0.173991636221167 0.658298228120568 0 0 0 0 0 0
12.1584456778738 3.80870799347576 11.9657620999152 -0.697892214242999 -0.359339838245443 0.619533161298685 0.629907157304614 0.10368638475799 0.769718199597904 0 0 0 0 0 0
12.1618545232246 4.14370128903405 12.385825159256 -0.275997872374171 -0.899528431067687 0.338635166729381 0.558468488834087 0.136662797549169 0.818190825385745 0 0 0 0 0 0
12.2251236489969 4.24362528438702 12.8243987748994 0.171030480412757 -0.972197655844834 -0.159938402954359 0.52726048828125 -0.0468178370434619 0.848412911047439 0 0 0 0 0 0
12.2176666567041 4.05113467548727 13.3259731570899 0.621081593537531 -0.651905552449159 -0.435059541735195 0.589028413977297 0.0220720507438906 0.807810839307909 0 0 0 0 0 0
12.4348342454851 3.80200207743196 13.665344496978 0.75495802267373 -0.0796645585391064 -0.650916232792932 0.652085581364012 -0.013917443008627 0.758017611508638 0 0 0 0 0 0
12.8295399180084 3.51975914275388 13.8854163025728 0.335046139241611 0.768573044382819 -0.545013357659623 0.716498359634273 0.16780613128899 0.677105016185243 0 0 0 0 0 0
13.3654745150937 3.49670118596858 13.9158718504135 -0.18839947249968 0.982003594167625 0.0132128650832783 0.792806665399045 0.144133787533601 0.592184973289652 0 0 0 0 0 0
6.58689709382594 2.09102827913143 9.95592198489262 0.22751889349241 0.5502964017519 0.803373526650524 -0.973503664300476 0.147965916384389 0.174346503211487 0 0 0 0 0 0
6.13940955172089 2.05384816773959 10.146600900968 0.266524267153115 0.891662658372848 0.365926930796247 -0.958328912742234 0.204662835769553 0.199295806922904 0 0 0 0 0 0
5.79060503173176 2.03424182116022 10.554811753503 -0.026322639909921 0.966711815519063 -0.254510086959259 -0.983631064800375 0.0203534936176575 0.17904095525113 0 0 0 0 0 0
5.34430847155597 2.07552658782652 10.7881109479496 -0.0478663706305661 0.52344382008167 -0.850714627698951 -0.998705888156962 -0.0397343749855534 0.0317447382273192 0 0 0 0 0 0
4.87596768832777 2.35207150975782 10.7775568562326 0.0350258255327969 -0.0672205401239482 -0.997123157153212 -0.984829418329194 0.167351189338205 -0.0458758784163255 0 0 0 0 0 0
4.52911897339206 2.7297498854373 10.68693214298 0.00282666460699231 -0.578426674504832 -0.815729484687467 -0.980125521420241 0.160205382498606 -0.116996571228288 0 0 0 0 0 0
4.19835132024217 2.81596172137101 10.3974213797881 -0.13204890486728 -0.963077672922012 -0.234615606135812 -0.968266882021821 0.175988270951009 -0.17744681926542 0 0 0 0 0 0
3.767317709756 2.88537353159855 10.0864917462832 -0.115013790420566 -0.945907422726873 0.303366075300616 -0.992106717452461 0.0940209592799862 -0.0829718048602848 0 0 0 0 0 0
3.38510007059776 2.70496335135918 9.75475850209345 -0.189518908337721 -0.448242266250434 0.873591125257779 -0.980826459251428 0.1275731894693 -0.147324601343208 0 0 0 0 0 0
2.81340757779285 2.6229986139966 9.65443388755586 -0.014414306918176 0.223386368927769 0.974623392872003 -0.990346488938525 0.131202369059706 -0.0447187902369491 0 0 0 0 0 0
2.34006896027452 2.4724111640389 9.85927303225097 0.198470848055369 0.747588692333076 0.633814223229412 -0.971092426324485 0.237498908750461 0.0239534523099239 0 0 0 0 0 0
1.89392994751171 2.5389474077846 10.0755523352181 0.389404628016746 0.897786481073322 0.205775290258867 -0.920449940732968 0.371133055392464 0.122605716831351 0 0 0 0 0 0
1.5631511129095 2.73927607235155 10.4026241999839 0.216610676767484 0.832950214192415 -0.509189311933334 -0.91033998718699 0.36073971098881 0.202849620764007 0 0 0 0 0 0
1.24590146884352 3.01838752550499 10.7070027547702 -0.0962921729926887 0.188140199538803 -0.977410396270597 -0.948872879986086 0.279220907122537 0.147227520024548 0 0 0 0 0 0
0.802797715540447 3.25151971249718 10.7228052534199 -0.0605391184224471 -0.434811455342454 -0.89848428669822 -0.838727096971693 0.510186195595574 -0.190386193378484 0 0 0 0 0 0
0.552074378297286 3.54424464368245 10.4641674084106 -0.30047637101985 -0.824098039014258 -0.480183686261408 -0.873224012612512 0.440199883317511 -0.209054745280159 0 0 0 0 0 0
0.151745625151951 3.71054914490771 10.1467326837888 -0.287871977263076 -0.883489949529268 0.369560866147132 -0.945812869612146 0.201752225428966 -0.254428880456793 0 0 0 0 0 0
-0.213682783654679 3.53896738387718 9.79218102403094 -0.273757079776737 -0.48907775612206 0.82816665577571 -0.960582242580144 0.182326201438489 -0.20985450080642 0 0 0 0 0 0
-0.644165001281533 3.34036292501162 9.7896550227355 -0.156837412884604 0.119806547122941 0.980330769274403 -0.976903197728811 0.12704237992123 -0.171814946879405 0 0 0 0 0 0
-1.10742263617263 3.07428656331558 9.84693360145438 -0.0696691022270358 0.81941284590579 0.568954131859022 -0.912765841143097 0.1777580117377 -0.367777933684709 0 0 0 0 0 0
9.1459776153666 2.70235790103657 1.17167997621962 0.812113106403759 0.558448617393489 -0.169137352877885 0.0160266922076813 0.268409318064345 0.9631716270287 0 0 0 0 0 0
9.37443437037769 2.62961720250968 1.64055896710272 0.263632839403136 0.883413691911874 -0.387398986744767 -0.0318268881736083 0.409353966328171 0.911820365774191 0 0 0 0 0 0
9.51797407852542 2.83692567868257 1.97224134139424 -0.499251342171567 0.735254168718287 -0.458420554428213 0.031933156618555 0.544328869224833 0.838263893792874 0 0 0 0 0 0
9.78650564475639 3.25220678991691 2.18228300085224 -0.970391425448796 0.207338278799598 -0.123900442129454 0.0274464933364364 0.60429754086811 0.796285860796416 0 0 0 0 0 0
9.75305604533789 3.77544383061152 2.29971053451554 -0.946907864019504 -0.289531826606751 0.139774169429764 -0.116238521801864 0.713644304360447 0.690796940426933 0 0 0 0 0 0
9.5041434191643 4.22924799136215 2.44389579844754 -0.631385643396264 -0.701238829583834 0.331083483727263 -0.330006685043361 0.629327979627202 0.703592127503596 0 0 0 0 0 0
9.12314365259114 4.52324803136385 2.68282728751617 0.0857700763313959 -0.798893875079309 0.595325180356812 0.0027315406305154 0.597713403077218 0.801705199227019 0 0 0 0 0 0
9.00840369648127 4.81556122692229 3.16024557219968 0.420831200213838 -0.846722330248104 0.325518657507987 0.0588187692276998 0.383555202296345 0.921642967302387 0 0 0 0 0 0
8.80505802695819 4.75611077082052 3.67194939718079 0.972055780965628 -0.212204417216384 0.100383484723123 -0.00687951804707593 0.401684126497747 0.915752441848332 0 0 0 0 0 0
8.88672643828403 4.75120320396038 4.1625898930747 0.853324919239109 0.400834855100451 -0.333418657459609 -0.0196059514303758 0.663710400368419 0.747732646813889 0 0 0 0 0 0
9.15696423942493 4.94335282486218 4.57917436829397 0.270324012443005 0.649661262118863 -0.710538649757239 0.0530943578936073 0.726832825354315 0.684759105925091 0 0 0 0 0 0
9.38818534506504 5.24401963327912 4.91726618026864 -0.209469527653597 0.55743288975271 -0.803362365565204 -0.0341224998516543 0.816921603061723 0.575738438403185 0 0 0 0 0 0
9.67169708646748 5.69188162649565 5.00516287894066 -0.82370840598334 0.466853179410256 -0.321795852656496 0.187817360759828 0.760136720788738 0.622026369783274 0 0 0 0 0 0
9.7982798503874 6.1475897321013 5.11047066435034 -0.986661334956816 -0.137351579894908 0.0873724991150353 -0.0334776021252898 0.696464633267505 0.71680978283189 0 0 0 0 0 0
9.68743195712407 6.6310731069238 5.08534253402493 -0.519124999230085 -0.473065831692254 0.7118412421739 0.219850752336414 0.730923380079304 0.646077904861758 0 0 0 0 0 0
9.44285183563794 6.94614193142992 5.40967572202744 0.285229692582382 -0.679034997827506 0.676428484168695 0.251211961830806 0.734037307232961 0.630937224946588 0 0 0 0 0 0
9.38634085093357 7.17137590963954 5.85841538497898 0.913769244610071 -0.394624507669387 0.0964223291122696 0.214864525469393 0.670936014743591 0.709702825001283 0 0 0 0 0 0
9.5877040773657 7.32207235492241 6.2992560517236 0.946245398818963 -0.0637628252255078 -0.317102424041827 0.247170136781064 0.774904442961355 0.581747391710854 0 0 0 0 0 0
9.99739665579962 7.46746840849179 6.64166616501822 0.30453587485261 0.49278832572749 -0.815118130674599 0.442658044835205 0.684518118731508 0.579213950514791 0 0 0 0 0 0
10.4970101113469 7.61991938651787 6.76748427362486 -0.371111861955898 0.788444886388099 -0.490541177725259 0.530170230857031 0.613606705324491 0.585154968785045 0 0 0 0 0 0
1.8682131856636 9.45107452502126 8.87758575641429 -0.240125630008521 0.925034650151637 -0.294364702082042 -0.386252312870715 0.187153175421686 0.903206975023778 0 0 0 0 0 0
1.80387506645793 9.67872289713189 9.35103511586188 -0.549839433403745 0.626822828788722 -0.552059542788234 -0.37851239440266 0.402191427615833 0.833648860633723 0 0 0 0 0 0
1.59497776661132 10.0935377902261 9.58243198870448 -0.834636772652461 -0.0845023274264856 -0.54428008818603 -0.533313771645938 0.371000193773274 0.76022054510055 0 0 0 0 0 0
1.39162406849453 10.4573916989369 9.86594556369033 -0.661377269505309 -0.698496445743016 -0.273281581278498 -0.567757520486043 0.228131269913777 0.790953552124945 0 0 0 0 0 0
0.933207615436384 10.6202096785583 10.0940458994989 -0.0617777120324369 -0.983227813761067 0.17160005985625 -0.50118744173732 0.179240262815749 0.846571955849319 0 0 0 0 0 0
0.626251136598773 10.6434256334887 10.5968034995346 0.285919992035151 -0.917162164667811 -0.277602813127812 -0.350501874440132 -0.369718804968228 0.86049778690408 0 0 0 0 0 0
0.251359588634655 10.3687649675641 10.838451935576 0.773626917028374 -0.614235353714912 0.155615948719562 -0.384887725631016 -0.260434658028029 0.88545763735845 0 0 0 0 0 0
0.0217960205334485 9.94011457996793 11.0670225275878 0.926388767380843 0.129222870859008 0.353702277795265 -0.297721441142707 -0.323793922532716 0.898064273431912 0 0 0 0 0 0
0.0232128089273483 9.73776106222919 11.5069762621481 0.69086935946692 0.660950557316878 0.292991277911607 -0.180108303440662 -0.235135983760846 0.955129346304754 0 0 0 0 0 0
0.257840026789429 9.47914349239268 11.9153292018076 -0.161338459643713 0.975558751015444 0.149181180974619 -0.274838845674643 -0.189595977553402 0.942611783399614 0 0 0 0 0 0
0.440428021733218 9.51241528781138 12.419551091307 -0.857877349995758 0.498666210168231 -0.124009931863177 -0.330412539400358 -0.350490365883497 0.876346995903939 0 0 0 0 0 0
0.211531504258969 9.4212792331926 12.9118823041377 -0.840077864305322 -0.00796970823299997 -0.542407287612261 -0.425245584585897 -0.611129555571666 0.667597827360887 0 0 0 0 0 0
-0.206572729647814 9.35853183062633 13.3348005910276 -0.476937025066332 -0.50027608544777 -0.722672064251783 -0.421140248783694 -0.591611784129534 0.687485554563497 0 0 0 0 0 0
-0.564867200499365 9.04899287647655 13.6670021763704 0.0962389612715967 -0.637163788823667 -0.764696259010879 -0.338745241717231 -0.74336917489383 0.576761589421141 0 0 0 0 0 0
-0.910008630641876 8.83148768826259 13.8373535890739 0.75587447078492 -0.518359837627887 -0.39994607530267 -0.127493117583891 -0.715711331178914 0.686660611503855 0 0 0 0 0 0
-1.13306330039755 8.32471654329107 14.0675944855244 0.991252827932419 -0.0757363125247238 -0.108082570663072 0.0242866870315027 -0.700286497785736 0.713448651167008 0 0 0 0 0 0
-1.10813293688768 7.78828611901819 14.0850867411836 0.779900211876884 0.407452891113074 0.475118723097701 0.0469154560940293 -0.795012165606203 0.604776484759142 0 0 0 0 0 0
-0.80005367101186 7.39206554058384 14.2911788776711 0.222347498432679 0.647563874561542 0.728850202924835 0.0540032190206875 -0.754595967209366 0.653963744107244 0 0 0 0 0 0
-0.5753266039187 7.08339946492089 14.6705168161511 -0.363793521092133 0.771996264815925 0.521225518486621 -0.178257389093164 -0.606924687368907 0.774510637174108 0 0 0 0 0 0
-0.511324610419502 6.96101043503248 15.1965461488844 -0.912987844245933 0.405793592308423 -0.0422463809170457 -0.275329437332845 -0.536402676529821 0.79778811068455 0 0 0 0 0 0
-1.16536701250615 14.5882795072379 10.4237305096223 0.995828025132569 -0.0846531824486958 0.0340643958096299 -0.0434117392622096 -0.11115518104704 0.992854443823781 0 0 0 0 0 0
-1.01735018161388 14.2493144072655 10.8257102375021 0.788923346949075 0.613026033841571 0.0424150264781564 0.170819622695775 -0.28509001294644 0.943156583511068 0 0 0 0 0 0
-0.653109186597769 13.9421371418685 11.0740159508702 0.336772688923084 0.922771580941921 0.187287921130711 0.425240190653689 -0.32652126619259 0.844129517892131 0 0 0 0 0 0
-0.227913860602357 13.6282201892955 11.2548024173092 -0.0223149887829478 0.901643787106709 0.431903371655615 0.417529641917093 -0.384126893746592 0.823477703171846 0 0 0 0 0 0
0.0712469550457235 13.5881118044037 11.6994260309677 -0.619232321387528 0.65514773965638 0.432819559830825 0.207087591079728 -0.395437759480954 0.894842839831374 0 0 0 0 0 0
0.34033996802113 13.6773192184487 12.1117378085858 -0.970428182049362 0.00304748597111209 0.241370785957262 0.234888829560795 -0.218579805751284 0.947127291479498 0 0 0 0 0 0
0.40137323846676 13.8592748931215 12.6135865651564 -0.914226937504577 -0.402739562140778 0.0446088761084225 0.192406362606285 -0.334585352501122 0.922514191500769 0 0 0 0 0 0
0.28738021045404 13.9191105462769 13.1741606575046 -0.535318457117772 -0.774220508339681 -0.337663669848109 0.0840453266354815 -0.446607828324018 0.890773725898132 0 0 0 0 0 0
0.0879456774950489 13.8245386784022 13.6188554063035 0.059879386100874 -0.828362096400553 -0.556983569207444 0.062810015741968 -0.553752395981533 0.83030909056038 0 0 0 0 0 0
-0.199521382127877 13.4959653626577 13.8263550666117 0.715725640818049 -0.59936695422651 -0.358463472695379 0.060771688755616 -0.457879495001606 0.886934704419025 0 0 0 0 0 0
-0.303198507831822 13.0346037694945 14.0847294633962 0.952708835199324 -0.253164837983042 -0.168087596633924 -0.00233070851896906 -0.559200783006864 0.829028981448966 0 0 0 0 0 0
-0.163560091118515 12.5501702419303 14.4409277179594 0.927463433188724 0.359179383795409 0.103931469508209 0.151328118890901 -0.614740628217127 0.774076068905474 0 0 0 0 0 0
0.133446603354788 12.1542268178231 14.6499753930546 0.340041016294282 0.815897081846256 0.46763667421655 0.245153396828591 -0.556982309556392 0.793517812569214 0 0 0 0 0 0
0.416123213800399 11.9296965416467 15.1213487333382 -0.0537344197654104 0.946252053203875 0.3189352033563 0.125261704848958 -0.310486143161501 0.942288628925887 0 0 0 0 0 0
0.6666557466163 11.9732083993188 15.6162155228258 -0.810858256234624 0.571241480327859 0.127248023359815 -0.00800773316215392 -0.228236821878953 0.973572713950118 0 0 0 0 0 0
0.874815389686481 12.1953270666674 15.9644685144203 -0.983094201754135 -0.176424024375377 0.0489934087464456 0.0636055448149311 -0.0781421645090461 0.994911120047734 0 0 0 0 0 0
0.823131123863632 12.3571909433876 16.3921493786756 -0.697656875368818 -0.714490172284626 -0.0527131668495016 0.103103453211345 -0.172940770555643 0.979520886870472 0 0 0 0 0 0
0.59470902978745 12.4243231080143 16.8738149488888 -0.186458761915944 -0.936805728448643 -0.296020535183929 -0.07589007214192 -0.286670706538359 0.9550186401129 0 0 0 0 0 0
0.28971157816338 12.3264001939714 17.3051764672542 0.697219453111718 -0.686941913310579 -0.204928870439962 0.145094659500403 -0.144723531876485 0.978776092426484 0 0 0 0 0 0
0.220154135615134 12.0013400596987 17.6144989199253 0.953309242802142 0.273967950727591 0.12705530119649 -0.026027914929079 -0.344616385444874 0.938382701528196 0 0 0 0 0 0
3.99171067753874 6.34415316242548 11.4075552667725 0.833489486940592 -0.0331506443611889 -0.551539944100104 0.532184939060085 -0.220246701230997 0.817478183950176 0 0 0 0 0 0
4.25809989012117 6.03991760064699 11.5948408824967 0.777864418156306 0.558677917549051 -0.287760197750499 0.478686888584972 -0.230065137338047 0.847306848360418 0 0 0 0 0 0
4.67454794574796 5.72199677507579 11.7139310489722 0.334560036270589 0.915351199122813 0.224057502429736 0.441793959580247 -0.36235914719326 0.820678954112862 0 0 0 0 0 0
5.15487643233958 5.58422554270997 12.0117080108547 -0.151189843185099 0.911882755968275 0.381590710952676 0.490857168875511 -0.265815940790962 0.829699418696273 0 0 0 0 0 0
5.59387638103975 5.6229897301448 12.3226165104419 -0.590078802375759 0.629292049457761 0.505765284965309 0.594034119001883 -0.0858244806859069 0.799848500640372 0 0 0 0 0 0
5.93752169742773 5.87876675918064 12.6469174664389 -0.785061981820988 -0.181132128829368 0.59234182412273 0.606877378484842 -0.0334757180656377 0.794090186177462 0 0 0 0 0 0
6.04513454304875 6.17737524443367 13.0804351132661 -0.497590975629972 -0.770660350656531 0.398102806945097 0.52103477842725 0.101377192316636 0.847493613278154 0 0 0 0 0 0
6.05366271774869 6.20667208693182 13.6225817322297 0.029785925085177 -0.999013495689749 -0.0329368197701129 0.407139080187108 -0.0179682668647843 0.913189416698568 0 0 0 0 0 0
6.06722675728992 5.95381129878299 14.0330461428101 0.681348394616091 -0.627690103961435 -0.376522905734774 0.365453154731063 -0.15397633314548 0.918006144057972 0 0 0 0 0 0
6.15465291223668 5.57754599809208 14.3886004225808 0.951353086831152 0.207666703222696 -0.227600185741258 0.281862413321456 -0.288299043196002 0.915115971693684 0 0 0 0 0 0
6.31888522652955 5.23826522741063 14.6299280333708 0.612376274991774 0.786293843763243 0.0820809910224254 0.29054798881689 -0.320402860996799 0.901622910567121 0 0 0 0 0 0
6.68592988975887 5.01793610354285 15.0296688000767 0.157677116992979 0.984855526983522 -0.072093812125532 0.297548990094338 0.0222297652311806 0.954447712570786 0 0 0 0 0 0
7.08527297405736 5.02475202318785 15.3344051947834 -0.574746249772085 0.804293393908687 0.150926753386431 0.257434285843969 0.00263590857741649 0.966292212768983 0 0 0 0 0 0
7.38124250727922 5.30015729781232 15.6882965230634 -0.915161973004865 0.372064955180581 0.155068476139785 0.217338916291732 0.13147687637052 0.967200923513303 0 0 0 0 0 0
7.49128226101124 5.56081332108051 16.1814557614924 -0.950734807159505 -0.307878198467903 -0.0362538461895739 -0.0574601698332242 0.0600921447001355 0.996537637537125 0 0 0 0 0 0
7.25179860646051 5.8219470159622 16.5853640118647 -0.509023800201744 -0.860720118596933 0.00745977685035421 0.133685803933388 -0.070493491605271 0.98851341592716 0 0 0 0 0 0
7.02990547628839 5.89658659618703 17.0113381532664 0.273675933709566 -0.952264350151647 -0.135255649562074 0.148916495873761 -0.0969771901572858 0.984082975081816 0 0 0 0 0 0
6.91663014555763 5.6603037056221 17.4361837986318 0.777659044634106 -0.587596504989124 -0.223554820174685 0.124658311802281 -0.204410896375749 0.970915285048839 0 0 0 0 0 0
6.72020390007336 5.32843384924829 17.7628721959705 0.986306421223966 -0.0447875326285689 -0.158725298466929 0.146753082827027 -0.200812238136274 0.968575230787709 0 0 0 0 0 0
6.88752545245264 5.20221279959194 18.3308460803373 0.869912369087151 0.34667094971387 -0.350815796015036 0.431470186282336 -0.190339946527306 0.881818679267722 0 0 0 0 0 0
6.99678541015215 7.48240967184677 12.5640935892146 -0.466287888285422 -0.508171513361952 -0.724111399058008 0.749873828634703 0.207209317540385 -0.628294150739269 0 0 0 0 0 0
7.26238111363062 7.37594494552076 12.1270273122032 -0.724025372050393 0.0841495360623095 -0.684621147940807 0.68696577837069 0.177428436839545 -0.704696508539831 0 0 0 0 0 0
7.55131002344914 7.12472086618335 11.7780071956952 -0.546280564495278 0.699884042452496 -0.460152009639286 0.709630257044173 0.0948706516972231 -0.698157903152265 0 0 0 0 0 0
7.65206767503823 7.10352591256922 11.2243529266507 0.00144269911545206 0.979158151235526 0.203094149320678 0.515482567067006 0.173303317558242 -0.839192280215516 0 0 0 0 0 0
7.67095515482195 7.31513477824727 10.7308450207442 0.580597129537095 0.565997564631477 0.585280898376602 0.663651618886541 0.0874528361004149 -0.742912195489661 0 0 0 0 0 0
8.03697555263842 7.5404360287188 10.2953597680276 0.623852181351601 -0.014156802132496 0.781414128856288 0.780745055102334 0.0564399599354225 -0.622295500430255 0 0 0 0 0 0
8.46425850298437 7.86587904170011 10.2811742908181 0.390247698291362 -0.822388087357085 0.41398619270629 0.887306068952877 0.215910943438567 -0.40751736711809 0 0 0 0 0 0
8.94335367869521 8.01700697146439 10.2681740932213 0.0227073333134618 -0.995869519089308 -0.0879106248562852 0.849494703367219 0.0655823163319766 -0.523505213666085 0 0 0 0 0 0
9.45950351592522 7.78720594267033 10.1708096730453 -0.476777883958771 -0.702896412125514 -0.527844184574271 0.863027016483422 -0.26027079646435 -0.432947434831917 0 0 0 0 0 0
9.7399314766244 7.3682531573706 10.0438022836468 -0.539521843227087 -0.143833590019914 -0.829595129604092 0.830856065793628 -0.250523490948153 -0.496906609351381 0 0 0 0 0 0
10.1684585484882 7.19046222444572 9.80929685901768 -0.764543464851302 0.349495403313081 -0.541596024187949 0.602225355083019 0.0877804917949205 -0.79348547999026 0 0 0 0 0 0
10.4111059806193 7.044388012185 9.34368243396256 -0.418443486844782 0.908184882050464 0.0102600356805031 0.657369997938896 0.310637582961155 -0.686563163781649 0 0 0 0 0 0
10.5421839117185 7.22104198270208 8.84502353681926 -0.0716929303819386 0.868764649431451 0.490008273023527 0.573476242933253 0.437854593312431 -0.692393207582488 0 0 0 0 0 0
10.5149534824909 7.61443933073864 8.48008226428319 0.45637487571749 0.460107625571012 0.761592375030929 0.618286294980561 0.451544356949303 -0.643296005853023 0 0 0 0 0 0
10.7056766181881 8.04494247009039 8.21475588459436 0.603922999630415 -0.0228857789468588 0.796714033790919 0.757883606476918 0.325952863254898 -0.565125800127259 0 0 0 0 0 0
10.9364350159384 8.49762178916117 8.16510866464674 0.702253185214714 -0.545859334483627 0.457031783153951 0.711886403924407 0.531531068454787 -0.459012495663124 0 0 0 0 0 0
11.2965282726465 8.87528754673775 8.2931185242117 0.547199710456687 -0.750092656510054 -0.37139397346458 0.670483361158858 0.658429129082566 -0.341940264351385 0 0 0 0 0 0
11.7939090113766 9.1698879866506 8.12603631917174 0.252120778963492 -0.853547214042259 -0.45595204376726 0.623357766484422 0.503643417685684 -0.598137444727746 0 0 0 0 0 0
12.3260311192353 9.22229845956204 8.07326978834461 -0.29620747134866 -0.422005153191451 -0.856838832334934 0.817645681367337 0.351647958568333 -0.455850033427735 0 0 0 0 0 0
12.7965198991938 9.12228088465807 7.8338498753008 -0.55664578322962 0.303826551726647 -0.773197839157986 0.801076108213963 0.44284017397287 -0.402702929172919 0 0 0 0 0 0
