t = 0
b =  13.0 13.0 13.0
E = 0. 0. 0.
5.0199436285666 2.7172779376755742 7.311839052156393 -0.4502233682859441 0.8418307597233381 -0.29769093139174846 0.42636804531288497 0.49561107418887557 0.7566901301572649 0.0 0.0 0.0 0.0 0.0 0.0
5.41083277051416 3.08159994804638 7.368055184940805 -0.8247345604027433 0.5565787212887572 0.10016502326593714 0.42636804531288497 0.49561107418887557 0.7566901301572649 0.0 0.0 0.0 0.0 0.0 0.0
5.613723643467604 3.572794095447732 7.447103937930384 -0.885915304196017 0.059873121136598755 0.4599666109150105 0.42636804531288497 0.49561107418887557 0.7566901301572649 0.0 0.0 0.0 0.0 0.0 0.0
5.614670094954202 4.077636322696082 7.631002094350911 -0.6105220122112129 -0.4595792787605565 0.6450191928458394 0.42636804531288497 0.49561107418887557 0.7566901301572649 0.0 0.0 0.0 0.0 0.0 0.0
5.476448034547151 4.477717438890281 7.961932396076203 -0.10318120040366145 -0.8044298269007927 0.5850181992687236 0.42636804531288497 0.49561107418887557 0.7566901301572649 0.0 0.0 0.0 0.0 0.0 0.0
5.314705816261484 4.694428750731023 8.426217614732424 0.44335987453491615 -0.8436640344519353 0.30275901080672546 0.42636804531288497 0.49561107418887557 0.7566901301572649 0.0 0.0 0.0 0.0 0.0 0.0
5.25402749532639 4.718826819372521 8.959516759428364 0.821461120555873 -0.5623761700043358 -0.0945233877214708 0.42636804531288497 0.49561107418887557 0.7566901301572649 0.0 0.0 0.0 0.0 0.0 0.0
5.380601262669319 4.615031222366339 9.471269294919013 0.8874755527801261 -0.06743219614393692 -0.4558947709075139 0.42636804531288497 0.49561107418887557 0.7566901301572649 0.0 0.0 0.0 0.0 0.0 0.0
5.709475110192934 4.49586445412739 9.879100603036544 0.6163231847032331 0.45313039643774106 -0.644064108471695 0.42636804531288497 0.49561107418887557 0.7566901301572649 0.0 0.0 0.0 0.0 0.0 0.0
6.178839847062289 4.479988774014192 10.140117477362447 0.11101933438344253 0.8015411754765002 -0.5875427230498281 0.42636804531288497 0.49561107418887557 0.7566901301572649 0.0 0.0 0.0 0.0 0.0 0.0
6.673511444697577 4.646824430071391 10.267203969482082 -0.4364626172129048 0.8454330608979306 -0.3078040339508506 0.42636804531288497 0.49561107418887557 0.7566901301572649 0.0 0.0 0.0 0.0 0.0 0.0
7.068691375005868 5.006376578961862 10.324126522377554 -0.8181251232642565 0.5681307915972403 0.088874553855067 0.42636804531288497 0.49561107418887557 0.7566901301572649 0.0 0.0 0.0 0.0 0.0 0.0
7.277379657723729 5.495434159673185 10.401308032620731 -0.8889682166648899 0.07498613592846391 0.4517882127481439 0.42636804531288497 0.49561107418887557 0.7566901301572649 0.0 0.0 0.0 0.0 0.0 0.0
7.283427607481403 6.001584832428844 10.581474680175383 -0.6220774217985462 -0.4466470064808716 0.6430599761220945 0.42636804531288497 0.49561107418887557 0.7566901301572649 0.0 0.0 0.0 0.0 0.0 0.0
7.147672989366404 6.40592230600342 10.908226869520977 -0.11884901381108161 -0.7985914835884026 0.5900225031778078 0.42636804531288497 0.49561107418887557 0.7566901301572649 0.0 0.0 0.0 0.0 0.0 0.0
6.98482673481358 6.628220825766303 11.369474707031038 0.42953212157275883 -0.8471377043431116 0.31282561662607805 0.42636804531288497 0.49561107418887557 0.7566901301572649 0.0 0.0 0.0 0.0 0.0 0.0
6.919892340888513 6.657414279168949 11.902031153694084 0.8147268225770028 -0.5738421478307573 -0.08321895184729589 0.42636804531288497 0.49561107418887557 0.7566901301572649 0.0 0.0 0.0 0.0 0.0 0.0
7.040674951805291 6.555800396917603 12.415617837665053 0.8903931821781738 -0.08253436522841973 -0.4476472491672046 0.42636804531288497 0.49561107418887557 0.7566901301572649 0.0 0.0 0.0 0.0 0.0 0.0
7.364422716615844 6.4353728035154925 12.827163317103116 0.627784285289718 0.44012960262519396 -0.6420068722656049 0.42636804531288497 0.49561107418887557 0.7566901301572649 0.0 0.0 0.0 0.0 0.0 0.0
7.8312739290114495 6.415272766880492 13.092363309807459 0.12666964242617582 0.7955809758669565 -0.5924573508078059 0.42636804531288497 0.49561107418887557 0.7566901301572649 0.0 0.0 0.0 0.0 0.0 0.0
2.2454912418619783 9.235056222642537 11.162128454435914 0.06967418264244973 0.8945249734926406 -0.4415547305500159 0.6607666685683399 0.2902225971534779 0.6922125784833643 0.0 0.0 0.0 0.0 0.0 0.0
2.7739101005039113 9.330509860965973 11.180762157254607 -0.38178674290053666 0.9239655564367043 -0.02294631700318839 0.6607666685683399 0.2902225971534779 0.6922125784833643 0.0 0.0 0.0 0.0 0.0 0.0
3.21530065908873 9.636581476951774 11.194165246390419 -0.6882005016816658 0.6023761766101607 0.40437978601511193 0.6607666685683399 0.2902225971534779 0.6922125784833643 0.0 0.0 0.0 0.0 0.0 0.0
3.499815891660953 10.079964761349654 11.299746720472202 -0.733155383775136 0.05193401609681809 0.6780752474567908 0.6607666685683399 0.2902225971534779 0.6922125784833643 0.0 0.0 0.0 0.0 0.0 0.0
3.6172083314328667 10.535186406350908 11.55989546854743 -0.4995722778680907 -0.5182387454221509 0.6941585855760639 0.6607666685683399 0.2902225971534779 0.6922125784833643 0.0 0.0 0.0 0.0 0.0 0.0
3.6207232547456853 10.872275513026779 11.97827768804645 -0.07619331119588647 -0.8915239430654787 0.4465194713223459 0.6607666685683399 0.2902225971534779 0.6922125784833643 0.0 0.0 0.0 0.0 0.0 0.0
3.6068699103739754 11.006141708829032 12.498444035083155 0.3761327682838649 -0.9261042892527785 0.0292401445058214 0.6607666685683399 0.2902225971534779 0.6922125784833643 0.0 0.0 0.0 0.0 0.0 0.0
3.6787560423676067 10.928902402756203 13.025275673980005 0.6855597204880473 -0.6088421323149388 -0.39914800207761036 0.6607666685683399 0.2902225971534779 0.6922125784833643 0.0 0.0 0.0 0.0 0.0 0.0
3.9069155342176556 10.712877513464937 13.461121513244054 0.7345310729315335 -0.0602706700130403 -0.6758931492730402 0.6607666685683399 0.2902225971534779 0.6922125784833643 0.0 0.0 0.0 0.0 0.0 0.0
4.302511407254501 10.48311392304778 13.742897487864305 0.5044417900636929 0.511198627498678 -0.6958551887288071 0.6607666685683399 0.2902225971534779 0.6922125784833643 0.0 0.0 0.0 0.0 0.0 0.0
4.813094802208648 10.369878075853835 13.866053250318709 0.08270663733368194 0.8884550196383773 -0.45145020790816354 0.6607666685683399 0.2902225971534779 0.6922125784833643 0.0 0.0 0.0 0.0 0.0 0.0
5.342531177745378 10.459165578341734 13.886300923675547 -0.37045014970063034 0.9281724956416681 -0.03553174525824173 0.6607666685683399 0.2902225971534779 0.6922125784833643 0.0 0.0 0.0 0.0 0.0 0.0
5.787523430001617 10.760030030416141 13.89844913458276 -0.6828667312674604 0.6152617223341134 0.393885821474387 0.6607666685683399 0.2902225971534779 0.6922125784833643 0.0 0.0 0.0 0.0 0.0 0.0
6.076856189379005 11.201143411455845 14.000383630888695 -0.7358508247028739 0.06860273408439405 0.6736595792091465 0.6607666685683399 0.2902225971534779 0.6922125784833643 0.0 0.0 0.0 0.0 0.0 0.0
6.198451730111795 11.657894787888678 14.255878849472085 -0.5092728870639552 -0.5041195798205347 0.6974987998148166 0.6607666685683399 0.2902225971534779 0.6922125784833643 0.0 0.0 0.0 0.0 0.0 0.0
6.203958500214062 11.999732090239272 14.670368941420092 -0.08921366504083182 -0.8853184369217366 0.4563465648127893 0.6607666685683399 0.2902225971534779 0.6922125784833643 0.0 0.0 0.0 0.0 0.0 0.0
6.18912901256316 12.139761027036974 15.18888324717614 0.3647393199042409 -0.9301700181014483 0.04182064013069479 0.6607666685683399 0.2902225971534779 0.6922125784833643 0.0 0.0 0.0 0.0 0.0 0.0
6.257441864360968 12.067757678940607 15.716930569165866 0.6801217391014623 -0.6216344577910492 -0.38859364494086657 0.6607666685683399 0.2902225971534779 0.6922125784833643 0.0 0.0 0.0 0.0 0.0 0.0
6.480788487987015 11.854052736631017 16.156397957564206 0.7371145385849517 -0.07692957379194065 -0.6713747073601162 0.6607666685683399 0.2902225971534779 0.6922125784833643 0.0 0.0 0.0 0.0 0.0 0.0
6.872160393876844 11.62281169555496 16.442825460294973 0.5140652009621383 0.4970021414846101 -0.6990892936667428 0.6607666685683399 0.2902225971534779 0.6922125784833643 0.0 0.0 0.0 0.0 0.0 0.0
6.647501150785936 10.887766542308906 5.1819576083617624 -0.777532018559656 0.42330002043121184 0.4650387648545896 0.6157556206116386 0.662585217291198 0.4264104190945057 0.0 0.0 0.0 0.0 0.0 0.0
6.753977981126206 11.411654254225887 5.1282039850286445 -0.5549956212065585 -0.019427655999497688 0.8316263744157657 0.6157556206116386 0.662585217291198 0.4264104190945057 0.0 0.0 0.0 0.0 0.0 0.0
6.73394354214948 11.93111343134649 5.264019619910762 -0.12160710832513275 -0.4547744411029116 0.8822652202848834 0.6157556206116386 0.662585217291198 0.4264104190945057 0.0 0.0 0.0 0.0 0.0 0.0
6.686188759003667 12.346906760308189 5.600947639517333 0.357981978171438 -0.7173448126081476 0.5977167582799111 0.6157556206116386 0.662585217291198 0.4264104190945057 0.0 0.0 0.0 0.0 0.0 0.0
6.720035979045951 12.599181316664572 6.074125212980994 0.701567726021178 -0.7073838964378607 0.08608570651312138 0.6157556206116386 0.662585217291198 0.4264104190945057 0.0 0.0 0.0 0.0 0.0 0.0
6.913805584309625 12.690207691570079 6.566926025953013 0.7786161651686052 -0.42867601118278015 -0.4582507444342629 0.6157556206116386 0.662585217291198 0.4264104190945057 0.0 0.0 0.0 0.0 0.0 0.0
7.285060768922674 12.683517356238161 6.955268567312361 0.5598553054004054 0.012893057801341196 -0.8284900760271966 0.6157556206116386 0.662585217291198 0.4264104190945057 0.0 0.0 0.0 0.0 0.0 0.0
7.783934988017617 12.67976599383774 7.154756769772832 0.12839605482904745 0.44956383856630167 -0.8839721761220024 0.6157556206116386 0.662585217291198 0.4264104190945057 0.0 0.0 0.0 0.0 0.0 0.0
8.312077091850831 12.778492722584053 7.152743486872068 -0.3518430036394257 0.7154378007533705 -0.6036184672814173 0.6157556206116386 0.662585217291198 0.4264104190945057 0.0 0.0 0.0 0.0 0.0 0.0
8.760016571933681 13.04030352052338 7.013135355361624 -0.6984110225239608 0.7095049809520835 -0.09394001075803045 0.6157556206116386 0.662585217291198 0.4264104190945057 0.0 0.0 0.0 0.0 0.0 0.0
9.04875323745666 13.463846001195343 6.852113595443059 -0.7796410171420444 0.4340193565964071 0.4514278264455557 0.6157556206116386 0.662585217291198 0.4264104190945057 0.0 0.0 0.0 0.0 0.0 0.0
9.15977070859067 13.986323207859893 6.793994822766957 -0.5646723544451807 -0.006357477746918651 0.8252906849117062 0.6157556206116386 0.662585217291198 0.4264104190945057 0.0 0.0 0.0 0.0 0.0 0.0
9.142071098761463 14.507351227271997 6.924001087684286 -0.13517522347628408 -0.44431900000283064 0.8856118140554702 0.6157556206116386 0.662585217291198 0.4264104190945057 0.0 0.0 0.0 0.0 0.0 0.0
9.09355829248754 14.927096716652937 7.255882593481376 0.345677234900468 -0.7134763055401387 0.6094742083996342 0.6157556206116386 0.662585217291198 0.4264104190945057 0.0 0.0 0.0 0.0 0.0 0.0
9.12384262278593 15.184205259736437 7.726693764260295 0.6952011323233674 -0.7115720339150494 0.10178716110741484 0.6157556206116386 0.662585217291198 0.4264104190945057 0.0 0.0 0.0 0.0 0.0 0.0
9.312598073071966 15.279110935299357 8.220707321616388 0.7806064964335226 -0.43932964975565797 -0.4445705304800926 0.6157556206116386 0.662585217291198 0.4264104190945057 0.0 0.0 0.0 0.0 0.0 0.0
9.679292798781841 15.27387140337695 8.61338101256111 0.5694464015039444 -0.0001785864540511746 -0.8220284447153189 0.6157556206116386 0.662585217291198 0.4264104190945057 0.0 0.0 0.0 0.0 0.0 0.0
10.175792849632199 15.26859116266672 8.818673293667816 0.1419440980068982 0.43904032482725563 -0.887184009220514 0.6157556206116386 0.662585217291198 0.4264104190945057 0.0 0.0 0.0 0.0 0.0 0.0
10.704649062089505 15.363390177815289 8.82173195195742 -0.33948514150173137 0.7114604763439015 -0.615283535697208 0.6157556206116386 0.662585217291198 0.4264104190945057 0.0 0.0 0.0 0.0 0.0 0.0
11.156119625859578 15.620366630932587 8.68453670892492 -0.6919382998649698 0.7135848979126668 -0.10962655997039775 0.6157556206116386 0.662585217291198 0.4264104190945057 0.0 0.0 0.0 0.0 0.0 0.0
0.28045351501052784 6.1679186765439065 7.028252044879404 0.9879874633342731 -0.05232247842605947 0.14540677613392944 0.018443176933952345 0.9741349295769539 0.22521320610187612 0.0 0.0 0.0 0.0 0.0 0.0
0.346267764961282 6.464296877292125 7.471550532067244 0.8902778222487676 0.08651653938370833 -0.4471244654736069 0.018443176933952345 0.9741349295769539 0.22521320610187612 0.0 0.0 0.0 0.0 0.0 0.0
0.6150208725062742 6.780396525915107 7.812926983281585 0.4543367518395319 0.19248647740220415 -0.8697856471253099 0.018443176933952345 0.9741349295769539 0.22521320610187612 0.0 0.0 0.0 0.0 0.0 0.0
0.9873400569288142 7.140373473118516 7.956035768865867 -0.1542144466989497 0.22532758445331968 -0.9620007193935817 0.018443176933952345 0.9741349295769539 0.22521320610187612 0.0 0.0 0.0 0.0 0.0 0.0
1.3245060533739639 7.551713850288003 7.879856460194985 -0.7041769986084478 0.17256297489430716 -0.6887356345699156 0.018443176933952345 0.9741349295769539 0.22521320610187612 0.0 0.0 0.0 0.0 0.0 0.0
1.501154880829357 8.00238996301435 7.646679841952794 -0.9866109355350184 0.054238806073862736 -0.15380836712739987 0.018443176933952345 0.9741349295769539 0.22521320610187612 0.0 0.0 0.0 0.0 0.0 0.0
1.4529057144857855 8.465429813291859 7.378442601584326 -0.8942148827966477 -0.08469159199852096 0.43955327052557913 0.018443176933952345 0.9741349295769539 0.22521320610187612 0.0 0.0 0.0 0.0 0.0 0.0
1.2008202374722068 8.909164212508482 7.210401543062726 -0.46209164560826504 -0.19144623830275878 0.8659212717671094 0.018443176933952345 0.9741349295769539 0.22521320610187612 0.0 0.0 0.0 0.0 0.0 0.0
0.8434009553024896 9.309258435680126 7.239747265686691 0.14558793350701488 -0.2254672578653662 0.9633113044326993 0.018443176933952345 0.9741349295769539 0.22521320610187612 0.0 0.0 0.0 0.0 0.0 0.0
0.5191684471566274 9.657957390327024 7.488679830466723 0.6979562225825365 -0.1738294965533944 0.6947232668381772 0.018443176933952345 0.9741349295769539 0.22521320610187612 0.0 0.0 0.0 0.0 0.0 0.0
0.35403508190967825 9.967031905765023 7.8959745857820165 0.9851592734932031 -0.05615100322659087 0.16219824501821975 0.018443176933952345 0.9741349295769539 0.22521320610187612 0.0 0.0 0.0 0.0 0.0 0.0
0.41346880405358544 10.263306798250724 8.340242436152788 0.898083845419109 0.08286019502070456 -0.43194860189420137 0.018443176933952345 0.9741349295769539 0.22521320610187612 0.0 0.0 0.0 0.0 0.0 0.0
0.6776207670190271 10.578469674798596 8.686047589130494 0.46981134930912444 0.1903914198310509 -0.8619909531515135 0.018443176933952345 0.9741349295769539 0.22521320610187612 0.0 0.0 0.0 0.0 0.0 0.0
1.0488662418421189 10.937032281487632 8.835361877214728 -0.13695033323027683 0.22558976107279277 -0.9645485295863733 0.018443176933952345 0.9741349295769539 0.22521320610187612 0.0 0.0 0.0 0.0 0.0 0.0
1.3888938838962204 11.3470180813114 8.764807297630187 -0.6916822944880281 0.1750827804233094 -0.7006579932399389 0.018443176933952345 0.9741349295769539 0.22521320610187612 0.0 0.0 0.0 0.0 0.0 0.0
1.5712525251579617 11.796914006441652 8.534537706440366 -0.983632587758512 0.058058924263024406 -0.17057577088470588 0.018443176933952345 0.9741349295769539 0.22521320610187612 0.0 0.0 0.0 0.0 0.0 0.0
1.5293920870901065 12.260044465184487 8.265385362910202 -0.9018844154796688 -0.08102248791823248 0.42431103870443204 0.018443176933952345 0.9741349295769539 0.22521320610187612 0.0 0.0 0.0 0.0 0.0 0.0
1.2819470681358274 12.704705845256983 8.092954734003678 -0.4774952750567856 -0.18932210231559396 0.8579949905875014 0.018443176933952345 0.9741349295769539 0.22521320610187612 0.0 0.0 0.0 0.0 0.0 0.0
0.9256569862079437 13.106211246149613 8.116104090198426 0.12830230365543852 -0.2256950847465088 0.9657123006351177 0.018443176933952345 0.9741349295769539 0.22521320610187612 0.0 0.0 0.0 0.0 0.0 0.0
0.5986134184353549 13.456269445372769 8.359387595709132 0.6853556921088376 -0.176322731061636 0.7065393618228075 0.018443176933952345 0.9741349295769539 0.22521320610187612 0.0 0.0 0.0 0.0 0.0 0.0
9.67755563438637 0.6854352449352789 4.447202911068612 0.0701298918226473 0.9793962019907599 -0.1893802465913972 0.6899319724415425 0.0894948196905793 0.7183206461264172 0.0 0.0 0.0 0.0 0.0 0.0
10.207936431019082 0.7682512640180076 4.470068161229052 -0.36565501019103214 0.8995057642561667 0.2391355130300091 0.6899319724415425 0.0894948196905793 0.7183206461264172 0.0 0.0 0.0 0.0 0.0 0.0
10.654966156573396 1.0561096503659186 4.5474443591090905 -0.6625214604073831 0.47787804774626946 0.5767996931187482 0.6899319724415425 0.0894948196905793 0.7183206461264172 0.0 0.0 0.0 0.0 0.0 0.0
10.950974094381579 1.452900352734046 4.756302065184577 -0.7076849310468503 -0.1253035287973215 0.6953280262150758 0.6899319724415425 0.0894948196905793 0.7183206461264172 0.0 0.0 0.0 0.0 0.0 0.0
11.085665229890296 1.8211281117701428 5.1236598167143175 -0.48398706452053813 -0.6808801997875281 0.5496896168876466 0.6899319724415425 0.0894948196905793 0.7183206461264172 0.0 0.0 0.0 0.0 0.0 0.0
11.11003149881288 2.0341492078407466 5.616319333709605 -0.0764144203506739 -0.9777790991685796 0.19521493178430488 0.6899319724415425 0.0894948196905793 0.7183206461264172 0.0 0.0 0.0 0.0 0.0 0.0
11.116979098212147 2.0242855274900093 6.153478100547572 0.36018933969138894 -0.9032033711807297 -0.23342516972350166 0.6899319724415425 0.0894948196905793 0.7183206461264172 0.0 0.0 0.0 0.0 0.0 0.0
11.206031868927438 1.8085366102592904 6.637427592602332 0.6599511475400753 -0.48548558172624334 -0.5733831465926322 0.6899319724415425 0.0894948196905793 0.7183206461264172 0.0 0.0 0.0 0.0 0.0 0.0
11.445520524489883 1.4821212393982486 6.990674378349777 0.7089864806435073 0.11667629711211422 -0.6955032796162347 0.6899319724415425 0.0894948196905793 0.7183206461264172 0.0 0.0 0.0 0.0 0.0 0.0
11.846622670623304 1.1823022341351381 7.185381169624658 0.48866599612864103 0.6745108999539194 -0.5533900885188997 0.6899319724415425 0.0894948196905793 0.7183206461264172 0.0 0.0 0.0 0.0 0.0 0.0
12.35911624595015 1.0362380097400394 7.253942672809213 0.08269312962473942 0.976087534682372 -0.20103475060435294 0.6899319724415425 0.0894948196905793 0.7183206461264172 0.0 0.0 0.0 0.0 0.0 0.0
12.890459722776896 1.1126729695884254 7.276678298267938 -0.35469623937899963 0.9068321956716832 0.22769705018657652 0.6899319724415425 0.0894948196905793 0.7183206461264172 0.0 0.0 0.0 0.0 0.0 0.0
13.340950180676668 1.3958203569736873 7.351317473481191 -0.6573305768377786 0.4930561440995347 0.5699229347199591 0.6899319724415425 0.0894948196905793 0.7183206461264172 0.0 0.0 0.0 0.0 0.0 0.0
13.641602112903332 1.7913599079204718 7.555870599596509 -0.7102340381747115 -0.10804018007515143 0.6956255677498994 0.6899319724415425 0.0894948196905793 0.7183206461264172 0.0 0.0 0.0 0.0 0.0 0.0
13.780356173780524 2.1622716964196367 7.918991595768308 -0.4933077139291923 -0.6680902335038045 0.5570484173523741 0.6899319724415425 0.0894948196905793 0.7183206461264172 0.0 0.0 0.0 0.0 0.0 0.0
13.806660725745607 2.3808922951701197 8.409091796203134 -0.08896554149682538 -0.9743216373513217 0.2068392598498036 0.6899319724415425 0.0894948196905793 0.7183206461264172 0.0 0.0 0.0 0.0 0.0 0.0
13.812685579727184 2.377416246029295 8.946341012428928 0.3491761275747182 -0.9103919613799927 -0.22195159063771583 0.6899319724415425 0.0894948196905793 0.7183206461264172 0.0 0.0 0.0 0.0 0.0 0.0
13.89830514297626 2.1664163206463773 9.432996356585138 0.6546599478670958 -0.5005891583385085 -0.5664193210092618 0.6899319724415425 0.0894948196905793 0.7183206461264172 0.0 0.0 0.0 0.0 0.0 0.0
14.133154461940547 1.841307080869136 9.790536398694877 0.7114275086341248 0.09939583536018125 -0.695694881303357 0.6899319724415425 0.0894948196905793 0.7183206461264172 0.0 0.0 0.0 0.0 0.0 0.0
14.53017370388308 1.5388551248897429 9.989492770721446 0.4979118644374084 0.6616186893957914 -0.5606643247921675 0.6899319724415425 0.0894948196905793 0.7183206461264172 0.0 0.0 0.0 0.0 0.0 0.0
4.432302152642707 9.463442839158091 10.498216313215005 -0.5745257493157128 0.5364005296140301 0.6182189217445603 0.7118017860362135 0.7003118609926497 0.0538657103236211 0.0 0.0 0.0 0.0 0.0 0.0
4.502099356016027 9.963242269727415 10.313787514698602 -0.22846459425069435 0.1583273960353549 0.9605916743541604 0.7118017860362135 0.7003118609926497 0.0538657103236211 0.0 0.0 0.0 0.0 0.0 0.0
4.519818047941252 10.499132435204775 10.34832561857629 0.20439407989448147 -0.2798969623900498 0.9380195896402757 0.7118017860362135 0.7003118609926497 0.0538657103236211 0.0 0.0 0.0 0.0 0.0 0.0
4.5841283768096925 10.971220079298353 10.596685317427307 0.559600025800964 -0.6117837851758173 0.5590781799708423 0.7118017860362135 0.7003118609926497 0.0538657103236211 0.0 0.0 0.0 0.0 0.0 0.0
4.775999549167302 11.3038515903113 10.972486904994097 0.7022045658921638 -0.7112437194938652 -0.03226637755821347 0.7118017860362135 0.7003118609926497 0.0538657103236211 0.0 0.0 0.0 0.0 0.0 0.0
5.12793827441493 11.474355073086306 11.340933370781231 0.5780298511666689 -0.5404902734153431 -0.6113523987878395 0.7118017860362135 0.7003118609926497 0.0538657103236211 0.0 0.0 0.0 0.0 0.0 0.0
5.611638922423735 11.521653781029732 11.570022038028446 0.23425193183921192 -0.16439553595085746 -0.9581754224509346 0.7118017860362135 0.7003118609926497 0.0538657103236211 0.0 0.0 0.0 0.0 0.0 0.0
6.148737305666035 11.531478521380448 11.580694587578936 -0.19852221287740493 0.2741558141681462 -0.9409715832861577 0.7118017860362135 0.7003118609926497 0.0538657103236211 0.0 0.0 0.0 0.0 0.0 0.0
6.6405825442364215 11.603797088197117 11.376872635111635 -0.5558744498074971 0.6085507868438933 -0.5662769074250599 0.7118017860362135 0.7003118609926497 0.0538657103236211 0.0 0.0 0.0 0.0 0.0 0.0
7.005716184482574 11.814834826022931 11.043967843778864 -0.7020406895305336 0.7117471411710684 0.02355583321182229 0.7118017860362135 0.7003118609926497 0.0538657103236211 0.0 0.0 0.0 0.0 0.0 0.0
7.2108196274604985 12.188115347073845 10.716432605367912 -0.5814899338065252 0.5445388567897423 0.604439318979004 0.7118017860362135 0.7003118609926497 0.0538657103236211 0.0 0.0 0.0 0.0 0.0 0.0
7.28337242173062 12.68552351766392 10.526679328736934 -0.2400214302361766 0.17045115650981416 0.9556862017795621 0.7118017860362135 0.7003118609926497 0.0538657103236211 0.0 0.0 0.0 0.0 0.0 0.0
7.301212323426119 13.22178603474366 10.554774751872317 0.19263522762520788 -0.2683937879195563 0.9438519183028529 0.7118017860362135 0.7003118609926497 0.0538657103236211 0.0 0.0 0.0 0.0 0.0 0.0
7.362963431320061 13.696868179422115 10.798021249483178 0.552106541822522 -0.605271445013451 0.5734325107003467 0.7118017860362135 0.7003118609926497 0.0538657103236211 0.0 0.0 0.0 0.0 0.0 0.0
7.5505672427945045 14.03397867916486 11.171981705951262 0.7018233500523344 -0.7121963605478302 -0.014843494997532054 0.7118017860362135 0.7003118609926497 0.0538657103236211 0.0 0.0 0.0 0.0 0.0 0.0
7.898151708996279 14.208743996111439 11.542558587267608 0.5849057337365923 -0.548545971421929 -0.5974802087758464 0.7118017860362135 0.7003118609926497 0.0538657103236211 0.0 0.0 0.0 0.0 0.0 0.0
8.379065455607396 14.258468241612364 11.776939836193758 0.24577265007194804 -0.17649379655327396 -0.9531242019038344 0.7118017860362135 0.7003118609926497 0.0538657103236211 0.0 0.0 0.0 0.0 0.0 0.0
8.91600308553566 14.267960720635585 11.794056393305834 -0.1867335724546095 0.2626113224448876 -0.9466603753416979 0.7118017860362135 0.7003118609926497 0.0538657103236211 0.0 0.0 0.0 0.0 0.0 0.0
9.410374791747316 14.337315458873196 11.595381688072058 -0.5482965887868196 0.6019460094190673 -0.5805444448698095 0.7118017860362135 0.7003118609926497 0.0538657103236211 0.0 0.0 0.0 0.0 0.0 0.0
9.779762273292839 14.54388380889814 11.264371858363353 -0.7015525640088094 0.712591343414356 0.006130026393628896 0.7118017860362135 0.7003118609926497 0.0538657103236211 0.0 0.0 0.0 0.0 0.0 0.0
12.855485752483053 11.294399220890671 -0.4148732651327345 -0.04424740282085371 -0.3303834605045885 0.942809066761994 0.06686717527920677 0.9406376016297108 0.3327606997084925 0.0 0.0 0.0 0.0 0.0 0.0
12.525814350227979 11.650729530612791 -0.1845895726426403 0.5486421695231408 -0.31322464795124316 0.7751658466010747 0.06686717527920677 0.9406376016297108 0.3327606997084925 0.0 0.0 0.0 0.0 0.0 0.0
12.321205947778754 11.935660271978795 0.22239319897079685 0.9330934088573847 -0.17706655480437544 0.3130241612345836 0.06686717527920677 0.9406376016297108 0.3327606997084925 0.0 0.0 0.0 0.0 0.0 0.0
12.329296217238397 12.180228686605737 0.7007298379869766 0.9630468616768505 0.026362082907599674 -0.2680406364698118 0.06686717527920677 0.9406376016297108 0.3327606997084925 0.0 0.0 0.0 0.0 0.0 0.0
12.55691304911959 12.430806338860949 1.117966605485952 0.6271227104603986 0.2197753245724556 -0.7472723149788667 0.06686717527920677 0.9406376016297108 0.3327606997084925 0.0 0.0 0.0 0.0 0.0 0.0
12.927482522582675 12.731481783267693 1.3648626252725382 0.05294415660745986 0.3296922459847587 -0.9426027473006058 0.06686717527920677 0.9406376016297108 0.3327606997084925 0.0 0.0 0.0 0.0 0.0 0.0
13.310120618210322 13.107310585520445 1.3968923191529132 -0.5413487675197467 0.31435357098704997 -0.7798226364453269 0.06686717527920677 0.9406376016297108 0.3327606997084925 0.0 0.0 0.0 0.0 0.0 0.0
13.569358245248278 13.554796294170844 1.251161418518422 -0.9299742439974708 0.17958671865992917 -0.32077486806527056 0.06686717527920677 0.9406376016297108 0.3327606997084925 0.0 0.0 0.0 0.0 0.0 0.0
13.616608214105328 14.043218800990477 1.0323098766152567 -0.9652869568403536 -0.023408130615916678 0.26014063576257584 0.06686717527920677 0.9406376016297108 0.3327606997084925 0.0 0.0 0.0 0.0 0.0 0.0
13.443820990777825 14.526305423699675 0.8727574008195074 -0.6338710160423098 -0.2175098397077024 0.7422243627447289 0.06686717527920677 0.9406376016297108 0.3327606997084925 0.0 0.0 0.0 0.0 0.0 0.0
13.126542849398696 14.959810671603545 0.8823949918655417 -0.061636878491558605 -0.3289759241239421 0.9423246449905757 0.06686717527920677 0.9406376016297108 0.3327606997084925 0.0 0.0 0.0 0.0 0.0 0.0
12.79521457962801 15.31832584725212 1.1068355153874652 0.534014139711789 -0.3154585547813572 0.7844200397766076 0.06686717527920677 0.9406376016297108 0.3327606997084925 0.0 0.0 0.0 0.0 0.0 0.0
12.585614849807403 15.604932235412367 1.510084611658278 0.9267842579983347 -0.1820932062915591 0.3285011466478238 0.06686717527920677 0.9406376016297108 0.3327606997084925 0.0 0.0 0.0 0.0 0.0 0.0
12.587275620758826 15.850030471468882 1.9882155546437654 0.9674535416648328 0.020452395704458615 -0.25222082433875115 0.06686717527920677 0.9406376016297108 0.3327606997084925 0.0 0.0 0.0 0.0 0.0 0.0
12.809467456973717 16.099790831769766 2.408852752785095 0.640571049892218 0.21522779062653147 -0.7371198872517296 0.06686717527920677 0.9406376016297108 0.3327606997084925 0.0 0.0 0.0 0.0 0.0 0.0
13.177677484167136 16.398612373716116 2.6614634494338825 0.07032490648872351 0.32823454947282105 -0.9419747810104714 0.06686717527920677 0.9406376016297108 0.3327606997084925 0.0 0.0 0.0 0.0 0.0 0.0
13.561918076007435 16.77225499154271 2.6993509651120546 -0.5266388446595724 0.31653951518537 -0.7889577064848537 0.06686717527920677 0.9406376016297108 0.3327606997084925 0.0 0.0 0.0 0.0 0.0 0.0
13.82611132663687 17.21805280181574 2.5573955467724145 -0.9235236937897611 0.18458582682052702 -0.33620240859621614 0.06686717527920677 0.9406376016297108 0.3327606997084925 0.0 0.0 0.0 0.0 0.0 0.0
13.879787322208214 17.70592695712051 2.3388027788146433 -0.9695464511564655 -0.017495103263883403 0.24428180532264024 0.06686717527920677 0.9406376016297108 0.3327606997084925 0.0 0.0 0.0 0.0 0.0 0.0
13.712455173731621 18.189813103085797 2.1758940560665057 -0.6472223017766052 -0.21292935111581646 0.7319592772254402 0.06686717527920677 0.9406376016297108 0.3327606997084925 0.0 0.0 0.0 0.0 0.0 0.0
6.627572364581985 2.256324790590846 3.9165186199245756 0.4011555386526925 -0.1756813087294777 0.8990051788345638 0.17035095031590472 0.978623302213014 0.11522580480154634 0.0 0.0 0.0 0.0 0.0 0.0
6.423038765092197 2.655350508646407 4.21254156688706 0.8527056590844881 -0.2050058182094155 0.4804848316706537 0.17035095031590472 0.978623302213014 0.11522580480154634 0.0 0.0 0.0 0.0 0.0 0.0
6.412879447421139 3.007645143990615 4.618091046347347 0.9802986431517323 -0.1564451898370974 -0.12057973632292675 0.17035095031590472 0.978623302213014 0.11522580480154634 0.0 0.0 0.0 0.0 0.0 0.0
6.626179236301659 3.3242780933889016 4.9961543711187755 0.7354597829663464 -0.048448418221577236 -0.6758340465017437 0.17035095031590472 0.978623302213014 0.11522580480154634 0.0 0.0 0.0 0.0 0.0 0.0
7.007127105850633 3.6298672243291477 5.220161303724983 0.2112074550002044 0.07795471749067655 -0.974327703071859 0.17035095031590472 0.978623302213014 0.11522580480154634 0.0 0.0 0.0 0.0 0.0 0.0
7.436219721412556 3.9532261355742424 5.222070205758696 -0.3932861163208519 0.17474155269484964 -0.9026579753544824 0.17035095031590472 0.978623302213014 0.11522580480154634 0.0 0.0 0.0 0.0 0.0 0.0
7.775662754384375 4.3164173892543785 5.01821819390818 -0.8483637166584024 0.20514115050728646 -0.48805339116339275 0.17035095031590472 0.978623302213014 0.11522580480154634 0.0 0.0 0.0 0.0 0.0 0.0
7.9217212514501085 4.726370574647427 4.703114396185348 -0.9811337571524775 0.15760419546487087 0.11197083614822553 0.17035095031590472 0.978623302213014 0.11522580480154634 0.0 0.0 0.0 0.0 0.0 0.0
7.844130277701518 5.172249641355715 4.413534354085671 -0.7411546796226779 0.050190771563721315 0.6694554707545848 0.17035095031590472 0.978623302213014 0.11522580480154634 0.0 0.0 0.0 0.0 0.0 0.0
7.597593071412471 5.629569696021209 4.276556707608948 -0.2195985478587872 -0.07629096559943682 0.9726027793226873 0.17035095031590472 0.978623302213014 0.11522580480154634 0.0 0.0 0.0 0.0 0.0 0.0
7.300998369229338 6.069499222677812 4.361283895281821 0.3853867437285845 -0.1737884894144445 0.9062420309747955 0.17035095031590472 0.978623302213014 0.11522580480154634 0.0 0.0 0.0 0.0 0.0 0.0
7.092252587405345 6.46981365770413 4.652588982430346 0.8439571680507195 -0.20526086051231013 0.49558478350081914 0.17035095031590472 0.978623302213014 0.11522580480154634 0.0 0.0 0.0 0.0 0.0 0.0
7.075886868593664 6.823338873118124 5.05686263657148 0.9818941540190018 -0.15875119892297032 -0.10335340896083908 0.17035095031590472 0.978623302213014 0.11522580480154634 0.0 0.0 0.0 0.0 0.0 0.0
7.283343953085959 7.140676747742514 5.43757687788797 0.7467931344806591 -0.051929302684289406 -0.6630259133814258 0.17035095031590472 0.978623302213014 0.11522580480154634 0.0 0.0 0.0 0.0 0.0 0.0
7.661032556080999 7.446177336186063 5.6671543413870245 0.22797291743774017 0.07462140385579416 -0.9708037881062856 0.17035095031590472 0.978623302213014 0.11522580480154634 0.0 0.0 0.0 0.0 0.0 0.0
8.09068759277915 7.7686878759865055 5.675437050840866 -0.37745802244369686 0.17282219146772088 -0.9097570727557913 0.17035095031590472 0.978623302213014 0.11522580480154634 0.0 0.0 0.0 0.0 0.0 0.0
8.434301061384527 8.130593239769874 5.476340606934479 -0.8394863488371767 0.20536493910810594 -0.5030784351382475 0.17035095031590472 0.978623302213014 0.11522580480154634 0.0 0.0 0.0 0.0 0.0 0.0
8.586553590357994 8.539311547884752 5.162567417908942 -0.9825797758441397 0.1598861128626414 0.09472811101121131 0.17035095031590472 0.978623302213014 0.11522580480154634 0.0 0.0 0.0 0.0 0.0 0.0
8.51482702851087 8.984475900457493 4.8703875047690355 -0.7523747181501222 0.053663879187405505 0.6565458640179536 0.17035095031590472 0.978623302213014 0.11522580480154634 0.0 0.0 0.0 0.0 0.0 0.0
8.271596625987925 9.44187293597954 4.727867241990266 -0.23632992599639724 -0.07294615940333947 0.9689308664227998 0.17035095031590472 0.978623302213014 0.11522580480154634 0.0 0.0 0.0 0.0 0.0 0.0
11.243159687171513 1.070121359836636 2.7455932130708316 0.7493796360030063 0.5012705039047654 -0.4326176638315461 0.01260433719159265 0.642444609496125 0.766228460978403 0.0 0.0 0.0 0.0 0.0 0.0
11.566397297601378 1.1737206763552186 3.1620901889768183 0.21883812270459607 0.7459400518076078 -0.6290336359531117 0.01260433719159265 0.642444609496125 0.766228460978403 0.0 0.0 0.0 0.0 0.0 0.0
11.93951906498751 1.4473570511543825 3.4351989277747212 -0.39484365218758743 0.707214502576148 -0.5864692128945383 0.01260433719159265 0.642444609496125 0.766228460978403 0.0 0.0 0.0 0.0 0.0 0.0
12.222636209433706 1.8822029940683154 3.5746219910400345 -0.8585177221798813 0.39980633982007335 -0.3210953306149816 0.01260433719159265 0.642444609496125 0.766228460978403 0.0 0.0 0.0 0.0 0.0 0.0
12.3100542120957 2.4081848047241583 3.640851363588384 -0.9960265558651711 -0.05949493583918479 0.06626803619284843 0.01260433719159265 0.642444609496125 0.766228460978403 0.0 0.0 0.0 0.0 0.0 0.0
12.170427930008207 2.9206047428834485 3.7221865370720195 -0.7551282483013178 -0.49619309067085465 0.42845506810853423 0.01260433719159265 0.642444609496125 0.766228460978403 0.0 0.0 0.0 0.0 0.0 0.0
11.858670139960287 3.3199174504115794 3.901188056812354 -0.22734409413674847 -0.7443791944505926 0.6278648562630563 0.01260433719159265 0.642444609496125 0.766228460978403 0.0 0.0 0.0 0.0 0.0 0.0
11.495089256500501 3.5495488971427727 4.223311390293648 0.3868118823809273 -0.7097631969021018 0.5887382881826458 0.01260433719159265 0.642444609496125 0.766228460978403 0.0 0.0 0.0 0.0 0.0 0.0
11.219682153800502 3.6173898008074015 4.679637635090852 0.8540115576322936 -0.40549629424266953 0.32594020124238415 0.01260433719159265 0.642444609496125 0.766228460978403 0.0 0.0 0.0 0.0 0.0 0.0
11.138947012534295 3.592797811440455 5.210261959016981 0.996757963827338 0.05282543013605528 -0.060688017579418274 0.01260433719159265 0.642444609496125 0.766228460978403 0.0 0.0 0.0 0.0 0.0 0.0
11.285422880485564 3.580247380535176 5.727052447426331 0.7608193546599229 0.4910778904119995 -0.42425984387325466 0.01260433719159265 0.642444609496125 0.766228460978403 0.0 0.0 0.0 0.0 0.0 0.0
11.605327544270779 3.679638170201101 6.147132891075417 0.23583275243593374 0.7427616497359385 -0.6266482622333187 0.01260433719159265 0.642444609496125 0.766228460978403 0.0 0.0 0.0 0.0 0.0 0.0
11.97899029139425 3.9483415012953613 6.424368843630903 -0.3787506553518207 0.7122578400126512 -0.5909625287707151 0.01260433719159265 0.642444609496125 0.766228460978403 0.0 0.0 0.0 0.0 0.0 0.0
12.26631681471287 4.37940402943173 6.566894869158442 -0.849440356798152 0.4111553685525163 -0.3307602502615333 0.01260433719159265 0.642444609496125 0.766228460978403 0.0 0.0 0.0 0.0 0.0 0.0
12.360013381971672 4.904189436766668 6.634024085231478 -0.9974134648114539 -0.04615190157189897 0.055103377338486186 0.01260433719159265 0.642444609496125 0.766228460978403 0.0 0.0 0.0 0.0 0.0 0.0
12.226349518543042 5.418454516686118 6.713714117902652 -0.7664525216790388 -0.48592529267050416 0.42003231060827534 0.01260433719159265 0.642444609496125 0.766228460978403 0.0 0.0 0.0 0.0 0.0 0.0
11.917972778681214 5.821952910851667 6.889150528993318 -0.24430345115795735 -0.7410875408459385 0.6253839465122447 0.01260433719159265 0.642444609496125 0.766228460978403 0.0 0.0 0.0 0.0 0.0 0.0
11.55390705944091 6.056520376763032 7.2071432303691845 0.3706605849939164 -0.7146982419310657 0.593141765274214 0.01260433719159265 0.642444609496125 0.766228460978403 0.0 0.0 0.0 0.0 0.0 0.0
11.27433343221282 6.128172355938197 7.66034261580254 0.8448044677920982 -0.4167831317891952 0.33555511060703447 0.01260433719159265 0.642444609496125 0.766228460978403 0.0 0.0 0.0 0.0 0.0 0.0
11.187333009999751 6.104818607107917 8.190031799257024 0.9979930088985812 0.03947485836175345 -0.049514540762028526 0.01260433719159265 0.642444609496125 0.766228460978403 0.0 0.0 0.0 0.0 0.0 0.0
7.273084130944451 9.866513871273963 0.7552748305370576 -0.10559674265560648 -0.6425157150985495 0.7589617143123394 0.09674408614780246 0.7529704806983967 0.6509040151913738 0.0 0.0 0.0 0.0 0.0 0.0
6.9505592348277885 10.136777710988323 1.089370999994515 0.4947901695953975 -0.6038222406460672 0.6249651108445339 0.09674408614780246 0.7529704806983967 0.6509040151913738 0.0 0.0 0.0 0.0 0.0 0.0
6.740821773438992 10.26940025194812 1.565927986133539 0.9071980239666252 -0.33572660160264345 0.25353381290745053 0.09674408614780246 0.7529704806983967 0.6509040151913738 0.0 0.0 0.0 0.0 0.0 0.0
6.737880130158415 10.325493903508942 2.100278012902269 0.9749461814908217 0.05991718643907206 -0.21421921941247632 0.09674408614780246 0.7529704806983967 0.6509040151913738 0.0 0.0 0.0 0.0 0.0 0.0
6.957177499625396 10.395245679603848 2.5857967618655078 0.6722959844357547 0.43279743359064843 -0.6005867887232509 0.09674408614780246 0.7529704806983967 0.6509040151913738 0.0 0.0 0.0 0.0 0.0 0.0
7.329724759898331 10.56365364430373 2.934411733441791 0.11422930270409855 0.6412506997339265 -0.7587813957224334 0.09674408614780246 0.7529704806983967 0.6509040151913738 0.0 0.0 0.0 0.0 0.0 0.0
7.728310593316894 10.878234726184946 3.1100624619880555 -0.48723500093693983 0.6060821039083202 -0.6287022643382504 0.09674408614780246 0.7529704806983967 0.6509040151913738 0.0 0.0 0.0 0.0 0.0 0.0
8.015831192941011 11.330972242722464 3.1424004895962705 -0.9035905815872338 0.3406527836555437 -0.25976863139065226 0.09674408614780246 0.7529704806983967 0.6509040151913738 0.0 0.0 0.0 0.0 0.0 0.0
8.0973782910608 11.861361572012916 3.115524249505355 -0.9766569930636477 -0.05419622451879327 0.20785544772216377 0.09674408614780246 0.7529704806983967 0.6509040151913738 0.0 0.0 0.0 0.0 0.0 0.0
7.956296396881173 12.379396870219024 3.136028665262887 -0.6786750840410374 -0.42845518088588763 0.5965117670875661 0.09674408614780246 0.7529704806983967 0.6509040151913738 0.0 0.0 0.0 0.0 0.0 0.0
7.660510495939851 12.799765796460832 3.2925079570972997 -0.1228531637489331 -0.6399368506458161 0.7585432929915015 0.09674408614780246 0.7529704806983967 0.6509040151913738 0.0 0.0 0.0 0.0 0.0 0.0
7.33672021245638 13.074261097462285 3.6218972164367242 0.47964272744675385 -0.6082958116718188 0.6323915397204177 0.09674408614780246 0.7529704806983967 0.6509040151913738 0.0 0.0 0.0 0.0 0.0 0.0
7.122264503786376 13.210095349053091 4.095440147153646 0.8999143272866617 -0.3455530236800781 0.2659836674868384 0.09674408614780246 0.7529704806983967 0.6509040151913738 0.0 0.0 0.0 0.0 0.0 0.0
7.11294429433721 13.267160778023182 4.6296140632433795 0.9782934284251709 0.04847113534618783 -0.20147584703476232 0.09674408614780246 0.7529704806983967 0.6509040151913738 0.0 0.0 0.0 0.0 0.0 0.0
7.32662610267961 13.335275203820585 5.117861553662093 0.685002499911073 0.42408029966027044 -0.5923913187713286 0.09674408614780246 0.7529704806983967 0.6509040151913738 0.0 0.0 0.0 0.0 0.0 0.0
7.696454252430373 13.50005874726925 5.471073424327262 0.13146766904970278 0.6385742678889125 -0.7582474242519885 0.09674408614780246 0.7529704806983967 0.6509040151913738 0.0 0.0 0.0 0.0 0.0 0.0
8.09625046147765 13.810405315175961 5.651442770775901 -0.4720139273058604 0.6104631953541453 -0.636032656038432 0.09674408614780246 0.7529704806983967 0.6509040151913738 0.0 0.0 0.0 0.0 0.0 0.0
8.38845108094362 14.259906987671902 5.686828453267784 -0.8961695410259064 0.35042694850399614 -0.27217844789694784 0.09674408614780246 0.7529704806983967 0.6509040151913738 0.0 0.0 0.0 0.0 0.0 0.0
8.476369825334716 14.789288494105527 5.660171049997452 -0.9798553629545022 -0.04274235490896227 0.1950809031815634 0.09674408614780246 0.7529704806983967 0.6509040151913738 0.0 0.0 0.0 0.0 0.0 0.0
8.340930508909143 15.308926879392766 5.677982344745585 -0.6912777501886452 -0.4196731230779405 0.58822575756263 0.09674408614780246 0.7529704806983967 0.6509040151913738 0.0 0.0 0.0 0.0 0.0 0.0
6.777704953047655 4.281848983720783 6.361877147848222 0.769584581030232 -0.6042237857697106 0.20652648583327354 0.5761583996098042 0.7965078456183332 0.18334871264208777 0.0 0.0 0.0 0.0 0.0 0.0
6.993132287753036 4.515652793483441 6.795019092388996 0.7848142612533119 -0.4764815153043143 -0.39627255886160345 0.5761583996098042 0.7965078456183332 0.18334871264208777 0.0 0.0 0.0 0.0 0.0 0.0
7.387458058005325 4.640842626839968 7.137830694668533 0.5018798822315446 -0.16771595082870028 -0.8485210331210865 0.5761583996098042 0.7965078456183332 0.18334871264208777 0.0 0.0 0.0 0.0 0.0 0.0
7.896187363203968 4.727801603927903 7.2872219007493655 0.02827294496585458 0.2047677074279005 -0.9784021803827297 0.5761583996098042 0.7965078456183332 0.18334871264208777 0.0 0.0 0.0 0.0 0.0 0.0
8.411361487097187 4.8614373863670535 7.213586299026487 -0.4560753567907956 0.4994566900991429 -0.7365719813048535 0.5761583996098042 0.7965078456183332 0.18334871264208777 0.0 0.0 0.0 0.0 0.0 0.0
8.822573219059512 5.10892433702973 6.9720490909888975 -0.7671530053292901 0.6043937257311739 -0.21490577170245764 0.5761583996098042 0.7965078456183332 0.18334871264208777 0.0 0.0 0.0 0.0 0.0 0.0
9.058912399318523 5.494182856490104 6.681524105529712 -0.7867764010289257 0.4797114800337103 0.3884067336025964 0.5761583996098042 0.7965078456183332 0.18334871264208777 0.0 0.0 0.0 0.0 0.0 0.0
9.115905874207034 5.988791622918305 6.479536447216474 -0.5074902877777309 0.17277882272320078 0.8441570269977385 0.5761583996098042 0.7965078456183332 0.18334871264208777 0.0 0.0 0.0 0.0 0.0 0.0
9.057216922028408 6.522785327422754 6.469974409768809 -0.03540012941463877 -0.19979539804772048 0.979197952283592 0.5761583996098042 0.7965078456183332 0.18334871264208777 0.0 0.0 0.0 0.0 0.0 0.0
8.990458509235847 7.011235664655653 6.683620576354697 0.4501391299716759 -0.49646400669939345 0.7422252041801917 0.5761583996098042 0.7965078456183332 0.18334871264208777 0.0 0.0 0.0 0.0 0.0 0.0
9.026309325283979 7.386517015940163 7.066457001587608 0.7646630079568381 -0.6045176387704182 0.2232686916650847 0.5761583996098042 0.7965078456183332 0.18334871264208777 0.0 0.0 0.0 0.0 0.0 0.0
9.236465098056026 7.623998552445783 7.5001875321107345 0.7886786247354718 -0.482904912876624 -0.38051132966704804 0.5761583996098042 0.7965078456183332 0.18334871264208777 0.0 0.0 0.0 0.0 0.0 0.0
9.626400188152333 7.7514018988665505 7.847180493063452 0.5130620459736738 -0.17782853684141134 -0.8397287350484981 0.5761583996098042 0.7965078456183332 0.18334871264208777 0.0 0.0 0.0 0.0 0.0 0.0
10.133287787771861 7.838269224718936 8.002757262439761 0.04252461800651024 0.19480787347443895 -0.9799191544692691 0.5761583996098042 0.7965078456183332 0.18334871264208777 0.0 0.0 0.0 0.0 0.0 0.0
10.64986887540401 7.969543011459457 7.934961429721602 -0.44416862331502505 0.49343351564339444 -0.7478219037325902 0.5761583996098042 0.7965078456183332 0.18334871264208777 0.0 0.0 0.0 0.0 0.0 0.0
11.065201711375714 8.2132949836168 7.696699570517349 -0.7621147785358178 0.6045955154509841 -0.23161460885242188 0.5761583996098042 0.7965078456183332 0.18334871264208777 0.0 0.0 0.0 0.0 0.0 0.0
11.306810459600204 8.594864522544817 7.405641153937421 -0.7905207875112518 0.486061570640779 0.3725869483205358 0.5761583996098042 0.7965078456183332 0.18334871264208777 0.0 0.0 0.0 0.0 0.0 0.0
11.36821996943773 9.087231811794352 7.199513943950625 -0.518594732508416 0.18286470862804932 0.8352364945049416 0.5761583996098042 0.7965078456183332 0.18334871264208777 0.0 0.0 0.0 0.0 0.0 0.0
11.311415793682357 9.621283117129495 7.183778919166984 -0.04964586818408045 -0.189805513527364 0.9805657320174221 0.5761583996098042 0.7965078456183332 0.18334871264208777 0.0 0.0 0.0 0.0 0.0 0.0
11.243294840712315 10.112068249683837 7.391563883850258 0.4381642914980394 -0.49036544771477475 0.7533616537517092 0.5761583996098042 0.7965078456183332 0.18334871264208777 0.0 0.0 0.0 0.0 0.0 0.0
7.57203397290458 8.500716505369386 10.932823708245385 -0.4070743952237206 -0.4280798684556049 0.8068692973315282 0.72158726864292 0.3908763194111587 0.571425862781898 0.0 0.0 0.0 0.0 0.0 0.0
7.6098637575539625 8.890954763050583 11.300203772693203 -0.001377512886110863 -0.8245618474967316 0.5657701495404518 0.72158726864292 0.3908763194111587 0.571425862781898 0.0 0.0 0.0 0.0 0.0 0.0
7.647379538097613 9.093234121650024 11.796551160530752 0.40484270962771945 -0.9077789947349325 0.10972546276649348 0.72158726864292 0.3908763194111587 0.571425862781898 0.0 0.0 0.0 0.0 0.0 0.0
7.777179227039294 9.088585229836333 12.31791047105844 0.6572564181448285 -0.6461157246179092 -0.38800576182436297 0.72158726864292 0.3908763194111587 0.571425862781898 0.0 0.0 0.0 0.0 0.0 0.0
8.056800537177693 8.936654238265927 12.750823855969646 0.6599674246674102 -0.13898228823969822 -0.7383271103877491 0.72158726864292 0.3908763194111587 0.571425862781898 0.0 0.0 0.0 0.0 0.0 0.0
8.486861442534932 8.753042229718199 13.015435552836468 0.4119457724919239 0.4209528431007179 -0.8081456455438304 0.72158726864292 0.3908763194111587 0.571425862781898 0.0 0.0 0.0 0.0 0.0 0.0
9.010825399693598 8.66538643500058 13.095830424373236 0.007419033980726903 0.8209609513909527 -0.5709361384831533 0.72158726864292 0.3908763194111587 0.571425862781898 0.0 0.0 0.0 0.0 0.0 0.0
9.536480525881611 8.764868714984102 13.046080385178238 -0.39992631957938174 0.9090722685126195 -0.11681844686953297 0.72158726864292 0.3908763194111587 0.571425862781898 0.0 0.0 0.0 0.0 0.0 0.0
9.970972434937805 9.071574047179075 12.969701577343631 -0.6553329779197913 0.651811831948534 0.3816805258101001 0.72158726864292 0.3908763194111587 0.571425862781898 0.0 0.0 0.0 0.0 0.0 0.0
10.2560811710571 9.526859906976004 12.980326857377033 -0.661767681365371 0.14691718271452026 0.7351726853763877 0.72158726864292 0.3908763194111587 0.571425862781898 0.0 0.0 0.0 0.0 0.0 0.0
10.390339943386609 10.015635543195465 13.158534774174223 -0.41678577849464066 -0.4137937605570446 0.8093604503363601 0.72158726864292 0.3908763194111587 0.571425862781898 0.0 0.0 0.0 0.0 0.0 0.0
10.429592384394082 10.410086878675907 13.52123643109215 -0.013459990087182955 -0.8172975359302469 0.5760586484284387 0.72158726864292 0.3908763194111587 0.571425862781898 0.0 0.0 0.0 0.0 0.0 0.0
10.465776620237662 10.618235215124747 14.015250675045051 0.3949794735934288 -0.9102963129174436 0.12390253479556083 0.72158726864292 0.3908763194111587 0.571425862781898 0.0 0.0 0.0 0.0 0.0 0.0
10.591996439514912 10.61888147840154 14.5375085057032 0.6533596315512588 -0.6574583012845645 -0.37532622334606197 0.72158726864292 0.3908763194111587 0.571425862781898 0.0 0.0 0.0 0.0 0.0 0.0
10.867149607362261 10.469660101213563 14.974210711939955 0.663517541892256 -0.1548408888770664 -0.7319622741186994 0.72158726864292 0.3908763194111587 0.571425862781898 0.0 0.0 0.0 0.0 0.0 0.0
11.293551619761558 10.285142738533985 15.244062094760128 0.42159404464667155 0.4066031660164362 -0.8105136191970315 0.72158726864292 0.3908763194111587 0.571425862781898 0.0 0.0 0.0 0.0 0.0 0.0
11.81605600790354 10.193310580341638 15.32915687258149 0.019499921163279723 0.813571880097883 -0.5811372892773459 0.72158726864292 0.3908763194111587 0.571425862781898 0.0 0.0 0.0 0.0 0.0 0.0
12.34300540368826 10.286932157816679 15.281781387026571 -0.3900025483913381 0.9114510347336827 -0.1309771870638573 0.72158726864292 0.3908763194111587 0.571425862781898 0.0 0.0 0.0 0.0 0.0 0.0
12.781053706295724 10.58831902733811 15.204549647559242 -0.6513365293172008 0.663054702625498 0.36894333833698 0.72158726864292 0.3908763194111587 0.571425862781898 0.0 0.0 0.0 0.0 0.0 0.0
13.070629826551 11.040849237186071 15.211418553674648 -0.6652168729894152 0.1627528033064329 0.7286961210999284 0.72158726864292 0.3908763194111587 0.571425862781898 0.0 0.0 0.0 0.0 0.0 0.0
10.242799462297153 12.006611148979554 8.619500736422616 0.6428875883780014 -0.6584095796891422 0.39139797404059806 0.6139897129391654 0.7484797705105048 0.25058863809323706 0.0 0.0 0.0 0.0 0.0 0.0
10.394267749375514 12.25116786064321 9.073300774884673 0.7892910824737519 -0.5797880785261436 -0.2021518516521066 0.6139897129391654 0.7484797705105048 0.25058863809323706 0.0 0.0 0.0 0.0 0.0 0.0
10.725654963538842 12.363561861563774 9.481020292401919 0.6358296980945507 -0.2808953927913246 -0.7189008091034533 0.6139897129391654 0.7484797705105048 0.25058863809323706 0.0 0.0 0.0 0.0 0.0 0.0
11.201979577389235 12.41192574885917 9.724866347863784 0.24080598090357827 0.12471414898544196 -0.9625273297958361 0.6139897129391654 0.7484797705105048 0.25058863809323706 0.0 0.0 0.0 0.0 0.0 0.0
11.733195922163569 12.488718230339934 9.749304268212724 -0.24570395449396346 0.48294270045326215 -0.8404736253000082 0.6139897129391654 0.7484797705105048 0.25058863809323706 0.0 0.0 0.0 0.0 0.0 0.0
12.208404042779918 12.675597515584833 9.582156199228985 -0.638866849628197 0.6576932456475243 -0.3991099385830519 0.6139897129391654 0.7484797705105048 0.25058863809323706 0.0 0.0 0.0 0.0 0.0 0.0
12.537982444921546 13.012397996869431 9.324031007187228 -0.7893135473045612 0.5825751307756188 0.1938822865639357 0.6139897129391654 0.7484797705105048 0.25058863809323706 0.0 0.0 0.0 0.0 0.0 0.0
12.687636799119312 13.481996497545087 9.110101288468236 -0.6398868317411575 0.28612698358528854 0.7132153895063166 0.6139897129391654 0.7484797705105048 0.25058863809323706 0.0 0.0 0.0 0.0 0.0 0.0
12.691428929887614 14.016817653132005 9.058749040228562 -0.24735641046197926 -0.11902558845714982 0.9615860416498324 0.6139897129391654 0.7484797705105048 0.25058863809323706 0.0 0.0 0.0 0.0 0.0 0.0
12.638836159108028 14.52450692208497 9.226590360439316 0.23914884673034675 -0.4789583494430002 0.8446340797093029 0.6139897129391654 0.7484797705105048 0.25058863809323706 0.0 0.0 0.0 0.0 0.0 0.0
12.640757375465453 14.92301762021196 9.586966045696254 0.6347974586943198 -0.6569268257188875 0.4067915093584656 0.6139897129391654 0.7484797705105048 0.25058863809323706 0.0 0.0 0.0 0.0 0.0 0.0
12.78738069250618 15.171781827746095 10.040069868311168 0.7892759028527917 -0.5853178176733541 -0.18559795658899714 0.6139897129391654 0.7484797705105048 0.25058863809323706 0.0 0.0 0.0 0.0 0.0 0.0
13.1139194764368 15.287122820324539 10.450866630881771 0.6438952355281045 -0.29133678470166674 -0.7074756557959433 0.6139897129391654 0.7484797705105048 0.25058863809323706 0.0 0.0 0.0 0.0 0.0 0.0
13.587234199566247 15.336053583663313 10.700394295452936 0.25388800287204427 0.11332796366947043 -0.9605715250038253 0.6139897129391654 0.7484797705105048 0.25058863809323706 0.0 0.0 0.0 0.0 0.0 0.0
14.118422700938972 15.410817459886411 10.730959650675054 -0.23257552685614905 0.47493752390006555 -0.8487302119632939 0.6139897129391654 0.7484797705105048 0.25058863809323706 0.0 0.0 0.0 0.0 0.0 0.0
14.596595603646838 15.59384335962646 10.568056927374803 -0.6306797254762447 0.6561103782690766 -0.41444210138548426 0.6139897129391654 0.7484797705105048 0.25058863809323706 0.0 0.0 0.0 0.0 0.0 0.0
14.931005043088028 15.926429640737489 10.310682114023294 -0.789178151985214 0.5880159303531236 0.1772994926110926 0.6139897129391654 0.7484797705105048 0.25058863809323706 0.0 0.0 0.0 0.0 0.0 0.0
15.085521297952663 16.393054171674457 10.093722725591219 -0.6478546041999242 0.2965243993939339 0.7016820450752778 0.6139897129391654 0.7484797705105048 0.25058863809323706 0.0 0.0 0.0 0.0 0.0 0.0
15.092359075405152 16.927271448783426 10.03671178141251 -0.2604002607277231 -0.10762170851859036 0.9594838571171852 0.6139897129391654 0.7484797705105048 0.25058863809323706 0.0 0.0 0.0 0.0 0.0 0.0
15.03983860523125 17.436956354049258 10.198415212653867 0.22598449545512855 -0.47088053002589025 0.8527617101256512 0.6139897129391654 0.7484797705105048 0.25058863809323706 0.0 0.0 0.0 0.0 0.0 0.0
3.2146019520942035 7.929106188666377 1.6387300874961963 0.926338653041262 0.3560855678148224 -0.12288111439800649 0.10853513288933998 0.060074499031480974 0.9922757577885343 0.0 0.0 0.0 0.0 0.0 0.0
3.489393098856784 7.665023377052854 2.0174584814536116 0.5388583472317897 0.8352482676090799 -0.10950805027327638 0.10853513288933998 0.060074499031480974 0.9922757577885343 0.0 0.0 0.0 0.0 0.0 0.0
3.8870170228260528 7.591335434321946 2.3712245119055577 -0.05334325392216325 0.9970861859323141 -0.054531046972764514 0.10853513288933998 0.060074499031480974 0.9922757577885343 0.0 0.0 0.0 0.0 0.0 0.0
4.272481350385317 7.744933319047671 2.7125601884842405 -0.6252788610594412 0.7801143918278275 0.02116321278318652 0.10853513288933998 0.060074499031480974 0.9922757577885343 0.0 0.0 0.0 0.0 0.0 0.0
4.515413341891654 8.076358303936882 3.058720020082752 -0.9596605747751742 0.26676409745086166 0.08881721417275622 0.10853513288933998 0.060074499031480974 0.9922757577885343 0.0 0.0 0.0 0.0 0.0 0.0
4.539590675182227 8.468592173233763 3.4251257384465807 -0.929451191464634 -0.34793433760555126 0.12272807095346357 0.10853513288933998 0.060074499031480974 0.9922757577885343 0.0 0.0 0.0 0.0 0.0 0.0
4.351899580133213 8.781514399325689 3.819507324445896 -0.5461277609214491 -0.830446700653706 0.11001248167502713 0.10853513288933998 0.060074499031480974 0.9922757577885343 0.0 0.0 0.0 0.0 0.0 0.0
4.03971864479822 8.905136273873557 4.238966259104582 0.04467873676503367 -0.9974584777951024 0.055501311297640514 0.10853513288933998 0.060074499031480974 0.9922757577885343 0.0 0.0 0.0 0.0 0.0 0.0
3.737722228914635 8.801387457022958 4.671076719419916 0.6185110353658366 -0.7855191026057168 -0.020095735174160113 0.10853513288933998 0.060074499031480974 0.9922757577885343 0.0 0.0 0.0 0.0 0.0 0.0
3.57671542300417 8.518579536016993 5.098606356269986 0.9573606506781064 -0.27514788715738625 -0.0880580758705224 0.10853513288933998 0.060074499031480974 0.9922757577885343 0.0 0.0 0.0 0.0 0.0 0.0
3.6339390075391753 8.17305164547596 5.506063151954621 0.9324929485812593 0.33975661084938885 -0.12256568129115655 0.10853513288933998 0.060074499031480974 0.9922757577885343 0.0 0.0 0.0 0.0 0.0 0.0
3.9037243890442106 7.904971285068503 5.8855810967324 0.5533555848676949 0.825581891966872 -0.11050853520036774 0.10853513288933998 0.060074499031480974 0.9922757577885343 0.0 0.0 0.0 0.0 0.0 0.0
4.299647193531196 7.825082342911864 6.239908617434101 -0.03601081714911849 0.9977548093329891 -0.05646734898277921 0.10853513288933998 0.060074499031480974 0.9922757577885343 0.0 0.0 0.0 0.0 0.0 0.0
4.687361331115957 7.972631640937082 6.581364404158429 -0.611696107662226 0.7908639930626816 0.019026727197096294 0.10853513288933998 0.060074499031480974 0.9922757577885343 0.0 0.0 0.0 0.0 0.0 0.0
4.935639321712068 8.300458411065508 6.9271573339460115 -0.9549878198609171 0.2835107232870254 0.08729223160488024 0.10853513288933998 0.060074499031480974 0.9922757577885343 0.0 0.0 0.0 0.0 0.0 0.0
4.966227808722149 8.692911459487888 7.292848530674581 -0.935463692749557 -0.3315530103118893 0.12239395777768679 0.10853513288933998 0.060074499031480974 0.9922757577885343 0.0 0.0 0.0 0.0 0.0 0.0
4.783577317535561 9.009786988777345 7.6864394339297055 -0.5605412686437494 -0.8206542120225947 0.11099617307290154 0.10853513288933998 0.060074499031480974 0.9922757577885343 0.0 0.0 0.0 0.0 0.0 0.0
4.473151426524175 9.139594364614329 8.105331918329297 0.02734015517005616 -0.9979751579791801 0.0574290864606705 0.10853513288933998 0.060074499031480974 0.9922757577885343 0.0 0.0 0.0 0.0 0.0 0.0
4.168957724744061 9.041913271788625 8.537315364794607 0.6048345969317392 -0.7961486561646202 -0.017956270261091586 0.10853513288933998 0.060074499031480974 0.9922757577885343 0.0 0.0 0.0 0.0 0.0 0.0
4.002636088365685 8.762750067739342 8.965205678888905 0.9525422630238595 -0.29185196897742977 -0.08651973969783588 0.10853513288933998 0.060074499031480974 0.9922757577885343 0.0 0.0 0.0 0.0 0.0 0.0
12.04596928159648 0.3707528325500677 1.8080547092241674 0.7889271262983376 -0.15788147413001857 -0.5938580887023254 0.5948823288182703 0.4384005193156087 0.6737358529301791 0.0 0.0 0.0 0.0 0.0 0.0
12.421923112216398 0.21233570220213627 2.157694283890562 0.5487758001764407 0.39093413994830584 -0.7389286970767784 0.5948823288182703 0.4384005193156087 0.6737358529301791 0.0 0.0 0.0 0.0 0.0 0.0
12.922970403753789 0.14303202135618148 2.33889503880788 0.10013537252541908 0.7912273381900026 -0.6032679392027712 0.5948823288182703 0.4384005193156087 0.6737358529301791 0.0 0.0 0.0 0.0 0.0 0.0
13.446843556609114 0.25408863714664154 2.382580848002074 -0.38654815732215797 0.8909200420376746 -0.23841560512355675 0.5948823288182703 0.4384005193156087 0.6737358529301791 0.0 0.0 0.0 0.0 0.0 0.0
13.882603044840097 0.5682305045524285 2.3719198125065954 -0.7263755794625 0.6521373265264684 0.21701480343844498 0.5948823288182703 0.4384005193156087 0.6737358529301791 0.0 0.0 0.0 0.0 0.0 0.0
14.152785196877163 1.0310270960594543 2.4107273082832914 -0.7902407746129805 0.1655967375131977 0.5899976598801565 0.5948823288182703 0.4384005193156087 0.6737358529301791 0.0 0.0 0.0 0.0 0.0 0.0
14.24283193947624 1.5315714690931221 2.5840247891939714 -0.5538802873668105 -0.3838568207111433 0.7388305410985605 0.5948823288182703 0.4384005193156087 0.6737358529301791 0.0 0.0 0.0 0.0 0.0 0.0
14.206621653142184 1.944615667767613 2.9257387151954046 -0.10709141856541983 -0.7874767550035223 0.6069693471657095 0.5948823288182703 0.4384005193156087 0.6737358529301791 0.0 0.0 0.0 0.0 0.0 0.0
14.145999874576505 2.1781545153610593 3.405811322981579 0.3803832706220103 -0.8919211041608276 0.24451035025828977 0.5948823288182703 0.4384005193156087 0.6737358529301791 0.0 0.0 0.0 0.0 0.0 0.0
14.172086474517888 2.2083799191967075 3.94162007280266 0.7233439956310006 -0.6575097137218027 -0.21084221670730713 0.5948823288182703 0.4384005193156087 0.6737358529301791 0.0 0.0 0.0 0.0 0.0 0.0
14.363059361023412 2.0887259631008983 4.429367332691151 0.7914942430330943 -0.1732993900636819 -0.58609230045192 0.5948823288182703 0.4384005193156087 0.6737358529301791 0.0 0.0 0.0 0.0 0.0 0.0
14.73445338513273 1.9295684055871996 4.783514834250206 0.558942594428862 0.37675026929092104 -0.7386761203141401 0.5948823288182703 0.4384005193156087 0.6737358529301791 0.0 0.0 0.0 0.0 0.0 0.0
15.23325839122926 1.8562910838128308 4.969281090941176 0.1140393091792747 0.7836662024133079 -0.6106245320628845 0.5948823288182703 0.4384005193156087 0.6737358529301791 0.0 0.0 0.0 0.0 0.0 0.0
15.758058661441458 1.9616504975366675 5.015855466335083 -0.3741894162630919 0.8928542430386851 -0.25058647498319103 0.5948823288182703 0.4384005193156087 0.6737358529301791 0.0 0.0 0.0 0.0 0.0 0.0
16.1975624424426 2.2705360640548715 5.005308646871857 -0.7202573263536942 0.6628320290067838 0.20465357352505734 0.5948823288182703 0.4384005193156087 0.6737358529301791 0.0 0.0 0.0 0.0 0.0 0.0
16.472883543238485 2.7305142124412116 5.041412615933101 -0.7926874361022072 0.1809888451946562 0.5821423078258544 0.5948823288182703 0.4384005193156087 0.6737358529301791 0.0 0.0 0.0 0.0 0.0 0.0
16.567511518032926 3.2317487737844957 5.210215942380383 -0.5639623358483138 -0.3696150268790448 0.7384654464832558 0.5948823288182703 0.4384005193156087 0.6737358529301791 0.0 0.0 0.0 0.0 0.0 0.0
16.53358426062564 3.6487295781207476 5.547352490589373 -0.12097851525821506 -0.779795970607693 0.614233215537813 0.5948823288182703 0.4384005193156087 0.6737358529301791 0.0 0.0 0.0 0.0 0.0 0.0
16.472079946858656 3.8879558664206613 6.024503519607081 0.36796706593139106 -0.89371938760911 0.2566435165778365 0.5948823288182703 0.4384005193156087 0.6737358529301791 0.0 0.0 0.0 0.0 0.0 0.0
16.49445373734883 3.9234587921941575 6.560156446304008 0.7171158066923957 -0.6681038670664983 -0.19844934518083598 0.5948823288182703 0.4384005193156087 0.6737358529301791 0.0 0.0 0.0 0.0 0.0 0.0
9.99109881484565 0.8596495780134601 12.708055591900921 0.9530568104294258 -0.26049464977840386 0.15435431166934108 0.1864879140843929 0.9065994690419596 0.37854941636897177 0.0 0.0 0.0 0.0 0.0 0.0
10.088482898416974 1.0665152713977188 13.194273678037158 0.9118934408786017 -0.016339476229803054 -0.41010166300457696 0.1864879140843929 0.9065994690419596 0.37854941636897177 0.0 0.0 0.0 0.0 0.0 0.0
10.393733120529342 1.269656380661272 13.587009077187632 0.5242865070927021 0.23402333751997417 -0.8187531593688943 0.1864879140843929 0.9065994690419596 0.37854941636897177 0.0 0.0 0.0 0.0 0.0 0.0
10.81849446843019 1.526143117076058 13.793109667897863 -0.06250563634066399 0.39547677268436304 -0.9163466416661377 0.1864879140843929 0.9065994690419596 0.37854941636897177 0.0 0.0 0.0 0.0 0.0 0.0
11.22900765456044 1.872778796267939 13.790329012807408 -0.6255508434897017 0.40668196988692684 -0.6658047142955741 0.1864879140843929 0.9065994690419596 0.37854941636897177 0.0 0.0 0.0 0.0 0.0 0.0
11.49692650623423 2.3121176432918116 13.635778152143704 -0.9509388265446347 0.26338188736950485 -0.16231244430292513 0.1864879140843929 0.9065994690419596 0.37854941636897177 0.0 0.0 0.0 0.0 0.0 0.0
11.548078822475835 2.8114943998288857 13.444228164693978 -0.9150492505459307 0.020018622330080182 0.40284503699975727 0.1864879140843929 0.9065994690419596 0.37854941636897177 0.0 0.0 0.0 0.0 0.0 0.0
11.39064563326343 3.3154344019559887 13.344506716103885 -0.5315171654572091 -0.23095005202605903 0.8149549535363866 0.1864879140843929 0.9065994690419596 0.37854941636897177 0.0 0.0 0.0 0.0 0.0 0.0
11.112053089460844 3.766729332456898 13.430554274815005 0.05394717728181625 -0.39417694033854195 0.9174498579043268 0.1864879140843929 0.9065994690419596 0.37854941636897177 0.0 0.0 0.0 0.0 0.0 0.0
10.845757806417097 4.128171617004841 13.725734557503017 0.6189160854227742 -0.40764941872941546 0.6713902223107799 0.1864879140843929 0.9065994690419596 0.37854941636897177 0.0 0.0 0.0 0.0 0.0 0.0
10.720544464519694 4.396690203726707 14.173958262492096 0.9487484249864926 -0.26624906741016 0.1702582162154569 0.1864879140843929 0.9065994690419596 0.37854941636897177 0.0 0.0 0.0 0.0 0.0 0.0
10.811598355950375 4.604517307154888 14.66099233322467 0.9181353756700731 -0.023696243934763397 -0.3955577327856926 0.1864879140843929 0.9065994690419596 0.37854941636897177 0.0 0.0 0.0 0.0 0.0 0.0
11.11194123515422 4.806942851032536 15.057859006322504 0.5387073467317137 0.22785917879152087 -0.8110946857289414 0.1864879140843929 0.9065994690419596 0.37854941636897177 0.0 0.0 0.0 0.0 0.0 0.0
11.535082470996008 5.061308901885311 15.269836620287295 -0.04538460993655387 0.3928470898925942 -0.9184832067837855 0.1864879140843929 0.9065994690419596 0.37854941636897177 0.0 0.0 0.0 0.0 0.0 0.0
11.947878283574731 5.4052244592400545 15.272445958365607 -0.6122341944997111 0.40858582349038713 -0.6769246013611644 0.1864879140843929 0.9065994690419596 0.37854941636897177 0.0 0.0 0.0 0.0 0.0 0.0
12.221115292253268 5.8422771679156025 15.120750312264178 -0.9464857725625592 0.26909597155350495 -0.17819102230564288 0.1864879140843929 0.9065994690419596 0.37854941636897177 0.0 0.0 0.0 0.0 0.0 0.0
12.278600839294953 6.340670311773889 14.928436017021388 -0.9211515812306529 0.027372060978725465 0.38824030531881165 0.1864879140843929 0.9065994690419596 0.37854941636897177 0.0 0.0 0.0 0.0 0.0 0.0
12.126109854411036 6.845302917793539 14.824621111592023 -0.5458565033560748 -0.22475095319832683 0.8071726499208965 0.1864879140843929 0.9065994690419596 0.37854941636897177 0.0 0.0 0.0 0.0 0.0 0.0
11.8491908624117 7.298703536959833 14.904801237109847 0.03681858637753087 -0.3914873226197836 0.9194466096109948 0.1864879140843929 0.9065994690419596 0.37854941636897177 0.0 0.0 0.0 0.0 0.0 0.0
11.580664668335622 7.66286460861678 15.19456924621893 0.6055056795723754 -0.4094911128589975 0.6824074299823345 0.1864879140843929 0.9065994690419596 0.37854941636897177 0.0 0.0 0.0 0.0 0.0 0.0
10.83239147441925 9.43936647510131 1.7034493163984452 -0.4900064270905649 0.8653820334160617 -0.10491728956955128 0.6056094609132883 0.424516749748682 0.673069617524912 0.0 0.0 0.0 0.0 0.0 0.0
11.233180865454692 9.797139123368162 1.696259163136967 -0.7645819578504786 0.5448623870257855 0.3442955255795404 0.6056094609132883 0.424516749748682 0.673069617524912 0.0 0.0 0.0 0.0 0.0 0.0
11.45968377514051 10.279113169901661 1.7675511857646193 -0.7486800196943552 0.01734041019109732 0.662704714246748 0.6056094609132883 0.424516749748682 0.673069617524912 0.0 0.0 0.0 0.0 0.0 0.0
11.515525050779749 10.765039963483838 1.9899067688568512 -0.44834202479393415 -0.5167694783913864 0.7293413021396561 0.6056094609132883 0.424516749748682 0.673069617524912 0.0 0.0 0.0 0.0 0.0 0.0
11.46916674776011 11.133169138206524 2.378515724720575 0.022328601204618756 -0.8545500022080512 0.5188889354134119 0.6056094609132883 0.424516749748682 0.673069617524912 0.0 0.0 0.0 0.0 0.0 0.0
11.427898250087633 11.30650361303743 2.8854054297386496 0.48451621829123276 -0.8676726928717504 0.11130198676324964 0.6056094609132883 0.424516749748682 0.673069617524912 0.0 0.0 0.0 0.0 0.0 0.0
11.497075239619969 11.28205207022686 3.417666426141529 0.7626280233698283 -0.5511520207996569 -0.33857044752825377 0.6056094609132883 0.424516749748682 0.673069617524912 0.0 0.0 0.0 0.0 0.0 0.0
11.740093311075581 11.131965406932986 3.8727502783772083 0.7510046919096284 -0.025239481255388753 -0.6598143082077575 0.6056094609132883 0.424516749748682 0.673069617524912 0.0 0.0 0.0 0.0 0.0 0.0
12.154302925682389 10.976125403092784 4.177429438295842 0.4540621218641017 0.5102619591994247 -0.7303836816921861 0.6056094609132883 0.424516749748682 0.673069617524912 0.0 0.0 0.0 0.0 0.0 0.0
12.672016015255204 10.936599628907507 4.315617614991187 -0.015386239791436555 0.8519063502293643 -0.5234680831377997 0.6056094609132883 0.424516749748682 0.673069617524912 0.0 0.0 0.0 0.0 0.0 0.0
13.186221810983433 11.091265934062283 4.334481225664325 -0.47898911170599695 0.8698972756925455 -0.11767820787973306 0.6056094609132883 0.424516749748682 0.673069617524912 0.0 0.0 0.0 0.0 0.0 0.0
13.591242023626865 11.444225350582533 4.326520085148527 -0.7606160118125642 0.5573996822132725 0.3328195860265589 0.6056094609132883 0.424516749748682 0.673069617524912 0.0 0.0 0.0 0.0 0.0 0.0
13.822879792444807 11.924244042201906 4.394425179739666 -0.75327217220998 0.033136630235463815 0.656873654754622 0.6056094609132883 0.424516749748682 0.673069617524912 0.0 0.0 0.0 0.0 0.0 0.0
13.882809145905743 12.411816229726096 4.6120646446006806 -0.45974764034571647 -0.5037155815837107 0.73137043969956 0.6056094609132883 0.424516749748682 0.673069617524912 0.0 0.0 0.0 0.0 0.0 0.0
13.83793901028389 12.784566434578847 4.996420024203813 0.008442706656523915 -0.8491978222838181 0.5280073667409674 0.6056094609132883 0.424516749748682 0.673069617524912 0.0 0.0 0.0 0.0 0.0 0.0
13.794993389910042 12.963741969121955 5.501134699669325 0.47342552824542294 -0.8720556124678526 0.12404546734507654 0.6056094609132883 0.424516749748682 0.673069617524912 0.0 0.0 0.0 0.0 0.0 0.0
13.859965133596095 12.944132399363745 6.0341255433192424 0.7585460764011559 -0.5636048954830272 -0.3270433790248249 0.6056094609132883 0.424516749748682 0.673069617524912 0.0 0.0 0.0 0.0 0.0 0.0
14.097847479265477 12.796049075946328 6.492566838430017 0.755482287918006 -0.041031255732852955 -0.6538829778294872 0.6056094609132883 0.424516749748682 0.673069617524912 0.0 0.0 0.0 0.0 0.0 0.0
14.507942036237054 12.638612676493555 6.801955488170103 0.46539814726453355 0.49713084407624475 -0.732301501016335 0.6056094609132883 0.424516749748682 0.673069617524912 0.0 0.0 0.0 0.0 0.0 0.0
15.024124115521353 12.594497268590207 6.944415987711616 -0.0014985305768121335 0.846424624636302 -0.5325064405388942 0.6056094609132883 0.424516749748682 0.673069617524912 0.0 0.0 0.0 0.0 0.0 0.0
9.39264012391535 5.777231242023841 7.6450263199237 0.7489510408550927 -0.6186685563659058 0.23732162936866807 0.35899663788108427 0.6798842155122479 0.6394363670353548 0.0 0.0 0.0 0.0 0.0 0.0
9.421977192594396 5.833196099336927 8.178592035900285 0.9332618506612045 -0.2702872968942377 -0.23657365710921782 0.35899663788108427 0.6798842155122479 0.6394363670353548 0.0 0.0 0.0 0.0 0.0 0.0
9.66405132949679 5.82754895881837 8.658230779295025 0.7630108800950705 0.18078062563016936 -0.6205906559506921 0.35899663788108427 0.6798842155122479 0.6394363670353548 0.0 0.0 0.0 0.0 0.0 0.0
10.080053820525027 5.863110767600479 8.996405863138891 0.3028793193191984 0.563166965986797 -0.7688348888740445 0.35899663788108427 0.6798842155122479 0.6394363670353548 0.0 0.0 0.0 0.0 0.0 0.0
10.565097661922186 6.027046503999353 9.159325009872495 -0.2723211587382112 0.7315967603154844 -0.6249858932802925 0.35899663788108427 0.6798842155122479 0.6394363670353548 0.0 0.0 0.0 0.0 0.0 0.0
10.988065886616374 6.3577497449318665 9.179778602567646 -0.7440622756239996 0.6220807137547726 -0.24369430762245417 0.35899663788108427 0.6798842155122479 0.6394363670353548 0.0 0.0 0.0 0.0 0.0 0.0
11.241425092170116 6.830256304138578 9.144682070172406 -0.9331216939423821 0.27622580340373093 0.23018081985270203 0.35899663788108427 0.6798842155122479 0.6394363670353548 0.0 0.0 0.0 0.0 0.0 0.0
11.282079178228978 7.365728543922627 9.162055262905241 -0.7676725797692947 -0.17457190790954025 0.6166064054477362 0.35899663788108427 0.6798842155122479 0.6394363670353548 0.0 0.0 0.0 0.0 0.0 0.0
11.147742275574576 7.861407111805783 9.319983905161434 -0.3105718177407693 -0.5590468327213236 0.7687729085038375 0.35899663788108427 0.6798842155122479 0.6394363670353548 0.0 0.0 0.0 0.0 0.0 0.0
10.942610517294009 8.22965093657968 9.65315435610055 0.2645203703313635 -0.7311305190176748 0.6288697304217327 0.35899663788108427 0.6798842155122479 0.6394363670353548 0.0 0.0 0.0 0.0 0.0 0.0
10.797776185753623 8.431233536538445 10.129675681876718 0.7391168471698636 -0.6254454972888034 0.25004842761121426 0.35899663788108427 0.6798842155122479 0.6394363670353548 0.0 0.0 0.0 0.0 0.0 0.0
10.821423562781952 8.490245815710555 10.663195554594644 0.9329104763938385 -0.28214327424884317 -0.2237704534355729 0.35899663788108427 0.6798842155122479 0.6394363670353548 0.0 0.0 0.0 0.0 0.0 0.0
11.057727912258326 8.48494352663999 11.145706945410984 0.7722758182044044 0.1683498958622413 -0.6125751979797163 0.35899663788108427 0.6798842155122479 0.6394363670353548 0.0 0.0 0.0 0.0 0.0 0.0
11.470072558794087 8.51801660162836 11.488581800573142 0.31824066491599173 0.5548841258751008 -0.7686523831002223 0.35899663788108427 0.6798842155122479 0.6394363670353548 0.0 0.0 0.0 0.0 0.0 0.0
11.954960174910905 8.677575530569415 11.656242320821924 -0.2566994376741827 0.7306085993001552 -0.6327056766984328 0.35899663788108427 0.6798842155122479 0.6394363670353548 0.0 0.0 0.0 0.0 0.0 0.0
12.381333146132834 9.00367671270957 11.679677562159185 -0.7341151321062083 0.6287626507267052 -0.2563835054441096 0.35899663788108427 0.6798842155122479 0.6394363670353548 0.0 0.0 0.0 0.0 0.0 0.0
12.640364549892187 9.473104360866925 11.644670175363341 -0.9326282141006076 0.2880392587912595 0.21734304603205237 0.35899663788108427 0.6798842155122479 0.6394363670353548 0.0 0.0 0.0 0.0 0.0 0.0
12.686803322902119 10.008190567128914 11.659206142749214 -0.7768202448459702 -0.16211506331857903 0.6084973405386893 0.35899663788108427 0.6798842155122479 0.6394363670353548 0.0 0.0 0.0 0.0 0.0 0.0
12.556165896656726 10.506322639606475 11.812449098057277 -0.3258852768324617 -0.5506791624543711 0.7684733218416757 0.35899663788108427 0.6798842155122479 0.6394363670353548 0.0 0.0 0.0 0.0 0.0 0.0
12.35124291130338 10.87892737967542 12.140865571259196 0.24885895636097088 -0.7300310409091324 0.636493439988233 0.35899663788108427 0.6798842155122479 0.6394363670353548 0.0 0.0 0.0 0.0 0.0 0.0
4.904527961506524 0.8152609705480686 1.4208586984298597 0.6077125655752068 -0.6382924982659914 0.47251256522907337 0.6215529220433352 0.7526323045956945 0.21729376240096115 0.0 0.0 0.0 0.0 0.0 0.0
5.042135072946649 1.0927282200250303 1.8599046077231298 0.7821311156919971 -0.6118243875567199 -0.1180755548673661 0.6215529220433352 0.7526323045956945 0.21729376240096115 0.0 0.0 0.0 0.0 0.0 0.0
5.358028996818555 1.2307300811073558 2.272035190569131 0.6594049784224854 -0.35291396285638815 -0.6638047975516909 0.6215529220433352 0.7526323045956945 0.21729376240096115 0.0 0.0 0.0 0.0 0.0 0.0
5.824234306270073 1.288285193252114 2.5328514489265763 0.28615986518695247 0.04007437673988911 -0.9573434994217563 0.6215529220433352 0.7526323045956945 0.21729376240096115 0.0 0.0 0.0 0.0 0.0 0.0
6.355669765994991 1.354975260835672 2.5754412264679765 -0.19580216517091165 0.41783779060483345 -0.887171399931746 0.6215529220433352 0.7526323045956945 0.21729376240096115 0.0 0.0 0.0 0.0 0.0 0.0
6.842472116008275 1.5169114659348866 2.4158002554800473 -0.6033756793427203 0.6368576419436836 -0.4799480528928534 0.6215529220433352 0.7526323045956945 0.21729376240096115 0.0 0.0 0.0 0.0 0.0 0.0
7.191734960930144 1.8240193905539184 2.146755110733605 -0.7817166850288358 0.6139246274161722 0.10961558374356066 0.6215529220433352 0.7526323045956945 0.21729376240096115 0.0 0.0 0.0 0.0 0.0 0.0
7.362805462902938 2.271071453309632 1.9026968417505672 -0.6630704524664951 0.357751382660857 0.6575344274409681 0.6215529220433352 0.7526323045956945 0.21729376240096115 0.0 0.0 0.0 0.0 0.0 0.0
7.382729034372454 2.7996729549995516 1.808523566192048 -0.292512669065356 -0.034337593651467435 0.9556449487641775 0.6215529220433352 0.7526323045956945 0.21729376240096115 0.0 0.0 0.0 0.0 0.0 0.0
7.335974333724597 3.320447201136185 1.9321895867737342 0.18917556786473666 -0.41338114404164855 0.8906899765203778 0.6215529220433352 0.7526323045956945 0.21729376240096115 0.0 0.0 0.0 0.0 0.0 0.0
7.332342209723925 3.746991202481469 2.2588884155288405 0.5989928437161887 -0.6353742864462462 0.48734699065421133 0.6215529220433352 0.7526323045956945 0.21729376240096115 0.0 0.0 0.0 0.0 0.0 0.0
7.465250523295695 4.02870161523925 2.696678006137969 0.7812427236135708 -0.6159781145383401 -0.10114726496865904 0.6215529220433352 0.7526323045956945 0.21729376240096115 0.0 0.0 0.0 0.0 0.0 0.0
7.776243140297015 4.169999797406238 3.111411074514889 0.6666854311283684 -0.3625615583124445 -0.6512139835378477 0.6215529220433352 0.7526323045956945 0.21729376240096115 0.0 0.0 0.0 0.0 0.0 0.0
8.239206722301333 4.228652060947888 3.377699894853879 0.29884319697150186 0.028598195622346733 -0.9538736220438202 0.6215529220433352 0.7526323045956945 0.21729376240096115 0.0 0.0 0.0 0.0 0.0 0.0
8.77029162045842 4.293823284081495 3.426553193034304 -0.18253456410664531 0.40889301690387564 -0.8941407236188509 0.6215529220433352 0.7526323045956945 0.21729376240096115 0.0 0.0 0.0 0.0 0.0 0.0
9.259767758983939 4.452201683284178 3.2715870851316335 -0.5945643924655123 0.6338425447369453 -0.49470881505538994 0.6215529220433352 0.7526323045956945 0.21729376240096115 0.0 0.0 0.0 0.0 0.0 0.0
9.613712925538948 4.755064510503532 3.0038520872710524 -0.7807092675401979 0.6179846925422305 0.09267124343792289 0.6215529220433352 0.7526323045956945 0.21729376240096115 0.0 0.0 0.0 0.0 0.0 0.0
9.789695389993117 5.198796967832803 2.7572415022680503 -0.6702496391134831 0.36734412349765333 0.6448439471686035 0.6215529220433352 0.7526323045956945 0.21729376240096115 0.0 0.0 0.0 0.0 0.0 0.0
9.812894428121933 5.726265529671863 2.657623115312175 -0.3051509668111792 -0.022856619729906037 0.9520296541540727 0.6215529220433352 0.7526323045956945 0.21729376240096115 0.0 0.0 0.0 0.0 0.0 0.0
9.76653429376455 6.248523924324307 2.775019917976377 0.17587965963478663 -0.40437375097977085 0.8975233784394142 0.6215529220433352 0.7526323045956945 0.21729376240096115 0.0 0.0 0.0 0.0 0.0 0.0
1.4228552969267045 4.087362416876562 12.69087896342857 -0.44562738279831765 0.8938047577108238 -0.05029205497707794 0.8463158597987988 0.4389325835227973 0.3018073103405923 0.0 0.0 0.0 0.0 0.0 0.0
1.8046005957439515 4.392656796101948 12.4678297066204 -0.5320987377316547 0.6701134872744661 0.5175121713324566 0.8463158597987988 0.4389325835227973 0.3018073103405923 0.0 0.0 0.0 0.0 0.0 0.0
2.065053970552757 4.850703565836697 12.362747365551005 -0.4164168859842563 0.19183489932249922 0.8887048714106959 0.8463158597987988 0.4389325835227973 0.3018073103405923 0.0 0.0 0.0 0.0 0.0 0.0
2.2305851030988757 5.352479106908104 12.460245327882818 -0.14253129713237916 -0.35932497419056314 0.922263732486924 0.8463158597987988 0.4389325835227973 0.3018073103405923 0.0 0.0 0.0 0.0 0.0 0.0
2.363626221978915 5.772346508806597 12.767973337054096 0.18550431449629715 -0.7739712824154333 0.6054391821640455 0.8463158597987988 0.4389325835227973 0.3018073103405923 0.0 0.0 0.0 0.0 0.0 0.0
2.5389530551852864 6.015787132525449 13.213711226849838 0.44306373558108597 -0.8945729603409049 0.05859816413372508 0.8463158597987988 0.4389325835227973 0.3018073103405923 0.0 0.0 0.0 0.0 0.0 0.0
2.815276280858387 6.055309821786814 13.672806570003658 0.5322958358879935 -0.675311414170564 -0.510505276160056 0.8463158597987988 0.4389325835227973 0.3018073103405923 0.0 0.0 0.0 0.0 0.0 0.0
3.2129363590708677 5.9408952529392955 14.01553221939372 0.419299848629267 -0.19948777115208302 -0.8856592268475768 0.8463158597987988 0.4389325835227973 0.3018073103405923 0.0 0.0 0.0 0.0 0.0 0.0
3.7061758509716785 5.781007440380767 14.15637182015657 0.14700483855665736 0.35212461138474616 -0.924336429823077 0.8463158597987988 0.4389325835227973 0.3018073103405923 0.0 0.0 0.0 0.0 0.0 0.0
4.232925100446993 5.701386444067009 14.086508902656963 -0.18113976747345864 0.7699589668469594 -0.6118427690278144 0.8463158597987988 0.4389325835227973 0.3018073103405923 0.0 0.0 0.0 0.0 0.0 0.0
4.718383534227161 5.797277618472809 13.877176406705805 -0.4404663473449982 0.8952730377765763 -0.06689981081330128 0.8463158597987988 0.4389325835227973 0.3018073103405923 0.0 0.0 0.0 0.0 0.0 0.0
5.1034376502707435 6.097246310009585 13.652594096774749 -0.5324523976555615 0.6804579134878986 0.5034595040343743 0.8463158597987988 0.4389325835227973 0.3018073103405923 0.0 0.0 0.0 0.0 0.0 0.0
5.367119225515102 6.552325404336567 13.542775396629706 -0.42215087996741857 0.20712545121554574 0.8825461359053642 0.8463158597987988 0.4389325835227973 0.3018073103405923 0.0 0.0 0.0 0.0 0.0 0.0
5.534571494387892 7.054618751785344 13.634133115933643 -0.15146718499332654 -0.34489743292646585 0.926338735361385 0.8463158597987988 0.4389325835227973 0.3018073103405923 0.0 0.0 0.0 0.0 0.0 0.0
5.66749681367553 7.478292718546319 13.936649779110498 0.1767614259560164 -0.7658880159221423 0.6181997616958766 0.8463158597987988 0.4389325835227973 0.3018073103405923 0.0 0.0 0.0 0.0 0.0 0.0
5.840714905571649 7.727382487979142 14.380085097417611 0.4378354158912258 -0.8959049367042302 0.07519636281327123 0.8463158597987988 0.4389325835227973 0.3018073103405923 0.0 0.0 0.0 0.0 0.0 0.0
6.113737594296684 7.772250698900546 14.840661428994066 0.5325684111115754 -0.6855525933006211 -0.4963753915182376 0.8463158597987988 0.4389325835227973 0.3018073103405923 0.0 0.0 0.0 0.0 0.0 0.0
6.508159269091891 7.660847174608131 15.188088974455466 0.4249697628816375 -0.21474735787397933 -0.8793658356579861 0.8463158597987988 0.4389325835227973 0.3018073103405923 0.0 0.0 0.0 0.0 0.0 0.0
6.99945281470766 7.500491983331306 15.33506505000934 0.1559179966174299 0.3376439891933438 -0.928270496618529 0.8463158597987988 0.4389325835227973 0.3018073103405923 0.0 0.0 0.0 0.0 0.0 0.0
7.526287872558339 7.417102750015088 15.270441836650951 -0.17236962337162753 0.761758739659657 -0.6245096760586278 0.8463158597987988 0.4389325835227973 0.3018073103405923 0.0 0.0 0.0 0.0 0.0 0.0
0.4885317076046383 10.038190172729331 12.907955731054152 0.5714561881439965 -0.3024014305281219 -0.762883477240449 0.7301343321599127 0.6117370685122098 0.30443655498229216 0.0 0.0 0.0 0.0 0.0 0.0
0.9700434869685519 9.984980622930744 13.140335274608203 0.24323529242299297 0.18366846315680224 -0.9524192817039768 0.7301343321599127 0.6117370685122098 0.30443655498229216 0.0 0.0 0.0 0.0 0.0 0.0
1.507000758893696 9.973638305087885 13.155610812929918 -0.1773947575667281 0.5999596369155106 -0.7801150774469432 0.7301343321599127 0.6117370685122098 0.30443655498229216 0.0 0.0 0.0 0.0 0.0 0.0
2.0035208902497703 10.099056805357673 12.993059094801247 -0.5306295732746663 0.7883161138198064 -0.3114321124392653 0.7301343321599127 0.6117370685122098 0.30443655498229216 0.0 0.0 0.0 0.0 0.0 0.0
2.379083993681601 10.404171988577088 12.75951641684282 -0.6822693424421986 0.6771781191413911 0.2755691189513391 0.7301343321599127 0.6117370685122098 0.30443655498229216 0.0 0.0 0.0 0.0 0.0 0.0
2.599123779036097 10.863649945362225 12.588789728220144 -0.5747035814808399 0.308768835186776 0.7578770347823561 0.7301343321599127 0.6117370685122098 0.30443655498229216 0.0 0.0 0.0 0.0 0.0 0.0
2.688159864908962 11.393511767843611 12.590821133522743 -0.24879832138342878 -0.17694689159492377 0.9522547940712516 0.7301343321599127 0.6117370685122098 0.30443655498229216 0.0 0.0 0.0 0.0 0.0 0.0
2.7204823655940236 11.883038540818292 12.809919049096623 0.1716295806936539 -0.5954375358654489 0.7848550362413445 0.7301343321599127 0.6117370685122098 0.30443655498229216 0.0 0.0 0.0 0.0 0.0 0.0
2.791927834598536 12.236835308756977 13.207924694877216 0.5268525355716519 -0.7877115050759775 0.3192757280669151 0.7301343321599127 0.6117370685122098 0.30443655498229216 0.0 0.0 0.0 0.0 0.0 0.0
2.9834693556640453 12.411073214328214 13.678709252916686 0.6819154036813221 -0.6807207036740945 -0.26760176720564477 0.7301343321599127 0.6117370685122098 0.30443655498229216 0.0 0.0 0.0 0.0 0.0 0.0
3.3304535144552103 12.430140814078033 14.088493979701529 0.5779072089148989 -0.3151127259031828 -0.752812877053824 0.7301343321599127 0.6117370685122098 0.30443655498229216 0.0 0.0 0.0 0.0 0.0 0.0
3.809171639702403 12.377378458043186 14.326674987474663 0.25434240338843017 0.1702118448421733 -0.9520177885491531 0.7301343321599127 0.6117370685122098 0.30443655498229216 0.0 0.0 0.0 0.0 0.0 0.0
4.345867123804883 12.363415897395836 14.347843510392734 -0.1658513335635181 0.5908700899417015 -0.7895352252860458 0.7301343321599127 0.6117370685122098 0.30443655498229216 0.0 0.0 0.0 0.0 0.0 0.0
4.844756791203039 12.48414219234245 14.189037453864088 -0.5230353760082602 0.7870469090512887 -0.3270950296117462 0.7301343321599127 0.6117370685122098 0.30443655498229216 0.0 0.0 0.0 0.0 0.0 0.0
5.224420528182781 12.78427585497177 13.955670075043386 -0.6815095344223114 0.6842114486896967 0.25961403654931553 0.7301343321599127 0.6117370685122098 0.30443655498229216 0.0 0.0 0.0 0.0 0.0 0.0
5.448734145347229 13.240375538858652 13.78148172402287 -0.5810668264775393 0.3214326195655045 0.747691389710071 0.7301343321599127 0.6117370685122098 0.30443655498229216 0.0 0.0 0.0 0.0 0.0 0.0
5.5405935611328285 13.769745798489383 13.777729648812905 -0.2598671162346857 -0.1634638357984351 0.9517082831865702 0.7301343321599127 0.6117370685122098 0.30443655498229216 0.0 0.0 0.0 0.0 0.0 0.0
5.573216259596001 14.261854471606464 13.990919506700862 0.16006045621221301 -0.5862576469729576 0.794155288166532 0.7301343321599127 0.6117370685122098 0.30443655498229216 0.0 0.0 0.0 0.0 0.0 0.0
5.6423247440890565 14.620325695649434 14.385137087514513 0.5191783852759729 -0.7863223763572985 0.3348894216036728 0.7301343321599127 0.6117370685122098 0.30443655498229216 0.0 0.0 0.0 0.0 0.0 0.0
5.82977995784174 14.79955470926009 14.855692722520033 0.6810517655736843 -0.6876500883544476 -0.25160653527896604 0.7301343321599127 0.6117370685122098 0.30443655498229216 0.0 0.0 0.0 0.0 0.0 0.0
4.489479627735549 3.6804311250518875 2.268247575804443 0.7561300331918983 0.5155087550337943 -0.40313533259778456 0.16923745714459945 0.44102966736212357 0.881391805955606 0.0 0.0 0.0 0.0 0.0 0.0
4.864030665752217 3.652608268946464 2.6524643254616294 0.2418157606502395 0.8483751524565556 -0.4709402707302298 0.16923745714459945 0.44102966736212357 0.881391805955606 0.0 0.0 0.0 0.0 0.0 0.0
5.293703614017852 3.8181725555376747 2.9293302255877034 -0.36436836230636227 0.8589296453849269 -0.35982712631082076 0.16923745714459945 0.44102966736212357 0.881391805955606 0.0 0.0 0.0 0.0 0.0 0.0
5.640318782630884 4.179529881820639 3.124173520949249 -0.8321228525086272 0.5431624054937084 -0.112009640617198 0.16923745714459945 0.44102966736212357 0.881391805955606 0.0 0.0 0.0 0.0 0.0 0.0
5.797251520831792 4.664701095526524 3.293484215207716 -0.9837399586906848 0.021038686564289637 0.17836218024822248 0.16923745714459945 0.44102966736212357 0.881391805955606 0.0 0.0 0.0 0.0 0.0 0.0
5.729940704495737 5.154668078496721 3.503452574065939 -0.7616178073111367 -0.5090779811389842 0.4009712267807158 0.16923745714459945 0.44102966736212357 0.881391805955606 0.0 0.0 0.0 0.0 0.0 0.0
5.48901908501877 5.528590719648125 3.8048223366854037 -0.2501443173634019 -0.8457874124776031 0.47124460037780613 0.16923745714459945 0.44102966736212357 0.881391805955606 0.0 0.0 0.0 0.0 0.0 0.0
5.191077060528012 5.709716093512522 4.213612320788722 0.3563631809406488 -0.8611680650045413 0.36248427150180756 0.16923745714459945 0.44102966736212357 0.881391805955606 0.0 0.0 0.0 0.0 0.0 0.0
4.97436803434566 5.694538179862441 4.705030605986462 0.8274823487306923 -0.5493765716740181 0.1160101074684409 0.16923745714459945 0.44102966736212357 0.881391805955606 0.0 0.0 0.0 0.0 0.0 0.0
4.946283635593237 5.55412985941311 5.2228933988318955 0.9842271374708517 -0.028867733678076792 -0.17453823597774962 0.16923745714459945 0.44102966736212357 0.881391805955606 0.0 0.0 0.0 0.0 0.0 0.0
5.142553843796047 5.407141138163536 5.700970195294348 0.767047581285625 0.5026084389849347 -0.39877658545230443 0.16923745714459945 0.44102966736212357 0.881391805955606 0.0 0.0 0.0 0.0 0.0 0.0
5.5136725722881 5.374722026395175 6.088145856555424 0.25845382461832406 0.8431352625125912 -0.47151304292456603 0.16923745714459945 0.44102966736212357 0.881391805955606 0.0 0.0 0.0 0.0 0.0 0.0
5.943705858234162 5.5344956242458485 6.367840104845666 -0.3483308611389904 0.8633409033418579 -0.36511381211210464 0.16923745714459945 0.44102966736212357 0.881391805955606 0.0 0.0 0.0 0.0 0.0 0.0
6.294337113423346 5.8910678081783585 6.564306648176632 -0.8227788289681732 0.5555489007013967 -0.1200017397008488 0.16923745714459945 0.44102966736212357 0.881391805955606 0.0 0.0 0.0 0.0 0.0 0.0
6.457415908660461 6.374277381506123 6.733418791166929 -0.9846393635439097 0.03669458240217825 0.17070099994485466 0.16923745714459945 0.44102966736212357 0.881391805955606 0.0 0.0 0.0 0.0 0.0 0.0
6.39604612999602 6.8658514860470605 6.9414422324657705 -0.772418941617053 -0.49610062125232884 0.39655157574298433 0.16923745714459945 0.44102966736212357 0.881391805955606 0.0 0.0 0.0 0.0 0.0 0.0
6.158603429285776 7.244339438363701 7.239859617932738 -0.26674364961385677 -0.8404189045330083 0.47174557792757005 0.16923745714459945 0.44102966736212357 0.881391805955606 0.0 0.0 0.0 0.0 0.0 0.0
5.860356505252952 7.431253874948225 7.645811422731791 0.34027201459363865 -0.8654479949268249 0.36771554789201355 0.16923745714459945 0.44102966736212357 0.881391805955606 0.0 0.0 0.0 0.0 0.0 0.0
5.639674597653422 7.420889413857818 8.135583998243016 0.8180126514123105 -0.5616789225290922 0.12398423333617259 0.16923745714459945 0.44102966736212357 0.881391805955606 0.0 0.0 0.0 0.0 0.0 0.0
5.605458699682133 7.282490224703653 8.65361878364439 0.9849766055172475 -0.04451863669176123 -0.16685076436991841 0.16923745714459945 0.44102966736212357 0.881391805955606 0.0 0.0 0.0 0.0 0.0 0.0
3.746927016929349 5.225457651273258 7.397550322029371 -0.6143427225986022 0.7643970351294828 -0.19565324396848902 0.3854566598017696 0.5071045451845446 0.770887893060748 0.0 0.0 0.0 0.0 0.0 0.0
4.069367743967436 5.650317098347732 7.462446623134151 -0.9013494539065284 0.38571548230650426 0.19695869783145883 0.3854566598017696 0.5071045451845446 0.770887893060748 0.0 0.0 0.0 0.0 0.0 0.0
4.186345834626529 6.163100401750529 7.572239665606926 -0.8459184579161312 -0.1395058310636787 0.5147427373514144 0.3854566598017696 0.5071045451845446 0.770887893060748 0.0 0.0 0.0 0.0 0.0 0.0
4.110496786186777 6.644083346572803 7.7993683312553586 -0.4691088967609935 -0.6117265467996571 0.6369674049119395 0.3854566598017696 0.5071045451845446 0.770887893060748 0.0 0.0 0.0 0.0 0.0 0.0
3.9277143499698255 6.985623205804092 8.171693736895676 0.08592297735614565 -0.851542119883994 0.5171975058193234 0.3854566598017696 0.5071045451845446 0.770887893060748 0.0 0.0 0.0 0.0 0.0 0.0
3.764518059144777 7.133054012014013 8.661914330261151 0.6083112758201118 -0.7678426045993852 0.20093562718477812 0.3854566598017696 0.5071045451845446 0.770887893060748 0.0 0.0 0.0 0.0 0.0 0.0
3.7399863427834648 7.105455072345304 9.197938206165846 0.8995919501778511 -0.3924268461837236 -0.19166505568179848 0.3854566598017696 0.5071045451845446 0.770887893060748 0.0 0.0 0.0 0.0 0.0 0.0
3.920516639770894 6.988402420741285 9.690272026597125 0.8491026022876867 0.13207843212411807 -0.5114489794260161 0.3854566598017696 0.5071045451845446 0.770887893060748 0.0 0.0 0.0 0.0 0.0 0.0
4.294599901666854 6.901457051895814 10.066021036075478 0.47602497954997286 0.6064049058343821 -0.6369248849153581 0.3854566598017696 0.5071045451845446 0.770887893060748 0.0 0.0 0.0 0.0 0.0 0.0
4.777193072629378 6.952741700415848 10.296582997996506 -0.07790249163201382 0.8503480172688045 -0.5204223778091571 0.3854566598017696 0.5071045451845446 0.770887893060748 0.0 0.0 0.0 0.0 0.0 0.0
5.242028368173178 7.1978632062285435 10.408514662520822 -0.6022335037827957 0.7712296998821226 -0.20620270837510493 0.3854566598017696 0.5071045451845446 0.770887893060748 0.0 0.0 0.0 0.0 0.0 0.0
5.5695845175803855 7.618786546396146 10.473442413182857 -0.8977659390392569 0.39910832523726236 0.18635681749608476 0.3854566598017696 0.5071045451845446 0.770887893060748 0.0 0.0 0.0 0.0 0.0 0.0
5.69249489293535 8.130686641859546 10.58085020625685 -0.8522220842086448 -0.12464097490059019 0.5081162726806774 0.3854566598017696 0.5071045451845446 0.770887893060748 0.0 0.0 0.0 0.0 0.0 0.0
5.621141217379747 8.61417482317252 10.804083119676305 -0.4829048111937547 -0.6010370847877372 0.6368338606228336 0.3854566598017696 0.5071045451845446 0.770887893060748 0.0 0.0 0.0 0.0 0.0 0.0
5.439709374917906 8.960656582096473 11.17248233166274 0.0698760733315316 -0.8490891573598451 0.5236076176200215 0.3854566598017696 0.5071045451845446 0.770887893060748 0.0 0.0 0.0 0.0 0.0 0.0
5.274205785570642 9.113588440883618 11.660237916560996 0.5961098693325239 -0.7745580630372781 0.21145408643084077 0.3854566598017696 0.5071045451845446 0.770887893060748 0.0 0.0 0.0 0.0 0.0 0.0
5.244585459694351 9.089959764829914 12.196194467114577 0.8958715595485617 -0.40575941064662496 -0.181034387517211 0.3854566598017696 0.5071045451845446 0.770887893060748 0.0 0.0 0.0 0.0 0.0 0.0
5.419179084005792 8.973838218352073 12.690884223337353 0.855276666118377 0.11719402578425504 -0.5047448709139241 0.3854566598017696 0.5071045451845446 0.770887893060748 0.0 0.0 0.0 0.0 0.0 0.0
5.7887330512702375 8.884431053739267 13.07051737035348 0.4897478677665212 0.5956234924400745 -0.6366943389662223 0.3854566598017696 0.5071045451845446 0.770887893060748 0.0 0.0 0.0 0.0 0.0 0.0
6.269925060402 8.930796282969498 13.30501602276864 -0.061844333697529966 0.8477656360241691 -0.526752982683577 0.3854566598017696 0.5071045451845446 0.770887893060748 0.0 0.0 0.0 0.0 0.0 0.0
3.859162001159913 1.1227567541580648 10.952967412164178 0.28193467241001163 -0.5601861463873401 0.7789122684158729 0.5959383688763763 0.7384935996661852 0.3154118953892584 0.0 0.0 0.0 0.0 0.0 0.0
3.8590302200669533 1.478771509272913 11.355383339896443 0.6692787077898739 -0.6738151150764966 0.3131121236770689 0.5959383688763763 0.7384935996661852 0.3154118953892584 0.0 0.0 0.0 0.0 0.0 0.0
4.01146054147358 1.6811900877044508 11.829173186072982 0.8023525723370921 -0.5314504559601361 -0.2716445518021932 0.5959383688763763 0.7384935996661852 0.3154118953892584 0.0 0.0 0.0 0.0 0.0 0.0
4.346787156990507 1.7624645179777634 12.241041648118902 0.6305992800338106 -0.18717888324673326 -0.753198920397092 0.5959383688763763 0.7384935996661852 0.3154118953892584 0.0 0.0 0.0 0.0 0.0 0.0
4.825858898232975 1.8010715159253912 12.481218392560868 0.21927077818795948 0.22820507667614406 -0.9486004263187326 0.5959383688763763 0.7384935996661852 0.3154118953892584 0.0 0.0 0.0 0.0 0.0 0.0
5.354913420262754 1.891697868281829 12.505161639975723 -0.2753623583034087 0.556890112584338 -0.7836127705285232 0.5959383688763763 0.7384935996661852 0.3154118953892584 0.0 0.0 0.0 0.0 0.0 0.0
5.821199084052982 2.1092673393244388 12.350480331692193 -0.6653807310621921 0.6740032840155781 -0.32091752190766737 0.5959383688763763 0.7384935996661852 0.3154118953892584 0.0 0.0 0.0 0.0 0.0 0.0
6.135811189261348 2.4804758801659434 12.122645864192123 -0.8026098395178735 0.5350513391153271 0.2636996587407501 0.5959383688763763 0.7384935996661852 0.3154118953892584 0.0 0.0 0.0 0.0 0.0 0.0
6.267468356297462 2.9736493905942014 11.95492174219933 -0.6349140510197985 0.19282444490382067 0.7481329302103749 0.5959383688763763 0.7384935996661852 0.3154118953892584 0.0 0.0 0.0 0.0 0.0 0.0
6.254396845426012 3.510777239305515 11.957734545188028 -0.2260037993424533 -0.2226596797794454 0.9483379933775143 0.5959383688763763 0.7384935996661852 0.3154118953892584 0.0 0.0 0.0 0.0 0.0 0.0
6.189807761383231 3.9971498070051075 12.176721023606628 0.2687690742871116 -0.5535516694431759 0.7882535974948173 0.5959383688763763 0.7384935996661852 0.3154118953892584 0.0 0.0 0.0 0.0 0.0 0.0
6.186484596281028 4.3573402542376 12.575389934376606 0.661432083015713 -0.6741401249950731 0.3286984810264895 0.5959383688763763 0.7384935996661852 0.3154118953892584 0.0 0.0 0.0 0.0 0.0 0.0
6.333934895314247 4.563860438765617 13.048985674239084 0.8028059848519443 -0.5386114760395101 -0.25573468392933957 0.5959383688763763 0.7384935996661852 0.3154118953892584 0.0 0.0 0.0 0.0 0.0 0.0
6.664384843854792 4.647604120382992 13.464286684853167 0.6391804708426306 -0.1984553222328796 -0.7430099668045081 0.5959383688763763 0.7384935996661852 0.3154118953892584 0.0 0.0 0.0 0.0 0.0 0.0
7.140536000835759 4.6861099050529775 13.710218550155322 0.2327196094326171 0.21709732648606833 -0.9480033408264609 0.5959383688763763 0.7384935996661852 0.3154118953892584 0.0 0.0 0.0 0.0 0.0 0.0
7.669735600109423 4.774103032126439 13.740053024087114 -0.26215532246522655 0.5501710711992222 -0.7928343958978147 0.5959383688763763 0.7384935996661852 0.3154118953892584 0.0 0.0 0.0 0.0 0.0 0.0
8.13917688537841 4.987507672190921 13.589160872527431 -0.6574330643552746 0.674225627594009 -0.3364544084833741 0.5959383688763763 0.7384935996661852 0.3154118953892584 0.0 0.0 0.0 0.0 0.0 0.0
8.45875628294145 5.354602065279996 13.361573927967411 -0.8029409934020798 0.5421305956144724 0.24775023393163004 0.5959383688763763 0.7384935996661852 0.3154118953892584 0.0 0.0 0.0 0.0 0.0 0.0
8.595305255793912 5.845275144697555 13.190461657027578 -0.6433982145979211 0.20407108642079835 0.7378304203129885 0.5959383688763763 0.7384935996661852 0.3154118953892584 0.0 0.0 0.0 0.0 0.0 0.0
8.585191585384225 6.3824662346858405 13.187537853613957 -0.23941769702351284 -0.2115184403907539 0.9475964941506586 0.5959383688763763 0.7384935996661852 0.3154118953892584 0.0 0.0 0.0 0.0 0.0 0.0
11.209514128579727 5.670091422633669 11.05883420515262 0.494258787769357 0.4105088481433919 -0.7662837178935432 0.6369657914124419 0.42885545819061843 0.6405915832653724 0.0 0.0 0.0 0.0 0.0 0.0
11.722249320780428 5.600913688125597 11.203755445299123 0.053476143236942796 0.8043916186945014 -0.5916877773611198 0.6369657914124419 0.42885545819061843 0.6405915832653724 0.0 0.0 0.0 0.0 0.0 0.0
12.24717440151462 5.715097048409154 11.213801437978677 -0.40762298218462223 0.8926725645928941 -0.19229975771711363 0.6369657914124419 0.42885545819061843 0.6405915832653724 0.0 0.0 0.0 0.0 0.0 0.0
12.679181810633951 6.032765147879645 11.180012694835895 -0.7138593215814207 0.641812278513066 0.28014615496411993 0.6369657914124419 0.42885545819061843 0.6405915832653724 0.0 0.0 0.0 0.0 0.0 0.0
12.948464964937182 6.496734376431841 11.210083276531996 -0.748888569618052 0.14711677729706182 0.6461598595805492 0.6369657914124419 0.42885545819061843 0.6405915832653724 0.0 0.0 0.0 0.0 0.0 0.0
13.047038946232167 6.994238878997939 11.387446018550932 -0.4994025293076045 -0.4034708472754445 0.7666866303255864 0.6369657914124419 0.42885545819061843 0.6405915832653724 0.0 0.0 0.0 0.0 0.0 0.0
13.03177410525776 7.39977218923237 11.739575002076414 -0.06018511854817149 -0.8007731512951745 0.5959363318930456 0.6369657914124419 0.42885545819061843 0.6405915832653724 0.0 0.0 0.0 0.0 0.0 0.0
13.002790064616569 7.622769234432703 12.22754769120808 0.4018976249892332 -0.893848346924741 0.1987798574501995 0.6369657914124419 0.42885545819061843 0.6405915832653724 0.0 0.0 0.0 0.0 0.0 0.0
13.065418600237402 7.642013520826564 12.760832255100137 0.7112927414232669 -0.647335611210186 -0.27389640825996364 0.6369657914124419 0.42885545819061843 0.6405915832653724 0.0 0.0 0.0 0.0 0.0 0.0
13.290186338646526 7.513697634276618 13.231682124111172 0.7504558532101476 -0.1548892539226212 -0.6425148491684245 0.6369657914124419 0.42885545819061843 0.6405915832653724 0.0 0.0 0.0 0.0 0.0 0.0
13.68602051240803 7.350074737421414 13.556070713037505 0.5045082394097278 0.3964021205403748 -0.7670311566023841 0.6369657914124419 0.42885545819061843 0.6405915832653724 0.0 0.0 0.0 0.0 0.0 0.0
14.196857355217357 7.276811716416199 13.705614525681655 0.06688951052960476 0.7970937019200558 -0.6001395035660385 0.6369657914124419 0.42885545819061843 0.6405915832653724 0.0 0.0 0.0 0.0 0.0 0.0
14.722941664056588 7.38524622984425 13.718356519604512 -0.3961416617336932 0.8949560592442937 -0.20524481932753508 0.6369657914124419 0.42885545819061843 0.6405915832653724 0.0 0.0 0.0 0.0 0.0 0.0
15.158725468639009 7.6976860051368705 13.68431295050362 -0.7086719935689739 0.6528096467942492 0.26762580328388325 0.6369657914124419 0.42885545819061843 0.6405915832653724 0.0 0.0 0.0 0.0 0.0 0.0
15.432967469988988 8.158933759956925 13.711274691682146 -0.7519659866835153 0.1626499351318148 0.6388209087629363 0.6369657914124419 0.42885545819061843 0.6405915832653724 0.0 0.0 0.0 0.0 0.0 0.0
15.535798801013813 8.657257572608065 13.883855679113712 -0.5095755292561389 -0.38930320624909426 0.7673172704869226 0.6369657914124419 0.42885545819061843 0.6405915832653724 0.0 0.0 0.0 0.0 0.0 0.0
15.522472374110887 9.06683970714528 14.231346662496446 -0.07358880861583982 -0.7933535507734637 0.6042969722922981 0.6369657914124419 0.42885545819061843 0.6405915832653724 0.0 0.0 0.0 0.0 0.0 0.0
15.492371375968505 9.295576874820782 14.716587159727439 0.39035553075688545 -0.8959956171949731 0.21169415101723887 0.6369657914124419 0.42885545819061843 0.6405915832653724 0.0 0.0 0.0 0.0 0.0 0.0
15.551251933344709 9.320071813364144 15.250083345343779 0.7059972775986334 -0.6582339683962554 -0.2613348175667298 0.6369657914124419 0.42885545819061843 0.6405915832653724 0.0 0.0 0.0 0.0 0.0 0.0
15.771064592363755 9.194522298100221 15.724008251072869 0.7534188550356402 -0.17039822991872483 -0.6350783196719524 0.6369657914124419 0.42885545819061843 0.6405915832653724 0.0 0.0 0.0 0.0 0.0 0.0
