t = 0
b = 13 13 13
E = -0.991395564942328 -0.991395564942328 0
5.0199436285666 2.71727793767557 7.31183905215639 -0.450223368285944 0.841830759723338 -0.297690931391749 0.426368045312885 0.495611074188876 0.756690130157265 0 0 0 0 0 0
5.41083277051416 3.08159994804638 7.3680551849408 -0.824734560402743 0.556578721288757 0.100165023265937 0.426368045312885 0.495611074188876 0.756690130157265 0 0 0 0 0 0
5.6137236434676 3.57279409544773 7.44710393793038 -0.885915304196017 0.0598731211365987 0.45996661091501 0.426368045312885 0.495611074188876 0.756690130157265 0 0 0 0 0 0
5.6146700949542 4.07763632269608 7.63100209435091 -0.610522012211213 -0.459579278760557 0.64501919284584 0.426368045312885 0.495611074188876 0.756690130157265 0 0 0 0 0 0
5.47644803454715 4.47771743889028 7.9619323960762 -0.103181200403661 -0.804429826900793 0.585018199268724 0.426368045312885 0.495611074188876 0.756690130157265 0 0 0 0 0 0
5.31470581626148 4.69442875073102 8.42621761473242 0.443359874534916 -0.843664034451935 0.302759010806726 0.426368045312885 0.495611074188876 0.756690130157265 0 0 0 0 0 0
5.25402749532639 4.71882681937252 8.95951675942836 0.821461120555873 -0.562376170004336 -0.0945233877214707 0.426368045312885 0.495611074188876 0.756690130157265 0 0 0 0 0 0
5.38060126266932 4.61503122236634 9.47126929491901 0.887475552780126 -0.0674321961439368 -0.455894770907514 0.426368045312885 0.495611074188876 0.756690130157265 0 0 0 0 0 0
5.70947511019293 4.49586445412739 9.87910060303654 0.616323184703233 0.453130396437741 -0.644064108471695 0.426368045312885 0.495611074188876 0.756690130157265 0 0 0 0 0 0
6.17883984706229 4.47998877401419 10.1401174773624 0.111019334383443 0.801541175476501 -0.587542723049828 0.426368045312885 0.495611074188876 0.756690130157265 0 0 0 0 0 0
6.67351144469758 4.64682443007139 10.2672039694821 -0.436462617212905 0.845433060897931 -0.307804033950851 0.426368045312885 0.495611074188876 0.756690130157265 0 0 0 0 0 0
7.06869137500587 5.00637657896186 10.3241265223776 -0.818125123264257 0.568130791597241 0.0888745538550672 0.426368045312885 0.495611074188876 0.756690130157265 0 0 0 0 0 0
7.27737965772373 5.49543415967319 10.4013080326207 -0.888968216664891 0.0749861359284641 0.451788212748144 0.426368045312885 0.495611074188876 0.756690130157265 0 0 0 0 0 0
7.2834276074814 6.00158483242884 10.5814746801754 -0.622077421798547 -0.446647006480872 0.643059976122095 0.426368045312885 0.495611074188876 0.756690130157265 0 0 0 0 0 0
7.1476729893664 6.40592230600342 10.908226869521 -0.118849013811082 -0.798591483588403 0.590022503177808 0.426368045312885 0.495611074188876 0.756690130157265 0 0 0 0 0 0
6.98482673481358 6.6282208257663 11.369474707031 0.429532121572759 -0.847137704343112 0.312825616626079 0.426368045312885 0.495611074188876 0.756690130157265 0 0 0 0 0 0
6.91989234088851 6.65741427916895 11.9020311536941 0.814726822577004 -0.573842147830758 -0.0832189518472957 0.426368045312885 0.495611074188876 0.756690130157265 0 0 0 0 0 0
7.04067495180529 6.5558003969176 12.4156178376651 0.890393182178175 -0.0825343652284197 -0.447647249167205 0.426368045312885 0.495611074188876 0.756690130157265 0 0 0 0 0 0
7.36442271661584 6.43537280351549 12.8271633171031 0.627784285289719 0.440129602625195 -0.642006872265605 0.426368045312885 0.495611074188876 0.756690130157265 0 0 0 0 0 0
7.83127392901145 6.41527276688049 13.0923633098075 0.126669642426176 0.795580975866958 -0.592457350807806 0.426368045312885 0.495611074188876 0.756690130157265 0 0 0 0 0 0
2.24549124186198 9.23505622264254 11.1621284544359 0.0696741826424497 0.894524973492641 -0.441554730550016 0.66076666856834 0.290222597153478 0.692212578483364 0 0 0 0 0 0
2.77391010050391 9.33050986096597 11.1807621572546 -0.381786742900537 0.923965556436704 -0.0229463170031885 0.66076666856834 0.290222597153478 0.692212578483364 0 0 0 0 0 0
3.21530065908873 9.63658147695177 11.1941652463904 -0.688200501681666 0.602376176610161 0.404379786015112 0.66076666856834 0.290222597153478 0.692212578483364 0 0 0 0 0 0
3.49981589166095 10.0799647613497 11.2997467204722 -0.733155383775136 0.051934016096818 0.678075247456791 0.66076666856834 0.290222597153478 0.692212578483364 0 0 0 0 0 0
3.61720833143287 10.5351864063509 11.5598954685474 -0.499572277868091 -0.518238745422151 0.694158585576064 0.66076666856834 0.290222597153478 0.692212578483364 0 0 0 0 0 0
3.62072325474569 10.8722755130268 11.9782776880465 -0.0761933111958868 -0.891523943065479 0.446519471322346 0.66076666856834 0.290222597153478 0.692212578483364 0 0 0 0 0 0
3.60686991037398 11.006141708829 12.4984440350832 0.376132768283865 -0.926104289252779 0.0292401445058211 0.66076666856834 0.290222597153478 0.692212578483364 0 0 0 0 0 0
3.67875604236761 10.9289024027562 13.02527567398 0.685559720488047 -0.608842132314939 -0.399148002077611 0.66076666856834 0.290222597153478 0.692212578483364 0 0 0 0 0 0
3.90691553421766 10.7128775134649 13.4611215132441 0.734531072931534 -0.0602706700130404 -0.675893149273041 0.66076666856834 0.290222597153478 0.692212578483364 0 0 0 0 0 0
4.3025114072545 10.4831139230478 13.7428974878643 0.504441790063693 0.511198627498678 -0.695855188728808 0.66076666856834 0.290222597153478 0.692212578483364 0 0 0 0 0 0
4.81309480220865 10.3698780758538 13.8660532503187 0.0827066373336819 0.888455019638378 -0.451450207908164 0.66076666856834 0.290222597153478 0.692212578483364 0 0 0 0 0 0
5.34253117774538 10.4591655783417 13.8863009236755 -0.370450149700631 0.928172495641669 -0.0355317452582419 0.66076666856834 0.290222597153478 0.692212578483364 0 0 0 0 0 0
5.78752343000162 10.7600300304161 13.8984491345828 -0.682866731267461 0.615261722334114 0.393885821474387 0.66076666856834 0.290222597153478 0.692212578483364 0 0 0 0 0 0
6.07685618937901 11.2011434114558 14.0003836308887 -0.735850824702875 0.068602734084394 0.673659579209147 0.66076666856834 0.290222597153478 0.692212578483364 0 0 0 0 0 0
6.1984517301118 11.6578947878887 14.2558788494721 -0.509272887063956 -0.504119579820535 0.697498799814817 0.66076666856834 0.290222597153478 0.692212578483364 0 0 0 0 0 0
6.20395850021406 11.9997320902393 14.6703689414201 -0.0892136650408322 -0.885318436921738 0.45634656481279 0.66076666856834 0.290222597153478 0.692212578483364 0 0 0 0 0 0
6.18912901256316 12.139761027037 15.1888832471761 0.364739319904241 -0.930170018101449 0.0418206401306945 0.66076666856834 0.290222597153478 0.692212578483364 0 0 0 0 0 0
6.25744186436097 12.0677576789406 15.7169305691659 0.680121739101463 -0.62163445779105 -0.388593644940867 0.66076666856834 0.290222597153478 0.692212578483364 0 0 0 0 0 0
6.48078848798701 11.854052736631 16.1563979575642 0.737114538584952 -0.0769295737919408 -0.671374707360117 0.66076666856834 0.290222597153478 0.692212578483364 0 0 0 0 0 0
6.87216039387684 11.622811695555 16.442825460295 0.514065200962139 0.497002141484611 -0.699089293666744 0.66076666856834 0.290222597153478 0.692212578483364 0 0 0 0 0 0
6.64750115078594 10.8877665423089 5.18195760836176 -0.777532018559655 0.423300020431213 0.46503876485459 0.615755620611639 0.662585217291198 0.426410419094506 0 0 0 0 0 0
6.75397798112621 11.4116542542259 5.12820398502864 -0.554995621206558 -0.0194276559994969 0.831626374415766 0.615755620611639 0.662585217291198 0.426410419094506 0 0 0 0 0 0
6.73394354214948 11.9311134313465 5.26401961991076 -0.121607108325132 -0.454774441102911 0.882265220284884 0.615755620611639 0.662585217291198 0.426410419094506 0 0 0 0 0 0
6.68618875900367 12.3469067603082 5.60094763951733 0.357981978171439 -0.717344812608147 0.597716758279912 0.615755620611639 0.662585217291198 0.426410419094506 0 0 0 0 0 0
6.72003597904595 12.5991813166646 6.07412521298099 0.701567726021179 -0.70738389643786 0.0860857065131218 0.615755620611639 0.662585217291198 0.426410419094506 0 0 0 0 0 0
6.91380558430962 12.6902076915701 6.56692602595301 0.778616165168606 -0.428676011182779 -0.458250744434262 0.615755620611639 0.662585217291198 0.426410419094506 0 0 0 0 0 0
7.28506076892267 12.6835173562382 6.95526856731236 0.559855305400406 0.012893057801342 -0.828490076027196 0.615755620611639 0.662585217291198 0.426410419094506 0 0 0 0 0 0
7.78393498801762 12.6797659938377 7.15475676977283 0.128396054829048 0.449563838566302 -0.883972176122002 0.615755620611639 0.662585217291198 0.426410419094506 0 0 0 0 0 0
8.31207709185083 12.7784927225841 7.15274348687207 -0.351843003639425 0.715437800753371 -0.603618467281417 0.615755620611639 0.662585217291198 0.426410419094506 0 0 0 0 0 0
8.76001657193368 13.0403035205234 7.01313535536162 -0.69841102252396 0.709504980952084 -0.09394001075803 0.615755620611639 0.662585217291198 0.426410419094506 0 0 0 0 0 0
9.04875323745666 13.4638460011953 6.85211359544306 -0.779641017142044 0.434019356596408 0.451427826445556 0.615755620611639 0.662585217291198 0.426410419094506 0 0 0 0 0 0
9.15977070859067 13.9863232078599 6.79399482276696 -0.56467235444518 -0.00635747774691793 0.825290684911707 0.615755620611639 0.662585217291198 0.426410419094506 0 0 0 0 0 0
9.14207109876146 14.507351227272 6.92400108768429 -0.135175223476283 -0.44431900000283 0.885611814055471 0.615755620611639 0.662585217291198 0.426410419094506 0 0 0 0 0 0
9.09355829248754 14.9270967166529 7.25588259348138 0.345677234900469 -0.713476305540138 0.609474208399635 0.615755620611639 0.662585217291198 0.426410419094506 0 0 0 0 0 0
9.12384262278593 15.1842052597364 7.7266937642603 0.695201132323368 -0.711572033915049 0.101787161107415 0.615755620611639 0.662585217291198 0.426410419094506 0 0 0 0 0 0
9.31259807307197 15.2791109352994 8.22070732161639 0.780606496433524 -0.439329649755657 -0.444570530480092 0.615755620611639 0.662585217291198 0.426410419094506 0 0 0 0 0 0
9.67929279878184 15.2738714033769 8.61338101256111 0.569446401503945 -0.000178586454050497 -0.822028444715319 0.615755620611639 0.662585217291198 0.426410419094506 0 0 0 0 0 0
10.1757928496322 15.2685911626667 8.81867329366782 0.141944098006899 0.439040324827257 -0.887184009220514 0.615755620611639 0.662585217291198 0.426410419094506 0 0 0 0 0 0
10.7046490620895 15.3633901778153 8.82173195195742 -0.339485141501731 0.711460476343903 -0.615283535697208 0.615755620611639 0.662585217291198 0.426410419094506 0 0 0 0 0 0
11.1561196258596 15.6203666309326 8.68453670892492 -0.691938299864969 0.713584897912668 -0.109626559970397 0.615755620611639 0.662585217291198 0.426410419094506 0 0 0 0 0 0
0.280453515010528 6.16791867654391 7.0282520448794 0.987987463334273 -0.0523224784260591 0.14540677613393 0.0184431769339523 0.974134929576954 0.225213206101876 0 0 0 0 0 0
0.346267764961282 6.46429687729213 7.47155053206724 0.890277822248768 0.0865165393837087 -0.447124465473607 0.0184431769339523 0.974134929576954 0.225213206101876 0 0 0 0 0 0
0.615020872506274 6.78039652591511 7.81292698328159 0.454336751839532 0.192486477402205 -0.86978564712531 0.0184431769339523 0.974134929576954 0.225213206101876 0 0 0 0 0 0
0.987340056928814 7.14037347311852 7.95603576886587 -0.15421444669895 0.22532758445332 -0.962000719393582 0.0184431769339523 0.974134929576954 0.225213206101876 0 0 0 0 0 0
1.32450605337396 7.551713850288 7.87985646019499 -0.704176998608448 0.172562974894308 -0.688735634569916 0.0184431769339523 0.974134929576954 0.225213206101876 0 0 0 0 0 0
1.50115488082936 8.00238996301435 7.64667984195279 -0.986610935535019 0.0542388060738631 -0.1538083671274 0.0184431769339523 0.974134929576954 0.225213206101876 0 0 0 0 0 0
1.45290571448579 8.46542981329186 7.37844260158433 -0.894214882796648 -0.0846915919985206 0.439553270525579 0.0184431769339523 0.974134929576954 0.225213206101876 0 0 0 0 0 0
1.20082023747221 8.90916421250848 7.21040154306273 -0.462091645608265 -0.191446238302758 0.86592127176711 0.0184431769339523 0.974134929576954 0.225213206101876 0 0 0 0 0 0
0.84340095530249 9.30925843568013 7.23974726568669 0.145587933507015 -0.225467257865366 0.9633113044327 0.0184431769339523 0.974134929576954 0.225213206101876 0 0 0 0 0 0
0.519168447156627 9.65795739032702 7.48867983046672 0.697956222582537 -0.173829496553394 0.694723266838178 0.0184431769339523 0.974134929576954 0.225213206101876 0 0 0 0 0 0
0.354035081909678 9.96703190576502 7.89597458578202 0.985159273493204 -0.0561510032265905 0.16219824501822 0.0184431769339523 0.974134929576954 0.225213206101876 0 0 0 0 0 0
0.413468804053585 10.2633067982507 8.34024243615279 0.89808384541911 0.082860195020705 -0.431948601894202 0.0184431769339523 0.974134929576954 0.225213206101876 0 0 0 0 0 0
0.677620767019027 10.5784696747986 8.68604758913049 0.469811349309125 0.190391419831051 -0.861990953151514 0.0184431769339523 0.974134929576954 0.225213206101876 0 0 0 0 0 0
1.04886624184212 10.9370322814876 8.83536187721473 -0.136950333230277 0.225589761072793 -0.964548529586374 0.0184431769339523 0.974134929576954 0.225213206101876 0 0 0 0 0 0
1.38889388389622 11.3470180813114 8.76480729763019 -0.691682294488029 0.17508278042331 -0.700657993239939 0.0184431769339523 0.974134929576954 0.225213206101876 0 0 0 0 0 0
1.57125252515796 11.7969140064417 8.53453770644037 -0.983632587758513 0.0580589242630248 -0.170575770884706 0.0184431769339523 0.974134929576954 0.225213206101876 0 0 0 0 0 0
1.52939208709011 12.2600444651845 8.2653853629102 -0.90188441547967 -0.0810224879182322 0.424311038704433 0.0184431769339523 0.974134929576954 0.225213206101876 0 0 0 0 0 0
1.28194706813583 12.704705845257 8.09295473400368 -0.477495275056786 -0.189322102315594 0.857994990587502 0.0184431769339523 0.974134929576954 0.225213206101876 0 0 0 0 0 0
0.925656986207944 13.1062112461496 8.11610409019843 0.128302303655439 -0.225695084746509 0.965712300635119 0.0184431769339523 0.974134929576954 0.225213206101876 0 0 0 0 0 0
0.598613418435355 13.4562694453728 8.35938759570913 0.685355692108838 -0.176322731061636 0.706539361822808 0.0184431769339523 0.974134929576954 0.225213206101876 0 0 0 0 0 0
9.67755563438637 0.685435244935279 4.44720291106861 0.0701298918226475 0.97939620199076 -0.189380246591397 0.689931972441542 0.0894948196905793 0.718320646126417 0 0 0 0 0 0
10.2079364310191 0.768251264018008 4.47006816122905 -0.365655010191032 0.899505764256167 0.239135513030009 0.689931972441542 0.0894948196905793 0.718320646126417 0 0 0 0 0 0
10.6549661565734 1.05610965036592 4.54744435910909 -0.662521460407383 0.47787804774627 0.576799693118749 0.689931972441542 0.0894948196905793 0.718320646126417 0 0 0 0 0 0
10.9509740943816 1.45290035273405 4.75630206518458 -0.70768493104685 -0.125303528797322 0.695328026215076 0.689931972441542 0.0894948196905793 0.718320646126417 0 0 0 0 0 0
11.0856652298903 1.82112811177014 5.12365981671432 -0.483987064520538 -0.680880199787528 0.549689616887647 0.689931972441542 0.0894948196905793 0.718320646126417 0 0 0 0 0 0
11.1100314988129 2.03414920784075 5.6163193337096 -0.0764144203506737 -0.97777909916858 0.195214931784305 0.689931972441542 0.0894948196905793 0.718320646126417 0 0 0 0 0 0
11.1169790982121 2.02428552749001 6.15347810054757 0.360189339691389 -0.90320337118073 -0.233425169723501 0.689931972441542 0.0894948196905793 0.718320646126417 0 0 0 0 0 0
11.2060318689274 1.80853661025929 6.63742759260233 0.659951147540076 -0.485485581726244 -0.573383146592632 0.689931972441542 0.0894948196905793 0.718320646126417 0 0 0 0 0 0
11.4455205244899 1.48212123939825 6.99067437834978 0.708986480643508 0.116676297112114 -0.695503279616235 0.689931972441542 0.0894948196905793 0.718320646126417 0 0 0 0 0 0
11.8466226706233 1.18230223413514 7.18538116962466 0.488665996128642 0.67451089995392 -0.5533900885189 0.689931972441542 0.0894948196905793 0.718320646126417 0 0 0 0 0 0
12.3591162459501 1.03623800974004 7.25394267280921 0.0826931296247398 0.976087534682373 -0.201034750604353 0.689931972441542 0.0894948196905793 0.718320646126417 0 0 0 0 0 0
12.8904597227769 1.11267296958843 7.27667829826794 -0.354696239379 0.906832195671684 0.227697050186577 0.689931972441542 0.0894948196905793 0.718320646126417 0 0 0 0 0 0
13.3409501806767 1.39582035697369 7.35131747348119 -0.657330576837779 0.493056144099535 0.56992293471996 0.689931972441542 0.0894948196905793 0.718320646126417 0 0 0 0 0 0
13.6416021129033 1.79135990792047 7.55587059959651 -0.710234038174712 -0.108040180075151 0.6956255677499 0.689931972441542 0.0894948196905793 0.718320646126417 0 0 0 0 0 0
13.7803561737805 2.16227169641964 7.91899159576831 -0.493307713929192 -0.668090233503805 0.557048417352375 0.689931972441542 0.0894948196905793 0.718320646126417 0 0 0 0 0 0
13.8066607257456 2.38089229517012 8.40909179620313 -0.0889655414968252 -0.974321637351323 0.206839259849804 0.689931972441542 0.0894948196905793 0.718320646126417 0 0 0 0 0 0
13.8126855797272 2.37741624602929 8.94634101242893 0.349176127574719 -0.910391961379993 -0.221951590637716 0.689931972441542 0.0894948196905793 0.718320646126417 0 0 0 0 0 0
13.8983051429763 2.16641632064638 9.43299635658514 0.654659947867097 -0.500589158338509 -0.566419321009262 0.689931972441542 0.0894948196905793 0.718320646126417 0 0 0 0 0 0
14.1331544619405 1.84130708086914 9.79053639869488 0.711427508634126 0.0993958353601814 -0.695694881303358 0.689931972441542 0.0894948196905793 0.718320646126417 0 0 0 0 0 0
14.5301737038831 1.53885512488974 9.98949277072145 0.497911864437409 0.661618689395792 -0.560664324792168 0.689931972441542 0.0894948196905793 0.718320646126417 0 0 0 0 0 0
4.43230215264271 9.46344283915809 10.498216313215 -0.574525749315713 0.53640052961403 0.61821892174456 0.711801786036213 0.70031186099265 0.0538657103236211 0 0 0 0 0 0
4.50209935601603 9.96324226972741 10.3137875146986 -0.228464594250694 0.158327396035355 0.960591674354161 0.711801786036213 0.70031186099265 0.0538657103236211 0 0 0 0 0 0
4.51981804794125 10.4991324352048 10.3483256185763 0.204394079894482 -0.27989696239005 0.938019589640276 0.711801786036213 0.70031186099265 0.0538657103236211 0 0 0 0 0 0
4.58412837680969 10.9712200792984 10.5966853174273 0.559600025800964 -0.611783785175817 0.559078179970842 0.711801786036213 0.70031186099265 0.0538657103236211 0 0 0 0 0 0
4.7759995491673 11.3038515903113 10.9724869049941 0.702204565892164 -0.711243719493865 -0.0322663775582135 0.711801786036213 0.70031186099265 0.0538657103236211 0 0 0 0 0 0
5.12793827441493 11.4743550730863 11.3409333707812 0.578029851166669 -0.540490273415343 -0.61135239878784 0.711801786036213 0.70031186099265 0.0538657103236211 0 0 0 0 0 0
5.61163892242373 11.5216537810297 11.5700220380284 0.234251931839212 -0.164395535950858 -0.958175422450935 0.711801786036213 0.70031186099265 0.0538657103236211 0 0 0 0 0 0
6.14873730566604 11.5314785213804 11.5806945875789 -0.198522212877405 0.274155814168146 -0.940971583286158 0.711801786036213 0.70031186099265 0.0538657103236211 0 0 0 0 0 0
6.64058254423642 11.6037970881971 11.3768726351116 -0.555874449807497 0.608550786843894 -0.56627690742506 0.711801786036213 0.70031186099265 0.0538657103236211 0 0 0 0 0 0
7.00571618448257 11.8148348260229 11.0439678437789 -0.702040689530534 0.711747141171069 0.0235558332118223 0.711801786036213 0.70031186099265 0.0538657103236211 0 0 0 0 0 0
7.2108196274605 12.1881153470738 10.7164326053679 -0.581489933806526 0.544538856789743 0.604439318979004 0.711801786036213 0.70031186099265 0.0538657103236211 0 0 0 0 0 0
7.28337242173062 12.6855235176639 10.5266793287369 -0.240021430236177 0.170451156509814 0.955686201779563 0.711801786036213 0.70031186099265 0.0538657103236211 0 0 0 0 0 0
7.30121232342612 13.2217860347437 10.5547747518723 0.192635227625208 -0.268393787919556 0.943851918302854 0.711801786036213 0.70031186099265 0.0538657103236211 0 0 0 0 0 0
7.36296343132006 13.6968681794221 10.7980212494832 0.552106541822522 -0.605271445013452 0.573432510700347 0.711801786036213 0.70031186099265 0.0538657103236211 0 0 0 0 0 0
7.5505672427945 14.0339786791649 11.1719817059513 0.701823350052335 -0.712196360547831 -0.0148434949975321 0.711801786036213 0.70031186099265 0.0538657103236211 0 0 0 0 0 0
7.89815170899628 14.2087439961114 11.5425585872676 0.584905733736593 -0.54854597142193 -0.597480208775847 0.711801786036213 0.70031186099265 0.0538657103236211 0 0 0 0 0 0
8.3790654556074 14.2584682416124 11.7769398361938 0.245772650071948 -0.176493796553274 -0.953124201903836 0.711801786036213 0.70031186099265 0.0538657103236211 0 0 0 0 0 0
8.91600308553566 14.2679607206356 11.7940563933058 -0.18673357245461 0.262611322444888 -0.946660375341699 0.711801786036213 0.70031186099265 0.0538657103236211 0 0 0 0 0 0
9.41037479174732 14.3373154588732 11.5953816880721 -0.54829658878682 0.601946009419068 -0.58054444486981 0.711801786036213 0.70031186099265 0.0538657103236211 0 0 0 0 0 0
9.77976227329284 14.5438838088981 11.2643718583634 -0.70155256400881 0.712591343414357 0.00613002639362891 0.711801786036213 0.70031186099265 0.0538657103236211 0 0 0 0 0 0
12.8554857524831 11.2943992208907 -0.414873265132734 -0.0442474028208537 -0.330383460504588 0.942809066761994 0.0668671752792068 0.940637601629711 0.332760699708492 0 0 0 0 0 0
12.525814350228 11.6507295306128 -0.18458957264264 0.548642169523141 -0.313224647951243 0.775165846601075 0.0668671752792068 0.940637601629711 0.332760699708492 0 0 0 0 0 0
12.3212059477788 11.9356602719788 0.222393198970797 0.933093408857385 -0.177066554804375 0.313024161234584 0.0668671752792068 0.940637601629711 0.332760699708492 0 0 0 0 0 0
12.3292962172384 12.1802286866057 0.700729837986977 0.963046861676851 0.0263620829075998 -0.268040636469812 0.0668671752792068 0.940637601629711 0.332760699708492 0 0 0 0 0 0
12.5569130491196 12.4308063388609 1.11796660548595 0.627122710460399 0.219775324572456 -0.747272314978867 0.0668671752792068 0.940637601629711 0.332760699708492 0 0 0 0 0 0
12.9274825225827 12.7314817832677 1.36486262527254 0.0529441566074599 0.329692245984759 -0.942602747300606 0.0668671752792068 0.940637601629711 0.332760699708492 0 0 0 0 0 0
13.3101206182103 13.1073105855204 1.39689231915291 -0.541348767519747 0.31435357098705 -0.779822636445327 0.0668671752792068 0.940637601629711 0.332760699708492 0 0 0 0 0 0
13.5693582452483 13.5547962941708 1.25116141851842 -0.929974243997471 0.179586718659929 -0.320774868065271 0.0668671752792068 0.940637601629711 0.332760699708492 0 0 0 0 0 0
13.6166082141053 14.0432188009905 1.03230987661526 -0.965286956840354 -0.0234081306159166 0.260140635762576 0.0668671752792068 0.940637601629711 0.332760699708492 0 0 0 0 0 0
13.4438209907778 14.5263054236997 0.872757400819507 -0.63387101604231 -0.217509839707702 0.742224362744729 0.0668671752792068 0.940637601629711 0.332760699708492 0 0 0 0 0 0
13.1265428493987 14.9598106716035 0.882394991865542 -0.0616368784915586 -0.328975924123942 0.942324644990576 0.0668671752792068 0.940637601629711 0.332760699708492 0 0 0 0 0 0
12.795214579628 15.3183258472521 1.10683551538747 0.534014139711789 -0.315458554781357 0.784420039776608 0.0668671752792068 0.940637601629711 0.332760699708492 0 0 0 0 0 0
12.5856148498074 15.6049322354124 1.51008461165828 0.926784257998335 -0.182093206291559 0.328501146647824 0.0668671752792068 0.940637601629711 0.332760699708492 0 0 0 0 0 0
12.5872756207588 15.8500304714689 1.98821555464377 0.967453541664833 0.0204523957044587 -0.252220824338751 0.0668671752792068 0.940637601629711 0.332760699708492 0 0 0 0 0 0
12.8094674569737 16.0997908317698 2.4088527527851 0.640571049892218 0.215227790626532 -0.73711988725173 0.0668671752792068 0.940637601629711 0.332760699708492 0 0 0 0 0 0
13.1776774841671 16.3986123737161 2.66146344943388 0.0703249064887235 0.328234549472821 -0.941974781010472 0.0668671752792068 0.940637601629711 0.332760699708492 0 0 0 0 0 0
13.5619180760074 16.7722549915427 2.69935096511205 -0.526638844659573 0.31653951518537 -0.788957706484854 0.0668671752792068 0.940637601629711 0.332760699708492 0 0 0 0 0 0
13.8261113266369 17.2180528018157 2.55739554677241 -0.923523693789762 0.184585826820527 -0.336202408596216 0.0668671752792068 0.940637601629711 0.332760699708492 0 0 0 0 0 0
13.8797873222082 17.7059269571205 2.33880277881464 -0.969546451156466 -0.0174951032638833 0.24428180532264 0.0668671752792068 0.940637601629711 0.332760699708492 0 0 0 0 0 0
13.7124551737316 18.1898131030858 2.17589405606651 -0.647222301776606 -0.212929351115816 0.731959277225441 0.0668671752792068 0.940637601629711 0.332760699708492 0 0 0 0 0 0
6.62757236458198 2.25632479059085 3.91651861992458 0.401155538652692 -0.175681308729478 0.899005178834564 0.170350950315905 0.978623302213014 0.115225804801546 0 0 0 0 0 0
6.4230387650922 2.65535050864641 4.21254156688706 0.852705659084488 -0.205005818209416 0.480484831670654 0.170350950315905 0.978623302213014 0.115225804801546 0 0 0 0 0 0
6.41287944742114 3.00764514399062 4.61809104634735 0.980298643151733 -0.156445189837097 -0.120579736322927 0.170350950315905 0.978623302213014 0.115225804801546 0 0 0 0 0 0
6.62617923630166 3.3242780933889 4.99615437111878 0.735459782966347 -0.0484484182215772 -0.675834046501744 0.170350950315905 0.978623302213014 0.115225804801546 0 0 0 0 0 0
7.00712710585063 3.62986722432915 5.22016130372498 0.211207455000204 0.0779547174906766 -0.974327703071859 0.170350950315905 0.978623302213014 0.115225804801546 0 0 0 0 0 0
7.43621972141256 3.95322613557424 5.2220702057587 -0.393286116320852 0.17474155269485 -0.902657975354483 0.170350950315905 0.978623302213014 0.115225804801546 0 0 0 0 0 0
7.77566275438438 4.31641738925438 5.01821819390818 -0.848363716658403 0.205141150507287 -0.488053391163393 0.170350950315905 0.978623302213014 0.115225804801546 0 0 0 0 0 0
7.92172125145011 4.72637057464743 4.70311439618535 -0.981133757152478 0.157604195464871 0.111970836148226 0.170350950315905 0.978623302213014 0.115225804801546 0 0 0 0 0 0
7.84413027770152 5.17224964135572 4.41353435408567 -0.741154679622678 0.0501907715637213 0.669455470754585 0.170350950315905 0.978623302213014 0.115225804801546 0 0 0 0 0 0
7.59759307141247 5.62956969602121 4.27655670760895 -0.219598547858787 -0.0762909655994369 0.972602779322688 0.170350950315905 0.978623302213014 0.115225804801546 0 0 0 0 0 0
7.30099836922934 6.06949922267781 4.36128389528182 0.385386743728585 -0.173788489414445 0.906242030974796 0.170350950315905 0.978623302213014 0.115225804801546 0 0 0 0 0 0
7.09225258740535 6.46981365770413 4.65258898243035 0.84395716805072 -0.20526086051231 0.49558478350082 0.170350950315905 0.978623302213014 0.115225804801546 0 0 0 0 0 0
7.07588686859366 6.82333887311812 5.05686263657148 0.981894154019003 -0.15875119892297 -0.103353408960839 0.170350950315905 0.978623302213014 0.115225804801546 0 0 0 0 0 0
7.28334395308596 7.14067674774251 5.43757687788797 0.74679313448066 -0.0519293026842894 -0.663025913381426 0.170350950315905 0.978623302213014 0.115225804801546 0 0 0 0 0 0
7.661032556081 7.44617733618606 5.66715434138702 0.22797291743774 0.0746214038557943 -0.970803788106287 0.170350950315905 0.978623302213014 0.115225804801546 0 0 0 0 0 0
8.09068759277915 7.76868787598651 5.67543705084087 -0.377458022443697 0.172822191467721 -0.909757072755792 0.170350950315905 0.978623302213014 0.115225804801546 0 0 0 0 0 0
8.43430106138453 8.13059323976987 5.47634060693448 -0.839486348837178 0.205364939108106 -0.503078435138248 0.170350950315905 0.978623302213014 0.115225804801546 0 0 0 0 0 0
8.58655359035799 8.53931154788475 5.16256741790894 -0.982579775844141 0.159886112862642 0.0947281110112114 0.170350950315905 0.978623302213014 0.115225804801546 0 0 0 0 0 0
8.51482702851087 8.98447590045749 4.87038750476904 -0.752374718150123 0.0536638791874055 0.656545864017954 0.170350950315905 0.978623302213014 0.115225804801546 0 0 0 0 0 0
8.27159662598793 9.44187293597954 4.72786724199027 -0.236329925996398 -0.0729461594033396 0.968930866422801 0.170350950315905 0.978623302213014 0.115225804801546 0 0 0 0 0 0
11.2431596871715 1.07012135983664 2.74559321307083 0.749379636003006 0.501270503904765 -0.432617663831546 0.0126043371915926 0.642444609496125 0.766228460978403 0 0 0 0 0 0
11.5663972976014 1.17372067635522 3.16209018897682 0.218838122704596 0.745940051807608 -0.629033635953112 0.0126043371915926 0.642444609496125 0.766228460978403 0 0 0 0 0 0
11.9395190649875 1.44735705115438 3.43519892777472 -0.394843652187587 0.707214502576148 -0.586469212894538 0.0126043371915926 0.642444609496125 0.766228460978403 0 0 0 0 0 0
12.2226362094337 1.88220299406832 3.57462199104003 -0.858517722179881 0.399806339820073 -0.321095330614982 0.0126043371915926 0.642444609496125 0.766228460978403 0 0 0 0 0 0
12.3100542120957 2.40818480472416 3.64085136358838 -0.996026555865171 -0.0594949358391848 0.0662680361928485 0.0126043371915926 0.642444609496125 0.766228460978403 0 0 0 0 0 0
12.1704279300082 2.92060474288345 3.72218653707202 -0.755128248301318 -0.496193090670854 0.428455068108534 0.0126043371915926 0.642444609496125 0.766228460978403 0 0 0 0 0 0
11.8586701399603 3.31991745041158 3.90118805681235 -0.227344094136748 -0.744379194450593 0.627864856263056 0.0126043371915926 0.642444609496125 0.766228460978403 0 0 0 0 0 0
11.4950892565005 3.54954889714277 4.22331139029365 0.386811882380927 -0.709763196902102 0.588738288182646 0.0126043371915926 0.642444609496125 0.766228460978403 0 0 0 0 0 0
11.2196821538005 3.6173898008074 4.67963763509085 0.854011557632294 -0.40549629424267 0.325940201242384 0.0126043371915926 0.642444609496125 0.766228460978403 0 0 0 0 0 0
11.1389470125343 3.59279781144045 5.21026195901698 0.996757963827338 0.0528254301360553 -0.0606880175794183 0.0126043371915926 0.642444609496125 0.766228460978403 0 0 0 0 0 0
11.2854228804856 3.58024738053518 5.72705244742633 0.760819354659923 0.491077890412 -0.424259843873255 0.0126043371915926 0.642444609496125 0.766228460978403 0 0 0 0 0 0
11.6053275442708 3.6796381702011 6.14713289107542 0.235832752435934 0.742761649735939 -0.626648262233319 0.0126043371915926 0.642444609496125 0.766228460978403 0 0 0 0 0 0
11.9789902913943 3.94834150129536 6.4243688436309 -0.378750655351821 0.712257840012652 -0.590962528770715 0.0126043371915926 0.642444609496125 0.766228460978403 0 0 0 0 0 0
12.2663168147129 4.37940402943173 6.56689486915844 -0.849440356798152 0.411155368552516 -0.330760250261533 0.0126043371915926 0.642444609496125 0.766228460978403 0 0 0 0 0 0
12.3600133819717 4.90418943676667 6.63402408523148 -0.997413464811454 -0.046151901571899 0.0551033773384862 0.0126043371915926 0.642444609496125 0.766228460978403 0 0 0 0 0 0
12.226349518543 5.41845451668612 6.71371411790265 -0.766452521679039 -0.485925292670504 0.420032310608276 0.0126043371915926 0.642444609496125 0.766228460978403 0 0 0 0 0 0
11.9179727786812 5.82195291085167 6.88915052899332 -0.244303451157957 -0.741087540845939 0.625383946512245 0.0126043371915926 0.642444609496125 0.766228460978403 0 0 0 0 0 0
11.5539070594409 6.05652037676303 7.20714323036918 0.370660584993917 -0.714698241931066 0.593141765274214 0.0126043371915926 0.642444609496125 0.766228460978403 0 0 0 0 0 0
11.2743334322128 6.1281723559382 7.66034261580254 0.844804467792099 -0.416783131789195 0.335555110607035 0.0126043371915926 0.642444609496125 0.766228460978403 0 0 0 0 0 0
11.1873330099998 6.10481860710792 8.19003179925702 0.997993008898582 0.0394748583617536 -0.0495145407620285 0.0126043371915926 0.642444609496125 0.766228460978403 0 0 0 0 0 0
7.27308413094445 9.86651387127396 0.755274830537058 -0.105596742655606 -0.642515715098549 0.758961714312339 0.0967440861478025 0.752970480698397 0.650904015191374 0 0 0 0 0 0
6.95055923482779 10.1367777109883 1.08937099999451 0.494790169595398 -0.603822240646067 0.624965110844534 0.0967440861478025 0.752970480698397 0.650904015191374 0 0 0 0 0 0
6.74082177343899 10.2694002519481 1.56592798613354 0.907198023966625 -0.335726601602643 0.253533812907451 0.0967440861478025 0.752970480698397 0.650904015191374 0 0 0 0 0 0
6.73788013015842 10.3254939035089 2.10027801290227 0.974946181490822 0.0599171864390721 -0.214219219412476 0.0967440861478025 0.752970480698397 0.650904015191374 0 0 0 0 0 0
6.9571774996254 10.3952456796038 2.58579676186551 0.672295984435755 0.432797433590649 -0.600586788723251 0.0967440861478025 0.752970480698397 0.650904015191374 0 0 0 0 0 0
7.32972475989833 10.5636536443037 2.93441173344179 0.114229302704099 0.641250699733927 -0.758781395722434 0.0967440861478025 0.752970480698397 0.650904015191374 0 0 0 0 0 0
7.72831059331689 10.8782347261849 3.11006246198806 -0.48723500093694 0.606082103908321 -0.628702264338251 0.0967440861478025 0.752970480698397 0.650904015191374 0 0 0 0 0 0
8.01583119294101 11.3309722427225 3.14240048959627 -0.903590581587235 0.340652783655544 -0.259768631390652 0.0967440861478025 0.752970480698397 0.650904015191374 0 0 0 0 0 0
8.0973782910608 11.8613615720129 3.11552424950535 -0.976656993063648 -0.0541962245187932 0.207855447722164 0.0967440861478025 0.752970480698397 0.650904015191374 0 0 0 0 0 0
7.95629639688117 12.379396870219 3.13602866526289 -0.678675084041038 -0.428455180885888 0.596511767087567 0.0967440861478025 0.752970480698397 0.650904015191374 0 0 0 0 0 0
7.66051049593985 12.7997657964608 3.2925079570973 -0.122853163748933 -0.639936850645817 0.758543292991502 0.0967440861478025 0.752970480698397 0.650904015191374 0 0 0 0 0 0
7.33672021245638 13.0742610974623 3.62189721643672 0.479642727446754 -0.608295811671819 0.632391539720418 0.0967440861478025 0.752970480698397 0.650904015191374 0 0 0 0 0 0
7.12226450378638 13.2100953490531 4.09544014715365 0.899914327286662 -0.345553023680078 0.265983667486839 0.0967440861478025 0.752970480698397 0.650904015191374 0 0 0 0 0 0
7.11294429433721 13.2671607780232 4.62961406324338 0.978293428425172 0.0484711353461878 -0.201475847034763 0.0967440861478025 0.752970480698397 0.650904015191374 0 0 0 0 0 0
7.32662610267961 13.3352752038206 5.11786155366209 0.685002499911074 0.424080299660271 -0.592391318771329 0.0967440861478025 0.752970480698397 0.650904015191374 0 0 0 0 0 0
7.69645425243037 13.5000587472693 5.47107342432726 0.131467669049703 0.638574267888913 -0.758247424251989 0.0967440861478025 0.752970480698397 0.650904015191374 0 0 0 0 0 0
8.09625046147765 13.810405315176 5.6514427707759 -0.472013927305861 0.610463195354146 -0.636032656038433 0.0967440861478025 0.752970480698397 0.650904015191374 0 0 0 0 0 0
8.38845108094362 14.2599069876719 5.68682845326778 -0.896169541025907 0.350426948503997 -0.272178447896948 0.0967440861478025 0.752970480698397 0.650904015191374 0 0 0 0 0 0
8.47636982533472 14.7892884941055 5.66017104999745 -0.979855362954503 -0.0427423549089622 0.195080903181564 0.0967440861478025 0.752970480698397 0.650904015191374 0 0 0 0 0 0
8.34093050890914 15.3089268793928 5.67798234474559 -0.691277750188646 -0.419673123077941 0.588225757562631 0.0967440861478025 0.752970480698397 0.650904015191374 0 0 0 0 0 0
6.77770495304765 4.28184898372078 6.36187714784822 0.769584581030232 -0.60422378576971 0.206526485833274 0.576158399609804 0.796507845618333 0.183348712642088 0 0 0 0 0 0
6.99313228775304 4.51565279348344 6.795019092389 0.784814261253312 -0.476481515304314 -0.396272558861603 0.576158399609804 0.796507845618333 0.183348712642088 0 0 0 0 0 0
7.38745805800532 4.64084262683997 7.13783069466853 0.501879882231545 -0.1677159508287 -0.848521033121087 0.576158399609804 0.796507845618333 0.183348712642088 0 0 0 0 0 0
7.89618736320397 4.7278016039279 7.28722190074937 0.0282729449658547 0.204767707427901 -0.97840218038273 0.576158399609804 0.796507845618333 0.183348712642088 0 0 0 0 0 0
8.41136148709719 4.86143738636705 7.21358629902649 -0.456075356790795 0.499456690099143 -0.736571981304853 0.576158399609804 0.796507845618333 0.183348712642088 0 0 0 0 0 0
8.82257321905951 5.10892433702973 6.9720490909889 -0.76715300532929 0.604393725731174 -0.214905771702458 0.576158399609804 0.796507845618333 0.183348712642088 0 0 0 0 0 0
9.05891239931852 5.4941828564901 6.68152410552971 -0.786776401028925 0.479711480033711 0.388406733602596 0.576158399609804 0.796507845618333 0.183348712642088 0 0 0 0 0 0
9.11590587420703 5.98879162291831 6.47953644721647 -0.507490287777731 0.172778822723201 0.844157026997739 0.576158399609804 0.796507845618333 0.183348712642088 0 0 0 0 0 0
9.05721692202841 6.52278532742275 6.46997440976881 -0.0354001294146386 -0.19979539804772 0.979197952283592 0.576158399609804 0.796507845618333 0.183348712642088 0 0 0 0 0 0
8.99045850923585 7.01123566465565 6.6836205763547 0.450139129971676 -0.496464006699393 0.742225204180192 0.576158399609804 0.796507845618333 0.183348712642088 0 0 0 0 0 0
9.02630932528398 7.38651701594016 7.06645700158761 0.764663007956838 -0.604517638770418 0.223268691665085 0.576158399609804 0.796507845618333 0.183348712642088 0 0 0 0 0 0
9.23646509805603 7.62399855244578 7.50018753211073 0.788678624735472 -0.482904912876624 -0.380511329667048 0.576158399609804 0.796507845618333 0.183348712642088 0 0 0 0 0 0
9.62640018815233 7.75140189886655 7.84718049306345 0.513062045973674 -0.177828536841411 -0.839728735048498 0.576158399609804 0.796507845618333 0.183348712642088 0 0 0 0 0 0
10.1332877877719 7.83826922471894 8.00275726243976 0.0425246180065104 0.194807873474439 -0.979919154469269 0.576158399609804 0.796507845618333 0.183348712642088 0 0 0 0 0 0
10.649868875404 7.96954301145946 7.9349614297216 -0.444168623315025 0.493433515643395 -0.74782190373259 0.576158399609804 0.796507845618333 0.183348712642088 0 0 0 0 0 0
11.0652017113757 8.2132949836168 7.69669957051735 -0.762114778535818 0.604595515450984 -0.231614608852422 0.576158399609804 0.796507845618333 0.183348712642088 0 0 0 0 0 0
11.3068104596002 8.59486452254482 7.40564115393742 -0.790520787511252 0.486061570640779 0.372586948320536 0.576158399609804 0.796507845618333 0.183348712642088 0 0 0 0 0 0
11.3682199694377 9.08723181179435 7.19951394395062 -0.518594732508416 0.18286470862805 0.835236494504942 0.576158399609804 0.796507845618333 0.183348712642088 0 0 0 0 0 0
11.3114157936824 9.6212831171295 7.18377891916698 -0.0496458681840802 -0.189805513527364 0.980565732017422 0.576158399609804 0.796507845618333 0.183348712642088 0 0 0 0 0 0
11.2432948407123 10.1120682496838 7.39156388385026 0.43816429149804 -0.490365447714774 0.753361653751709 0.576158399609804 0.796507845618333 0.183348712642088 0 0 0 0 0 0
7.57203397290458 8.50071650536939 10.9328237082454 -0.40707439522372 -0.428079868455605 0.806869297331529 0.72158726864292 0.390876319411159 0.571425862781898 0 0 0 0 0 0
7.60986375755396 8.89095476305058 11.3002037726932 -0.00137751288611041 -0.824561847496732 0.565770149540452 0.72158726864292 0.390876319411159 0.571425862781898 0 0 0 0 0 0
7.64737953809761 9.09323412165002 11.7965511605308 0.40484270962772 -0.907778994734933 0.109725462766494 0.72158726864292 0.390876319411159 0.571425862781898 0 0 0 0 0 0
7.77717922703929 9.08858522983633 12.3179104710584 0.657256418144829 -0.646115724617909 -0.388005761824363 0.72158726864292 0.390876319411159 0.571425862781898 0 0 0 0 0 0
8.05680053717769 8.93665423826593 12.7508238559696 0.659967424667411 -0.138982288239698 -0.738327110387749 0.72158726864292 0.390876319411159 0.571425862781898 0 0 0 0 0 0
8.48686144253493 8.7530422297182 13.0154355528365 0.411945772491924 0.420952843100718 -0.80814564554383 0.72158726864292 0.390876319411159 0.571425862781898 0 0 0 0 0 0
9.0108253996936 8.66538643500058 13.0958304243732 0.0074190339807273 0.820960951390953 -0.570936138483153 0.72158726864292 0.390876319411159 0.571425862781898 0 0 0 0 0 0
9.53648052588161 8.7648687149841 13.0460803851782 -0.399926319579381 0.90907226851262 -0.116818446869533 0.72158726864292 0.390876319411159 0.571425862781898 0 0 0 0 0 0
9.9709724349378 9.07157404717907 12.9697015773436 -0.655332977919791 0.651811831948534 0.3816805258101 0.72158726864292 0.390876319411159 0.571425862781898 0 0 0 0 0 0
10.2560811710571 9.526859906976 12.980326857377 -0.661767681365371 0.146917182714521 0.735172685376388 0.72158726864292 0.390876319411159 0.571425862781898 0 0 0 0 0 0
10.3903399433866 10.0156355431955 13.1585347741742 -0.41678577849464 -0.413793760557044 0.809360450336361 0.72158726864292 0.390876319411159 0.571425862781898 0 0 0 0 0 0
10.4295923843941 10.4100868786759 13.5212364310922 -0.0134599900871825 -0.817297535930247 0.576058648428439 0.72158726864292 0.390876319411159 0.571425862781898 0 0 0 0 0 0
10.4657766202377 10.6182352151247 14.0152506750451 0.394979473593429 -0.910296312917444 0.123902534795561 0.72158726864292 0.390876319411159 0.571425862781898 0 0 0 0 0 0
10.5919964395149 10.6188814784015 14.5375085057032 0.653359631551259 -0.657458301284564 -0.375326223346062 0.72158726864292 0.390876319411159 0.571425862781898 0 0 0 0 0 0
10.8671496073623 10.4696601012136 14.97421071194 0.663517541892257 -0.154840888877066 -0.731962274118699 0.72158726864292 0.390876319411159 0.571425862781898 0 0 0 0 0 0
11.2935516197616 10.285142738534 15.2440620947601 0.421594044646672 0.406603166016437 -0.810513619197031 0.72158726864292 0.390876319411159 0.571425862781898 0 0 0 0 0 0
11.8160560079035 10.1933105803416 15.3291568725815 0.0194999211632801 0.813571880097883 -0.581137289277346 0.72158726864292 0.390876319411159 0.571425862781898 0 0 0 0 0 0
12.3430054036883 10.2869321578167 15.2817813870266 -0.390002548391338 0.911451034733683 -0.130977187063857 0.72158726864292 0.390876319411159 0.571425862781898 0 0 0 0 0 0
12.7810537062957 10.5883190273381 15.2045496475592 -0.651336529317201 0.663054702625498 0.36894333833698 0.72158726864292 0.390876319411159 0.571425862781898 0 0 0 0 0 0
13.070629826551 11.0408492371861 15.2114185536746 -0.665216872989415 0.162752803306433 0.728696121099929 0.72158726864292 0.390876319411159 0.571425862781898 0 0 0 0 0 0
10.2427994622972 12.0066111489796 8.61950073642262 0.642887588378001 -0.658409579689142 0.391397974040598 0.613989712939165 0.748479770510505 0.250588638093237 0 0 0 0 0 0
10.3942677493755 12.2511678606432 9.07330077488467 0.789291082473752 -0.579788078526144 -0.202151851652107 0.613989712939165 0.748479770510505 0.250588638093237 0 0 0 0 0 0
10.7256549635388 12.3635618615638 9.48102029240192 0.635829698094551 -0.280895392791325 -0.718900809103453 0.613989712939165 0.748479770510505 0.250588638093237 0 0 0 0 0 0
11.2019795773892 12.4119257488592 9.72486634786378 0.240805980903578 0.124714148985442 -0.962527329795836 0.613989712939165 0.748479770510505 0.250588638093237 0 0 0 0 0 0
11.7331959221636 12.4887182303399 9.74930426821272 -0.245703954493964 0.482942700453262 -0.840473625300008 0.613989712939165 0.748479770510505 0.250588638093237 0 0 0 0 0 0
12.2084040427799 12.6755975155848 9.58215619922898 -0.638866849628197 0.657693245647525 -0.399109938583052 0.613989712939165 0.748479770510505 0.250588638093237 0 0 0 0 0 0
12.5379824449215 13.0123979968694 9.32403100718723 -0.789313547304561 0.582575130775619 0.193882286563936 0.613989712939165 0.748479770510505 0.250588638093237 0 0 0 0 0 0
12.6876367991193 13.4819964975451 9.11010128846824 -0.639886831741158 0.286126983585289 0.713215389506317 0.613989712939165 0.748479770510505 0.250588638093237 0 0 0 0 0 0
12.6914289298876 14.016817653132 9.05874904022856 -0.247356410461979 -0.11902558845715 0.961586041649833 0.613989712939165 0.748479770510505 0.250588638093237 0 0 0 0 0 0
12.638836159108 14.524506922085 9.22659036043932 0.239148846730347 -0.478958349443 0.844634079709303 0.613989712939165 0.748479770510505 0.250588638093237 0 0 0 0 0 0
12.6407573754655 14.923017620212 9.58696604569625 0.63479745869432 -0.656926825718888 0.406791509358466 0.613989712939165 0.748479770510505 0.250588638093237 0 0 0 0 0 0
12.7873806925062 15.1717818277461 10.0400698683112 0.789275902852792 -0.585317817673355 -0.185597956588997 0.613989712939165 0.748479770510505 0.250588638093237 0 0 0 0 0 0
13.1139194764368 15.2871228203245 10.4508666308818 0.643895235528105 -0.291336784701667 -0.707475655795944 0.613989712939165 0.748479770510505 0.250588638093237 0 0 0 0 0 0
13.5872341995662 15.3360535836633 10.7003942954529 0.253888002872044 0.11332796366947 -0.960571525003826 0.613989712939165 0.748479770510505 0.250588638093237 0 0 0 0 0 0
14.118422700939 15.4108174598864 10.7309596506751 -0.232575526856149 0.474937523900066 -0.848730211963295 0.613989712939165 0.748479770510505 0.250588638093237 0 0 0 0 0 0
14.5965956036468 15.5938433596265 10.5680569273748 -0.630679725476245 0.656110378269077 -0.414442101385485 0.613989712939165 0.748479770510505 0.250588638093237 0 0 0 0 0 0
14.931005043088 15.9264296407375 10.3106821140233 -0.789178151985215 0.588015930353124 0.177299492611093 0.613989712939165 0.748479770510505 0.250588638093237 0 0 0 0 0 0
15.0855212979527 16.3930541716745 10.0937227255912 -0.647854604199925 0.296524399393934 0.701682045075279 0.613989712939165 0.748479770510505 0.250588638093237 0 0 0 0 0 0
15.0923590754052 16.9272714487834 10.0367117814125 -0.260400260727723 -0.107621708518591 0.959483857117186 0.613989712939165 0.748479770510505 0.250588638093237 0 0 0 0 0 0
15.0398386052312 17.4369563540493 10.1984152126539 0.225984495455129 -0.470880530025891 0.852761710125652 0.613989712939165 0.748479770510505 0.250588638093237 0 0 0 0 0 0
3.2146019520942 7.92910618866638 1.6387300874962 0.926338653041262 0.356085567814822 -0.122881114398007 0.10853513288934 0.060074499031481 0.992275757788534 0 0 0 0 0 0
3.48939309885678 7.66502337705285 2.01745848145361 0.53885834723179 0.83524826760908 -0.109508050273276 0.10853513288934 0.060074499031481 0.992275757788534 0 0 0 0 0 0
3.88701702282605 7.59133543432195 2.37122451190556 -0.0533432539221633 0.997086185932314 -0.0545310469727645 0.10853513288934 0.060074499031481 0.992275757788534 0 0 0 0 0 0
4.27248135038532 7.74493331904767 2.71256018848424 -0.625278861059441 0.780114391827828 0.0211632127831865 0.10853513288934 0.060074499031481 0.992275757788534 0 0 0 0 0 0
4.51541334189165 8.07635830393688 3.05872002008275 -0.959660574775174 0.266764097450862 0.0888172141727562 0.10853513288934 0.060074499031481 0.992275757788534 0 0 0 0 0 0
4.53959067518223 8.46859217323376 3.42512573844658 -0.929451191464634 -0.347934337605551 0.122728070953464 0.10853513288934 0.060074499031481 0.992275757788534 0 0 0 0 0 0
4.35189958013321 8.78151439932569 3.8195073244459 -0.546127760921449 -0.830446700653706 0.110012481675027 0.10853513288934 0.060074499031481 0.992275757788534 0 0 0 0 0 0
4.03971864479822 8.90513627387356 4.23896625910458 0.0446787367650337 -0.997458477795103 0.0555013112976405 0.10853513288934 0.060074499031481 0.992275757788534 0 0 0 0 0 0
3.73772222891464 8.80138745702296 4.67107671941992 0.618511035365837 -0.785519102605717 -0.0200957351741601 0.10853513288934 0.060074499031481 0.992275757788534 0 0 0 0 0 0
3.57671542300417 8.51857953601699 5.09860635626999 0.957360650678107 -0.275147887157386 -0.0880580758705224 0.10853513288934 0.060074499031481 0.992275757788534 0 0 0 0 0 0
3.63393900753918 8.17305164547596 5.50606315195462 0.93249294858126 0.339756610849389 -0.122565681291157 0.10853513288934 0.060074499031481 0.992275757788534 0 0 0 0 0 0
3.90372438904421 7.9049712850685 5.8855810967324 0.553355584867695 0.825581891966872 -0.110508535200368 0.10853513288934 0.060074499031481 0.992275757788534 0 0 0 0 0 0
4.2996471935312 7.82508234291186 6.2399086174341 -0.0360108171491185 0.997754809332989 -0.0564673489827792 0.10853513288934 0.060074499031481 0.992275757788534 0 0 0 0 0 0
4.68736133111596 7.97263164093708 6.58136440415843 -0.611696107662226 0.790863993062682 0.0190267271970963 0.10853513288934 0.060074499031481 0.992275757788534 0 0 0 0 0 0
4.93563932171207 8.30045841106551 6.92715733394601 -0.954987819860917 0.283510723287025 0.0872922316048803 0.10853513288934 0.060074499031481 0.992275757788534 0 0 0 0 0 0
4.96622780872215 8.69291145948789 7.29284853067458 -0.935463692749557 -0.331553010311889 0.122393957777687 0.10853513288934 0.060074499031481 0.992275757788534 0 0 0 0 0 0
4.78357731753556 9.00978698877734 7.68643943392971 -0.56054126864375 -0.820654212022595 0.110996173072902 0.10853513288934 0.060074499031481 0.992275757788534 0 0 0 0 0 0
4.47315142652417 9.13959436461433 8.1053319183293 0.0273401551700562 -0.99797515797918 0.0574290864606705 0.10853513288934 0.060074499031481 0.992275757788534 0 0 0 0 0 0
4.16895772474406 9.04191327178862 8.53731536479461 0.604834596931739 -0.79614865616462 -0.0179562702610916 0.10853513288934 0.060074499031481 0.992275757788534 0 0 0 0 0 0
4.00263608836569 8.76275006773934 8.96520567888891 0.95254226302386 -0.29185196897743 -0.0865197396978359 0.10853513288934 0.060074499031481 0.992275757788534 0 0 0 0 0 0
12.0459692815965 0.370752832550068 1.80805470922417 0.788927126298338 -0.157881474130018 -0.593858088702325 0.59488232881827 0.438400519315609 0.673735852930179 0 0 0 0 0 0
12.4219231122164 0.212335702202136 2.15769428389056 0.548775800176441 0.390934139948306 -0.738928697076778 0.59488232881827 0.438400519315609 0.673735852930179 0 0 0 0 0 0
12.9229704037538 0.143032021356181 2.33889503880788 0.100135372525419 0.791227338190003 -0.603267939202771 0.59488232881827 0.438400519315609 0.673735852930179 0 0 0 0 0 0
13.4468435566091 0.254088637146642 2.38258084800207 -0.386548157322158 0.890920042037675 -0.238415605123557 0.59488232881827 0.438400519315609 0.673735852930179 0 0 0 0 0 0
13.8826030448401 0.568230504552429 2.3719198125066 -0.7263755794625 0.652137326526469 0.217014803438445 0.59488232881827 0.438400519315609 0.673735852930179 0 0 0 0 0 0
14.1527851968772 1.03102709605945 2.41072730828329 -0.790240774612981 0.165596737513198 0.589997659880157 0.59488232881827 0.438400519315609 0.673735852930179 0 0 0 0 0 0
14.2428319394762 1.53157146909312 2.58402478919397 -0.55388028736681 -0.383856820711143 0.738830541098561 0.59488232881827 0.438400519315609 0.673735852930179 0 0 0 0 0 0
14.2066216531422 1.94461566776761 2.9257387151954 -0.10709141856542 -0.787476755003523 0.60696934716571 0.59488232881827 0.438400519315609 0.673735852930179 0 0 0 0 0 0
14.1459998745765 2.17815451536106 3.40581132298158 0.380383270622011 -0.891921104160828 0.24451035025829 0.59488232881827 0.438400519315609 0.673735852930179 0 0 0 0 0 0
14.1720864745179 2.20837991919671 3.94162007280266 0.723343995631001 -0.657509713721803 -0.210842216707307 0.59488232881827 0.438400519315609 0.673735852930179 0 0 0 0 0 0
14.3630593610234 2.0887259631009 4.42936733269115 0.791494243033095 -0.173299390063682 -0.58609230045192 0.59488232881827 0.438400519315609 0.673735852930179 0 0 0 0 0 0
14.7344533851327 1.9295684055872 4.78351483425021 0.558942594428862 0.376750269290921 -0.73867612031414 0.59488232881827 0.438400519315609 0.673735852930179 0 0 0 0 0 0
15.2332583912293 1.85629108381283 4.96928109094118 0.114039309179275 0.783666202413309 -0.610624532062885 0.59488232881827 0.438400519315609 0.673735852930179 0 0 0 0 0 0
15.7580586614415 1.96165049753667 5.01585546633508 -0.374189416263092 0.892854243038686 -0.250586474983191 0.59488232881827 0.438400519315609 0.673735852930179 0 0 0 0 0 0
16.1975624424426 2.27053606405487 5.00530864687186 -0.720257326353695 0.662832029006785 0.204653573525058 0.59488232881827 0.438400519315609 0.673735852930179 0 0 0 0 0 0
16.4728835432385 2.73051421244121 5.0414126159331 -0.792687436102208 0.180988845194657 0.582142307825855 0.59488232881827 0.438400519315609 0.673735852930179 0 0 0 0 0 0
16.5675115180329 3.2317487737845 5.21021594238038 -0.563962335848314 -0.369615026879045 0.738465446483257 0.59488232881827 0.438400519315609 0.673735852930179 0 0 0 0 0 0
16.5335842606256 3.64872957812075 5.54735249058937 -0.120978515258215 -0.779795970607694 0.614233215537814 0.59488232881827 0.438400519315609 0.673735852930179 0 0 0 0 0 0
16.4720799468587 3.88795586642066 6.02450351960708 0.367967065931392 -0.893719387609111 0.256643516577837 0.59488232881827 0.438400519315609 0.673735852930179 0 0 0 0 0 0
16.4944537373488 3.92345879219416 6.56015644630401 0.717115806692397 -0.668103867066499 -0.198449345180836 0.59488232881827 0.438400519315609 0.673735852930179 0 0 0 0 0 0
9.99109881484565 0.85964957801346 12.7080555919009 0.953056810429426 -0.260494649778403 0.154354311669341 0.186487914084393 0.90659946904196 0.378549416368972 0 0 0 0 0 0
10.088482898417 1.06651527139772 13.1942736780372 0.911893440878602 -0.0163394762298026 -0.410101663004577 0.186487914084393 0.90659946904196 0.378549416368972 0 0 0 0 0 0
10.3937331205293 1.26965638066127 13.5870090771876 0.524286507092702 0.234023337519975 -0.818753159368894 0.186487914084393 0.90659946904196 0.378549416368972 0 0 0 0 0 0
10.8184944684302 1.52614311707606 13.7931096678979 -0.0625056363406639 0.395476772684364 -0.916346641666138 0.186487914084393 0.90659946904196 0.378549416368972 0 0 0 0 0 0
11.2290076545604 1.87277879626794 13.7903290128074 -0.625550843489702 0.406681969886927 -0.665804714295574 0.186487914084393 0.90659946904196 0.378549416368972 0 0 0 0 0 0
11.4969265062342 2.31211764329181 13.6357781521437 -0.950938826544635 0.263381887369505 -0.162312444302925 0.186487914084393 0.90659946904196 0.378549416368972 0 0 0 0 0 0
11.5480788224758 2.81149439982889 13.444228164694 -0.915049250545931 0.0200186223300806 0.402845036999757 0.186487914084393 0.90659946904196 0.378549416368972 0 0 0 0 0 0
11.3906456332634 3.31543440195599 13.3445067161039 -0.531517165457209 -0.230950052026059 0.814954953536387 0.186487914084393 0.90659946904196 0.378549416368972 0 0 0 0 0 0
11.1120530894608 3.7667293324569 13.430554274815 0.0539471772818164 -0.394176940338542 0.917449857904327 0.186487914084393 0.90659946904196 0.378549416368972 0 0 0 0 0 0
10.8457578064171 4.12817161700484 13.725734557503 0.618916085422774 -0.407649418729415 0.67139022231078 0.186487914084393 0.90659946904196 0.378549416368972 0 0 0 0 0 0
10.7205444645197 4.39669020372671 14.1739582624921 0.948748424986493 -0.26624906741016 0.170258216215457 0.186487914084393 0.90659946904196 0.378549416368972 0 0 0 0 0 0
10.8115983559504 4.60451730715489 14.6609923332247 0.918135375670073 -0.0236962439347629 -0.395557732785693 0.186487914084393 0.90659946904196 0.378549416368972 0 0 0 0 0 0
11.1119412351542 4.80694285103254 15.0578590063225 0.538707346731714 0.227859178791521 -0.811094685728942 0.186487914084393 0.90659946904196 0.378549416368972 0 0 0 0 0 0
11.535082470996 5.06130890188531 15.2698366202873 -0.0453846099365538 0.392847089892595 -0.918483206783786 0.186487914084393 0.90659946904196 0.378549416368972 0 0 0 0 0 0
11.9478782835747 5.40522445924005 15.2724459583656 -0.612234194499711 0.408585823490388 -0.676924601361165 0.186487914084393 0.90659946904196 0.378549416368972 0 0 0 0 0 0
12.2211152922533 5.8422771679156 15.1207503122642 -0.94648577256256 0.269095971553506 -0.178191022305643 0.186487914084393 0.90659946904196 0.378549416368972 0 0 0 0 0 0
12.278600839295 6.34067031177389 14.9284360170214 -0.921151581230653 0.0273720609787259 0.388240305318812 0.186487914084393 0.90659946904196 0.378549416368972 0 0 0 0 0 0
12.126109854411 6.84530291779354 14.824621111592 -0.545856503356075 -0.224750953198326 0.807172649920897 0.186487914084393 0.90659946904196 0.378549416368972 0 0 0 0 0 0
11.8491908624117 7.29870353695983 14.9048012371098 0.036818586377531 -0.391487322619783 0.919446609610995 0.186487914084393 0.90659946904196 0.378549416368972 0 0 0 0 0 0
11.5806646683356 7.66286460861678 15.1945692462189 0.605505679572376 -0.409491112858997 0.682407429982335 0.186487914084393 0.90659946904196 0.378549416368972 0 0 0 0 0 0
10.8323914744192 9.43936647510131 1.70344931639845 -0.490006427090565 0.865382033416062 -0.104917289569551 0.605609460913288 0.424516749748682 0.673069617524912 0 0 0 0 0 0
11.2331808654547 9.79713912336816 1.69625916313697 -0.764581957850479 0.544862387025786 0.344295525579541 0.605609460913288 0.424516749748682 0.673069617524912 0 0 0 0 0 0
11.4596837751405 10.2791131699017 1.76755118576462 -0.748680019694355 0.0173404101910974 0.662704714246748 0.605609460913288 0.424516749748682 0.673069617524912 0 0 0 0 0 0
11.5155250507797 10.7650399634838 1.98990676885685 -0.448342024793934 -0.516769478391387 0.729341302139656 0.605609460913288 0.424516749748682 0.673069617524912 0 0 0 0 0 0
11.4691667477601 11.1331691382065 2.37851572472057 0.0223286012046188 -0.854550002208052 0.518888935413412 0.605609460913288 0.424516749748682 0.673069617524912 0 0 0 0 0 0
11.4278982500876 11.3065036130374 2.88540542973865 0.484516218291233 -0.867672692871751 0.11130198676325 0.605609460913288 0.424516749748682 0.673069617524912 0 0 0 0 0 0
11.49707523962 11.2820520702269 3.41766642614153 0.762628023369829 -0.551152020799657 -0.338570447528254 0.605609460913288 0.424516749748682 0.673069617524912 0 0 0 0 0 0
11.7400933110756 11.131965406933 3.87275027837721 0.751004691909629 -0.0252394812553888 -0.659814308207758 0.605609460913288 0.424516749748682 0.673069617524912 0 0 0 0 0 0
12.1543029256824 10.9761254030928 4.17742943829584 0.454062121864102 0.510261959199425 -0.730383681692187 0.605609460913288 0.424516749748682 0.673069617524912 0 0 0 0 0 0
12.6720160152552 10.9365996289075 4.31561761499119 -0.0153862397914365 0.851906350229365 -0.5234680831378 0.605609460913288 0.424516749748682 0.673069617524912 0 0 0 0 0 0
13.1862218109834 11.0912659340623 4.33448122566432 -0.478989111705997 0.869897275692546 -0.117678207879733 0.605609460913288 0.424516749748682 0.673069617524912 0 0 0 0 0 0
13.5912420236269 11.4442253505825 4.32652008514853 -0.760616011812565 0.557399682213273 0.332819586026559 0.605609460913288 0.424516749748682 0.673069617524912 0 0 0 0 0 0
13.8228797924448 11.9242440422019 4.39442517973967 -0.753272172209981 0.0331366302354639 0.656873654754623 0.605609460913288 0.424516749748682 0.673069617524912 0 0 0 0 0 0
13.8828091459057 12.4118162297261 4.61206464460068 -0.459747640345717 -0.503715581583711 0.731370439699561 0.605609460913288 0.424516749748682 0.673069617524912 0 0 0 0 0 0
13.8379390102839 12.7845664345788 4.99642002420381 0.00844270665652393 -0.849197822283819 0.528007366740968 0.605609460913288 0.424516749748682 0.673069617524912 0 0 0 0 0 0
13.79499338991 12.963741969122 5.50113469966932 0.473425528245424 -0.872055612467854 0.124045467345077 0.605609460913288 0.424516749748682 0.673069617524912 0 0 0 0 0 0
13.8599651335961 12.9441323993637 6.03412554331924 0.758546076401157 -0.563604895483028 -0.327043379024825 0.605609460913288 0.424516749748682 0.673069617524912 0 0 0 0 0 0
14.0978474792655 12.7960490759463 6.49256683843002 0.755482287918007 -0.041031255732853 -0.653882977829488 0.605609460913288 0.424516749748682 0.673069617524912 0 0 0 0 0 0
14.5079420362371 12.6386126764936 6.8019554881701 0.465398147264534 0.497130844076246 -0.732301501016336 0.605609460913288 0.424516749748682 0.673069617524912 0 0 0 0 0 0
15.0241241155214 12.5944972685902 6.94441598771162 -0.00149853057681215 0.846424624636303 -0.532506440538895 0.605609460913288 0.424516749748682 0.673069617524912 0 0 0 0 0 0
9.39264012391535 5.77723124202384 7.6450263199237 0.748951040855093 -0.618668556365906 0.237321629368668 0.358996637881084 0.679884215512248 0.639436367035355 0 0 0 0 0 0
9.4219771925944 5.83319609933693 8.17859203590029 0.933261850661205 -0.270287296894238 -0.236573657109218 0.358996637881084 0.679884215512248 0.639436367035355 0 0 0 0 0 0
9.66405132949679 5.82754895881837 8.65823077929502 0.763010880095071 0.180780625630169 -0.620590655950692 0.358996637881084 0.679884215512248 0.639436367035355 0 0 0 0 0 0
10.080053820525 5.86311076760048 8.99640586313889 0.302879319319198 0.563166965986797 -0.768834888874045 0.358996637881084 0.679884215512248 0.639436367035355 0 0 0 0 0 0
10.5650976619222 6.02704650399935 9.15932500987249 -0.272321158738211 0.731596760315485 -0.624985893280293 0.358996637881084 0.679884215512248 0.639436367035355 0 0 0 0 0 0
10.9880658866164 6.35774974493187 9.17977860256765 -0.744062275624 0.622080713754773 -0.243694307622454 0.358996637881084 0.679884215512248 0.639436367035355 0 0 0 0 0 0
11.2414250921701 6.83025630413858 9.14468207017241 -0.933121693942383 0.276225803403731 0.230180819852702 0.358996637881084 0.679884215512248 0.639436367035355 0 0 0 0 0 0
11.282079178229 7.36572854392263 9.16205526290524 -0.767672579769295 -0.17457190790954 0.616606405447736 0.358996637881084 0.679884215512248 0.639436367035355 0 0 0 0 0 0
11.1477422755746 7.86140711180578 9.31998390516143 -0.31057181774077 -0.559046832721324 0.768772908503838 0.358996637881084 0.679884215512248 0.639436367035355 0 0 0 0 0 0
10.942610517294 8.22965093657968 9.65315435610055 0.264520370331364 -0.731130519017675 0.628869730421733 0.358996637881084 0.679884215512248 0.639436367035355 0 0 0 0 0 0
10.7977761857536 8.43123353653844 10.1296756818767 0.739116847169864 -0.625445497288804 0.250048427611214 0.358996637881084 0.679884215512248 0.639436367035355 0 0 0 0 0 0
10.821423562782 8.49024581571055 10.6631955545946 0.932910476393839 -0.282143274248844 -0.223770453435573 0.358996637881084 0.679884215512248 0.639436367035355 0 0 0 0 0 0
11.0577279122583 8.48494352663999 11.145706945411 0.772275818204405 0.168349895862241 -0.612575197979717 0.358996637881084 0.679884215512248 0.639436367035355 0 0 0 0 0 0
11.4700725587941 8.51801660162836 11.4885818005731 0.318240664915992 0.554884125875101 -0.768652383100223 0.358996637881084 0.679884215512248 0.639436367035355 0 0 0 0 0 0
11.9549601749109 8.67757553056942 11.6562423208219 -0.256699437674183 0.730608599300156 -0.632705676698434 0.358996637881084 0.679884215512248 0.639436367035355 0 0 0 0 0 0
12.3813331461328 9.00367671270957 11.6796775621592 -0.734115132106209 0.628762650726706 -0.25638350544411 0.358996637881084 0.679884215512248 0.639436367035355 0 0 0 0 0 0
12.6403645498922 9.47310436086692 11.6446701753633 -0.932628214100609 0.28803925879126 0.217343046032053 0.358996637881084 0.679884215512248 0.639436367035355 0 0 0 0 0 0
12.6868033229021 10.0081905671289 11.6592061427492 -0.776820244845971 -0.162115063318579 0.60849734053869 0.358996637881084 0.679884215512248 0.639436367035355 0 0 0 0 0 0
12.5561658966567 10.5063226396065 11.8124490980573 -0.325885276832462 -0.550679162454372 0.768473321841677 0.358996637881084 0.679884215512248 0.639436367035355 0 0 0 0 0 0
12.3512429113034 10.8789273796754 12.1408655712592 0.248858956360971 -0.730031040909134 0.636493439988234 0.358996637881084 0.679884215512248 0.639436367035355 0 0 0 0 0 0
4.90452796150652 0.815260970548069 1.42085869842986 0.607712565575207 -0.638292498265992 0.472512565229073 0.621552922043335 0.752632304595695 0.217293762400961 0 0 0 0 0 0
5.04213507294665 1.09272822002503 1.85990460772313 0.782131115691997 -0.61182438755672 -0.118075554867366 0.621552922043335 0.752632304595695 0.217293762400961 0 0 0 0 0 0
5.35802899681855 1.23073008110736 2.27203519056913 0.659404978422485 -0.352913962856388 -0.663804797551691 0.621552922043335 0.752632304595695 0.217293762400961 0 0 0 0 0 0
5.82423430627007 1.28828519325211 2.53285144892658 0.286159865186952 0.040074376739889 -0.957343499421757 0.621552922043335 0.752632304595695 0.217293762400961 0 0 0 0 0 0
6.35566976599499 1.35497526083567 2.57544122646798 -0.195802165170912 0.417837790604833 -0.887171399931746 0.621552922043335 0.752632304595695 0.217293762400961 0 0 0 0 0 0
6.84247211600827 1.51691146593489 2.41580025548005 -0.603375679342721 0.636857641943684 -0.479948052892854 0.621552922043335 0.752632304595695 0.217293762400961 0 0 0 0 0 0
7.19173496093014 1.82401939055392 2.14675511073361 -0.781716685028836 0.613924627416172 0.109615583743561 0.621552922043335 0.752632304595695 0.217293762400961 0 0 0 0 0 0
7.36280546290294 2.27107145330963 1.90269684175057 -0.663070452466496 0.357751382660857 0.657534427440968 0.621552922043335 0.752632304595695 0.217293762400961 0 0 0 0 0 0
7.38272903437245 2.79967295499955 1.80852356619205 -0.292512669065356 -0.0343375936514677 0.955644948764178 0.621552922043335 0.752632304595695 0.217293762400961 0 0 0 0 0 0
7.3359743337246 3.32044720113619 1.93218958677373 0.189175567864737 -0.413381144041649 0.890689976520378 0.621552922043335 0.752632304595695 0.217293762400961 0 0 0 0 0 0
7.33234220972393 3.74699120248147 2.25888841552884 0.598992843716189 -0.635374286446247 0.487346990654212 0.621552922043335 0.752632304595695 0.217293762400961 0 0 0 0 0 0
7.46525052329569 4.02870161523925 2.69667800613797 0.781242723613571 -0.615978114538341 -0.101147264968659 0.621552922043335 0.752632304595695 0.217293762400961 0 0 0 0 0 0
7.77624314029701 4.16999979740624 3.11141107451489 0.666685431128369 -0.362561558312445 -0.651213983537848 0.621552922043335 0.752632304595695 0.217293762400961 0 0 0 0 0 0
8.23920672230133 4.22865206094789 3.37769989485388 0.298843196971502 0.0285981956223466 -0.953873622043821 0.621552922043335 0.752632304595695 0.217293762400961 0 0 0 0 0 0
8.77029162045842 4.29382328408149 3.4265531930343 -0.182534564106646 0.408893016903876 -0.894140723618852 0.621552922043335 0.752632304595695 0.217293762400961 0 0 0 0 0 0
9.25976775898394 4.45220168328418 3.27158708513163 -0.594564392465513 0.633842544736946 -0.49470881505539 0.621552922043335 0.752632304595695 0.217293762400961 0 0 0 0 0 0
9.61371292553895 4.75506451050353 3.00385208727105 -0.780709267540199 0.617984692542231 0.0926712434379229 0.621552922043335 0.752632304595695 0.217293762400961 0 0 0 0 0 0
9.78969538999312 5.1987969678328 2.75724150226805 -0.670249639113484 0.367344123497653 0.644843947168604 0.621552922043335 0.752632304595695 0.217293762400961 0 0 0 0 0 0
9.81289442812193 5.72626552967186 2.65762311531217 -0.30515096681118 -0.0228566197299064 0.952029654154073 0.621552922043335 0.752632304595695 0.217293762400961 0 0 0 0 0 0
9.76653429376455 6.24852392432431 2.77501991797638 0.175879659634787 -0.404373750979772 0.897523378439415 0.621552922043335 0.752632304595695 0.217293762400961 0 0 0 0 0 0
1.4228552969267 4.08736241687656 12.6908789634286 -0.445627382798318 0.893804757710824 -0.0502920549770779 0.846315859798799 0.438932583522797 0.301807310340592 0 0 0 0 0 0
1.80460059574395 4.39265679610195 12.4678297066204 -0.532098737731655 0.670113487274466 0.517512171332457 0.846315859798799 0.438932583522797 0.301807310340592 0 0 0 0 0 0
2.06505397055276 4.8507035658367 12.362747365551 -0.416416885984256 0.191834899322499 0.888704871410696 0.846315859798799 0.438932583522797 0.301807310340592 0 0 0 0 0 0
2.23058510309888 5.3524791069081 12.4602453278828 -0.142531297132379 -0.359324974190563 0.922263732486924 0.846315859798799 0.438932583522797 0.301807310340592 0 0 0 0 0 0
2.36362622197891 5.7723465088066 12.7679733370541 0.185504314496297 -0.773971282415434 0.605439182164045 0.846315859798799 0.438932583522797 0.301807310340592 0 0 0 0 0 0
2.53895305518529 6.01578713252545 13.2137112268498 0.443063735581086 -0.894572960340905 0.058598164133725 0.846315859798799 0.438932583522797 0.301807310340592 0 0 0 0 0 0
2.81527628085839 6.05530982178681 13.6728065700037 0.532295835887993 -0.675311414170564 -0.510505276160056 0.846315859798799 0.438932583522797 0.301807310340592 0 0 0 0 0 0
3.21293635907087 5.9408952529393 14.0155322193937 0.419299848629267 -0.199487771152083 -0.885659226847577 0.846315859798799 0.438932583522797 0.301807310340592 0 0 0 0 0 0
3.70617585097168 5.78100744038077 14.1563718201566 0.147004838556657 0.352124611384746 -0.924336429823077 0.846315859798799 0.438932583522797 0.301807310340592 0 0 0 0 0 0
4.23292510044699 5.70138644406701 14.086508902657 -0.181139767473459 0.76995896684696 -0.611842769027815 0.846315859798799 0.438932583522797 0.301807310340592 0 0 0 0 0 0
4.71838353422716 5.79727761847281 13.8771764067058 -0.440466347344999 0.895273037776577 -0.0668998108133013 0.846315859798799 0.438932583522797 0.301807310340592 0 0 0 0 0 0
5.10343765027074 6.09724631000959 13.6525940967747 -0.532452397655562 0.680457913487899 0.503459504034375 0.846315859798799 0.438932583522797 0.301807310340592 0 0 0 0 0 0
5.3671192255151 6.55232540433657 13.5427753966297 -0.422150879967419 0.207125451215546 0.882546135905365 0.846315859798799 0.438932583522797 0.301807310340592 0 0 0 0 0 0
5.53457149438789 7.05461875178534 13.6341331159336 -0.151467184993327 -0.344897432926466 0.926338735361386 0.846315859798799 0.438932583522797 0.301807310340592 0 0 0 0 0 0
5.66749681367553 7.47829271854632 13.9366497791105 0.176761425956016 -0.765888015922143 0.618199761695877 0.846315859798799 0.438932583522797 0.301807310340592 0 0 0 0 0 0
5.84071490557165 7.72738248797914 14.3800850974176 0.437835415891226 -0.895904936704231 0.0751963628132712 0.846315859798799 0.438932583522797 0.301807310340592 0 0 0 0 0 0
6.11373759429668 7.77225069890055 14.8406614289941 0.532568411111576 -0.685552593300622 -0.496375391518238 0.846315859798799 0.438932583522797 0.301807310340592 0 0 0 0 0 0
6.50815926909189 7.66084717460813 15.1880889744555 0.424969762881638 -0.21474735787398 -0.879365835657987 0.846315859798799 0.438932583522797 0.301807310340592 0 0 0 0 0 0
6.99945281470766 7.50049198333131 15.3350650500093 0.15591799661743 0.337643989193344 -0.92827049661853 0.846315859798799 0.438932583522797 0.301807310340592 0 0 0 0 0 0
7.52628787255834 7.41710275001509 15.270441836651 -0.172369623371628 0.761758739659658 -0.624509676058628 0.846315859798799 0.438932583522797 0.301807310340592 0 0 0 0 0 0
0.488531707604638 10.0381901727293 12.9079557310542 0.571456188143996 -0.302401430528122 -0.762883477240449 0.730134332159913 0.61173706851221 0.304436554982292 0 0 0 0 0 0
0.970043486968552 9.98498062293074 13.1403352746082 0.243235292422993 0.183668463156802 -0.952419281703977 0.730134332159913 0.61173706851221 0.304436554982292 0 0 0 0 0 0
1.5070007588937 9.97363830508788 13.1556108129299 -0.177394757566728 0.599959636915511 -0.780115077446943 0.730134332159913 0.61173706851221 0.304436554982292 0 0 0 0 0 0
2.00352089024977 10.0990568053577 12.9930590948012 -0.530629573274667 0.788316113819806 -0.311432112439265 0.730134332159913 0.61173706851221 0.304436554982292 0 0 0 0 0 0
2.3790839936816 10.4041719885771 12.7595164168428 -0.682269342442199 0.677178119141391 0.275569118951339 0.730134332159913 0.61173706851221 0.304436554982292 0 0 0 0 0 0
2.5991237790361 10.8636499453622 12.5887897282201 -0.57470358148084 0.308768835186776 0.757877034782356 0.730134332159913 0.61173706851221 0.304436554982292 0 0 0 0 0 0
2.68815986490896 11.3935117678436 12.5908211335227 -0.248798321383429 -0.176946891594924 0.952254794071252 0.730134332159913 0.61173706851221 0.304436554982292 0 0 0 0 0 0
2.72048236559402 11.8830385408183 12.8099190490966 0.171629580693654 -0.595437535865449 0.784855036241345 0.730134332159913 0.61173706851221 0.304436554982292 0 0 0 0 0 0
2.79192783459854 12.236835308757 13.2079246948772 0.526852535571652 -0.787711505075978 0.319275728066915 0.730134332159913 0.61173706851221 0.304436554982292 0 0 0 0 0 0
2.98346935566405 12.4110732143282 13.6787092529167 0.681915403681322 -0.680720703674095 -0.267601767205645 0.730134332159913 0.61173706851221 0.304436554982292 0 0 0 0 0 0
3.33045351445521 12.430140814078 14.0884939797015 0.577907208914899 -0.315112725903183 -0.752812877053824 0.730134332159913 0.61173706851221 0.304436554982292 0 0 0 0 0 0
3.8091716397024 12.3773784580432 14.3266749874747 0.25434240338843 0.170211844842173 -0.952017788549154 0.730134332159913 0.61173706851221 0.304436554982292 0 0 0 0 0 0
4.34586712380488 12.3634158973958 14.3478435103927 -0.165851333563518 0.590870089941702 -0.789535225286046 0.730134332159913 0.61173706851221 0.304436554982292 0 0 0 0 0 0
4.84475679120304 12.4841421923424 14.1890374538641 -0.523035376008261 0.787046909051289 -0.327095029611747 0.730134332159913 0.61173706851221 0.304436554982292 0 0 0 0 0 0
5.22442052818278 12.7842758549718 13.9556700750434 -0.681509534422312 0.684211448689697 0.259614036549316 0.730134332159913 0.61173706851221 0.304436554982292 0 0 0 0 0 0
5.44873414534723 13.2403755388587 13.7814817240229 -0.58106682647754 0.321432619565505 0.747691389710072 0.730134332159913 0.61173706851221 0.304436554982292 0 0 0 0 0 0
5.54059356113283 13.7697457984894 13.7777296488129 -0.259867116234686 -0.163463835798436 0.951708283186571 0.730134332159913 0.61173706851221 0.304436554982292 0 0 0 0 0 0
5.573216259596 14.2618544716065 13.9909195067009 0.160060456212213 -0.586257646972958 0.794155288166533 0.730134332159913 0.61173706851221 0.304436554982292 0 0 0 0 0 0
5.64232474408906 14.6203256956494 14.3851370875145 0.519178385275973 -0.7863223763573 0.334889421603673 0.730134332159913 0.61173706851221 0.304436554982292 0 0 0 0 0 0
5.82977995784174 14.7995547092601 14.85569272252 0.681051765573685 -0.687650088354449 -0.251606535278967 0.730134332159913 0.61173706851221 0.304436554982292 0 0 0 0 0 0
4.48947962773555 3.68043112505189 2.26824757580444 0.756130033191898 0.515508755033794 -0.403135332597785 0.169237457144599 0.441029667362124 0.881391805955606 0 0 0 0 0 0
4.86403066575222 3.65260826894646 2.65246432546163 0.241815760650239 0.848375152456556 -0.47094027073023 0.169237457144599 0.441029667362124 0.881391805955606 0 0 0 0 0 0
5.29370361401785 3.81817255553767 2.9293302255877 -0.364368362306362 0.858929645384927 -0.359827126310821 0.169237457144599 0.441029667362124 0.881391805955606 0 0 0 0 0 0
5.64031878263088 4.17952988182064 3.12417352094925 -0.832122852508627 0.543162405493708 -0.112009640617198 0.169237457144599 0.441029667362124 0.881391805955606 0 0 0 0 0 0
5.79725152083179 4.66470109552652 3.29348421520772 -0.983739958690685 0.0210386865642897 0.178362180248223 0.169237457144599 0.441029667362124 0.881391805955606 0 0 0 0 0 0
5.72994070449574 5.15466807849672 3.50345257406594 -0.761617807311137 -0.509077981138984 0.400971226780716 0.169237457144599 0.441029667362124 0.881391805955606 0 0 0 0 0 0
5.48901908501877 5.52859071964813 3.8048223366854 -0.250144317363402 -0.845787412477603 0.471244600377806 0.169237457144599 0.441029667362124 0.881391805955606 0 0 0 0 0 0
5.19107706052801 5.70971609351252 4.21361232078872 0.356363180940649 -0.861168065004542 0.362484271501808 0.169237457144599 0.441029667362124 0.881391805955606 0 0 0 0 0 0
4.97436803434566 5.69453817986244 4.70503060598646 0.827482348730692 -0.549376571674018 0.116010107468441 0.169237457144599 0.441029667362124 0.881391805955606 0 0 0 0 0 0
4.94628363559324 5.55412985941311 5.2228933988319 0.984227137470852 -0.0288677336780768 -0.17453823597775 0.169237457144599 0.441029667362124 0.881391805955606 0 0 0 0 0 0
5.14255384379605 5.40714113816354 5.70097019529435 0.767047581285625 0.502608438984935 -0.398776585452305 0.169237457144599 0.441029667362124 0.881391805955606 0 0 0 0 0 0
5.5136725722881 5.37472202639518 6.08814585655542 0.258453824618324 0.843135262512592 -0.471513042924566 0.169237457144599 0.441029667362124 0.881391805955606 0 0 0 0 0 0
5.94370585823416 5.53449562424585 6.36784010484567 -0.348330861138991 0.863340903341858 -0.365113812112105 0.169237457144599 0.441029667362124 0.881391805955606 0 0 0 0 0 0
6.29433711342335 5.89106780817836 6.56430664817663 -0.822778828968174 0.555548900701397 -0.120001739700849 0.169237457144599 0.441029667362124 0.881391805955606 0 0 0 0 0 0
6.45741590866046 6.37427738150612 6.73341879116693 -0.98463936354391 0.0366945824021783 0.170700999944855 0.169237457144599 0.441029667362124 0.881391805955606 0 0 0 0 0 0
6.39604612999602 6.86585148604706 6.94144223246577 -0.772418941617053 -0.496100621252329 0.396551575742985 0.169237457144599 0.441029667362124 0.881391805955606 0 0 0 0 0 0
6.15860342928578 7.2443394383637 7.23985961793274 -0.266743649613857 -0.840418904533009 0.47174557792757 0.169237457144599 0.441029667362124 0.881391805955606 0 0 0 0 0 0
5.86035650525295 7.43125387494822 7.64581142273179 0.340272014593639 -0.865447994926825 0.367715547892014 0.169237457144599 0.441029667362124 0.881391805955606 0 0 0 0 0 0
5.63967459765342 7.42088941385782 8.13558399824302 0.818012651412311 -0.561678922529093 0.123984233336173 0.169237457144599 0.441029667362124 0.881391805955606 0 0 0 0 0 0
5.60545869968213 7.28249022470365 8.65361878364439 0.984976605517248 -0.0445186366917612 -0.166850764369918 0.169237457144599 0.441029667362124 0.881391805955606 0 0 0 0 0 0
3.74692701692935 5.22545765127326 7.39755032202937 -0.614342722598602 0.764397035129483 -0.195653243968489 0.38545665980177 0.507104545184545 0.770887893060748 0 0 0 0 0 0
4.06936774396744 5.65031709834773 7.46244662313415 -0.901349453906528 0.385715482306505 0.196958697831459 0.38545665980177 0.507104545184545 0.770887893060748 0 0 0 0 0 0
4.18634583462653 6.16310040175053 7.57223966560693 -0.845918457916131 -0.139505831063678 0.514742737351415 0.38545665980177 0.507104545184545 0.770887893060748 0 0 0 0 0 0
4.11049678618678 6.6440833465728 7.79936833125536 -0.469108896760993 -0.611726546799657 0.63696740491194 0.38545665980177 0.507104545184545 0.770887893060748 0 0 0 0 0 0
3.92771434996983 6.98562320580409 8.17169373689568 0.0859229773561459 -0.851542119883994 0.517197505819324 0.38545665980177 0.507104545184545 0.770887893060748 0 0 0 0 0 0
3.76451805914478 7.13305401201401 8.66191433026115 0.608311275820112 -0.767842604599385 0.200935627184779 0.38545665980177 0.507104545184545 0.770887893060748 0 0 0 0 0 0
3.73998634278346 7.1054550723453 9.19793820616585 0.899591950177851 -0.392426846183723 -0.191665055681798 0.38545665980177 0.507104545184545 0.770887893060748 0 0 0 0 0 0
3.92051663977089 6.98840242074129 9.69027202659712 0.849102602287687 0.132078432124118 -0.511448979426016 0.38545665980177 0.507104545184545 0.770887893060748 0 0 0 0 0 0
4.29459990166685 6.90145705189581 10.0660210360755 0.476024979549973 0.606404905834382 -0.636924884915358 0.38545665980177 0.507104545184545 0.770887893060748 0 0 0 0 0 0
4.77719307262938 6.95274170041585 10.2965829979965 -0.0779024916320136 0.850348017268805 -0.520422377809157 0.38545665980177 0.507104545184545 0.770887893060748 0 0 0 0 0 0
5.24202836817318 7.19786320622854 10.4085146625208 -0.602233503782795 0.771229699882123 -0.206202708375104 0.38545665980177 0.507104545184545 0.770887893060748 0 0 0 0 0 0
5.56958451758039 7.61878654639615 10.4734424131829 -0.897765939039256 0.399108325237263 0.186356817496085 0.38545665980177 0.507104545184545 0.770887893060748 0 0 0 0 0 0
5.69249489293535 8.13068664185955 10.5808502062568 -0.852222084208644 -0.12464097490059 0.508116272680678 0.38545665980177 0.507104545184545 0.770887893060748 0 0 0 0 0 0
5.62114121737975 8.61417482317252 10.8040831196763 -0.482904811193755 -0.601037084787737 0.636833860622834 0.38545665980177 0.507104545184545 0.770887893060748 0 0 0 0 0 0
5.43970937491791 8.96065658209647 11.1724823316627 0.0698760733315319 -0.849089157359845 0.523607617620022 0.38545665980177 0.507104545184545 0.770887893060748 0 0 0 0 0 0
5.27420578557064 9.11358844088362 11.660237916561 0.596109869332524 -0.774558063037278 0.211454086430841 0.38545665980177 0.507104545184545 0.770887893060748 0 0 0 0 0 0
5.24458545969435 9.08995976482991 12.1961944671146 0.895871559548562 -0.405759410646625 -0.18103438751721 0.38545665980177 0.507104545184545 0.770887893060748 0 0 0 0 0 0
5.41917908400579 8.97383821835207 12.6908842233374 0.855276666118377 0.117194025784255 -0.504744870913923 0.38545665980177 0.507104545184545 0.770887893060748 0 0 0 0 0 0
5.78873305127024 8.88443105373927 13.0705173703535 0.489747867766522 0.595623492440075 -0.636694338966222 0.38545665980177 0.507104545184545 0.770887893060748 0 0 0 0 0 0
6.269925060402 8.9307962829695 13.3050160227686 -0.0618443336975297 0.84776563602417 -0.526752982683576 0.38545665980177 0.507104545184545 0.770887893060748 0 0 0 0 0 0
3.85916200115991 1.12275675415806 10.9529674121642 0.281934672410012 -0.56018614638734 0.778912268415873 0.595938368876376 0.738493599666185 0.315411895389258 0 0 0 0 0 0
3.85903022006695 1.47877150927291 11.3553833398964 0.669278707789874 -0.673815115076496 0.313112123677069 0.595938368876376 0.738493599666185 0.315411895389258 0 0 0 0 0 0
4.01146054147358 1.68119008770445 11.829173186073 0.802352572337092 -0.531450455960136 -0.271644551802193 0.595938368876376 0.738493599666185 0.315411895389258 0 0 0 0 0 0
4.34678715699051 1.76246451797776 12.2410416481189 0.630599280033811 -0.187178883246733 -0.753198920397092 0.595938368876376 0.738493599666185 0.315411895389258 0 0 0 0 0 0
4.82585889823298 1.80107151592539 12.4812183925609 0.21927077818796 0.228205076676144 -0.948600426318733 0.595938368876376 0.738493599666185 0.315411895389258 0 0 0 0 0 0
5.35491342026275 1.89169786828183 12.5051616399757 -0.275362358303409 0.556890112584338 -0.783612770528523 0.595938368876376 0.738493599666185 0.315411895389258 0 0 0 0 0 0
5.82119908405298 2.10926733932444 12.3504803316922 -0.665380731062192 0.674003284015579 -0.320917521907667 0.595938368876376 0.738493599666185 0.315411895389258 0 0 0 0 0 0
6.13581118926135 2.48047588016594 12.1226458641921 -0.802609839517874 0.535051339115328 0.26369965874075 0.595938368876376 0.738493599666185 0.315411895389258 0 0 0 0 0 0
6.26746835629746 2.9736493905942 11.9549217421993 -0.634914051019798 0.192824444903821 0.748132930210375 0.595938368876376 0.738493599666185 0.315411895389258 0 0 0 0 0 0
6.25439684542601 3.51077723930551 11.957734545188 -0.226003799342453 -0.222659679779445 0.948337993377515 0.595938368876376 0.738493599666185 0.315411895389258 0 0 0 0 0 0
6.18980776138323 3.99714980700511 12.1767210236066 0.268769074287112 -0.553551669443176 0.788253597494818 0.595938368876376 0.738493599666185 0.315411895389258 0 0 0 0 0 0
6.18648459628103 4.3573402542376 12.5753899343766 0.661432083015713 -0.674140124995073 0.32869848102649 0.595938368876376 0.738493599666185 0.315411895389258 0 0 0 0 0 0
6.33393489531425 4.56386043876562 13.0489856742391 0.802805984851945 -0.53861147603951 -0.25573468392934 0.595938368876376 0.738493599666185 0.315411895389258 0 0 0 0 0 0
6.66438484385479 4.64760412038299 13.4642866848532 0.639180470842631 -0.198455322232879 -0.743009966804508 0.595938368876376 0.738493599666185 0.315411895389258 0 0 0 0 0 0
7.14053600083576 4.68610990505298 13.7102185501553 0.232719609432617 0.217097326486069 -0.948003340826461 0.595938368876376 0.738493599666185 0.315411895389258 0 0 0 0 0 0
7.66973560010942 4.77410303212644 13.7400530240871 -0.262155322465226 0.550171071199223 -0.792834395897815 0.595938368876376 0.738493599666185 0.315411895389258 0 0 0 0 0 0
8.13917688537841 4.98750767219092 13.5891608725274 -0.657433064355275 0.67422562759401 -0.336454408483374 0.595938368876376 0.738493599666185 0.315411895389258 0 0 0 0 0 0
8.45875628294145 5.35460206528 13.3615739279674 -0.80294099340208 0.542130595614473 0.24775023393163 0.595938368876376 0.738493599666185 0.315411895389258 0 0 0 0 0 0
8.59530525579391 5.84527514469756 13.1904616570276 -0.643398214597921 0.204071086420799 0.737830420312989 0.595938368876376 0.738493599666185 0.315411895389258 0 0 0 0 0 0
8.58519158538422 6.38246623468584 13.187537853614 -0.239417697023513 -0.211518440390754 0.947596494150659 0.595938368876376 0.738493599666185 0.315411895389258 0 0 0 0 0 0
11.2095141285797 5.67009142263367 11.0588342051526 0.494258787769357 0.410508848143392 -0.766283717893543 0.636965791412442 0.428855458190618 0.640591583265372 0 0 0 0 0 0
11.7222493207804 5.6009136881256 11.2037554452991 0.0534761432369433 0.804391618694502 -0.591687777361119 0.636965791412442 0.428855458190618 0.640591583265372 0 0 0 0 0 0
12.2471744015146 5.71509704840915 11.2138014379787 -0.407622982184622 0.892672564592894 -0.192299757717113 0.636965791412442 0.428855458190618 0.640591583265372 0 0 0 0 0 0
12.679181810634 6.03276514787964 11.1800126948359 -0.71385932158142 0.641812278513066 0.28014615496412 0.636965791412442 0.428855458190618 0.640591583265372 0 0 0 0 0 0
12.9484649649372 6.49673437643184 11.210083276532 -0.748888569618052 0.147116777297062 0.64615985958055 0.636965791412442 0.428855458190618 0.640591583265372 0 0 0 0 0 0
13.0470389462322 6.99423887899794 11.3874460185509 -0.499402529307604 -0.403470847275444 0.766686630325587 0.636965791412442 0.428855458190618 0.640591583265372 0 0 0 0 0 0
13.0317741052578 7.39977218923237 11.7395750020764 -0.0601851185481711 -0.800773151295174 0.595936331893046 0.636965791412442 0.428855458190618 0.640591583265372 0 0 0 0 0 0
13.0027900646166 7.6227692344327 12.2275476912081 0.401897624989234 -0.893848346924741 0.1987798574502 0.636965791412442 0.428855458190618 0.640591583265372 0 0 0 0 0 0
13.0654186002374 7.64201352082656 12.7608322551001 0.711292741423267 -0.647335611210186 -0.273896408259963 0.636965791412442 0.428855458190618 0.640591583265372 0 0 0 0 0 0
13.2901863386465 7.51369763427662 13.2316821241112 0.750455853210148 -0.154889253922621 -0.642514849168424 0.636965791412442 0.428855458190618 0.640591583265372 0 0 0 0 0 0
13.686020512408 7.35007473742141 13.5560707130375 0.504508239409728 0.396402120540375 -0.767031156602384 0.636965791412442 0.428855458190618 0.640591583265372 0 0 0 0 0 0
14.1968573552174 7.2768117164162 13.7056145256817 0.0668895105296053 0.797093701920056 -0.600139503566038 0.636965791412442 0.428855458190618 0.640591583265372 0 0 0 0 0 0
14.7229416640566 7.38524622984425 13.7183565196045 -0.396141661733693 0.894956059244294 -0.205244819327534 0.636965791412442 0.428855458190618 0.640591583265372 0 0 0 0 0 0
15.158725468639 7.69768600513687 13.6843129505036 -0.708671993568973 0.65280964679425 0.267625803283884 0.636965791412442 0.428855458190618 0.640591583265372 0 0 0 0 0 0
15.432967469989 8.15893375995693 13.7112746916821 -0.751965986683515 0.162649935131815 0.638820908762937 0.636965791412442 0.428855458190618 0.640591583265372 0 0 0 0 0 0
15.5357988010138 8.65725757260807 13.8838556791137 -0.509575529256138 -0.389303206249094 0.767317270486923 0.636965791412442 0.428855458190618 0.640591583265372 0 0 0 0 0 0
15.5224723741109 9.06683970714528 14.2313466624964 -0.0735888086158392 -0.793353550773463 0.604296972292299 0.636965791412442 0.428855458190618 0.640591583265372 0 0 0 0 0 0
15.4923713759685 9.29557687482078 14.7165871597274 0.390355530756886 -0.895995617194973 0.211694151017239 0.636965791412442 0.428855458190618 0.640591583265372 0 0 0 0 0 0
15.5512519333447 9.32007181336414 15.2500833453438 0.705997277598634 -0.658233968396255 -0.261334817566729 0.636965791412442 0.428855458190618 0.640591583265372 0 0 0 0 0 0
15.7710645923638 9.19452229810022 15.7240082510729 0.753418855035641 -0.170398229918724 -0.635078319671952 0.636965791412442 0.428855458190618 0.640591583265372 0 0 0 0 0 0
