t = 0
b = 13 13 13
E = -0.991307002545802 -0.991307002545802 0
1.99012393645879 9.53170330545279 8.00806055846411 0.761293890292398 -0.539282923005085 0.360007696526835 0.308257425509391 0.78947679746634 0.530757709205071 0 0 0 0 0 0
1.99634335183391 9.67483219205248 8.52590275721917 0.951173688469974 -0.264983182938548 -0.158279901194624 0.308257425509391 0.78947679746634 0.530757709205071 0 0 0 0 0 0
2.21938283942447 9.75755815376363 9.00766504751664 0.779686699621795 0.109988098608904 -0.616434318153419 0.308257425509391 0.78947679746634 0.530757709205071 0 0 0 0 0 0
2.62015193472671 9.86535590601345 9.34891111559491 0.31198369792084 0.44317306259189 -0.840395031413539 0.308257425509391 0.78947679746634 0.530757709205071 0 0 0 0 0 0
3.09203772378658 10.0741749718256 9.49858910981939 -0.274247126709509 0.60798917063774 -0.745075621584019 0.308257425509391 0.78947679746634 0.530757709205071 0 0 0 0 0 0
3.50140887168381 10.4215851882149 9.47842709265996 -0.756286882735473 0.541820027721457 -0.366689526114641 0.308257425509391 0.78947679746634 0.530757709205071 0 0 0 0 0 0
3.7383844008649 10.8925032969718 9.37467818648479 -0.951000607567851 0.269804397526012 0.151008051047629 0.308257425509391 0.78947679746634 0.530757709205071 0 0 0 0 0 0
3.75857931162762 11.4249233266342 9.3053515702974 -0.784413301702949 -0.104714434178536 0.611335144896928 0.308257425509391 0.78947679746634 0.530757709205071 0 0 0 0 0 0
3.59996718558555 11.9334736977307 9.37537881962496 -0.319814267830068 -0.439450501606682 0.839405796221323 0.308257425509391 0.78947679746634 0.530757709205071 0 0 0 0 0 0
3.36845338712865 12.3418513131586 9.6367486466131 0.26628755340087 -0.607231976253873 0.748572151444732 0.308257425509391 0.78947679746634 0.530757709205071 0 0 0 0 0 0
3.19763984484822 12.6118103804929 10.0687555190769 0.751222281004344 -0.544315870744977 0.373343430875336 0.308257425509391 0.78947679746634 0.530757709205071 0 0 0 0 0 0
3.19806744515998 12.7576926279639 10.5858660383561 0.950755104287514 -0.274605065464014 -0.143724701052894 0.308257425509391 0.78947679746634 0.530757709205071 0 0 0 0 0 0
3.41521970140963 12.840978642122 11.0702145075079 0.789080167674199 0.0994327953385873 -0.606189416102272 0.308257425509391 0.78947679746634 0.530757709205071 0 0 0 0 0 0
3.81224280670905 12.9469303651061 11.4163820801854 0.327620482644589 0.435694474764375 -0.838352637027833 0.308257425509391 0.78947679746634 0.530757709205071 0 0 0 0 0 0
4.28394701133591 13.152198657322 11.5714471428736 -0.258307701264065 0.60642853880402 -0.752011674637898 0.308257425509391 0.78947679746634 0.530757709205071 0 0 0 0 0 0
4.69676996733195 13.4957023540395 11.5550911206661 -0.746100470788041 0.546770262007536 -0.379968904088313 0.308257425509391 0.78947679746634 0.530757709205071 0 0 0 0 0 0
4.93951929753578 13.9638423491857 11.4521211748159 -0.950437197324986 0.279384821163104 0.136430405865721 0.308257425509391 0.78947679746634 0.530757709205071 0 0 0 0 0 0
4.96561643870383 14.495668123107 11.3802505442755 -0.793686942135632 -0.0941435843063034 0.600997523636622 0.308257425509391 0.78947679746634 0.530757709205071 0 0 0 0 0 0
4.81079261643866 15.0060338640234 11.4453773181585 -0.335401747890923 -0.431905268100954 0.83723563403522 0.308257425509391 0.78947679746634 0.530757709205071 0 0 0 0 0 0
4.57951395518833 15.4179467854863 11.7013519811636 0.25030817799573 -0.605578919473053 0.755393929230509 0.308257425509391 0.78947679746634 0.530757709205071 0 0 0 0 0 0
3.03919055550216 6.7477057934156 6.70151979355339 0.267123665228529 0.897498592175741 -0.350914839408992 0.474798055524863 0.194304213771053 0.858377934816956 0 0 0 0 0 0
3.54972572566737 6.78644151255974 6.86442616606572 -0.275337208827334 0.959160002140924 -0.0648190691710133 0.474798055524863 0.194304213771053 0.858377934816956 0 0 0 0 0 0
3.9974977704169 7.04381778437193 7.01255702972098 -0.71319287385705 0.656420490992712 0.245902549162078 0.474798055524863 0.194304213771053 0.858377934816956 0 0 0 0 0 0
4.28269747713006 7.4508251277602 7.21674138719508 -0.880094642159499 0.10429586055102 0.463201677797118 0.474798055524863 0.194304213771053 0.858377934816956 0 0 0 0 0 0
4.36727958247074 7.88160671584275 7.52651258169769 -0.712633741507823 -0.487452511047804 0.504522744717968 0.474798055524863 0.194304213771053 0.858377934816956 0 0 0 0 0 0
4.28941680401167 8.20127348869424 7.95128975173358 -0.274431367856545 -0.894009523928192 0.354167185749998 0.474798055524863 0.194304213771053 0.858377934816956 0 0 0 0 0 0
4.1489973866147 8.31715076243624 8.45679934290508 0.268032070691224 -0.960917371626111 0.0692575915560309 0.474798055524863 0.194304213771053 0.858377934816956 0 0 0 0 0 0
4.06967588816543 8.21398689108077 8.97809620425097 0.70866564432615 -0.662756644161563 -0.241964119595254 0.474798055524863 0.194304213771053 0.858377934816956 0 0 0 0 0 0
4.15189474563851 7.959747621835 9.44423733692171 0.880065291423839 -0.112803586879855 -0.461259616287955 0.474798055524863 0.194304213771053 0.858377934816956 0 0 0 0 0 0
4.43472451398294 7.6797947714106 9.80523432554605 0.717113420402599 0.480005439032907 -0.505314872903333 0.474798055524863 0.194304213771053 0.858377934816956 0 0 0 0 0 0
4.88102030907216 7.50925917591714 10.0510447729923 0.281718171473394 0.890452373394096 -0.357392560888595 0.474798055524863 0.194304213771053 0.858377934816956 0 0 0 0 0 0
5.39153377021301 7.54170222695699 10.2153875749387 -0.260706520875202 0.962601563533106 -0.0736908397073098 0.474798055524863 0.194304213771053 0.858377934816956 0 0 0 0 0 0
5.84261917171721 7.79357033469252 10.3629325476551 -0.704084447162724 0.669042325845994 0.23800726352392 0.474798055524863 0.194304213771053 0.858377934816956 0 0 0 0 0 0
6.13320850133662 8.19794666165608 10.5647312835806 -0.879968920308927 0.121302722778813 0.459282428073172 0.474798055524863 0.194304213771053 0.858377934816956 0 0 0 0 0 0
6.22320888788335 8.62997394809387 10.8712234634368 -0.721538488333994 -0.47252181274541 0.506068519404721 0.474798055524863 0.194304213771053 0.858377934816956 0 0 0 0 0 0
6.14873455331111 8.95428987244842 11.2930739782148 -0.28898352116077 -0.88682741146424 0.360590719199979 0.474798055524863 0.194304213771053 0.858377934816956 0 0 0 0 0 0
6.00838641599739 9.07645346045564 11.7971211587804 0.253361117248249 -0.964212449604174 0.0781184760158394 0.474798055524863 0.194304213771053 0.858377934816956 0 0 0 0 0 0
5.92579195333243 8.97882479023659 12.3189754484118 0.699449631242672 -0.675277057367009 -0.234032282277987 0.474798055524863 0.194304213771053 0.858377934816956 0 0 0 0 0 0
6.00263705611744 8.72726669354312 12.7874820719341 0.879805536153794 -0.129792621005789 -0.457270263723307 0.474798055524863 0.194304213771053 0.858377934816956 0 0 0 0 0 0
6.28003385855184 8.44612236480744 13.1517539244526 0.725908608315952 0.465002202092431 -0.506783626829032 0.474798055524863 0.194304213771053 0.858377934816956 0 0 0 0 0 0
11.894803986689 5.89723637313309 9.65971394882841 0.647949857326768 -0.261106217186656 0.715530939748028 0.0136668745998853 0.943242026905316 0.331824795966521 0 0 0 0 0 0
11.7060461521545 6.16291391490311 10.0868802230347 0.971424314992167 -0.0911676109941501 0.219142115869173 0.0136668745998853 0.943242026905316 0.331824795966521 0 0 0 0 0 0
11.7387245207884 6.40780979687841 10.5639999494486 0.925838434043609 0.113407094856205 -0.360502461689172 0.0136668745998853 0.943242026905316 0.331824795966521 0 0 0 0 0 0
11.9824477895941 6.67855682969455 10.9589431283773 0.528511052808737 0.274896549305174 -0.803186126772063 0.0136668745998853 0.943242026905316 0.331824795966521 0 0 0 0 0 0
12.3466451695171 7.01196653957443 11.170800004436 -0.0696065136217609 0.331948208647899 -0.940725953738322 0.0136668745998853 0.943242026905316 0.331824795966521 0 0 0 0 0 0
12.6949757424699 7.42104385406037 11.1682183697401 -0.641279401768505 0.262887193647201 -0.720868262780189 0.0136668745998853 0.943242026905316 0.331824795966521 0 0 0 0 0 0
12.8971266556117 7.89004631260994 11.0013147918612 -0.969319523563556 0.0939509385404416 -0.227140666517229 0.0136668745998853 0.943242026905316 0.331824795966521 0 0 0 0 0 0
12.8783211528575 8.38046489055598 10.7826344919028 -0.929098952198615 -0.110678848893758 0.352881466545053 0.0136668745998853 0.943242026905316 0.331824795966521 0 0 0 0 0 0
12.6477275147155 8.84565422141417 10.6443935333468 -0.535898155187318 -0.273259891181546 0.798838030603376 0.0136668745998853 0.943242026905316 0.331824795966521 0 0 0 0 0 0
12.2949758752365 9.2485539514794 10.6882477290022 0.0608993107189945 -0.33202493214772 0.941302670975842 0.0136668745998853 0.943242026905316 0.331824795966521 0 0 0 0 0 0
11.956106235552 9.57576858781437 10.9466718981248 0.634560110300983 -0.264648150230141 0.726150688903185 0.0136668745998853 0.943242026905316 0.331824795966521 0 0 0 0 0 0
11.7618845929772 9.84265666997721 11.3706221396311 0.967140914700352 -0.0967271113590174 0.235121919524119 0.0136668745998853 0.943242026905316 0.331824795966521 0 0 0 0 0 0
11.7881227523394 10.0874958040622 11.8481684300912 0.932288715871259 0.107942174308458 -0.34523359811102 0.0136668745998853 0.943242026905316 0.331824795966521 0 0 0 0 0 0
12.026876153819 10.3569403601773 12.247018710999 0.543244446846567 0.271602423259235 -0.79442909982583 0.0136668745998853 0.943242026905316 0.331824795966521 0 0 0 0 0 0
12.3894621440504 10.6882966972203 12.4647788536048 -0.0521874700979355 0.332076370663471 -0.941807704370565 0.0136668745998853 0.943242026905316 0.331824795966521 0 0 0 0 0 0
12.740151998831 11.0953498534048 12.4678539003653 -0.627792494624262 0.266388952831814 -0.731377815839814 0.0136668745998853 0.943242026905316 0.331824795966521 0 0 0 0 0 0
12.9477365347084 11.5631263797693 12.3042113509922 -0.964888654312056 0.099495918033569 -0.243085267086526 0.0136668745998853 0.943242026905316 0.331824795966521 0 0 0 0 0 0
12.9353746714751 12.0535830037801 12.0851575073382 -0.935407482148686 -0.105197279508668 0.337559438801865 0.0136668745998853 0.943242026905316 0.331824795966521 0 0 0 0 0 0
12.7097866432535 12.5200599046169 11.9430503483803 -0.550549368337932 -0.269924271760842 0.789959670196576 0.0136668745998853 0.943242026905316 0.331824795966521 0 0 0 0 0 0
12.3587008691961 12.9250075592127 11.9810145210998 0.0434716551989766 -0.332102520277911 0.942241015462244 0.0136668745998853 0.943242026905316 0.331824795966521 0 0 0 0 0 0
12.5253622458667 12.9927276691018 -0.190892231167415 0.247353717164007 -0.773905496476061 0.582997788271353 0.499916297232804 0.617358671008542 0.607414164381774 0 0 0 0 0 0
12.4563897944579 13.1948241099381 0.302144209338066 0.687055808404716 -0.709693767450348 0.155849519022274 0.499916297232804 0.617358671008542 0.607414164381774 0 0 0 0 0 0
12.5440317361932 13.2351458341536 0.830706552608486 0.86573391107193 -0.375857510723213 -0.330508588168371 0.499916297232804 0.617358671008542 0.607414164381774 0 0 0 0 0 0
12.8290177501977 13.1897908269733 1.28392945280646 0.715505226623806 0.100773298330138 -0.691300956904937 0.499916297232804 0.617358671008542 0.607414164381774 0 0 0 0 0 0
13.2771032031245 13.1674070963182 1.57957027812613 0.293444143971848 0.539118646508171 -0.789456534177676 0.499916297232804 0.617358671008542 0.607414164381774 0 0 0 0 0 0
13.7920792579029 13.2679154780981 1.69525446163972 -0.24010127509947 0.772643807294653 -0.587684375106937 0.499916297232804 0.617358671008542 0.607414164381774 0 0 0 0 0 0
14.2523242194676 13.544548040062 1.67697597335617 -0.682428205481252 0.712628667774322 -0.162641096374296 0.499916297232804 0.617358671008542 0.607414164381774 0 0 0 0 0 0
14.5570096501203 13.983624329268 1.62162344203659 -0.865489251009558 0.381873982850575 0.324192254085062 0.499916297232804 0.617358671008542 0.607414164381774 0 0 0 0 0 0
14.6644067787726 14.5097488048805 1.64017054523642 -0.719736459870719 -0.0939610127506232 0.687859547012064 0.499916297232804 0.617358671008542 0.607414164381774 0 0 0 0 0 0
14.6077399587508 15.01445486468 1.81551525382119 -0.300543754275097 -0.534098648663501 0.790197497630847 0.499916297232804 0.617358671008542 0.607414164381774 0 0 0 0 0 0
14.4825641804855 15.3974131207112 2.1709855068545 0.232830548393244 -0.771323278295908 0.592326207502044 0.499916297232804 0.617358671008542 0.607414164381774 0 0 0 0 0 0
14.4104621330524 15.6045482111851 2.66147653752548 0.677748633007813 -0.715509298666191 0.169420287977139 0.499916297232804 0.617358671008542 0.607414164381774 0 0 0 0 0 0
14.4928529078388 15.6485829345145 3.19058692817166 0.865178680589844 -0.387861373795657 -0.317851231506442 0.499916297232804 0.617358671008542 0.607414164381774 0 0 0 0 0 0
14.7724611900885 15.6042046454831 3.64724312059474 0.723912882399641 0.0871415716762024 -0.684365753951529 0.499916297232804 0.617358671008542 0.607414164381774 0 0 0 0 0 0
15.2170854366592 15.5796902804573 3.94789811787098 0.307620477007855 0.529037977138889 -0.790878284485199 0.499916297232804 0.617358671008542 0.607414164381774 0 0 0 0 0 0
15.7318317806432 15.6757701389664 4.06827238531379 -0.225542090739318 0.76994401004322 -0.596922931963166 0.499916297232804 0.617358671008542 0.607414164381774 0 0 0 0 0 0
16.1951657979464 15.9473587587912 4.05257805163339 -0.673017447351959 0.71833544075476 -0.176186577569116 0.499916297232804 0.617358671008542 0.607414164381774 0 0 0 0 0 0
16.5050854669492 16.3826919649385 3.9967219820524 -0.864802223463928 0.393819227595459 0.311486003325932 0.499916297232804 0.617358671008542 0.607414164381774 0 0 0 0 0 0
16.6178734419024 16.9077962764078 4.01186915673047 -0.728034176159825 -0.080315494433716 0.680819843789201 0.499916297232804 0.617358671008542 0.607414164381774 0 0 0 0 0 0
16.5647060034923 17.4145926683938 4.18220923622232 -0.314673773250289 -0.523937017324064 0.791498842896178 0.499916297232804 0.617358671008542 0.607414164381774 0 0 0 0 0 0
9.51337450809771 11.4257707436213 2.78764946284859 0.968754314920029 -0.161485536876655 -0.188248502526539 0.212228375632188 0.932503223388639 0.292227402798437 0 0 0 0 0 0
9.75166421527902 11.6571646141435 3.20997634365841 0.709469365661299 0.058616543529957 -0.702294325772859 0.212228375632188 0.932503223388639 0.292227402798437 0 0 0 0 0 0
10.1516774866863 11.9019201276078 3.47221521081059 0.180645142692605 0.256449219033193 -0.949526792923103 0.212228375632188 0.932503223388639 0.292227402798437 0 0 0 0 0 0
10.5928688240544 12.2051332486198 3.51800941563905 -0.416809190210734 0.356852548623424 -0.836018156200473 0.212228375632188 0.932503223388639 0.292227402798437 0 0 0 0 0 0
10.939048493399 12.5896909193189 3.37323325545626 -0.855910743074978 0.321681628735171 -0.404892244459099 0.212228375632188 0.932503223388639 0.292227402798437 0 0 0 0 0 0
11.0901232819284 13.04757592741 3.13616189540907 -0.969837494580537 0.164298479860402 0.180059000389616 0.212228375632188 0.932503223388639 0.292227402798437 0 0 0 0 0 0
11.0201235830522 13.5429127791549 2.94013499016625 -0.71530676707674 -0.0555044084374289 0.696602820564368 0.212228375632188 0.932503223388639 0.292227402798437 0 0 0 0 0 0
10.7870696841137 14.02559739925 2.90289871978972 -0.189019039469106 -0.254220243985659 0.948495582628643 0.212228375632188 0.932503223388639 0.292227402798437 0 0 0 0 0 0
10.5109288891807 14.4503325067295 3.08187204731784 0.409080181462654 -0.356353558507919 0.840039014851826 0.212228375632188 0.932503223388639 0.292227402798437 0 0 0 0 0 0
10.3280379344839 14.7938368093345 3.45233229471331 0.85176300200085 -0.323102198239244 0.412437580629444 0.212228375632188 0.932503223388639 0.292227402798437 0 0 0 0 0 0
10.3393063828939 15.0636899556844 3.91680770159062 0.970846817360955 -0.167098910878801 -0.171855786062686 0.212228375632188 0.932503223388639 0.292227402798437 0 0 0 0 0 0
10.571879393869 15.2954529000417 4.34210857662749 0.721089695112446 0.0523880464693043 -0.690858266354083 0.212228375632188 0.932503223388639 0.292227402798437 0 0 0 0 0 0
10.9688248235342 15.5391577012401 4.60992828811106 0.197378541713935 0.251971909082293 -0.947392140723315 0.212228375632188 0.932503223388639 0.292227402798437 0 0 0 0 0 0
11.4107626979936 15.8402995070421 4.66178993130702 -0.401320019674937 0.355827430689254 -0.843995901279854 0.212228375632188 0.932503223388639 0.292227402798437 0 0 0 0 0 0
11.7612196613405 16.2225521868658 4.52126268224987 -0.847550395876385 0.32449816225998 -0.419951508081207 0.212228375632188 0.932503223388639 0.292227402798437 0 0 0 0 0 0
11.9184774852792 16.6787742329871 4.28500747371181 -0.971782206397444 0.169886616668186 0.163639484252281 0.212228375632188 0.932503223388639 0.292227402798437 0 0 0 0 0 0
11.8542175246925 17.1737219387233 4.08605389075799 -0.726817709376057 -0.0492676949486124 0.685061100612049 0.212228375632188 0.932503223388639 0.292227402798437 0 0 0 0 0 0
11.6242794443841 17.6574390718458 4.04326000724416 -0.20572301281863 -0.2497043855425 0.946216551238493 0.212228375632188 0.932503223388639 0.292227402798437 0 0 0 0 0 0
11.3474467968306 18.084236082427 4.21615621635788 0.393529295813948 -0.355274205234101 0.847888514152336 0.212228375632188 0.932503223388639 0.292227402798437 0 0 0 0 0 0
11.1603191646404 18.4300483267463 4.58232863895149 0.843273245507849 -0.325869414489314 0.427433454599721 0.212228375632188 0.932503223388639 0.292227402798437 0 0 0 0 0 0
2.03642136739708 10.1578467555354 3.63048189242101 0.893486374555719 -0.448959926825271 0.0108204707995537 0.443205649542087 0.885410303577335 0.140061938202597 0 0 0 0 0 0
2.28550749691472 10.409435436082 4.03464069539467 0.766251324318665 -0.293107647929447 -0.571792632608326 0.443205649542087 0.885410303577335 0.140061938202597 0 0 0 0 0 0
2.70926063992093 10.5942102190605 4.30845934977377 0.347904584933991 -0.025898873086685 -0.937172155025291 0.443205649542087 0.885410303577335 0.140061938202597 0 0 0 0 0 0
3.21231864400968 10.7730813531039 4.3686495819267 -0.202616922921578 0.251149316647776 -0.946504307065291 0.443205649542087 0.885410303577335 0.140061938202597 0 0 0 0 0 0
3.66919011414311 11.0092019817796 4.2130841275023 -0.676160874184939 0.432781681995095 -0.596243648143069 0.443205649542087 0.885410303577335 0.140061938202597 0 0 0 0 0 0
3.97193069173064 11.3439752084836 3.92160491472285 -0.892820004538485 0.449993050628619 -0.0194600586291038 0.443205649542087 0.885410303577335 0.140061938202597 0 0 0 0 0 0
4.07115292119101 11.7813243652374 3.62568978096659 -0.770281888013416 0.296244535845735 0.564716732512888 0.443205649542087 0.885410303577335 0.140061938202597 0 0 0 0 0 0
3.99478937004177 12.2862024732586 3.45850184415547 -0.35510080380566 0.0299477689505457 0.934348195412962 0.443205649542087 0.885410303577335 0.140061938202597 0 0 0 0 0 0
3.83748057949176 12.7979071761544 3.50429860788805 0.194989012736701 -0.247726656068951 0.949005157406883 0.443205649542087 0.885410303577335 0.140061938202597 0 0 0 0 0 0
3.72461954053042 13.2531425800046 3.76642112711201 0.670999243297947 -0.431285582679035 0.603119193581822 0.443205649542087 0.885410303577335 0.140061938202597 0 0 0 0 0 0
3.76471280019187 13.6100664217126 4.16602468549013 0.892085642821213 -0.450991905718942 0.0280981644998468 0.443205649542087 0.885410303577335 0.140061938202597 0 0 0 0 0 0
4.00815701020393 13.8641866443216 4.57203322135009 0.774253791760128 -0.29935886359366 -0.557597827051879 0.443205649542087 0.885410303577335 0.140061938202597 0 0 0 0 0 0
4.42809239640964 14.050068004555 4.85093731498874 0.362269980376291 -0.0339943841758533 -0.931453081568077 0.443205649542087 0.885410303577335 0.140061938202597 0 0 0 0 0 0
4.93060723604096 14.2282003438459 4.91751664937573 -0.187346253383574 0.244285130146154 -0.951433737331515 0.443205649542087 0.885410303577335 0.140061938202597 0 0 0 0 0 0
5.39041649131865 14.46201748624 4.7672166334011 -0.665786513220699 0.429756639296065 -0.609948809158913 0.443205649542087 0.885410303577335 0.140061938202597 0 0 0 0 0 0
5.69845968995867 14.793797668084 4.47787876718663 -0.891283345328389 0.451956416029559 -0.0367341305865766 0.443205649542087 0.885410303577335 0.140061938202597 0 0 0 0 0 0
5.80333482198681 15.2286013291828 4.18016735474911 -0.778166733082952 0.302450394005108 0.550436458357512 0.443205649542087 0.885410303577335 0.140061938202597 0 0 0 0 0 0
5.73082682272365 15.7323485671116 4.00792795031369 -0.369411568685331 0.0380384105971913 0.928487033964763 0.443205649542087 0.885410303577335 0.140061938202597 0 0 0 0 0 0
5.57411144475511 16.244766661933 4.04733719448542 0.179689226887911 -0.240825000964909 0.953789861893424 0.443205649542087 0.885410303577335 0.140061938202597 0 0 0 0 0 0
5.45835623170961 16.7022886902068 4.3041628676868 0.660523080922772 -0.428194968281142 0.616731974772674 0.443205649542087 0.885410303577335 0.140061938202597 0 0 0 0 0 0
9.80796950678403 11.3009397351281 7.84297966710502 -0.450590583219058 0.861269631769197 0.234910084301338 0.780658530289136 0.252491837916525 0.571681844098919 0 0 0 0 0 0
10.2132455484366 11.6526616377816 7.81599568343768 -0.618931156561161 0.439086360085745 0.651250636717166 0.780658530289136 0.252491837916525 0.571681844098919 0 0 0 0 0 0
10.4774362134764 12.1044732900326 7.93746430290165 -0.552129435548576 -0.149913160926736 0.820170183914147 0.780658530289136 0.252491837916525 0.571681844098919 0 0 0 0 0 0
10.6157689563101 12.5221122325332 8.24589074159554 -0.275564510859198 -0.68195816568876 0.677493365727925 0.780658530289136 0.252491837916525 0.571681844098919 0 0 0 0 0 0
10.6912867602228 12.7842987897073 8.70875181432447 0.105691978698519 -0.954915861573123 0.277425490816637 0.780658530289136 0.252491837916525 0.571681844098919 0 0 0 0 0 0
10.7908970540054 12.8288122461893 9.23485203641426 0.446794318473019 -0.865085056304046 -0.228040966362747 0.780658530289136 0.252491837916525 0.571681844098919 0 0 0 0 0 0
10.9923541267424 12.6761295368668 9.70897031304634 0.618152026656973 -0.446593974694224 -0.646870847779286 0.780658530289136 0.252491837916525 0.571681844098919 0 0 0 0 0 0
11.334718973406 12.4216457169607 10.0356343595733 0.554663444963197 0.141565624555011 -0.819943679020644 0.780658530289136 0.252491837916525 0.571681844098919 0 0 0 0 0 0
11.8035193698014 12.1994317856263 10.175392218668 0.280448947049635 0.675942076184774 -0.681506197874801 0.780658530289136 0.252491837916525 0.571681844098919 0 0 0 0 0 0
12.3362481125012 12.1312988718268 10.1598007185134 -0.100312794704431 0.953516831923092 -0.284153117980319 0.780658530289136 0.252491837916525 0.571681844098919 0 0 0 0 0 0
12.8461105504917 12.2805201498665 10.0794365061744 -0.442964028609795 0.868834601262545 0.221154482221671 0.780658530289136 0.252491837916525 0.571681844098919 0 0 0 0 0 0
13.2549993242228 12.627792302602 10.0494844650164 -0.617325822082682 0.454067579442471 0.642441797121884 0.780658530289136 0.252491837916525 0.571681844098919 0 0 0 0 0 0
13.5231686573859 13.0785691743587 10.1659770517268 -0.557155214609016 -0.133207307412884 0.819654732241442 0.780658530289136 0.252491837916525 0.571681844098919 0 0 0 0 0 0
13.664334441848 13.4989814361992 10.4693099604422 -0.285312025966952 -0.66987451107467 0.685467130686151 0.780658530289136 0.252491837916525 0.571681844098919 0 0 0 0 0 0
13.7404633410136 13.7666957821626 10.9288951231657 0.0949259715026496 -0.952045188274619 0.290859105783923 0.780658530289136 0.252491837916525 0.571681844098919 0 0 0 0 0 0
13.83823061837 13.8173913975027 11.4547816282045 0.439100005320786 -0.872517981102328 -0.214251156310539 0.780658530289136 0.252491837916525 0.571681844098919 0 0 0 0 0 0
14.0360907557556 13.6691965115967 11.9318295754209 0.616452605756965 -0.461506605186549 -0.637963822034318 0.780658530289136 0.252491837916525 0.571681844098919 0 0 0 0 0 0
14.3744712840203 13.415801180517 12.2634536493311 0.559604554728129 0.124838846018563 -0.819303365580958 0.780658530289136 0.252491837916525 0.571681844098919 0 0 0 0 0 0
14.8404136881432 13.1908628683154 12.4083174952776 0.290153377268861 0.663755932427023 -0.689375862521605 0.780658530289136 0.252491837916525 0.571681844098919 0 0 0 0 0 0
15.3724965637442 13.1172277417956 12.3960380916711 -0.0895319193206173 0.950501042699067 -0.297542943540515 0.780658530289136 0.252491837916525 0.571681844098919 0 0 0 0 0 0
7.41167592629057 4.04565312204118 0.357909179810104 -0.0499210158598229 0.997633142675282 -0.0472864125448775 0.867149862469444 0.0667852459029192 0.493549234574334 0 0 0 0 0 0
7.91831124493837 4.17963086699669 0.239352358523298 -0.331008536569588 0.817720914622275 0.470920220958253 0.867149862469444 0.0667852459029192 0.493549234574334 0 0 0 0 0 0
8.34949315725995 4.50000812016997 0.228141816421452 -0.486340380068961 0.327142839539646 0.810216389153118 0.867149862469444 0.0667852459029192 0.493549234574334 0 0 0 0 0 0
8.66981376464208 4.89495759390987 0.401620125720554 -0.456903382002597 -0.287722269820693 0.841697805013069 0.867149862469444 0.0667852459029192 0.493549234574334 0 0 0 0 0 0
8.88598323172023 5.22432076719096 0.766963476156444 -0.253881150096271 -0.79327687841633 0.553404152311706 0.867149862469444 0.0667852459029192 0.493549234574334 0 0 0 0 0 0
9.04428048264555 5.37285645107655 1.25845532052467 0.0455947753980993 -0.997452338019476 0.0548630097231104 0.867149862469444 0.0667852459029192 0.493549234574334 0 0 0 0 0 0
9.21297106405752 5.29402284312571 1.76245318968555 0.327748483414739 -0.822678977895252 -0.464521507519902 0.867149862469444 0.0667852459029192 0.493549234574334 0 0 0 0 0 0
9.45637192257649 5.02765953627803 2.16056336659108 0.485385062919695 -0.335356119609605 -0.807426537670662 0.867149862469444 0.0667852459029192 0.493549234574334 0 0 0 0 0 0
9.81041632146067 4.68485179141334 2.37462063882887 0.458615741815972 0.279374135371049 -0.843576726708522 0.867149862469444 0.0667852459029192 0.493549234574334 0 0 0 0 0 0
10.2690021931222 4.405727389497 2.39638456967027 0.257610632750056 0.787965485437787 -0.559238013419071 0.867149862469444 0.0667852459029192 0.493549234574334 0 0 0 0 0 0
10.7863104166248 4.30621974477957 2.29067017775635 -0.0412650627177018 0.997195573506336 -0.0624354288707424 0.867149862469444 0.0667852459029192 0.493549234574334 0 0 0 0 0 0
11.2942122677825 4.43402286241971 2.1707236278668 -0.324463470943948 0.827574390978931 0.458087418970285 0.867149862469444 0.0667852459029192 0.493549234574334 0 0 0 0 0 0
11.7281526605292 4.75047158852317 2.15519811954528 -0.484392781818643 0.343543861012672 0.804575197531283 0.867149862469444 0.0667852459029192 0.493549234574334 0 0 0 0 0 0
12.051675703419 5.14523114855409 2.323075552817 -0.460293176265004 -0.271004725499357 0.845391406770197 0.867149862469444 0.0667852459029192 0.493549234574334 0 0 0 0 0 0
12.270274902296 5.47821517288025 2.68365998386227 -0.261320497356777 -0.782594085836795 0.565029286386536 0.867149862469444 0.0667852459029192 0.493549234574334 0 0 0 0 0 0
12.4293060855781 5.63280685071556 3.17304285851802 0.0369322075430141 -0.996862868689474 0.0700030933187372 0.867149862469444 0.0667852459029192 0.493549234574334 0 0 0 0 0 0
12.5967559667317 5.56016360626677 3.67838294049843 0.321153749323633 -0.832406781068653 -0.451618445290156 0.867149862469444 0.0667852459029192 0.493549234574334 0 0 0 0 0 0
12.8374128551487 5.29777320988166 4.08077658366475 0.483363612331853 -0.351705440220638 -0.801662585875573 0.867149862469444 0.0667852459029192 0.493549234574334 0 0 0 0 0 0
13.1882524942058 4.95521154733183 4.30043121515639 0.461935557606567 0.26261467756858 -0.84714170700318 0.867149862469444 0.0667852459029192 0.493549234574334 0 0 0 0 0 0
13.6443903581542 4.67251290879694 4.3269798678813 0.265010461395881 0.777163088666231 -0.570777530186242 0.867149862469444 0.0667852459029192 0.493549234574334 0 0 0 0 0 0
10.0971077764105 8.62515155779848 0.731828271148598 0.581246964275477 0.472459385311022 -0.662521015328626 0.361472467073968 0.57952548762891 0.730402536096318 0 0 0 0 0 0
10.5607349504662 8.67125725858773 0.999427243400434 0.0433492422122618 0.772079065127314 -0.634046339309483 0.361472467073968 0.57952548762891 0.730402536096318 0 0 0 0 0 0
11.0342435856481 8.89335840656626 1.12249533265638 -0.511017581728071 0.77837299962815 -0.364686858297184 0.361472467073968 0.57952548762891 0.730402536096318 0 0 0 0 0 0
11.391265746996 9.29288970430157 1.16243304108859 -0.871240282611563 0.488950017867689 0.0432232574213337 0.361472467073968 0.57952548762891 0.730402536096318 0 0 0 0 0 0
11.5496886585089 9.80387717399465 1.21222349241001 -0.900464233770187 0.0137667495109379 0.43471213499116 0.361472467073968 0.57952548762891 0.730402536096318 0 0 0 0 0 0
11.5028507196007 10.3180027746719 1.36110658858091 -0.587586767560376 -0.466646737152796 0.661046604478534 0.361472467073968 0.57952548762891 0.730402536096318 0 0 0 0 0 0
11.3220723585388 10.7257562369321 1.66067527904255 -0.0514752644275112 -0.769773326454796 0.636238416814669 0.361472467073968 0.57952548762891 0.730402536096318 0 0 0 0 0 0
11.1295602093309 10.9580398452061 2.10527453663637 0.504192552281891 -0.780450159112924 0.369712617263848 0.361472467073968 0.57952548762891 0.730402536096318 0 0 0 0 0 0
11.0519787682801 11.0124198151533 2.6341497969685 0.868309188729463 -0.494620927893235 -0.0372731868508373 0.361472467073968 0.57952548762891 0.730402536096318 0 0 0 0 0 0
11.1723284341216 10.954050929024 3.15452863318518 0.902540647023253 -0.0208769365459922 -0.430098284106438 0.361472467073968 0.57952548762891 0.730402536096318 0 0 0 0 0 0
11.4984122688505 10.8909231445521 3.57686655200674 0.59388182383799 0.460798552038839 -0.659521852370164 0.361472467073968 0.57952548762891 0.730402536096318 0 0 0 0 0 0
11.9598714840098 10.9328344045165 3.84886644382863 0.0595973666020797 0.767408966563169 -0.638382042301118 0.361472467073968 0.57952548762891 0.730402536096318 0 0 0 0 0 0
12.4349159207612 11.1496765625556 3.97534712902127 -0.497329126620794 0.782467884296446 -0.374710221183306 0.361472467073968 0.57952548762891 0.730402536096318 0 0 0 0 0 0
12.796594167451 11.5448822994404 4.0164126075049 -0.865311969740845 0.50025417062012 0.0313202777828531 0.361472467073968 0.57952548762891 0.730402536096318 0 0 0 0 0 0
12.9610245234113 12.0541209902586 4.06461754429462 -0.90454832831172 0.0279855337215 0.425451679572187 0.361472467073968 0.57952548762891 0.730402536096318 0 0 0 0 0 0
12.9192630594712 12.5697389843692 4.20980420482967 -0.600131653715412 -0.45491527533109 0.657946875119294 0.361472467073968 0.57952548762891 0.730402536096318 0 0 0 0 0 0
12.7407015661836 12.9816590271541 4.5049698762505 -0.0677149302064409 -0.764986165507594 0.640477052523449 0.361472467073968 0.57952548762891 0.730402536096318 0 0 0 0 0 0
12.5467044524248 13.2192004494413 4.94613231194669 0.490427827421216 -0.784426021521131 0.379679289468672 0.361472467073968 0.57952548762891 0.730402536096318 0 0 0 0 0 0
12.4645003773579 13.2779319354407 5.47384265362389 0.86224885389554 -0.505849317055099 -0.0253649835544544 0.361472467073968 0.57952548762891 0.730402536096318 0 0 0 0 0 0
12.5788459556673 13.2213550537008 5.99577104650174 0.906487124742886 -0.0350919996902647 -0.420772675245334 0.361472467073968 0.57952548762891 0.730402536096318 0 0 0 0 0 0
3.74286828443296 8.92443432851279 12.4327976366443 -0.236207525069724 0.959411482307437 0.154063664493227 0.705564969200121 0.0603282507301361 0.706072642439483 0 0 0 0 0 0
4.22600973715558 9.15421785419189 12.4823856402936 -0.583104918148471 0.61562845825827 0.530085140155438 0.705564969200121 0.0603282507301361 0.706072642439483 0 0 0 0 0 0
4.57623240543883 9.52433390630173 12.6528065683205 -0.708471003828274 0.0379578901578532 0.704718408521675 0.705564969200121 0.0603282507301361 0.706072642439483 0 0 0 0 0 0
4.76495908610736 9.90310246066741 12.9838680797439 -0.564677110150199 -0.554133515035613 0.611617371227058 0.705564969200121 0.0603282507301361 0.706072642439483 0 0 0 0 0 0
4.82496760174955 10.1555562628449 13.454347790183 -0.206352941428243 -0.935700333248739 0.286152668906148 0.705564969200121 0.0603282507301361 0.706072642439483 0 0 0 0 0 0
4.83793795790028 10.1947171446164 13.9900560105032 0.230368159779501 -0.96177895078536 -0.1480262165497 0.705564969200121 0.0603282507301361 0.706072642439483 0 0 0 0 0 0
4.90342074332128 10.0146404842941 14.4920216501031 0.579568545536775 -0.62246166483208 -0.525967467471955 0.705564969200121 0.0603282507301361 0.706072642439483 0 0 0 0 0 0
5.10101619693355 9.69267366788745 14.8740929889433 0.708581150975286 -0.0466607854050392 -0.704084883794507 0.705564969200121 0.0603282507301361 0.706072642439483 0 0 0 0 0 0
5.46013274620616 9.36007052397956 15.0956681563684 0.568391930313206 0.546867306524106 -0.614708681092025 0.705564969200121 0.0603282507301361 0.706072642439483 0 0 0 0 0 0
5.94881425387816 9.15212579980104 15.1771204605968 0.212261112318839 0.932631365570961 -0.291794373061604 0.705564969200121 0.0603282507301361 0.706072642439483 0 0 0 0 0 0
6.48588068878203 9.15677442474971 15.1920582283044 -0.224511251062003 0.964073176072502 0.141977495836676 0.705564969200121 0.0603282507301361 0.706072642439483 0 0 0 0 0 0
6.97176977694207 9.38118356051871 15.2393597706554 -0.575988036536445 0.629247468540155 0.521809740329459 0.705564969200121 0.0603282507301361 0.706072642439483 0 0 0 0 0 0
7.32636237405013 9.74902967654075 15.4056078597332 -0.708637336924267 0.0553601272527622 0.703397740277463 0.705564969200121 0.0603282507301361 0.706072642439483 0 0 0 0 0 0
7.519421067909 10.129495135312 15.7321954858397 -0.572063465230101 -0.539559451949924 0.617753178510986 0.705564969200121 0.0603282507301361 0.706072642439483 0 0 0 0 0 0
7.58207787686867 10.3869680000339 16.1995999684254 -0.218153118703929 -0.929491374403865 0.297413855945824 0.705564969200121 0.0603282507301361 0.706072642439483 0 0 0 0 0 0
7.59500667555558 10.432563276714 16.7347999488321 0.218637244943507 -0.966293983454725 -0.135917962987656 0.705564969200121 0.0603282507301361 0.706072642439483 0 0 0 0 0 0
7.65777384110679 10.2578918094611 17.2390174252991 0.572363663817104 -0.635985352617271 -0.517612275354968 0.705564969200121 0.0603282507301361 0.706072642439483 0 0 0 0 0 0
7.85101132183456 9.93824746106786 17.6252451673123 0.70863955739644 -0.0640552532124595 -0.702657030299182 0.705564969200121 0.0603282507301361 0.706072642439483 0 0 0 0 0 0
8.20578321196822 9.60400171568928 17.8513022171596 0.575691435299286 0.532210507834488 -0.620750631633674 0.705564969200121 0.0603282507301361 0.706072642439483 0 0 0 0 0 0
8.69178398289251 9.39107337231761 17.935859140994 0.224028511884416 0.926280598869937 -0.303010689613429 0.705564969200121 0.0603282507301361 0.706072642439483 0 0 0 0 0 0
5.98892075612474 1.27118640810077 9.53888508186758 -0.597193943205027 0.631641254866616 0.49435687448417 0.802030793226459 0.462332827894732 0.378146747926514 0 0 0 0 0 0
6.23707963831571 1.74232336780384 9.46724545240285 -0.489789060406021 0.146746593729382 0.859402183808844 0.802030793226459 0.462332827894732 0.378146747926514 0 0 0 0 0 0
6.3735910887759 2.2469112181649 9.59150657777849 -0.19630512472237 -0.393899551837853 0.897946235066261 0.802030793226459 0.462332827894732 0.378146747926514 0 0 0 0 0 0
6.46535477987887 2.66170965329046 9.92045457569139 0.171758409889971 -0.784896672012579 0.595345498761557 0.802030793226459 0.462332827894732 0.378146747926514 0 0 0 0 0 0
6.59627080592064 2.89759086733394 10.3851115987796 0.474568052937637 -0.877698423717178 0.0665630538314028 0.802030793226459 0.462332827894732 0.378146747926514 0 0 0 0 0 0
6.83536463456185 2.93340069807427 10.864941672083 0.59708135831957 -0.637047869916525 -0.487507808124214 0.802030793226459 0.462332827894732 0.378146747926514 0 0 0 0 0 0
7.21056317761921 2.82399544682239 11.2336443251851 0.492753473007941 -0.154372179462186 -0.856366303077548 0.802030793226459 0.462332827894732 0.378146747926514 0 0 0 0 0 0
7.69808489035323 2.67940105240477 11.407138252555 0.201220304901861 0.386952082935041 -0.899876921810664 0.802030793226459 0.462332827894732 0.378146747926514 0 0 0 0 0 0
8.23147477792103 2.62301239746767 11.3755052072836 -0.166759821260527 0.781266779531422 -0.601509252808098 0.802030793226459 0.462332827894732 0.378146747926514 0 0 0 0 0 0
8.7268517589854 2.74471352950734 11.206758108908 -0.471385103250511 0.878765164499834 -0.0746181619653305 0.802030793226459 0.462332827894732 0.378146747926514 0 0 0 0 0 0
9.11477649093166 3.06672920844514 11.0210017981646 -0.596923303376984 0.642405971304708 0.480621616157206 0.802030793226459 0.462332827894732 0.378146747926514 0 0 0 0 0 0
9.36663253709091 3.53518134875518 10.9448031999469 -0.495680360525119 0.161986009155848 0.853265206736715 0.802030793226459 0.462332827894732 0.378146747926514 0 0 0 0 0 0
9.50549822947186 4.04055820494919 11.063106432453 -0.206120161376079 -0.379975146132967 0.901739079443455 0.802030793226459 0.462332827894732 0.378146747926514 0 0 0 0 0 0
9.59737882458155 4.45931971462625 11.3869611164914 0.161748533225057 -0.777577390560207 0.607627199596201 0.802030793226459 0.462332827894732 0.378146747926514 0 0 0 0 0 0
9.72613000292932 4.70083243365861 11.8493244397968 0.468166255762732 -0.879764983912936 0.0826675876373286 0.802030793226459 0.462332827894732 0.378146747926514 0 0 0 0 0 0
9.96159969400908 4.74180269692617 12.3305318423053 0.596719790413762 -0.647715150991001 -0.473698822993324 0.802030793226459 0.462332827894732 0.378146747926514 0 0 0 0 0 0
10.3330916800895 4.63512627114495 12.7037595832075 0.498569500063739 -0.169587502987758 -0.850099130946839 0.802030793226459 0.462332827894732 0.378146747926514 0 0 0 0 0 0
10.8182325993969 4.48979236872159 12.8832072004619 0.21100432100198 0.372969272752382 -0.903532566154122 0.802030793226459 0.462332827894732 0.378146747926514 0 0 0 0 0 0
11.351471960316 4.42947682375762 12.8566945408319 -0.156724927412548 0.773828786060188 -0.61369887322053 0.802030793226459 0.462332827894732 0.378146747926514 0 0 0 0 0 0
11.8489858691 4.54555557492464 12.6902892037411 -0.464911755601997 0.880697805816365 -0.0907107178524674 0.802030793226459 0.462332827894732 0.378146747926514 0 0 0 0 0 0
0.381688429029705 4.36975327217451 1.11008139950323 0.627665892588406 0.0764817691366333 -0.774716765192887 0.678343543456693 0.434527242540513 0.592483006119801 0 0 0 0 0 0
0.85199861857098 4.23210459823266 1.33041358120636 0.284470770447772 0.588167190180533 -0.757057287895697 0.678343543456693 0.434527242540513 0.592483006119801 0 0 0 0 0 0
1.38715392918671 4.22852865379917 1.37817453031283 -0.166799553483621 0.876398062043834 -0.451779089604064 0.678343543456693 0.434527242540513 0.592483006119801 0 0 0 0 0 0
1.88428727633749 4.42472767518448 1.3229524217288 -0.55469993830677 0.831670657542474 0.0251375381717274 0.678343543456693 0.434527242540513 0.592483006119801 0 0 0 0 0 0
2.25497675509759 4.81050604912515 1.27346041576196 -0.731860542478774 0.470977665448845 0.492503994918854 0.678343543456693 0.434527242540513 0.592483006119801 0 0 0 0 0 0
2.45883860017162 5.30364379672421 1.33623471093354 -0.630975090507342 -0.0686476160754463 0.772759949768626 0.678343543456693 0.434527242540513 0.592483006119801 0 0 0 0 0 0
2.51886965351085 5.78113331807888 1.57515966096981 -0.290371652311231 -0.58219252052574 0.759431479843923 0.678343543456693 0.434527242540513 0.592483006119801 0 0 0 0 0 0
2.51271047956917 6.125912036061 1.98719704073204 0.160548831353051 -0.874552752688441 0.457582293709274 0.678343543456693 0.434527242540513 0.592483006119801 0 0 0 0 0 0
2.5431484167861 6.27133642654994 2.50354031874315 0.550474129752993 -0.834655772362522 -0.0181100561735025 0.678343543456693 0.434527242540513 0.592483006119801 0 0 0 0 0 0
2.69906694920092 6.22650100746636 3.01575540887968 0.731265102823121 -0.477659109415739 -0.486922092931973 0.678343543456693 0.434527242540513 0.592483006119801 0 0 0 0 0 0
3.02167738481355 6.0727831793619 3.41697659261134 0.634236237230217 0.060808235232515 -0.770744285682329 0.678343543456693 0.434527242540513 0.592483006119801 0 0 0 0 0 0
3.48886199065909 5.93292659039202 3.6425065921702 0.296250421249147 0.57617351465646 -0.761747838144701 0.678343543456693 0.434527242540513 0.592483006119801 0 0 0 0 0 0
4.0235768893499 5.92440877221741 3.69439614805555 -0.154285882807383 0.872640842754963 -0.463350651151216 0.678343543456693 0.434527242540513 0.592483006119801 0 0 0 0 0 0
4.52312231620016 6.11480946160648 3.64066490843164 -0.546206400462988 0.837577324914003 0.0110811950243842 0.678343543456693 0.434527242540513 0.592483006119801 0 0 0 0 0 0
4.89815997687847 6.4961359285641 3.5894596275622 -0.730613974498681 0.484304177792119 0.481303109942519 0.678343543456693 0.434527242540513 0.592483006119801 0 0 0 0 0 0
5.106654159081 6.98785954808809 3.64796740574838 -0.637449084408081 -0.0529642236070421 0.768669926434619 0.678343543456693 0.434527242540513 0.592483006119801 0 0 0 0 0 0
5.16984180243535 7.46750997117433 3.88169351785157 -0.302106629570504 -0.570110630943292 0.764006186398377 0.678343543456693 0.434527242540513 0.592483006119801 0 0 0 0 0 0
5.1641642300733 7.81720365799849 4.28957486418376 0.148011184794397 -0.870662477842742 0.469083722647137 0.678343543456693 0.434527242540513 0.592483006119801 0 0 0 0 0 0
5.19222581194232 7.96842980560297 4.8043838598531 0.541897075440863 -0.84043509270938 -0.0040514899993621 0.678343543456693 0.434527242540513 0.592483006119801 0 0 0 0 0 0
5.34381284920889 7.92807874738001 5.31826931824961 0.729907207091395 -0.4909123645303 -0.475647473857803 0.678343543456693 0.434527242540513 0.592483006119801 0 0 0 0 0 0
11.1339588927285 1.63660161053665 6.08038915554526 0.931987355568182 -0.180991743678731 -0.314072535859409 0.358053459333919 0.594798591601112 0.719730752218042 0 0 0 0 0 0
11.3996318113773 1.57224315836053 6.54294833235239 0.721792388818999 0.312656338764685 -0.617463975688644 0.358053459333919 0.594798591601112 0.719730752218042 0 0 0 0 0 0
11.8298373277686 1.57915472844358 6.86475657647276 0.237376425832281 0.687521050776175 -0.686270527706615 0.358053459333919 0.594798591601112 0.719730752218042 0 0 0 0 0 0
12.3141528078975 1.74278674368393 7.03012943220888 -0.337222810050317 0.801185020858815 -0.494351432417494 0.358053459333919 0.594798591601112 0.719730752218042 0 0 0 0 0 0
12.7215983378646 2.08904890963837 7.08281486337064 -0.783705462330081 0.610465406417973 -0.114619962837776 0.358053459333919 0.594798591601112 0.719730752218042 0 0 0 0 0 0
12.9503981830343 2.57446668419412 7.10937267039701 -0.932445306614063 0.187819777641634 0.308657546967597 0.358053459333919 0.594798591601112 0.719730752218042 0 0 0 0 0 0
12.9666470912218 3.10269798297302 7.20628897496656 -0.726933589261196 -0.306181724839986 0.614670894200991 0.358053459333919 0.594798591601112 0.719730752218042 0 0 0 0 0 0
12.8171914648643 3.56113514794064 7.44331952920988 -0.245247647666517 -0.683859670969444 0.687160491978114 0.358053459333919 0.594798591601112 0.719730752218042 0 0 0 0 0 0
12.6118316295044 3.86368647939309 7.83698833922115 0.32961197559868 -0.801727894573636 0.498586330141992 0.358053459333919 0.594798591601112 0.719730752218042 0 0 0 0 0 0
12.4816068543536 3.98348391205108 8.34430991887632 0.779246498515586 -0.615006286853721 0.120590885566023 0.358053459333919 0.594798591601112 0.719730752218042 0 0 0 0 0 0
12.5290113430583 3.96309064226956 8.87912019469066 0.932832248339735 -0.194633508401295 -0.303219052608567 0.358053459333919 0.594798591601112 0.719730752218042 0 0 0 0 0 0
12.7890549721238 3.89833065812382 9.34481167792208 0.732019430896133 0.299683793991509 -0.611831003144951 0.358053459333919 0.594798591601112 0.719730752218042 0 0 0 0 0 0
13.215962453495 3.901883604248 9.67103626473533 0.253100192942867 0.680146212601099 -0.687998126317698 0.358053459333919 0.594798591601112 0.719730752218042 0 0 0 0 0 0
13.7005641318114 4.06047590093544 9.84043165700655 -0.321976039918957 0.80220971360527 -0.502783258587094 0.358053459333919 0.594798591601112 0.719730752218042 0 0 0 0 0 0
14.1117713616972 4.40193192708076 9.89521758966276 -0.774728192063254 0.619500332179631 -0.126552624831447 0.358053459333919 0.594798591601112 0.719730752218042 0 0 0 0 0 0
14.3463792758254 4.88460307343903 9.92115584750665 -0.933148151278091 0.201432417065738 0.297757466944721 0.358053459333919 0.594798591601112 0.719730752218042 0 0 0 0 0 0
14.3682760395082 5.41319074560552 10.0149679293095 -0.737049526417279 -0.293163041061847 0.60894451878922 0.358053459333919 0.594798591601112 0.719730752218042 0 0 0 0 0 0
14.2221623404529 5.87495189333757 10.2475889333309 -0.260933463659609 -0.676380958465372 0.688783366936271 0.358053459333919 0.594798591601112 0.719730752218042 0 0 0 0 0 0
14.016568850146 6.18253198030509 10.637218127518 0.314315584517213 -0.802630441261332 0.50694189814045 0.358053459333919 0.594798591601112 0.719730752218042 0 0 0 0 0 0
13.8826236072199 6.30715243293228 11.1424047433371 0.770150887059614 -0.623947200156753 0.132504726624521 0.358053459333919 0.594798591601112 0.719730752218042 0 0 0 0 0 0
7.90834005747087 6.31873475393003 10.065064862492 -0.219998571611373 -0.349808050605285 0.910623388795108 0.840898813261712 0.405162358270791 0.358793323928269 0 0 0 0 0 0
8.03705454593348 6.73395945876144 10.3808276327418 0.111729151505239 -0.778653829406047 0.617425955605381 0.840898813261712 0.405162358270791 0.358793323928269 0 0 0 0 0 0
8.19123769799726 6.97168999867937 10.8373326689992 0.401009101953215 -0.911676000017665 0.089658079069685 0.840898813261712 0.405162358270791 0.358793323928269 0 0 0 0 0 0
8.43683088746906 7.00160396570734 11.3142752672016 0.537938990054517 -0.698337215812695 -0.472172400707728 0.840898813261712 0.405162358270791 0.358793323928269 0 0 0 0 0 0
8.80504728665005 6.8723319424176 11.6835861518058 0.470496861973816 -0.219688447744866 -0.854616691154721 0.840898813261712 0.405162358270791 0.358793323928269 0 0 0 0 0 0
9.28051346032219 6.6929819305519 11.8580871347707 0.224305109741221 0.342423634616212 -0.912377812202928 0.840898813261712 0.405162358270791 0.358793323928269 0 0 0 0 0 0
9.8071099908176 6.59168739697135 11.8246115667359 -0.10710390386351 0.774443253168722 -0.623511348251692 0.840898813261712 0.405162358270791 0.358793323928269 0 0 0 0 0 0
10.3092921830573 6.6669272273185 11.6490065672484 -0.397822353708713 0.912238931841729 -0.0977624985458131 0.840898813261712 0.405162358270791 0.358793323928269 0 0 0 0 0 0
10.7207907572516 6.95011195088261 11.4511166031412 -0.537401440144918 0.703459788486468 0.465127958859432 0.840898813261712 0.405162358270791 0.358793323928269 0 0 0 0 0 0
11.0097886562555 7.39365035536661 11.3592525718913 -0.472812734597132 0.227424510264734 0.851308528169211 0.840898813261712 0.405162358270791 0.358793323928269 0 0 0 0 0 0
11.1910088775309 7.88903018412137 11.461444346424 -0.228594566168529 -0.335013141741615 0.914062754507936 0.840898813261712 0.405162358270791 0.358793323928269 0 0 0 0 0 0
11.3201209602555 8.30804375667493 11.7719967546079 0.102470499844831 -0.770173700079289 0.629549258094811 0.840898813261712 0.405162358270791 0.358793323928269 0 0 0 0 0 0
11.4725911966439 8.55149621006186 12.2260549359832 0.394605309751745 -0.912732393139257 0.105859473029174 0.840898813261712 0.405162358270791 0.358793323928269 0 0 0 0 0 0
11.7150117258065 8.58689128571354 12.7042437875665 0.536822965035018 -0.708528789973793 -0.458048095716252 0.840898813261712 0.405162358270791 0.358793323928269 0 0 0 0 0 0
12.07980106674 8.4607772013968 13.0780205613187 0.47509260070014 -0.235143253527635 -0.847935534743306 0.840898813261712 0.405162358270791 0.358793323928269 0 0 0 0 0 0
12.5528877809519 8.28106220503964 13.2585104032458 0.232866614234584 0.327577136319219 -0.915678087395249 0.840898813261712 0.405162358270791 0.358793323928269 0 0 0 0 0 0
13.0790564472058 8.17601842721368 13.2302713963394 -0.0978292923008588 0.765845495280747 -0.635539225324528 0.840898813261712 0.405162358270791 0.358793323928269 0 0 0 0 0 0
13.5829249232014 8.24554915413433 13.0571612030229 -0.391358215072662 0.91315634633126 -0.113948385903812 0.840898813261712 0.405162358270791 0.358793323928269 0 0 0 0 0 0
13.9975832817572 8.52323389893369 12.8580764715543 -0.536203608777936 0.71354383425058 0.450933350437178 0.840898813261712 0.405162358270791 0.358793323928269 0 0 0 0 0 0
14.2900140108203 8.96357098320216 12.7617820115065 -0.477336286662209 0.242844089721386 0.844497967743514 0.840898813261712 0.405162358270791 0.358793323928269 0 0 0 0 0 0
8.58987151104002 11.3971400968482 10.2746330489999 -0.799220951010629 0.304080260987396 0.518440996009674 0.590842026023548 0.555689847264161 0.584905542743376 0 0 0 0 0 0
8.69028560431013 11.9206207645496 10.3422355824878 -0.582763981470945 -0.207408749453961 0.785727530731917 0.590842026023548 0.555689847264161 0.584905542743376 0 0 0 0 0 0
8.65785862966723 12.3968226012869 10.5889447313289 -0.144905232076266 -0.640099708288392 0.754503039865341 0.590842026023548 0.555689847264161 0.584905542743376 0 0 0 0 0 0
8.59240050281311 12.727113689379 11.0076428718478 0.34800543767047 -0.829606086047648 0.436630229535803 0.590842026023548 0.555689847264161 0.584905542743376 0 0 0 0 0 0
8.60627022642597 12.868296044053 11.525870886928 0.708703023305556 -0.703931241443314 -0.0471257050625279 0.590842026023548 0.555689847264161 0.584905542743376 0 0 0 0 0 0
8.78168882650071 12.8490172500908 12.0333565960564 0.800152481504185 -0.310821149111927 -0.512977796407833 0.590842026023548 0.555689847264161 0.584905542743376 0 0 0 0 0 0
9.13950220991116 12.7588867654085 12.4239090003528 0.587610634143293 0.200375094419568 -0.783941046366413 0.590842026023548 0.555689847264161 0.584905542743376 0 0 0 0 0 0
9.63126145586377 12.714431789804 12.6357620184632 0.151825682545471 0.635445489488143 -0.757071986015053 0.590842026023548 0.555689847264161 0.584905542743376 0 0 0 0 0 0
10.1576293709298 12.8148266335226 12.6750404535401 -0.341640384241422 0.829099519018147 -0.442578620607968 0.590842026023548 0.555689847264161 0.584905542743376 0 0 0 0 0 0
10.6061203496583 13.104214738689 12.6134330781237 -0.705311557132378 0.707764779468417 0.0400577622880214 0.590842026023548 0.555689847264161 0.584905542743376 0 0 0 0 0 0
10.8938355367458 13.5549378476052 12.5609568708813 -0.801023077288358 0.31753836700256 0.507475531560721 0.590842026023548 0.555689847264161 0.584905542743376 0 0 0 0 0 0
10.9989574881612 14.0780438372709 12.6241597270259 -0.592412537990825 -0.19332618004595 0.782094861855076 0.590842026023548 0.555689847264161 0.584905542743376 0 0 0 0 0 0
10.9690389829013 14.5570811181121 12.865641131539 -0.158734570901132 -0.630742879053642 0.759583278201907 0.590842026023548 0.555689847264161 0.584905542743376 0 0 0 0 0 0
10.9029369272099 14.8923405398267 13.2802695682186 0.3352493135744 -0.828529812850283 0.44849330760466 0.590842026023548 0.555689847264161 0.584905542743376 0 0 0 0 0 0
10.9132549630964 15.0387365646323 13.7971320684785 0.7018663787534 -0.711544418465341 -0.0329867689598268 0.590842026023548 0.555689847264161 0.584905542743376 0 0 0 0 0 0
11.083563462104 15.02293601686 14.306475233716 0.801832672063909 -0.324231403117147 -0.50193462048711 0.590842026023548 0.555689847264161 0.584905542743376 0 0 0 0 0 0
11.4366497439383 14.9332269105452 14.7014023864202 0.59716932732997 0.18626254313523 -0.780189117792006 0.590842026023548 0.555689847264161 0.584905542743376 0 0 0 0 0 0
11.9258607927274 14.8859763567988 14.9184854051749 0.165631371004653 0.625992235106882 -0.76203672518128 0.590842026023548 0.555689847264161 0.584905542743376 0 0 0 0 0 0
12.4528275177486 14.9814207527419 14.9618621284471 -0.328832712374178 0.827897010929388 -0.454373840099567 0.590842026023548 0.555689847264161 0.584905542743376 0 0 0 0 0 0
12.9048368156374 15.2655842983762 14.9016643205717 -0.698367750532293 0.715269870599943 0.0259132635614625 0.590842026023548 0.555689847264161 0.584905542743376 0 0 0 0 0 0
