t = 0
b =  13.0 13.0 13.0
E = 0. 0. 0.
13.129708263590016 1.959188952252431 10.476682186911589 -0.2562503506715606 -0.6970682833719044 0.6696503312159628 0.1838026568238865 0.6450030698160464 0.7417463335078623 0.0 0.0 0.0 0.0 0.0 0.0
12.838270174010294 2.2413145291161354 10.829037264836973 0.34887887913500143 -0.7482805147125478 0.5642338158910981 0.1838026568238865 0.6450030698160464 0.7417463335078623 0.0 0.0 0.0 0.0 0.0 0.0
12.626359035906884 2.3528695391064347 11.310009458848375 0.8214631898143748 -0.5152084679308491 0.24445544042287012 0.1838026568238865 0.6450030698160464 0.7417463335078623 0.0 0.0 0.0 0.0 0.0 0.0
12.601700457769038 2.3469827626208395 11.846705278195973 0.9819599005511436 -0.08640011035599271 -0.16819564393901532 0.1838026568238865 0.6450030698160464 0.7417463335078623 0.0 0.0 0.0 0.0 0.0 0.0
12.800879669859235 2.321401078261012 12.345060895215386 0.7693936275745035 0.37523309367591684 -0.5169463910872639 0.1838026568238865 0.6450030698160464 0.7417463335078623 0.0 0.0 0.0 0.0 0.0 0.0
13.175442183564048 2.381353789411336 12.725578566120719 0.26452185190684174 0.6943089718575742 -0.6693005613787071 0.1838026568238865 0.6450030698160464 0.7417463335078623 0.0 0.0 0.0 0.0 0.0 0.0
13.610302461734214 2.5995742525430567 12.9535291530002 -0.34084619786974735 0.7496052634035703 -0.5673762582937361 0.1838026568238865 0.6450030698160464 0.7417463335078623 0.0 0.0 0.0 0.0 0.0 0.0
13.967466838375232 2.988667259053985 13.052146303949106 -0.8167210784310867 0.520113982650888 -0.24989622865780411 0.1838026568238865 0.6450030698160464 0.7417463335078623 0.0 0.0 0.0 0.0 0.0 0.0
14.13845961948972 3.496320264275592 13.09379960171247 -0.9823099664482068 0.09302270404707325 0.1625235562873654 0.1838026568238865 0.6450030698160464 0.7417463335078623 0.0 0.0 0.0 0.0 0.0 0.0
14.08553481284391 4.025177797811693 13.17250014924535 -0.7747028748648338 -0.36940945508089784 0.5131979249500085 0.1838026568238865 0.6450030698160464 0.7417463335078623 0.0 0.0 0.0 0.0 0.0 0.0
13.856016461496601 4.469828434438619 13.36818417991838 -0.27277320877896166 -0.6914967860269092 0.6688998217124015 0.1838026568238865 0.6450030698160464 0.7417463335078623 0.0 0.0 0.0 0.0 0.0 0.0
13.564319448625307 4.756852356932733 13.716343945997714 0.3327875598468863 -0.7508729267515682 0.57047549279762 0.1838026568238865 0.6450030698160464 0.7417463335078623 0.0 0.0 0.0 0.0 0.0 0.0
13.348481370492285 4.872714772147575 14.194543618610302 0.8119167705756122 -0.5249798886774434 0.25531798632741476 0.1838026568238865 0.6450030698160464 0.7417463335078623 0.0 0.0 0.0 0.0 0.0 0.0
13.317719745758973 4.868908005219879 14.730943034239816 0.9825852256381574 -0.09963821369908696 -0.156839091837667 0.1838026568238865 0.6450030698160464 0.7417463335078623 0.0 0.0 0.0 0.0 0.0 0.0
13.510938454126967 4.842388704344356 15.231590973949986 0.7799531255318594 0.3635576845256491 -0.5094103768038398 0.1838026568238865 0.6450030698160464 0.7417463335078623 0.0 0.0 0.0 0.0 0.0 0.0
13.881947502001207 4.898742389095813 15.616118802239098 0.28100379291514904 0.6886319400387511 -0.6684481427349197 0.1838026568238865 0.6450030698160464 0.7417463335078623 0.0 0.0 0.0 0.0 0.0 0.0
14.317011373312253 5.112069746246938 15.848273855359036 -0.324703578762903 0.7520834082190729 -0.57353128338404 0.1838026568238865 0.6450030698160464 0.7417463335078623 0.0 0.0 0.0 0.0 0.0 0.0
14.678059053627482 5.496834539965938 15.949692434385394 -0.8070506321145943 0.5298058154529353 -0.26072030054386114 0.1838026568238865 0.6450030698160464 0.7417463335078623 0.0 0.0 0.0 0.0 0.0 0.0
14.855139516958305 6.002368585987799 15.991679812699203 -0.9827856571589421 0.10624613551536403 0.1511426834838996 0.1838026568238865 0.6450030698160464 0.7417463335078623 0.0 0.0 0.0 0.0 0.0 0.0
14.808193958816352 6.532121441943427 16.068120170468877 -0.7851439797486639 -0.3576782276451514 0.5055840350852168 0.1838026568238865 0.6450030698160464 0.7417463335078623 0.0 0.0 0.0 0.0 0.0 0.0
12.134124020802895 1.97490194226942 4.644173347801123 0.07910532461471545 -0.7917129465068975 0.6057499137028143 0.9530630432780719 0.23821341168343851 0.18688286714323724 0.0 0.0 0.0 0.0 0.0 0.0
12.411786353160156 2.1754259685975996 5.05815263010088 0.23544905879802244 -0.9711750912737476 0.03718444299103289 0.9530630432780719 0.23821341168343851 0.18688286714323724 0.0 0.0 0.0 0.0 0.0 0.0
12.743119305878842 2.154570602311861 5.480608107350451 0.3023417590456204 -0.7816715816840673 -0.5455080193037757 0.9530630432780719 0.23821341168343851 0.18688286714323724 0.0 0.0 0.0 0.0 0.0 0.0
13.143371072085177 1.9555331743859077 5.778715014435294 0.25436977014713963 -0.29519796936069664 -0.920952864657368 0.9530630432780719 0.23821341168343851 0.18688286714323724 0.0 0.0 0.0 0.0 0.0 0.0
13.601606435400308 1.6892053600557668 5.866890687043666 0.10975845273399604 0.30342628696965374 -0.9465123192168438 0.9530630432780719 0.23821341168343851 0.18688286714323724 0.0 0.0 0.0 0.0 0.0 0.0
14.08486124146971 1.4920435773876806 5.739308846704507 -0.07655193593626435 0.7867738238632466 -0.6124759188637664 0.9530630432780719 0.23821341168343851 0.18688286714323724 0.0 0.0 0.0 0.0 0.0 0.0
14.55066603133373 1.4742269126250953 5.47211310138877 -0.23377896426422387 0.9712128309143377 -0.045749676883059795 0.9530630432780719 0.23821341168343851 0.18688286714323724 0.0 0.0 0.0 0.0 0.0 0.0
14.963180898937857 1.6777982432286889 5.194488715788024 -0.3021894554923594 0.7866718456884644 0.5383576322393283 0.9530630432780719 0.23821341168343851 0.18688286714323724 0.0 0.0 0.0 0.0 0.0 0.0
15.306811670654097 2.0606914458096335 5.03958296939568 -0.2557931202406833 0.30326107383367334 0.9179338760143795 0.9530630432780719 0.23821341168343851 0.18688286714323724 0.0 0.0 0.0 0.0 0.0 0.0
15.592134392562931 2.512713019713087 5.093920278923645 -0.11221670197666596 -0.2953636502252999 0.9487716932555832 0.9530630432780719 0.23821341168343851 0.18688286714323724 0.0 0.0 0.0 0.0 0.0 0.0
15.851877313725284 2.8974064402540534 5.364530125782364 0.07399271753149055 -0.7817747853467942 0.6191552816121965 0.9530630432780719 0.23821341168343851 0.18688286714323724 0.0 0.0 0.0 0.0 0.0 0.0
16.128486877177124 3.1038942738766395 5.776276438566332 0.23209106655716621 -0.971176608937655 0.054311426760061406 0.9530630432780719 0.23821341168343851 0.18688286714323724 0.0 0.0 0.0 0.0 0.0 0.0
16.45800160655343 3.089002368933772 6.200403042789167 0.3020141390420704 -0.7916122015860929 -0.5311662471568531 0.9530630432780719 0.23821341168343851 0.18688286714323724 0.0 0.0 0.0 0.0 0.0 0.0
16.856360468427262 2.893662437731241 6.503450284259429 0.2571969906977589 -0.3113010838017592 -0.9148449831528105 0.9530630432780719 0.23821341168343851 0.18688286714323724 0.0 0.0 0.0 0.0 0.0 0.0
17.313347392423367 2.627361414680997 6.597958583034369 0.11466640548299742 0.28727852039542995 -0.9509588146565657 0.9530630432780719 0.23821341168343851 0.18688286714323724 0.0 0.0 0.0 0.0 0.0 0.0
17.796472527157306 2.4265455393941235 6.475695790086384 -0.07142786429482058 0.776716211653669 -0.6257874932887783 0.9530630432780719 0.23821341168343851 0.18688286714323724 0.0 0.0 0.0 0.0 0.0 0.0
18.263315677977758 2.402782148993114 6.21078471835279 -0.23038549421683147 0.971066428102134 -0.06286904061164364 0.9530630432780719 0.23821341168343851 0.18688286714323724 0.0 0.0 0.0 0.0 0.0 0.0
18.677642448142397 2.600373381432635 5.931542646833595 -0.3018158230458164 0.796492273149715 0.5239344117081595 0.9530630432780719 0.23821341168343851 0.18688286714323724 0.0 0.0 0.0 0.0 0.0 0.0
19.023170291947093 2.979525052598299 5.771731440948895 -0.25858127460823266 0.31931738698705814 0.9116864213038045 0.9530630432780719 0.23821341168343851 0.18688286714323724 0.0 0.0 0.0 0.0 0.0 0.0
19.309754526068573 3.4314651321749987 5.819739183486651 -0.11710737669862066 -0.2791715131939922 0.953073516862022 0.9530630432780719 0.23821341168343851 0.18688286714323724 0.0 0.0 0.0 0.0 0.0 0.0
7.731225225505355 5.574705195962608 11.36735297527881 0.20420014647529727 0.9126785742471908 -0.35400581957021854 0.14304668152670996 0.329924408113225 0.9331063882727061 0.0 0.0 0.0 0.0 0.0 0.0
8.15096653553873 5.722467322823722 11.668465393879082 -0.4024448985657159 0.8807288282843152 -0.24970950051483357 0.14304668152670996 0.329924408113225 0.9331063882727061 0.0 0.0 0.0 0.0 0.0 0.0
8.478970518281102 6.070991613804418 11.912656523979877 -0.856194398121726 0.5141754754554702 -0.050544367293653754 0.14304668152670996 0.329924408113225 0.9331063882727061 0.0 0.0 0.0 0.0 0.0 0.0
8.611804961031433 6.5367222205937425 12.145326063965703 -0.984661331024332 -0.047721737054422675 0.16782341611914126 0.14304668152670996 0.329924408113225 0.9331063882727061 0.0 0.0 0.0 0.0 0.0 0.0
8.520185822392355 6.991574655919944 12.416250956936459 -0.7390389616112557 -0.591488663792445 0.322432277890387 0.14304668152670996 0.329924408113225 0.9331063882727061 0.0 0.0 0.0 0.0 0.0 0.0
8.260102729200096 7.311597231723441 12.760674297797676 -0.21264333460954657 -0.9105391579926254 0.3545437265108664 0.14304668152670996 0.329924408113225 0.9331063882727061 0.0 0.0 0.0 0.0 0.0 0.0
7.951547581192759 7.424062377812364 13.185915892272778 0.3945390504172928 -0.8836606026685151 0.2519580857748688 0.14304668152670996 0.329924408113225 0.9331063882727061 0.0 0.0 0.0 0.0 0.0 0.0
7.732927622142233 7.335097061718578 13.668591340328133 0.8518294538494473 -0.521064610373224 0.053649355738448215 0.14304668152670996 0.329924408113225 0.9331063882727061 0.0 0.0 0.0 0.0 0.0 0.0
7.708482213899541 7.127355051294894 14.163496160712148 0.9854956059352128 0.039492539138563 -0.16504166151240335 0.14304668152670996 0.329924408113225 0.9331063882727061 0.0 0.0 0.0 0.0 0.0 0.0
7.9086805600384436 6.92861536641048 14.620779729161367 0.7447555007183198 0.5850458127515668 -0.3210305922052622 0.14304668152670996 0.329924408113225 0.9331063882727061 0.0 0.0 0.0 0.0 0.0 0.0
8.278645945999852 6.86323689295128 15.004884364016155 0.22107032913058308 0.9083304006558832 -0.3550546335740685 0.14304668152670996 0.329924408113225 0.9331063882727061 0.0 0.0 0.0 0.0 0.0 0.0
8.699004320442565 7.004912362902243 15.308054283975922 -0.3866031565926605 0.8865250828765908 -0.25418748345117675 0.14304668152670996 0.329924408113225 0.9331063882727061 0.0 0.0 0.0 0.0 0.0 0.0
9.031236493175497 7.348671253389478 15.553282159084976 -0.8473996394662663 0.5279140642035146 -0.05675025857709117 0.14304668152670996 0.329924408113225 0.9331063882727061 0.0 0.0 0.0 0.0 0.0 0.0
9.170303891428624 7.812768171422743 15.78557381096573 -0.9862548315402003 -0.0312603337129462 0.16224733834415667 0.14304668152670996 0.329924408113225 0.9331063882727061 0.0 0.0 0.0 0.0 0.0 0.0
9.08455446979961 8.269739295402534 16.054849748727158 -0.750415323810566 -0.5785584082069504 0.31960445879762067 0.14304668152670996 0.329924408113225 0.9331063882727061 0.0 0.0 0.0 0.0 0.0 0.0
8.827747851496126 8.594828012027186 16.39697953292787 -0.22948048829014783 -0.9060524704423868 0.3555385018522743 0.14304668152670996 0.329924408113225 0.9331063882727061 0.0 0.0 0.0 0.0 0.0 0.0
8.51863114866629 8.713382039505513 16.82015432981284 0.3786378214408585 -0.8893220507672839 0.2563975237664933 0.14304668152670996 0.329924408113225 0.9331063882727061 0.0 0.0 0.0 0.0 0.0 0.0
8.295824949147752 8.62921507752888 17.301774950307944 0.8429052923196986 -0.5347233153339135 0.059846839663826125 0.14304668152670996 0.329924408113225 0.9331063882727061 0.0 0.0 0.0 0.0 0.0 0.0
8.265159037535543 8.423157918996786 17.7970376597875 0.9869389500213251 0.023025747691887904 -0.1594406594129287 0.14304668152670996 0.329924408113225 0.9331063882727061 0.0 0.0 0.0 0.0 0.0 0.0
8.459465890634773 8.222349480375566 18.25595586593707 0.7560179998705528 0.5720269441995691 -0.3181539862730425 0.14304668152670996 0.329924408113225 0.9331063882727061 0.0 0.0 0.0 0.0 0.0 0.0
10.329121331190567 7.68230711986191 9.732850835874922 0.6983128184567085 -0.6718030980949323 -0.24706235036747037 0.7133600774067602 0.6247379037223589 0.3175215766130131 0.0 0.0 0.0 0.0 0.0 0.0
10.666008325226429 7.7092214776633705 10.150544351160926 0.6002365959070081 -0.3108276459924447 -0.736954682067196 0.7133600774067602 0.6247379037223589 0.3175215766130131 0.0 0.0 0.0 0.0 0.0 0.0
11.139719270185761 7.665282663780648 10.400249023481399 0.27412045515151817 0.16823642558368213 -0.9468656088243728 0.7133600774067602 0.6247379037223589 0.3175215766130131 0.0 0.0 0.0 0.0 0.0 0.0
11.675915981522097 7.659693348403291 10.434115650477187 -0.1561386295656399 0.5833846663175306 -0.7970464600404085 0.7133600774067602 0.6247379037223589 0.3175215766130131 0.0 0.0 0.0 0.0 0.0 0.0
12.176520887336034 7.787086586069241 10.286295511827662 -0.5270780384121369 0.7768953186458696 -0.34441603518092145 0.7133600774067602 0.6247379037223589 0.3175215766130131 0.0 0.0 0.0 0.0 0.0 0.0
12.556978337709392 8.091573136065561 10.059965727121579 -0.6977716881909992 0.6752504504235887 0.2390637997728272 0.7133600774067602 0.6247379037223589 0.3175215766130131 0.0 0.0 0.0 0.0 0.0 0.0
12.778378709804194 8.549983047482726 9.888130543095865 -0.603370207505602 0.31706664649990335 0.731719300259294 0.7133600774067602 0.6247379037223589 0.3175215766130131 0.0 0.0 0.0 0.0 0.0 0.0
12.862240824113023 9.08066831094606 9.88309079658784 -0.2797382971769171 -0.1615760775007305 0.9463824048829497 0.7133600774067602 0.6247379037223589 0.3175215766130131 0.0 0.0 0.0 0.0 0.0 0.0
12.882336584778395 9.574522302459101 10.093778949050845 0.15017086922419495 -0.5788333482508807 0.8014990112215502 0.7133600774067602 0.6247379037223589 0.3175215766130131 0.0 0.0 0.0 0.0 0.0 0.0
12.936663799808557 9.936431214025339 10.487168826341007 0.5230276116839931 -0.7761821524230217 0.3521127428482264 0.7133600774067602 0.6247379037223589 0.3175215766130131 0.0 0.0 0.0 0.0 0.0 0.0
13.110215175379171 10.121409379524142 10.960822814442665 0.6971774199097023 -0.678646379816106 -0.23104704354425792 0.7133600774067602 0.6247379037223589 0.3175215766130131 0.0 0.0 0.0 0.0 0.0 0.0
13.44268816575492 10.151690081390225 11.381809621698503 0.6064578701268526 -0.3232815011546567 -0.7264281951937102 0.7133600774067602 0.6247379037223589 0.3175215766130131 0.0 0.0 0.0 0.0 0.0 0.0
13.91340324670831 10.108278754896038 11.63720709900284 0.28533483604793625 0.15490342477391075 -0.9458271302573258 0.7133600774067602 0.6247379037223589 0.3175215766130131 0.0 0.0 0.0 0.0 0.0 0.0
14.4491604125169 10.100177668953107 11.677003252204525 -0.1441916727896473 0.574237949783718 -0.8058905251498574 0.7133600774067602 0.6247379037223589 0.3175215766130131 0.0 0.0 0.0 0.0 0.0 0.0
14.952049081976092 10.222974141731797 11.53309663484092 -0.5189373543782348 0.7754098769241564 -0.35978263576690317 0.7133600774067602 0.6247379037223589 0.3175215766130131 0.0 0.0 0.0 0.0 0.0 0.0
15.336645965176379 10.522525320353653 11.307177554333672 -0.6965300588686459 0.6819906276593151 0.2230126921887882 0.7133600774067602 0.6247379037223589 0.3175215766130131 0.0 0.0 0.0 0.0 0.0 0.0
15.562468799541207 10.977536284009318 11.132094224027963 -0.6094993486332947 0.32947173667146296 0.7210817698085817 0.7133600774067602 0.6247379037223589 0.3175215766130131 0.0 0.0 0.0 0.0 0.0 0.0
15.649356238207153 11.507650340406084 11.12138150583899 -0.29090964556647037 -0.14821897555156047 0.9451998272338147 0.7133600774067602 0.6247379037223589 0.3175215766130131 0.0 0.0 0.0 0.0 0.0 0.0
15.669930814012735 12.003977876662155 11.32612711800872 0.1382014956009573 -0.5695988208734255 0.8102206673945428 0.7133600774067602 0.6247379037223589 0.3175215766130131 0.0 0.0 0.0 0.0 0.0 0.0
15.722008425089074 12.370465343777678 11.715562556804665 0.5148075779837942 -0.7745785509610408 0.36742512984491166 0.7133600774067602 0.6247379037223589 0.3175215766130131 0.0 0.0 0.0 0.0 0.0 0.0
0.1147301044552213 3.5608439826423144 9.839035981845399 0.5934356004228453 -0.8006832719944217 -0.08210046345230981 0.8007497797599655 0.5769877757062972 0.16088783950276253 0.0 0.0 0.0 0.0 0.0 0.0
0.46581370778181036 3.637754053996236 10.238423320800845 0.5284671288855516 -0.5540527195266663 -0.6432325222441468 0.8007497797599655 0.5769877757062972 0.16088783950276253 0.0 0.0 0.0 0.0 0.0 0.0
0.9373614097661035 3.5883677905007603 10.4911857860714 0.262725159585418 -0.09692827564324964 -0.9599897915611617 0.8007497797599655 0.5769877757062972 0.16088783950276253 0.0 0.0 0.0 0.0 0.0 0.0
1.468797320144552 3.516886723522554 10.525118548149464 -0.10283049037164138 0.39702084071138527 -0.9120308888906956 0.8007497797599655 0.5769877757062972 0.16088783950276253 0.0 0.0 0.0 0.0 0.0 0.0
1.9767930170072194 3.535906569676787 10.351153840407802 -0.4293191178023989 0.7401351018452882 -0.5175762031873515 0.8007497797599655 0.5769877757062972 0.16088783950276253 0.0 0.0 0.0 0.0 0.0 0.0
2.3869254074582855 3.7236402355850373 10.059207620864026 -0.5927022345471537 0.802059663389161 0.07351433551951775 0.8007497797599655 0.5769877757062972 0.16088783950276253 0.0 0.0 0.0 0.0 0.0 0.0
2.6619513048949255 4.094203426999691 9.784018996415055 -0.5309078629345325 0.559268349089029 0.636675549068377 0.8007497797599655 0.5769877757062972 0.16088783950276253 0.0 0.0 0.0 0.0 0.0 0.0
2.8159567382706 4.592251856186594 9.653960583409246 -0.26741271788696824 0.10400163850181662 0.9579530768786338 0.8007497797599655 0.5769877757062972 0.16088783950276253 0.0 0.0 0.0 0.0 0.0 0.0
2.9090054341897873 5.114007462142401 9.742267604419958 0.09767698958807447 -0.3907770333669052 0.9152882146613553 0.8007497797599655 0.5769877757062972 0.16088783950276253 0.0 0.0 0.0 0.0 0.0 0.0
3.0243196029589874 5.546685431046406 10.03921460276231 0.42565757564642887 -0.7370929768159561 0.5248900568913422 0.8007497797599655 0.5769877757062972 0.16088783950276253 0.0 0.0 0.0 0.0 0.0 0.0
3.2366624294901265 5.811343032692551 10.455810306088734 0.591923732101552 -0.8033749748352397 -0.06492260918545549 0.8007497797599655 0.5769877757062972 0.16088783950276253 0.0 0.0 0.0 0.0 0.0 0.0
3.5839342893787216 5.892871283546773 10.857606898608541 0.5333081662942484 -0.5644413882013197 -0.6300700905845577 0.8007497797599655 0.5769877757062972 0.16088783950276253 0.0 0.0 0.0 0.0 0.0 0.0
4.052773762554657 5.845735102200332 11.115778994154415 0.2720799116747117 -0.1110670812329597 -0.9558434103604374 0.8007497797599655 0.5769877757062972 0.16088783950276253 0.0 0.0 0.0 0.0 0.0 0.0
4.583633860157849 5.773281176192107 11.15606655423297 -0.09251605032358781 0.3845034668383728 -0.9184758376907881 0.8007497797599655 0.5769877757062972 0.16088783950276253 0.0 0.0 0.0 0.0 0.0 0.0
5.093404921178758 5.788474827548108 10.986987518210027 -0.42196361801808235 0.7339947193026614 -0.532163938185308 0.8007497797599655 0.5769877757062972 0.16088783950276253 0.0 0.0 0.0 0.0 0.0 0.0
5.506989362195342 5.970982598264329 10.69660169573318 -0.5911001523720345 0.8046291061665853 0.05632593874334372 0.8007497797599655 0.5769877757062972 0.16088783950276253 0.0 0.0 0.0 0.0 0.0 0.0
5.785832504879728 6.336905599048913 10.419055372765177 -0.535667856172324 0.5695714429165685 0.6234166498239231 0.8007497797599655 0.5769877757062972 0.16088783950276253 0.0 0.0 0.0 0.0 0.0 0.0
5.94257014289482 6.832662428167922 10.283616894740371 -0.27672638552379053 0.1181240657758463 0.953660952665842 0.8007497797599655 0.5769877757062972 0.16088783950276253 0.0 0.0 0.0 0.0 0.0 0.0
6.036227992622557 7.355345641797313 10.365565460882728 0.08734806560366908 -0.37820061888218187 0.9215935152291552 0.8007497797599655 0.5769877757062972 0.16088783950276253 0.0 0.0 0.0 0.0 0.0 0.0
6.149796836653062 7.791818012452412 10.657591297819552 0.4182375262265158 -0.7308405652497226 0.5393972931350228 0.8007497797599655 0.5769877757062972 0.16088783950276253 0.0 0.0 0.0 0.0 0.0 0.0
8.631877380204818 0.1729779834453229 0.5778024659234272 0.5119994366596917 0.43460415989422824 -0.7409290121616177 0.6619276605842039 0.35011683211179234 0.6627744533591545 0.0 0.0 0.0 0.0 0.0 0.0
9.140835266921838 0.06703795613105412 0.7135363315559857 0.09372765026303888 0.8386084322731301 -0.5366106828013887 0.6619276605842039 0.35011683211179234 0.6627744533591545 0.0 0.0 0.0 0.0 0.0 0.0
9.671158374465463 0.15225874734029732 0.7269497751594888 -0.3601528375112881 0.9240113404461787 -0.12842498339273364 0.6619276605842039 0.35011683211179234 0.6627744533591545 0.0 0.0 0.0 0.0 0.0 0.0
10.119384631366165 0.4481079526783052 0.7110887397577204 -0.6772052408807431 0.6583668917379528 0.3285515143580405 0.6619276605842039 0.35011683211179234 0.6627744533591545 0.0 0.0 0.0 0.0 0.0 0.0
10.413241932299806 0.8940319117035233 0.7701210323917554 -0.7369760509717671 0.14259785355104335 0.6607057987158087 0.6619276605842039 0.35011683211179234 0.6627744533591545 0.0 0.0 0.0 0.0 0.0 0.0
10.539105519225451 1.3724610559325496 0.9797612326321968 -0.5167573377161266 -0.4273464933088798 0.7418469037295665 0.6619276605842039 0.35011683211179234 0.6627744533591545 0.0 0.0 0.0 0.0 0.0 0.0
10.547174254758911 1.7534765535653403 1.358505457920039 -0.10021387214017988 -0.8349347625084101 0.5411479669976563 0.6619276605842039 0.35011683211179234 0.6627744533591545 0.0 0.0 0.0 0.0 0.0 0.0
10.532399234984783 1.9441686458130794 1.8606043793122422 0.35440251894841335 -0.9253173560661876 0.13485787009181138 0.6619276605842039 0.35011683211179234 0.6627744533591545 0.0 0.0 0.0 0.0 0.0 0.0
10.598410280556237 1.9239346176303787 2.3934441564351823 0.6743754677943699 -0.6641564155732326 -0.3226669863652626 0.6619276605842039 0.35011683211179234 0.6627744533591545 0.0 0.0 0.0 0.0 0.0 0.0
10.818145235230674 1.7523061136200484 2.85273198386343 0.7381419014686914 -0.15067134870089474 -0.6576052599978487 0.6619276605842039 0.35011683211179234 0.6627744533591545 0.0 0.0 0.0 0.0 0.0 0.0
11.206139659570566 1.5463320709324684 3.162118671583589 0.5214758857005858 0.42005628263352585 -0.7427083007836206 0.6619276605842039 0.35011683211179234 0.6627744533591545 0.0 0.0 0.0 0.0 0.0 0.0
11.713004528464168 1.4361098710882905 3.3022049787707726 0.10669246234296233 0.831197509228943 -0.5456440406810988 0.6619276605842039 0.35011683211179234 0.6627744533591545 0.0 0.0 0.0 0.0 0.0 0.0
12.244189947505932 1.5153591696265172 3.3179117097159847 -0.34862521126159685 0.9265529051870194 -0.14128048684195946 0.6619276605842039 0.35011683211179234 0.6627744533591545 0.0 0.0 0.0 0.0 0.0 0.0
12.695906238671107 1.8058162320561535 3.3014135492401757 -0.6714943384051746 0.6698953613260795 0.31675788603221566 0.6619276605842039 0.35011683211179234 0.6627744533591545 0.0 0.0 0.0 0.0 0.0 0.0
12.994555374268222 2.2489759631783572 3.3571203588522116 -0.7392515396019875 0.1587333696441939 0.6544546420933163 0.6619276605842039 0.35011683211179234 0.6627744533591545 0.0 0.0 0.0 0.0 0.0 0.0
13.124692098152483 2.728318970905508 3.562010124721863 -0.5261547212773741 -0.41273408304593606 0.7435131377250567 0.6619276605842039 0.35011683211179234 0.6627744533591545 0.0 0.0 0.0 0.0 0.0 0.0
13.134891836766084 3.113579231415641 3.936383733730615 -0.11316292750166192 -0.8273969570410369 0.5500985614582955 0.6619276605842039 0.35011683211179234 0.6627744533591545 0.0 0.0 0.0 0.0 0.0 0.0
13.119296082495005 3.3102343295341874 4.436152327132662 0.3428213544151842 -0.9277178937168266 0.14769234453604366 0.6619276605842039 0.35011683211179234 0.6627744533591545 0.0 0.0 0.0 0.0 0.0 0.0
13.181846466749755 3.295416104589298 4.969587395118846 0.6685620721223127 -0.6755832919535568 -0.3108246633597706 0.6619276605842039 0.35011683211179234 0.6627744533591545 0.0 0.0 0.0 0.0 0.0 0.0
13.396795596381123 3.1265986469863365 5.432169971312058 0.7403048808684131 -0.16678330242683406 -0.6512541849339655 0.6619276605842039 0.35011683211179234 0.6627744533591545 0.0 0.0 0.0 0.0 0.0 0.0
7.545331073106795 9.904220587360836 3.8451344177490534 -0.775206238419717 0.587190245974575 -0.23294399100957955 0.33574705064257565 0.6953362523348695 0.6354379703587993 0.0 0.0 0.0 0.0 0.0 0.0
7.776098445963111 10.3879522709812 3.8072506480691275 -0.9417156447468557 0.23266451158338403 0.2429791544323905 0.33574705064257565 0.6953362523348695 0.6354379703587993 0.0 0.0 0.0 0.0 0.0 0.0
7.792201707968256 10.924719837337797 3.824753984287415 -0.7504515329887097 -0.21025436070152628 0.6265904567106716 0.33574705064257565 0.6953362523348695 0.6354379703587993 0.0 0.0 0.0 0.0 0.0 0.0
7.637239519415633 11.413559915556819 3.985088634828597 -0.274078336967618 -0.5732940860904768 0.7721495684507954 0.33574705064257565 0.6953362523348695 0.6354379703587993 0.0 0.0 0.0 0.0 0.0 0.0
7.419801165327354 11.771717588812791 4.321434803793859 0.3064218016128997 -0.7185298032076801 0.6243561494841201 0.33574705064257565 0.6953362523348695 0.6354379703587993 0.0 0.0 0.0 0.0 0.0 0.0
7.272211670558312 11.966086370819001 4.80010297667942 0.7705071746613571 -0.5907840349086115 0.23935939065027925 0.33574705064257565 0.6953362523348695 0.6354379703587993 0.0 0.0 0.0 0.0 0.0 0.0
7.300259310497369 12.025785913478746 5.333333130195166 0.9418639898629827 -0.23858953436543603 -0.23657400256720326 0.33574705064257565 0.6953362523348695 0.6354379703587993 0.0 0.0 0.0 0.0 0.0 0.0
7.543004876561485 12.03109896427266 5.812636232381906 0.7553909281895091 0.20424911928745867 -0.6226289769030098 0.33574705064257565 0.6953362523348695 0.6354379703587993 0.0 0.0 0.0 0.0 0.0 0.0
7.957941828474809 12.082970608234858 6.150011039692557 0.28193222343402236 0.5694901176598802 -0.772136793112 0.33574705064257565 0.6953362523348695 0.6354379703587993 0.0 0.0 0.0 0.0 0.0 0.0
8.437145239590928 12.264657542436657 6.311377240718008 -0.2986372466594567 0.7183722989662991 -0.6282969321789915 0.33574705064257565 0.6953362523348695 0.6354379703587993 0.0 0.0 0.0 0.0 0.0 0.0
8.848274280934389 12.61009746479144 6.329523136283868 -0.7657494337985066 0.5943328333510771 -0.24575656214666267 0.33574705064257565 0.6953362523348695 0.6354379703587993 0.0 0.0 0.0 0.0 0.0 0.0
9.084850714749141 13.091015575209312 6.291648815775654 -0.9419406083897067 0.2444963876307099 0.2301508346757878 0.33574705064257565 0.6953362523348695 0.6354379703587993 0.0 0.0 0.0 0.0 0.0 0.0
9.106711757243255 13.627666644880692 6.306237385273492 -0.7602727974465117 -0.19822832351217404 0.6186200814881514 0.33574705064257565 0.6953362523348695 0.6354379703587993 0.0 0.0 0.0 0.0 0.0 0.0
8.955268591637418 14.11913156197021 6.461840421811463 -0.2897646396700668 -0.5656427803519526 0.7720652165669605 0.33574705064257565 0.6953362523348695 0.6354379703587993 0.0 0.0 0.0 0.0 0.0 0.0
8.737773567301334 14.481658189480525 6.793435748758939 0.2908299493234598 -0.7181600878930595 0.6321898676299276 0.33574705064257565 0.6953362523348695 0.6354379703587993 0.0 0.0 0.0 0.0 0.0 0.0
8.58657323906451 14.680480202358677 7.26913877592454 0.7609333781515529 -0.5978363710472292 0.252135018329354 0.33574705064257565 0.6953362523348695 0.6354379703587993 0.0 0.0 0.0 0.0 0.0 0.0
8.608827698320134 14.743025395645665 7.802315988451756 0.9419454944922306 -0.25038462154945884 -0.223710139907246 0.33574705064257565 0.6953362523348695 0.6354379703587993 0.0 0.0 0.0 0.0 0.0 0.0
8.84579866268362 14.748495406572092 8.284498467548067 0.765096768986473 0.19219243188258228 -0.6145640757590021 0.33574705064257565 0.6953362523348695 0.6354379703587993 0.0 0.0 0.0 0.0 0.0 0.0
9.257173459611376 14.797775688393497 8.626591046237825 0.29757498920693126 0.5617523671563266 -0.7719348442665069 0.33574705064257565 0.6953362523348695 0.6354379703587993 0.0 0.0 0.0 0.0 0.0 0.0
9.736380484692063 14.975107439983748 8.79272105288807 -0.2830005041608277 0.7178931861486575 -0.6360346593748206 0.33574705064257565 0.6953362523348695 0.6354379703587993 0.0 0.0 0.0 0.0 0.0 0.0
2.8807836540070353 7.513539850396678 5.6852804587832875 0.4589177515451456 -0.556328704999024 0.692743003797842 0.14775513231347298 0.81662591933299 0.557934161661192 0.0 0.0 0.0 0.0 0.0 0.0
2.6824434302748923 7.714351142810678 6.142468694204172 0.8854672281498109 -0.3605301092012852 0.29319929780270604 0.14775513231347298 0.81662591933299 0.557934161661192 0.0 0.0 0.0 0.0 0.0 0.0
2.685945489060764 7.832979585488148 6.666491718784714 0.975612900557784 -0.02776009717599823 -0.21773572345852313 0.14775513231347298 0.81662591933299 0.557934161661192 0.0 0.0 0.0 0.0 0.0 0.0
2.911838539226487 7.945280113140876 7.14088187835182 0.6951069206660062 0.3155564398905245 -0.6459493030306946 0.14775513231347298 0.81662591933299 0.557934161661192 0.0 0.0 0.0 0.0 0.0 0.0
3.2961812338295964 8.129511741195646 7.468027873968256 0.15051820004525088 0.5389878096203095 -0.8287559426850818 0.14775513231347298 0.81662591933299 0.557934161661192 0.0 0.0 0.0 0.0 0.0 0.0
3.7148345568690826 8.436605657412642 7.606258926372784 -0.45125490130279916 0.557648699079719 -0.6967043436529569 0.14775513231347298 0.81662591933299 0.557934161661192 0.0 0.0 0.0 0.0 0.0 0.0
4.0306243109578395 8.8708156121313 7.585676201719789 -0.881588721066301 0.3644495243696898 -0.29996311619162386 0.14775513231347298 0.81662591933299 0.557934161661192 0.0 0.0 0.0 0.0 0.0 0.0
4.145455888340305 9.388101847397452 7.496716875292559 -0.9769922463193164 0.0327898820805082 0.21073911422676486 0.14775513231347298 0.81662591933299 0.557934161661192 0.0 0.0 0.0 0.0 0.0 0.0
4.037582052433177 9.91286253731559 7.455795536584236 -0.7012200827563434 -0.3113271846286517 0.6413780317803089 0.14775513231347298 0.81662591933299 0.557934161661192 0.0 0.0 0.0 0.0 0.0 0.0
3.76986507659782 10.366656185701702 7.561076340401223 -0.15904268597965418 -0.5371658487844366 0.8283467117916696 0.14775513231347298 0.81662591933299 0.557934161661192 0.0 0.0 0.0 0.0 0.0 0.0
3.4658943154891153 10.698002861955455 7.855178803235088 0.44355768625261394 -0.5589262260529553 0.7006126267749011 0.14775513231347298 0.81662591933299 0.557934161661192 0.0 0.0 0.0 0.0 0.0 0.0
3.263032542918256 10.901942287393798 8.3089859363871 0.8776430775884723 -0.36834118529579085 0.3067040912278886 0.14775513231347298 0.81662591933299 0.557934161661192 0.0 0.0 0.0 0.0 0.0 0.0
3.260229537498768 11.021918328054094 8.832706276784965 0.9782971903387123 -0.03781716990854747 -0.20372645639554918 0.14775513231347298 0.81662591933299 0.557934161661192 0.0 0.0 0.0 0.0 0.0 0.0
3.4804294073991544 11.133273943643816 9.309987165037203 0.707279844222495 0.3070742205963164 -0.6367579171096078 0.14775513231347298 0.81662591933299 0.557934161661192 0.0 0.0 0.0 0.0 0.0 0.0
3.861853740044651 11.314627137480574 9.642119066048691 0.16755506019776156 0.535302980689456 -0.8278743990890807 0.14775513231347298 0.81662591933299 0.557934161661192 0.0 0.0 0.0 0.0 0.0 0.0
4.281472253934354 11.618002662608825 9.785536971738717 -0.43582669256731726 0.560161188630106 -0.7044675555327853 0.14775513231347298 0.81662591933299 0.557934161661192 0.0 0.0 0.0 0.0 0.0 0.0
4.601744059540032 12.049066948310806 9.768371475978942 -0.8736305981923521 0.37220479561454 -0.31342170956015397 0.14775513231347298 0.81662591933299 0.557934161661192 0.0 0.0 0.0 0.0 0.0 0.0
4.722871742798937 12.564975328884563 9.6797614916631 -0.9795276332394326 0.04284157781268229 0.19669828400591932 0.14775513231347298 0.81662591933299 0.557934161661192 0.0 0.0 0.0 0.0 0.0 0.0
4.620716071240032 13.090649448468731 9.63598888737553 -0.7132857435901641 -0.30279787167319727 0.6320893108582097 0.14775513231347298 0.81662591933299 0.557934161661192 0.0 0.0 0.0 0.0 0.0 0.0
4.355966891986181 13.547300783677448 9.736301061386808 -0.17605467444931913 -0.5333993471999872 0.8273390405457545 0.14775513231347298 0.81662591933299 0.557934161661192 0.0 0.0 0.0 0.0 0.0 0.0
10.233611120035201 5.739813121740382 5.6763956284611075 0.5594404687461907 0.2041118690300699 -0.8033459446901404 0.3831095926508036 0.7957891200621386 0.468984772044533 0.0 0.0 0.0 0.0 0.0 0.0
10.705292251751333 5.872657706598179 5.896746095615841 0.022175063651618882 0.49965262679550443 -0.8659419836735017 0.3831095926508036 0.7957891200621386 0.468984772044533 0.0 0.0 0.0 0.0 0.0 0.0
11.18202818992459 6.119398123455604 5.919705060345295 -0.5235150188714961 0.6053669978948931 -0.5995521852813996 0.3831095926508036 0.7957891200621386 0.468984772044533 0.0 0.0 0.0 0.0 0.0 0.0
11.539428863073667 6.50413196653107 5.805996085574918 -0.870312993020976 0.4810923252975475 -0.1053824877229118 0.3831095926508036 0.7957891200621386 0.468984772044533 0.0 0.0 0.0 0.0 0.0 0.0
11.698441662079174 6.998530820295703 5.668265169412239 -0.8864645102645079 0.17404263488492266 0.4288237788227468 0.3831095926508036 0.7957891200621386 0.468984772044533 0.0 0.0 0.0 0.0 0.0 0.0
11.65538484807724 7.532602698158614 5.628284647125165 -0.5658333391623062 -0.19912876235816454 0.8001127222423978 0.3831095926508036 0.7957891200621386 0.468984772044533 0.0 0.0 0.0 0.0 0.0 0.0
11.48334630660929 8.021283168376385 5.770689845048827 -0.030232622283406035 -0.4966478135260199 0.8674254653108201 0.3831095926508036 0.7957891200621386 0.468984772044533 0.0 0.0 0.0 0.0 0.0 0.0
11.304416237940565 8.396752753873853 6.110824705083672 0.5168539732634494 -0.6054820568267053 0.6051887715272715 0.3831095926508036 0.7957891200621386 0.468984772044533 0.0 0.0 0.0 0.0 0.0 0.0
11.243303048740076 8.634202685466155 6.588912364630451 0.8675791030299103 -0.4842835436187782 0.11303074522383395 0.3831095926508036 0.7957891200621386 0.468984772044533 0.0 0.0 0.0 0.0 0.0 0.0
11.379954543373671 8.761260168052553 7.092765386107519 0.8886964264062321 -0.1790976154010112 -0.42206955096342086 0.3831095926508036 0.7957891200621386 0.468984772044533 0.0 0.0 0.0 0.0 0.0 0.0
11.71918441636944 8.847492343572977 7.500407640162039 0.5721831191789316 0.19413049126004742 -0.7968185681130937 0.3831095926508036 0.7957891200621386 0.468984772044533 0.0 0.0 0.0 0.0 0.0 0.0
12.188843449385814 8.977976570684453 7.7264150765432476 0.038287878583956186 0.4936051786026853 -0.8688428891405805 0.3831095926508036 0.7957891200621386 0.468984772044533 0.0 0.0 0.0 0.0 0.0 0.0
12.66723020553013 9.22097811378972 7.754369749006679 -0.5101535672242569 0.6055510059556714 -0.6107792703051076 0.3831095926508036 0.7957891200621386 0.468984772044533 0.0 0.0 0.0 0.0 0.0 0.0
13.029327439973672 9.60201502775627 7.6430972675858655 -0.8647791435311795 0.48743788187318265 -0.12067039499589075 0.3831095926508036 0.7957891200621386 0.468984772044533 0.0 0.0 0.0 0.0 0.0 0.0
13.194298241438966 10.094163422233068 7.504317965828839 -0.8908606648743573 0.18413895694028273 0.4152831808736805 0.3831095926508036 0.7957891200621386 0.468984772044533 0.0 0.0 0.0 0.0 0.0 0.0
13.156197326315182 10.628286297738345 7.4602024782188705 -0.5784893252357344 -0.18911743637341374 0.7934637331648194 0.3831095926508036 0.7957891200621386 0.468984772044533 0.0 0.0 0.0 0.0 0.0 0.0
12.986229751301718 11.119299847671712 7.596957073550196 -0.04634021911431443 -0.4905249537339297 0.870194147220471 0.3831095926508036 0.7957891200621386 0.468984772044533 0.0 0.0 0.0 0.0 0.0 0.0
12.80569892188305 11.498498218967041 7.932072452121125 0.5034143110157806 -0.6055738400310474 0.6163232558767822 0.3831095926508036 0.7957891200621386 0.468984772044533 0.0 0.0 0.0 0.0 0.0 0.0
12.739921400500382 11.739656014372885 8.407678736261806 0.8619133277525406 -0.4905550998456896 0.12830085525017446 0.3831095926508036 0.7957891200621386 0.468984772044533 0.0 0.0 0.0 0.0 0.0 0.0
12.870617049299046 11.868991759333566 8.912531204393757 0.8929570608537454 -0.18916627558505986 -0.4084651853618822 0.3831095926508036 0.7957891200621386 0.468984772044533 0.0 0.0 0.0 0.0 0.0 0.0
4.485568116772556 4.686685276087392 11.673506968293603 0.9762600113752875 0.061048701368241365 -0.20782070698266483 0.1639522940232945 0.41872983502085154 0.8931880935995002 0.0 0.0 0.0 0.0 0.0 0.0
4.710540029284566 4.538076747642084 12.138252324346107 0.7078110142280764 0.5807384754870428 -0.40217706452060004 0.1639522940232945 0.41872983502085154 0.8931880935995002 0.0 0.0 0.0 0.0 0.0 0.0
5.096857484761172 4.521847572957007 12.511321405886621 0.17045277880653992 0.8797959933387883 -0.44373963120521825 0.1639522940232945 0.41872983502085154 0.8931880935995002 0.0 0.0 0.0 0.0 0.0 0.0
5.522029656530033 4.70616792263633 12.783240024531617 -0.4316633171020883 0.8446043039165387 -0.31671809306397497 0.1639522940232945 0.41872983502085154 0.8931880935995002 0.0 0.0 0.0 0.0 0.0 0.0
5.848804161583167 5.083015849968938 12.982962743897131 -0.8697833018178388 0.4885333184054771 -0.06937005612359484 0.1639522940232945 0.41872983502085154 0.8931880935995002 0.0 0.0 0.0 0.0 0.0 0.0
5.977311535619154 5.571224962603798 13.16687255678654 -0.9774580681716778 -0.0531396426093366 0.20433282494362764 0.1639522940232945 0.41872983502085154 0.8931880935995002 0.0 0.0 0.0 0.0 0.0 0.0
5.883007312259645 6.047320892033819 13.39736004355119 -0.7137801721996904 -0.5746239649494177 0.40040624955211457 0.1639522940232945 0.41872983502085154 0.8931880935995002 0.0 0.0 0.0 0.0 0.0 0.0
5.625996876188092 6.392431270573051 13.719120147500044 -0.17892525504096207 -0.8777990358048511 0.4443586455202597 0.1639522940232945 0.41872983502085154 0.8931880935995002 0.0 0.0 0.0 0.0 0.0 0.0
5.3282004226000605 6.537447331280582 14.142171818677008 0.4239063579785636 -0.8474835769407815 0.31949176277489183 0.1639522940232945 0.41872983502085154 0.8931880935995002 0.0 0.0 0.0 0.0 0.0 0.0
5.127033436651475 6.489279483958352 14.63805164723133 0.865688858265679 -0.4951949380271121 0.07324461773392538 0.1639522940232945 0.41872983502085154 0.8931880935995002 0.0 0.0 0.0 0.0 0.0 0.0
5.123200253183489 6.3282319349315115 15.150627588702747 0.9785816877517941 0.04522653706090909 -0.20082938216886337 0.1639522940232945 0.41872983502085154 0.8931880935995002 0.0 0.0 0.0 0.0 0.0 0.0
5.342434796229642 6.17749377645076 15.617424466189664 0.719694973047679 0.5684656945721149 -0.3986049420974888 0.1639522940232945 0.41872983502085154 0.8931880935995002 0.0 0.0 0.0 0.0 0.0 0.0
5.725723831027248 6.15633739093452 15.993359334583337 0.18738410542447567 0.8757352304758006 -0.4449438202040393 0.1639522940232945 0.41872983502085154 0.8931880935995002 0.0 0.0 0.0 0.0 0.0 0.0
6.151727078552412 6.334804878760288 16.26786924516132 -0.41611711674465846 0.8502983108094746 -0.32224110195110967 0.1639522940232945 0.41872983502085154 0.8931880935995002 0.0 0.0 0.0 0.0 0.0 0.0
6.482876416222488 6.70709789328975 16.468924286410218 -0.8615284891553115 0.5018188466369917 -0.07711360148303634 0.1639522940232945 0.41872983502085154 0.8931880935995002 0.0 0.0 0.0 0.0 0.0 0.0
6.617640307681578 7.1937805296998665 16.652401279774676 -0.979630784547655 -0.03730998733658231 0.19731064545910554 0.1639522940232945 0.41872983502085154 0.8931880935995002 0.0 0.0 0.0 0.0 0.0 0.0
6.529097330978903 7.671958353322648 16.880855240979926 -0.7255549663370576 -0.5622641333312656 0.39677327933326184 0.1639522940232945 0.41872983502085154 0.8931880935995002 0.0 0.0 0.0 0.0 0.0 0.0
6.275164076870077 8.021968050060902 17.19975368369368 -0.19582868578287402 -0.8736047345184019 0.4454951106932415 0.1639522940232945 0.41872983502085154 0.8931880935995002 0.0 0.0 0.0 0.0 0.0 0.0
5.976591667675286 8.172839520077673 17.62020275090748 0.4082961865812504 -0.8530482911697351 0.32496590121980795 0.1639522940232945 0.41872983502085154 0.8931880935995002 0.0 0.0 0.0 0.0 0.0 0.0
5.771090387058749 8.129258605281102 18.114727805529405 0.8573025113149516 -0.5084045397988287 0.08097671273283816 0.1639522940232945 0.41872983502085154 0.8931880935995002 0.0 0.0 0.0 0.0 0.0 0.0
3.3176792919043647 10.025045539509806 11.860832130071335 0.89940071206012 -0.24517959517724844 -0.361891316909469 0.4368015113135238 0.47224272453029925 0.765631274728522 0.0 0.0 0.0 0.0 0.0 0.0
3.5845210241376604 9.883280612709274 12.305110531061452 0.7384128319626181 0.29786640386938223 -0.6049975992009128 0.4368015113135238 0.47224272453029925 0.765631274728522 0.0 0.0 0.0 0.0 0.0 0.0
4.019683984651028 9.809414342043146 12.611479710277441 0.2968895713983301 0.7277479760253371 -0.6182551785354822 0.4368015113135238 0.47224272453029925 0.765631274728522 0.0 0.0 0.0 0.0 0.0 0.0
4.5225229323062885 9.901438245410619 12.77691760209284 -0.25742700106911276 0.8811459247919615 -0.3966272788690681 0.4368015113135238 0.47224272453029925 0.765631274728522 0.0 0.0 0.0 0.0 0.0 0.0
4.966681386967893 10.194319390059713 12.851944293210142 -0.7139427518804616 0.6997818047558798 -0.024314044705822203 0.4368015113135238 0.47224272453029925 0.765631274728522 0.0 0.0 0.0 0.0 0.0 0.0
5.2480965688741055 10.646715819121578 12.921428597071708 -0.8992197147661574 0.2525588773651838 0.3572365015503148 0.4368015113135238 0.47224272453029925 0.765631274728522 0.0 0.0 0.0 0.0 0.0 0.0
5.324534588505383 11.156683052225612 13.07234497270213 -0.7428680738602961 -0.2906153900957957 0.6030669281916904 0.4368015113135238 0.47224272453029925 0.765631274728522 0.0 0.0 0.0 0.0 0.0 0.0
5.231635807325829 11.600404498013082 13.360730473589378 -0.30428843160304864 -0.7233800120291702 0.619782146071693 0.4368015113135238 0.47224272453029925 0.765631274728522 0.0 0.0 0.0 0.0 0.0 0.0
5.069374468587911 11.879231447297318 13.79039533417514 0.24989547325147207 -0.8813204731238217 0.40103176445416994 0.4368015113135238 0.47224272453029925 0.765631274728522 0.0 0.0 0.0 0.0 0.0 0.0
4.9640768108406395 11.957161367002193 14.311475398086712 0.7091399097882506 -0.7044325515862009 0.029922710626962768 0.4368015113135238 0.47224272453029925 0.765631274728522 0.0 0.0 0.0 0.0 0.0 0.0
5.020427617842718 11.87451586440799 14.83937634482722 0.8989702384094445 -0.25991892621678636 -0.3525544812484704 0.4368015113135238 0.47224272453029925 0.765631274728522 0.0 0.0 0.0 0.0 0.0 0.0
5.281698718976369 11.732621834404311 15.286912486473996 0.7472667434780187 0.28334224483508996 -0.6010903313010179 0.4368015113135238 0.47224272453029925 0.765631274728522 0.0 0.0 0.0 0.0 0.0 0.0
5.713309297798615 11.655315678026167 15.597430068187373 0.3116641190655998 0.7189569598444074 -0.6212619147978966 0.4368015113135238 0.47224272453029925 0.765631274728522 0.0 0.0 0.0 0.0 0.0 0.0
6.2159637223683895 11.741895783266568 15.766330976874533 -0.24234491492603383 0.8814279054894822 -0.40540570991775127 0.4368015113135238 0.47224272453029925 0.765631274728522 0.0 0.0 0.0 0.0 0.0 0.0
6.663375615955381 12.029397407297465 15.842819641229834 -0.7042830639463624 0.709029653150397 -0.035529097817838924 0.4368015113135238 0.47224272453029925 0.765631274728522 0.0 0.0 0.0 0.0 0.0 0.0
6.950246162955502 12.478522363073644 15.911209446619635 -0.8986523019885718 0.2672591812358405 0.3478456125579084 0.4368015113135238 0.47224272453029925 0.765631274728522 0.0 0.0 0.0 0.0 0.0 0.0
7.032268889441193 12.988569057621856 16.058890670336986 -0.7516085058400648 -0.27604752196543586 0.5990679590544007 0.4368015113135238 0.47224272453029925 0.765631274728522 0.0 0.0 0.0 0.0 0.0 0.0
6.942962433371245 13.4356907108522 16.34312945417049 -0.3190160720988277 -0.7144791563035975 0.6226943720239749 0.4368015113135238 0.47224272453029925 0.765631274728522 0.0 0.0 0.0 0.0 0.0 0.0
6.780936253628515 13.719946817922018 16.769311439699965 0.2347759010970472 -0.881468213707553 0.4097487821669302 0.4368015113135238 0.47224272453029925 0.765631274728522 0.0 0.0 0.0 0.0 0.0 0.0
6.672427247928091 13.803272217941766 17.288895673017155 0.6993725842224119 -0.713572759361386 0.0411327793303597 0.4368015113135238 0.47224272453029925 0.765631274728522 0.0 0.0 0.0 0.0 0.0 0.0
4.334435943387898 0.33066517439815657 7.389557916060562 -0.18840952809230913 0.906193704176705 -0.3785694391185534 0.5012502634441782 0.42021563604388196 0.7564172080415529 0.0 0.0 0.0 0.0 0.0 0.0
4.8054601050126875 0.5811122831031809 7.4535703134951 -0.6478352411089187 0.7617559331264372 0.006115449617173365 0.5012502634441782 0.42021563604388196 0.7564172080415529 0.0 0.0 0.0 0.0 0.0 0.0
5.128810203042535 1.0052016807330613 7.518976727862297 -0.8611375148006234 0.32791434720140944 0.3884769767984706 0.5012502634441782 0.42021563604388196 0.7564172080415529 0.0 0.0 0.0 0.0 0.0 0.0
5.2558639774778495 1.5040391641253426 7.672936481314151 -0.7472792491681072 -0.2305073816609532 0.6232496055053395 0.5012502634441782 0.42021563604388196 0.7564172080415529 0.0 0.0 0.0 0.0 0.0 0.0
5.212575423552119 1.9503324826150843 7.968966001951523 -0.3495171029338493 -0.7013555023524168 0.62123928890301 0.5012502634441782 0.42021563604388196 0.7564172080415529 0.0 0.0 0.0 0.0 0.0 0.0
5.089614435015046 2.2367517922754105 8.40660703804166 0.18103243431931215 -0.9057469416615209 0.3832097798794083 0.5012502634441782 0.42021563604388196 0.7564172080415529 0.0 0.0 0.0 0.0 0.0 0.0
5.007919795577254 2.3167060580846246 8.931600755513019 0.642804723073672 -0.7660299745521054 -0.00040753144623351735 0.5012502634441782 0.42021563604388196 0.7564172080415529 0.0 0.0 0.0 0.0 0.0 0.0
5.072752512989986 2.2220437670915194 9.456501576178386 0.8603647504104933 -0.3352854127721569 -0.3838700147618889 0.5012502634441782 0.42021563604388196 0.7564172080415529 0.0 0.0 0.0 0.0 0.0 0.0
5.333705402330205 2.05095315570723 9.893899214900294 0.7510578245348355 0.2228396829930977 -0.6214938615051114 0.5012502634441782 0.42021563604388196 0.7564172080415529 0.0 0.0 0.0 0.0 0.0 0.0
5.765861946405208 1.9306588570728778 10.18962730833678 0.3564114741012045 0.6963042575084567 -0.6230017994392968 0.5012502634441782 0.42021563604388196 0.7564172080415529 0.0 0.0 0.0 0.0 0.0 0.0
6.279262497216083 1.9690871358468234 10.3433421219883 -0.17364155422554753 0.9052312030099865 -0.38782093773187026 0.5012502634441782 0.42021563604388196 0.7564172080415529 0.0 0.0 0.0 0.0 0.0 0.0
6.753081450277605 2.2138628958300357 10.408653140681036 -0.6377252529700448 0.7702456798294048 -0.005300417759805584 0.5012502634441782 0.42021563604388196 0.7564172080415529 0.0 0.0 0.0 0.0 0.0 0.0
7.081530911858553 2.634216182766176 10.472755928978646 -0.8595264659135833 0.34263094506061037 0.3792338195374681 0.5012502634441782 0.42021563604388196 0.7564172080415529 0.0 0.0 0.0 0.0 0.0 0.0
7.21405128848946 3.13267220440978 10.62330507837243 -0.7547792039403883 -0.2151550142206245 0.6196907883411166 0.5012502634441782 0.42021563604388196 0.7564172080415529 0.0 0.0 0.0 0.0 0.0 0.0
7.174519721832994 3.5820836337919313 10.915112762467173 -0.3632787031549051 -0.6911999863994369 0.6247168659765049 0.5012502634441782 0.42021563604388196 0.7564172080415529 0.0 0.0 0.0 0.0 0.0 0.0
7.052178763361788 3.873936004525692 11.349324675818004 0.16623745065514667 -0.904646527497599 0.3924025615184122 0.5012502634441782 0.42021563604388196 0.7564172080415529 0.0 0.0 0.0 0.0 0.0 0.0
6.96773163699809 3.9595741708516314 11.87298476541392 0.6325972176193491 -0.774402727916059 0.011007963318508902 0.5012502634441782 0.42021563604388196 0.7564172080415529 0.0 0.0 0.0 0.0 0.0 0.0
7.027485066295424 3.868687210982489 12.399154120594657 0.8586227251485006 -0.34995038467604894 -0.3745687441894281 0.5012502634441782 0.42021563604388196 0.7564172080415529 0.0 0.0 0.0 0.0 0.0 0.0
7.28296157280696 3.6980290499152364 12.839940518751591 0.7584431039873132 0.20745396056081084 -0.6178405233243611 0.5012502634441782 0.42021563604388196 0.7564172080415529 0.0 0.0 0.0 0.0 0.0 0.0
7.711325208736851 3.5746600256853687 13.139890150176358 0.3701182671288684 0.6860430777353621 -0.6263843579056813 0.5012502634441782 0.42021563604388196 0.7564172080415529 0.0 0.0 0.0 0.0 0.0 0.0
1.3873119301560615 12.872974698663006 9.80434683149531 -0.49957340938153794 -0.3055955720261229 0.8105786544172829 0.5205127519396228 0.6420660121939769 0.562865624331034 0.0 0.0 0.0 0.0 0.0 0.0
1.2896279621651583 13.335768208627778 10.059229376308407 0.0013607644828396866 -0.6598289518093108 0.7514146010520744 0.5205127519396228 0.6420660121939769 0.562865624331034 0.0 0.0 0.0 0.0 0.0 0.0
1.192254180480935 13.648153688266069 10.485396903074616 0.5017779611694173 -0.7633822810483656 0.40677557776500833 0.5205127519396228 0.6420660121939769 0.562865624331034 0.0 0.0 0.0 0.0 0.0 0.0
1.2092607008337466 13.786526152919528 11.00428893559157 0.8115613211276036 -0.5769139186460328 -0.09240428843996676 0.5205127519396228 0.6420660121939769 0.562865624331034 0.0 0.0 0.0 0.0 0.0 0.0
1.4112626498734089 13.793391071665003 11.502117407651129 0.8130189666077053 -0.17126631306372447 -0.5564782205492826 0.5205127519396228 0.6420660121939769 0.562865624331034 0.0 0.0 0.0 0.0 0.0 0.0
1.7985922979329758 13.761215828958699 11.873096651826867 0.5055971137212993 0.29944822827154727 -0.8091367728522301 0.5205127519396228 0.6420660121939769 0.562865624331034 0.0 0.0 0.0 0.0 0.0 0.0
2.301172823973949 13.797299819309046 12.059633143171414 0.006090464199216663 0.6563973811790669 -0.7543907371031932 0.5205127519396228 0.6420660121939769 0.562865624331034 0.0 0.0 0.0 0.0 0.0 0.0
2.8051416715207704 13.983009613352735 12.07420624225635 -0.49573005449927965 0.7639701945976841 -0.41303904758813775 0.5205127519396228 0.6420660121939769 0.562865624331034 0.0 0.0 0.0 0.0 0.0 0.0
3.196108837546312 14.342866437293322 11.994627077447278 -0.8092144373289772 0.5812979581881371 0.08523308175026437 0.5205127519396228 0.6420660121939769 0.562865624331034 0.0 0.0 0.0 0.0 0.0 0.0
3.4026155471207455 14.83523014909346 11.934476796305043 -0.8152647260734935 0.1777809086793365 0.5511237383106071 0.5205127519396228 0.6420660121939769 0.562865624331034 0.0 0.0 0.0 0.0 0.0 0.0
3.4232826367343847 15.36811902462094 11.999955188651843 -0.5115823148833534 -0.2932780803750292 0.807633272389223 0.5205127519396228 0.6420660121939769 0.562865624331034 0.0 0.0 0.0 0.0 0.0 0.0
3.327334521573403 15.834155152498923 12.249533610851984 -0.01354122906884522 -0.6529158233469019 0.7573094233789379 0.5205127519396228 0.6420660121939769 0.562865624331034 0.0 0.0 0.0 0.0 0.0 0.0
3.228299682820103 16.151359097900954 12.671740739940127 0.48964439606619375 -0.7644999288588548 0.4192710628886464 0.5205127519396228 0.6420660121939769 0.562865624331034 0.0 0.0 0.0 0.0 0.0 0.0
3.240879299556775 16.294295260464583 13.189520721006122 0.8068059287179464 -0.5856377296401404 -0.0780553842313946 0.5205127519396228 0.6420660121939769 0.562865624331034 0.0 0.0 0.0 0.0 0.0 0.0
3.4373703531308872 16.303735284129626 13.689507974780554 0.8174483999739646 -0.18428196559044716 -0.5457272858654981 0.5205127519396228 0.6420660121939769 0.562865624331034 0.0 0.0 0.0 0.0 0.0 0.0
3.820198795200116 16.271168227939885 14.065096676570612 0.5175285570714564 0.2870855982172171 -0.8060682675256453 0.5205127519396228 0.6420660121939769 0.562865624331034 0.0 0.0 0.0 0.0 0.0 0.0
4.320997888137842 16.304042342896924 14.256942091415224 0.020990962721451997 0.6493845434469213 -0.7601704376100509 0.5205127519396228 0.6420660121939769 0.562865624331034 0.0 0.0 0.0 0.0 0.0 0.0
4.826581871688404 16.4849436849656 14.27550663108783 -0.4835214493166133 0.7649714434905596 -0.42547114907444333 0.5205127519396228 0.6420660121939769 0.562865624331034 0.0 0.0 0.0 0.0 0.0 0.0
5.221947125653221 16.84022029164781 14.197085008941446 -0.8043359787117685 0.5899329025116413 0.07087174249281085 0.5205127519396228 0.6420660121939769 0.562865624331034 0.0 0.0 0.0 0.0 0.0 0.0
5.433963967962223 17.329972122019814 14.134818602726282 -0.8195698220138984 0.19076898871639997 0.5402892741747001 0.5205127519396228 0.6420660121939769 0.562865624331034 0.0 0.0 0.0 0.0 0.0 0.0
0.7057049685216851 4.898774250508457 9.947408605498806 0.8746416648901564 0.3267124782795556 -0.3581353299726323 0.0446621110294832 0.6813236698364239 0.7306184727742777 0.0 0.0 0.0 0.0 0.0 0.0
0.9926279621796226 4.971113035373046 10.395880898994225 0.42544939531192455 0.6487389348774198 -0.6309759158659135 0.0446621110294832 0.6813236698364239 0.7306184727742777 0.0 0.0 0.0 0.0 0.0 0.0
1.3765321588856976 5.191331880855541 10.700522212614326 -0.18537821267986973 0.7242986237787714 -0.6640982019669941 0.0446621110294832 0.6813236698364239 0.7306184727742777 0.0 0.0 0.0 0.0 0.0 0.0
1.7181793861784624 5.5766546204184975 10.85378232020017 -0.7257775383161472 0.5246851558793567 -0.44491847801098156 0.0446621110294832 0.6813236698364239 0.7306184727742777 0.0 0.0 0.0 0.0 0.0 0.0
1.894385600775439 6.0815793577733945 10.90562324672403 -0.9904418427927771 0.12573502499337308 -0.056706785618330674 0.0446621110294832 0.6813236698364239 0.7306184727742777 0.0 0.0 0.0 0.0 0.0 0.0
1.8448205661435044 6.615165398031789 10.94453785968191 -0.8788207318878895 -0.3209839440651067 0.3530487627176201 0.0446621110294832 0.6813236698364239 0.7306184727742777 0.0 0.0 0.0 0.0 0.0 0.0
1.5949283180255922 7.075583138140769 11.063929949209967 -0.43332093183970494 -0.6457557462078946 0.6286751834366096 0.0446621110294832 0.6813236698364239 0.7306184727742777 0.0 0.0 0.0 0.0 0.0 0.0
1.2462605498603565 7.388800835582925 11.326628566583693 0.17680473495401838 -0.7251941439059774 0.6654573910794855 0.0446621110294832 0.6813236698364239 0.7306184727742777 0.0 0.0 0.0 0.0 0.0 0.0
0.9378954265910583 7.536710505103448 11.741018217192636 0.7197593269211793 -0.5291191617346707 0.4494212099970024 0.0446621110294832 0.6813236698364239 0.7306184727742777 0.0 0.0 0.0 0.0 0.0 0.0
0.7935994645407025 7.564007445057794 12.257853446761452 0.9892653168567695 -0.13202296361973695 0.06264239731472711 0.0446621110294832 0.6813236698364239 0.7306184727742777 0.0 0.0 0.0 0.0 0.0 0.0
0.8748065625951248 7.561209746300914 12.788968012769207 0.8829328732843963 0.31523096568057574 -0.3479353094324448 0.0446621110294832 0.6813236698364239 0.7306184727742777 0.0 0.0 0.0 0.0 0.0 0.0
1.1572782368962478 7.630268956089677 13.240770714044036 0.4411594693008553 0.6427233807381488 -0.6263265749580736 0.0446621110294832 0.6813236698364239 0.7306184727742777 0.0 0.0 0.0 0.0 0.0 0.0
1.5403122261056033 7.845836980741021 13.549802252849776 -0.168217792863073 0.7260344376914201 -0.6667659030352249 0.0446621110294832 0.6813236698364239 0.7306184727742777 0.0 0.0 0.0 0.0 0.0 0.0
1.8850009641388408 8.226904578308831 13.70684448307882 -0.7136863030668049 0.5335128731172489 -0.45388971681787865 0.0446621110294832 0.6813236698364239 0.7306184727742777 0.0 0.0 0.0 0.0 0.0 0.0
2.0670048869318287 8.729586452090723 13.760422538077568 -0.9880134545367873 0.13830084818627209 -0.0685732385500397 0.0446621110294832 0.6813236698364239 0.7306184727742777 0.0 0.0 0.0 0.0 0.0 0.0
2.0237911116752683 9.26379400856832 13.798369321191174 -0.8869777759241891 -0.3094539812375434 0.34279535952636836 0.0446621110294832 0.6813236698364239 0.7306184727742777 0.0 0.0 0.0 0.0 0.0 0.0
1.778390724487993 9.727461520285834 13.914456317294889 -0.4489644107604004 -0.6396420693945566 0.6239302692859312 0.0446621110294832 0.6813236698364239 0.7306184727742777 0.0 0.0 0.0 0.0 0.0 0.0
1.4306488857411996 10.045322602158494 14.172768237914324 0.15961804033591925 -0.7268194411434774 0.6680236381859574 0.0446621110294832 0.6813236698364239 0.7306184727742777 0.0 0.0 0.0 0.0 0.0 0.0
1.1192919843113678 10.197505169553091 14.583356167877643 0.7075589292373029 -0.5378659554289617 0.4583236581795123 0.0446621110294832 0.6813236698364239 0.7306184727742777 0.0 0.0 0.0 0.0 0.0 0.0
0.9692231630645526 10.227081175483681 15.098418990144156 0.9866863511669921 -0.14456820060776573 0.07449885766774325 0.0446621110294832 0.6813236698364239 0.7306184727742777 0.0 0.0 0.0 0.0 0.0 0.0
8.319092552091204 1.7897398898892114 4.215490801596361 0.911243127130248 0.17833048145649263 -0.37126028961010915 0.09169843113546575 0.7909372259296784 0.6049873571951394 0.0 0.0 0.0 0.0 0.0 0.0
8.599960246514632 1.912408658404463 4.656796606655142 0.5026980403084165 0.4876791196097401 -0.7137672986112115 0.09169843113546575 0.7909372259296784 0.6049873571951394 0.0 0.0 0.0 0.0 0.0 0.0
8.99541797504378 2.1462438975796005 4.9353991335367775 -0.09683043668961486 0.6117503066631781 -0.7851021773170711 0.09169843113546575 0.7909372259296784 0.6049873571951394 0.0 0.0 0.0 0.0 0.0 0.0
9.368803202482757 2.519527638407361 5.035037594395712 -0.6595714118706932 0.503407324295579 -0.5581636126517615 0.09169843113546575 0.7909372259296784 0.6049873571951394 0.0 0.0 0.0 0.0 0.0 0.0
9.591839105832367 3.007563094648032 5.007442642188034 -0.9717301802361573 0.20381148290646114 -0.11916935954209855 0.09169843113546575 0.7909372259296784 0.6049873571951394 0.0 0.0 0.0 0.0 0.0 0.0
9.59336908402161 3.5420573848301684 4.952683030723065 -0.9147124066676786 -0.1732157483850988 0.36509932566304865 0.09169843113546575 0.7909372259296784 0.6049873571951394 0.0 0.0 0.0 0.0 0.0 0.0
9.386390340329488 4.0370671397176805 4.981147822030856 -0.5101800966302595 -0.4844354208522845 0.7106606729135981 0.09169843113546575 0.7909372259296784 0.6049873571951394 0.0 0.0 0.0 0.0 0.0 0.0
9.063116027557658 4.421649825179132 5.17160773609027 0.08817816187333812 -0.6116099776093694 0.7862301489114399 0.09169843113546575 0.7909372259296784 0.6049873571951394 0.0 0.0 0.0 0.0 0.0 0.0
8.759941929559387 4.666815997000192 5.541288837332815 0.653036062421007 -0.5064236782991359 0.5630976462707324 0.09169843113546575 0.7909372259296784 0.6049873571951394 0.0 0.0 0.0 0.0 0.0 0.0
8.605627422537793 4.796542875418321 6.0393280647606655 0.9697946446742134 -0.2088385566506829 0.12603493332118146 0.09169843113546575 0.7909372259296784 0.6049873571951394 0.0 0.0 0.0 0.0 0.0 0.0
8.672377635284318 4.878664998276812 6.566096959204774 0.9181120273138884 0.16808782426383292 -0.3589105579887998 0.09169843113546575 0.7909372259296784 0.6049873571951394 0.0 0.0 0.0 0.0 0.0 0.0
8.94841151354548 4.999102745965135 7.011052180662199 0.517623300762502 0.48115483046196267 -0.7074999276543081 0.09169843113546575 0.7909372259296784 0.6049873571951394 0.0 0.0 0.0 0.0 0.0 0.0
9.342437639502496 5.22921975239682 7.294732771349308 -0.07951917194863892 0.6114230720878212 -0.7872982460359559 0.09169843113546575 0.7909372259296784 0.6049873571951394 0.0 0.0 0.0 0.0 0.0 0.0
9.718337367711744 5.598710667349378 7.398948702080146 -0.6464509817468355 0.5094014661788911 -0.5679887978238191 0.09169843113546575 0.7909372259296784 0.6049873571951394 0.0 0.0 0.0 0.0 0.0 0.0
9.94687857429119 6.084319662545755 7.373691568475252 -0.9677852554953649 0.21384972653026413 -0.13289090905212816 0.09169843113546575 0.7909372259296784 0.6049873571951394 0.0 0.0 0.0 0.0 0.0 0.0
9.954813101429064 6.6186757096334965 7.318141947970505 -0.9214417301746028 -0.16294709960397108 0.352694457885981 0.09169843113546575 0.7909372259296784 0.6049873571951394 0.0 0.0 0.0 0.0 0.0 0.0
9.75270495718043 7.115887960239375 7.342989040238416 -0.525027085876331 -0.4778375982684346 0.7042853035363297 0.09169843113546575 0.7909372259296784 0.6049873571951394 0.0 0.0 0.0 0.0 0.0 0.0
9.430916872186286 7.504177115284783 7.528377989607802 0.07085412633112496 -0.6111896043321129 0.7883063873508867 0.09169843113546575 0.7909372259296784 0.6049873571951394 0.0 0.0 0.0 0.0 0.0 0.0
9.12527998751875 7.753145580791577 7.893461404777917 0.6398166713275671 -0.5123404611647688 0.572836694830893 0.09169843113546575 0.7909372259296784 0.6049873571951394 0.0 0.0 0.0 0.0 0.0 0.0
8.965489333212194 7.885326022055046 8.389122962559066 0.9657021657223773 -0.21884461092521718 0.13973676462584217 0.09169843113546575 0.7909372259296784 0.6049873571951394 0.0 0.0 0.0 0.0 0.0 0.0
3.4402558006724706 3.3740583943262195 2.789818677271399 0.25299238988248257 0.7350474278271926 -0.629047001031066 0.6482392771094773 0.3538702055248992 0.6742119231030761 0.0 0.0 0.0 0.0 0.0 0.0
3.9744222969259657 3.3922861279188217 2.844764160495245 -0.21618578478367612 0.9345436412577472 -0.2826515328848877 0.6482392771094773 0.3538702055248992 0.6742119231030761 0.0 0.0 0.0 0.0 0.0 0.0
4.459309236735725 3.623543113941585 2.8352792179043385 -0.6032313653769443 0.7789911006380335 0.17112797828587908 0.6482392771094773 0.3538702055248992 0.6742119231030761 0.0 0.0 0.0 0.0 0.0 0.0
4.806689567827109 4.0323711458657785 2.8648029033482474 -0.7610992647729188 0.32748681684927017 0.5598931093986195 0.6482392771094773 0.3538702055248992 0.6742119231030761 0.0 0.0 0.0 0.0 0.0 0.0
4.9805772975654845 4.51584980799515 3.0219542406966333 -0.6298128285805447 -0.248435183948124 0.7359454873372311 0.6482392771094773 0.3538702055248992 0.6742119231030761 0.0 0.0 0.0 0.0 0.0 0.0
5.010899173211835 4.942697662126523 3.3468643750400995 -0.2592499689014641 -0.7299725047488532 0.6323998702840432 0.6482392771094773 0.3538702055248992 0.6742119231030761 0.0 0.0 0.0 0.0 0.0 0.0
4.982125010289786 5.203148260831777 3.8159300797133033 0.20980628839161722 -0.9341810665060515 0.2885949693479585 0.6482392771094773 0.3538702055248992 0.6742119231030761 0.0 0.0 0.0 0.0 0.0 0.0
5.00117619740817 5.250652256032928 4.3507810167300285 0.5991536289506425 -0.7834786224230772 -0.16485198549399446 0.6482392771094773 0.3538702055248992 0.6742119231030761 0.0 0.0 0.0 0.0 0.0 0.0
5.156804473098249 5.119562274600549 4.848053938466323 0.760872488556843 -0.3351195506175525 -0.5556689148685624 0.6482392771094773 0.3538702055248992 0.6742119231030761 0.0 0.0 0.0 0.0 0.0 0.0
5.485873656495747 4.912081781060346 5.21866211357418 0.6335231686506776 0.24055704136767667 -0.7353779331957371 0.6482392771094773 0.3538702055248992 0.6742119231030761 0.0 0.0 0.0 0.0 0.0 0.0
5.9593544661210025 4.759436272669044 5.421640865671371 0.2654878050315839 0.7248419914380724 -0.6357045798384655 0.6482392771094773 0.3538702055248992 0.6742119231030761 0.0 0.0 0.0 0.0 0.0 0.0
6.493353229256794 4.772018519033237 5.47971073879191 -0.2034108144384021 0.9337473502493105 -0.2945164281867754 0.6482392771094773 0.3538702055248992 0.6742119231030761 0.0 0.0 0.0 0.0 0.0 0.0
6.980984490841021 4.997448503267162 5.470645582840302 -0.5950302646557813 0.7879064792776611 0.15856343858516112 0.6482392771094773 0.3538702055248992 0.6742119231030761 0.0 0.0 0.0 0.0 0.0 0.0
7.332978584874308 5.4024817942439425 5.497724967703386 -0.7605877689549287 0.3427267637345856 0.5514024039992754 0.6482392771094773 0.3538702055248992 0.6742119231030761 0.0 0.0 0.0 0.0 0.0 0.0
7.5115966730423915 5.885639661797935 5.6504965479080065 -0.637185263478736 -0.23266057943717625 0.7347543771774958 0.6482392771094773 0.3538702055248992 0.6742119231030761 0.0 0.0 0.0 0.0 0.0 0.0
7.544968360351435 6.315762542948547 5.970755411509318 -0.27170542323747565 -0.719656278603305 0.6389608780279 0.6482392771094773 0.3538702055248992 0.6742119231030761 0.0 0.0 0.0 0.0 0.0 0.0
7.516404787884272 6.58183975274752 6.436665427362021 0.19699984996412762 -0.9332425255167 0.30041545845931655 0.6482392771094773 0.3538702055248992 0.6742119231030761 0.0 0.0 0.0 0.0 0.0 0.0
7.532747337415041 6.635184299490442 6.971055156423112 0.5908615865025106 -0.7922743340033456 -0.15226281645657894 0.6482392771094773 0.3538702055248992 0.6742119231030761 0.0 0.0 0.0 0.0 0.0 0.0
7.683776804180544 6.507929886868355 7.470736571681968 0.7602451276496708 -0.3503078768816413 -0.5470939017020854 0.6482392771094773 0.3538702055248992 0.6742119231030761 0.0 0.0 0.0 0.0 0.0 0.0
8.008104171714937 6.300822782688645 7.845707914833501 0.6407988341820149 0.22474639950276817 -0.7340748667687179 0.6482392771094773 0.3538702055248992 0.6742119231030761 0.0 0.0 0.0 0.0 0.0 0.0
9.855572535435211 4.149621928325346 1.2797052860910476 -0.6786362790189012 0.16223731540375896 0.7163322234061239 0.6256491425075433 0.6385682106481425 0.4481002017732255 0.0 0.0 0.0 0.0 0.0 0.0
9.886723287434819 4.68166919021244 1.3478260897171435 -0.324129538862294 -0.30969117277860575 0.8938855740752997 0.6256491425075433 0.6385682106481425 0.4481002017732255 0.0 0.0 0.0 0.0 0.0 0.0
9.843988700852016 5.143122339520204 1.619708138079854 0.15351943226499684 -0.6639628066620877 0.7318368501834515 0.6256491425075433 0.6385682106481425 0.4481002017732255 0.0 0.0 0.0 0.0 0.0 0.0
9.836248873684516 5.453225146157726 2.0584124194691613 0.5728438043667842 -0.7659838694284994 0.2917510712472747 0.6256491425075433 0.6385682106481425 0.4481002017732255 0.0 0.0 0.0 0.0 0.0 0.0
9.95908880974698 5.588721905657304 2.5636213667292456 0.7745352377519638 -0.5769948536316728 -0.2591758174735303 0.6256491425075433 0.6385682106481425 0.4481002017732255 0.0 0.0 0.0 0.0 0.0 0.0
10.258484077625791 5.592692670116375 3.0097511782412605 0.6819677847765663 -0.1687958461006653 -0.7116374799475522 0.6256491425075433 0.6385682106481425 0.4481002017732255 0.0 0.0 0.0 0.0 0.0 0.0
10.713333923502567 5.55818641614563 3.293663203807525 0.3303093684712264 0.3035315254800343 -0.8937361658453249 0.6256491425075433 0.6385682106481425 0.4481002017732255 0.0 0.0 0.0 0.0 0.0 0.0
11.243477800315558 5.592870182958692 3.3738480422479 -0.14683909939447234 0.6605421957543888 -0.7362895398666139 0.6256491425075433 0.6385682106481425 0.4481002017732255 0.0 0.0 0.0 0.0 0.0 0.0
11.740149699801282 5.778124564077957 3.286195656908297 -0.5682009383813901 0.7666018421850717 -0.2991142075879399 0.6256491425075433 0.6385682106481425 0.4481002017732255 0.0 0.0 0.0 0.0 0.0 0.0
12.107300177504499 6.138125859244471 3.1303601785373814 -0.7736937410641317 0.5814166318703402 0.2516996130762552 0.6256491425075433 0.6385682106481425 0.4481002017732255 0.0 0.0 0.0 0.0 0.0 0.0
12.298087142587839 6.630661093940129 3.031899634886938 -0.6852473560470785 0.1753415223403677 0.7068885425396634 0.6256491425075433 0.6385682106481425 0.4481002017732255 0.0 0.0 0.0 0.0 0.0 0.0
12.33267195129891 7.163165434170403 3.09457435675069 -0.3364640437429086 -0.29734876308063124 0.893518696146078 0.6256491425075433 0.6385682106481425 0.4481002017732255 0.0 0.0 0.0 0.0 0.0 0.0
12.290559770651928 7.627889114500356 3.3609266935155473 0.14014758415801462 -0.6570712820010938 0.7406861582506519 0.6256491425075433 0.6385682106481425 0.4481002017732255 0.0 0.0 0.0 0.0 0.0 0.0
12.280394236223515 7.9428333754233815 3.7961184633593636 0.563514801694655 -0.7671614352433456 0.3064545652236268 0.6256491425075433 0.6385682106481425 0.4481002017732255 0.0 0.0 0.0 0.0 0.0 0.0
12.398681918572418 8.082903163043918 4.301166560988513 0.7727933246024365 -0.5857941329814484 -0.24420424077895245 0.6256491425075433 0.6385682106481425 0.4481002017732255 0.0 0.0 0.0 0.0 0.0 0.0
12.693127863580424 8.089441159619295 4.750548294248203 0.6884747430783811 -0.18187384564428535 -0.7020857728324326 0.6256491425075433 0.6385682106481425 0.4481002017732255 0.0 0.0 0.0 0.0 0.0 0.0
13.144511647936035 8.054521007357387 5.039889553499579 0.34259309597498255 0.2911433564216832 -0.8932331815387241 0.6256491425075433 0.6385682106481425 0.4481002017732255 0.0 0.0 0.0 0.0 0.0 0.0
13.673989539298852 8.085966992352642 5.1256182809135815 -0.1334453961404236 0.6535503297257157 -0.7450263705160588 0.6256491425075433 0.6385682106481425 0.4481002017732255 0.0 0.0 0.0 0.0 0.0 0.0
14.173048548412593 8.266389795572865 5.041518223726161 -0.5587857511740385 0.7676626059881356 -0.31377158515768755 0.6256491425075433 0.6385682106481425 0.4481002017732255 0.0 0.0 0.0 0.0 0.0 0.0
14.544732327963994 8.621801313982619 4.885893923829208 -0.7718340569370858 0.5901270236013322 0.23669027138323653 0.6256491425075433 0.6385682106481425 0.4481002017732255 0.0 0.0 0.0 0.0 0.0 0.0
-0.19974012338703134 9.1565450886155 11.124724380965011 0.7446411922996587 -0.6351294866102435 0.20523164952986905 0.33866079063390686 0.6244763601062304 0.7038026318192415 0.0 0.0 0.0 0.0 0.0 0.0
-0.18522984591821 9.167623221884051 11.661708392765568 0.9404530576485572 -0.24793022693051323 -0.23254816476090157 0.33866079063390686 0.6244763601062304 0.7038026318192415 0.0 0.0 0.0 0.0 0.0 0.0
0.043656735632997656 9.122185652122655 12.14568304309174 0.7789710828601453 0.2334618711324606 -0.5819790432610289 0.33866079063390686 0.6244763601062304 0.7038026318192415 0.0 0.0 0.0 0.0 0.0 0.0
0.4501098000325354 9.129965723231793 12.496995552194562 0.3215449699911831 0.6261579010778799 -0.7103063530555759 0.33866079063390686 0.6244763601062304 0.7038026318192415 0.0 0.0 0.0 0.0 0.0 0.0
0.9298590504589903 9.280478507593719 12.686393705768547 -0.2580414529226408 0.7809660756019839 -0.5687764036353901 0.33866079063390686 0.6244763601062304 0.7038026318192415 0.0 0.0 0.0 0.0 0.0 0.0
1.3507877435724434 9.60901253346225 12.746139260237268 -0.7395936136481283 0.6390721809484132 -0.21115878903976726 0.33866079063390686 0.6244763601062304 0.7038026318192415 0.0 0.0 0.0 0.0 0.0 0.0
1.6031260491834591 10.083223083086406 12.757751162100252 -0.9401617952028873 0.2543840800354665 0.2266815798987483 0.33866079063390686 0.6244763601062304 0.7038026318192415 0.0 0.0 0.0 0.0 0.0 0.0
1.641154443995744 10.615420491758854 12.821035137233704 -0.7835467920930944 -0.22694878595796536 0.5784018267198209 0.33866079063390686 0.6244763601062304 0.7038026318192415 0.0 0.0 0.0 0.0 0.0 0.0
1.5005733228960727 11.09588491753123 13.016165826967377 -0.3292492624633752 -0.6220600137846106 0.7103775492071891 0.33866079063390686 0.6244763601062304 0.7038026318192415 0.0 0.0 0.0 0.0 0.0 0.0
1.2849398220580326 11.434550743588257 13.373227101394892 0.2501355667302925 -0.7808402420856756 0.5724689638714904 0.33866079063390686 0.6244763601062304 0.7038026318192415 0.0 0.0 0.0 0.0 0.0 0.0
1.1263247315266893 11.595224011892682 13.860782694149673 0.7344897120794652 -0.6429662074657356 0.2170698479903452 0.33866079063390686 0.6244763601062304 0.7038026318192415 0.0 0.0 0.0 0.0 0.0 0.0
1.135136593974612 11.609333112974332 14.397819365583967 0.9397989357965282 -0.26081856080783744 -0.22079773235665273 0.33866079063390686 0.6244763601062304 0.7038026318192415 0.0 0.0 0.0 0.0 0.0 0.0
1.358175653408169 11.563988614913168 14.884525186980152 0.7880628312042007 0.2204184177547511 -0.5747805626401348 0.33866079063390686 0.6244763601062304 0.7038026318192415 0.0 0.0 0.0 0.0 0.0 0.0
1.7608536600111557 11.568888502114675 15.24020976103702 0.33692848132949027 0.617914754212888 -0.710394647358092 0.33866079063390686 0.6244763601062304 0.7038026318192415 0.0 0.0 0.0 0.0 0.0 0.0
2.2403345245346697 11.714642076981724 15.433959852876013 -0.2422106317460986 0.7806549445617862 -0.5761179283795884 0.33866079063390686 0.6244763601062304 0.7038026318192415 0.0 0.0 0.0 0.0 0.0 0.0
2.6646034679304917 12.038345971024976 15.496383844813304 -0.7293298762755348 0.6468112696170144 -0.22296437623157891 0.33866079063390686 0.6244763601062304 0.7038026318192415 0.0 0.0 0.0 0.0 0.0 0.0
2.922621643080908 12.509490514329372 15.50798310017302 -0.9393645070626286 0.2672331792370026 0.21489707021238472 0.33866079063390686 0.6244763601062304 0.7038026318192415 0.0 0.0 0.0 0.0 0.0 0.0
2.9665116492892523 13.041550869249345 15.568568149449396 -0.7925188562796017 -0.21387126383564029 0.5711155267952499 0.33866079063390686 0.6244763601062304 0.7038026318192415 0.0 0.0 0.0 0.0 0.0 0.0
2.82974695727202 13.524859262848517 15.759339001028923 -0.34458204178728064 -0.613722438040278 0.7103576462061937 0.33866079063390686 0.6244763601062304 0.7038026318192415 0.0 0.0 0.0 0.0 0.0 0.0
2.6144347779870873 13.868269607385603 16.11203590041259 0.23426725148454047 -0.7804101971414401 0.5797230192769091 0.33866079063390686 0.6244763601062304 0.7038026318192415 0.0 0.0 0.0 0.0 0.0 0.0
1.1778156176942882 7.564067112362406 2.261086130747847 0.7527864104475226 -0.6421703329483927 -0.14467164105824085 0.6337022340913159 0.6475015492422727 0.4232767678913312 0.0 0.0 0.0 0.0 0.0 0.0
1.4479339935915367 7.598889106306021 2.7242368555219563 0.7142451040552564 -0.2795869019644688 -0.6416269130756644 0.6337022340913159 0.6475015492422727 0.4232767678913312 0.0 0.0 0.0 0.0 0.0 0.0
1.880864563431935 7.56997925714962 3.0411287052716487 0.40435014109107387 0.18921626751948017 -0.8948173933857259 0.6337022340913159 0.6475015492422727 0.4232767678913312 0.0 0.0 0.0 0.0 0.0 0.0
2.405966760656939 7.584201262127983 3.1540469020435955 -0.05916420084745133 0.5861330134454894 -0.8080517853995447 0.6337022340913159 0.6475015492422727 0.4232767678913312 0.0 0.0 0.0 0.0 0.0 0.0
2.917582476437162 7.732032305963947 3.0827696689083304 -0.5002010737113419 0.7603680279421638 -0.41429379423467705 0.6337022340913159 0.6475015492422727 0.4232767678913312 0.0 0.0 0.0 0.0 0.0 0.0
3.3151773417260353 8.053189265694341 2.917054152341498 -0.7512031957563163 0.6457265159481212 0.13686133598280295 0.6337022340913159 0.6475015492422727 0.4232767678913312 0.0 0.0 0.0 0.0 0.0 0.0
3.541535414905614 8.521539605052924 2.782536181618293 -0.7168106642857999 0.2857627045737653 0.6360205564609029 0.6337022340913159 0.6475015492422727 0.4232767678913312 0.0 0.0 0.0 0.0 0.0 0.0
3.604496474606765 9.055029561910633 2.792999116752767 -0.41008977701790383 -0.18276713596580071 0.8935449338428727 0.6337022340913159 0.6475015492422727 0.4232767678913312 0.0 0.0 0.0 0.0 0.0 0.0
3.5739775567331913 9.546857744374162 3.007145647672155 0.05243107287453293 -0.5818606858483993 0.8115966515833188 0.6337022340913159 0.6475015492422727 0.4232767678913312 0.0 0.0 0.0 0.0 0.0 0.0
3.5554103035711138 9.906050765190276 3.4062956608568853 0.4950324815811433 -0.7598956329853058 0.4213092322148608 0.6337022340913159 0.6475015492422727 0.4232767678913312 0.0 0.0 0.0 0.0 0.0 0.0
3.6496857201616777 10.092025552557239 3.901483126781507 0.7495627740333524 -0.649233524373628 -0.12904060838674947 0.6337022340913159 0.6475015492422727 0.4232767678913312 0.0 0.0 0.0 0.0 0.0 0.0
3.91482399467817 10.130007537615072 4.367255781964101 0.7193216366090133 -0.2919167452467327 -0.6303657644183129 0.6337022340913159 0.6475015492422727 0.4232767678913312 0.0 0.0 0.0 0.0 0.0 0.0
4.343931658893174 10.101447091408737 4.689336541313053 0.41579818302048743 0.1763040859871063 -0.8922044273938072 0.6337022340913159 0.6475015492422727 0.4232767678913312 0.0 0.0 0.0 0.0 0.0 0.0
4.867820532010808 10.11307516715058 4.808039273364334 -0.045693952072419296 0.5775440473073173 -0.8150797115398504 0.6337022340913159 0.6475015492422727 0.4232767678913312 0.0 0.0 0.0 0.0 0.0 0.0
5.38129346731577 10.256354426648574 4.740944559523587 -0.48982619081087553 0.7593653690339413 -0.42829258586584595 0.6337022340913159 0.6475015492422727 0.4232767678913312 0.0 0.0 0.0 0.0 0.0 0.0
5.783110507012991 10.572731045911322 4.576220537258474 -0.7478652702030948 0.6526910911526447 0.1212100538487668 0.6337022340913159 0.6475015492422727 0.4232767678913312 0.0 0.0 0.0 0.0 0.0 0.0
6.014451634835802 11.037888619939269 4.439126350582069 -0.7217778298046312 0.29804855532934865 0.6246629675822025 0.6337022340913159 0.6475015492422727 0.4232767678913312 0.0 0.0 0.0 0.0 0.0 0.0
6.081263483643876 11.570986371532653 4.444424107021074 -0.4214749243816053 -0.16982760976967423 0.8907959761232861 0.6337022340913159 0.6475015492422727 0.4232767678913312 0.0 0.0 0.0 0.0 0.0 0.0
6.052000110177435 12.065371914135405 4.652778834246318 0.03895335149894455 -0.5731834265509793 0.8185007000206391 0.6337022340913159 0.6475015492422727 0.4232767678913312 0.0 0.0 0.0 0.0 0.0 0.0
6.031616154410847 12.42910027662062 5.047710821795428 0.4845825978797388 -0.7587772764697212 0.43524332337821575 0.6337022340913159 0.6475015492422727 0.4232767678913312 0.0 0.0 0.0 0.0 0.0 0.0
8.276142527159305 9.251063584168358 5.468114270936581 0.8943846368670934 0.32566730749091405 -0.3066217966285764 0.22616983408293273 0.2621514387786115 0.9381491508801799 0.0 0.0 0.0 0.0 0.0 0.0
8.602003345243656 9.070756821659836 5.855398792637942 0.4982042738540286 0.7964734004299034 -0.3426698468222829 0.22616983408293273 0.2621514387786115 0.9381491508801799 0.0 0.0 0.0 0.0 0.0 0.0
9.041429843229052 9.072006195840382 6.164571711974041 -0.08725222232744555 0.9646859322204466 -0.24853189307388693 0.22616983408293273 0.2621514387786115 0.9381491508801799 0.0 0.0 0.0 0.0 0.0 0.0
9.460967194389513 9.293155758624463 6.417091778463881 -0.6395601404673592 0.7663981496717616 -0.05997251791505814 0.22616983408293273 0.2621514387786115 0.9381491508801799 0.0 0.0 0.0 0.0 0.0 0.0
9.73471679140665 9.689005803740976 6.655941107607945 -0.9488884683684011 0.27694289656902626 0.15137141948672975 0.22616983408293273 0.2621514387786115 0.9381491508801799 0.0 0.0 0.0 0.0 0.0 0.0
9.792167232202392 10.147984990844419 6.929295556586918 -0.8977182025671178 -0.31772759317859267 0.3052068238303367 0.22616983408293273 0.2621514387786115 0.9381491508801799 0.0 0.0 0.0 0.0 0.0 0.0
9.644982780476216 10.534538163085488 7.272221910661362 -0.5054897825626378 -0.7916880581555897 0.34308905301482423 0.22616983408293273 0.2621514387786115 0.9381491508801799 0.0 0.0 0.0 0.0 0.0 0.0
9.382571916909628 10.74062601755949 7.693355425165849 0.07878265717586212 -0.9648729935208086 0.25062601481590907 0.22616983408293273 0.2621514387786115 0.9381491508801799 0.0 0.0 0.0 0.0 0.0 0.0
9.138119562525176 10.726771042800651 8.17161914763358 0.6331242482774659 -0.7714865468312936 0.06294596334491848 0.22616983408293273 0.2621514387786115 0.9381491508801799 0.0 0.0 0.0 0.0 0.0 0.0
9.037987900456859 10.537055685416762 8.664231404426383 0.9469313521855177 -0.28499946243335844 -0.1486483120011917 0.22616983408293273 0.2621514387786115 0.9381491508801799 0.0 0.0 0.0 0.0 0.0 0.0
9.153709269914465 10.282374691603668 9.122959273821287 0.9009834035503592 0.30976368267991816 -0.3037686083508061 0.22616983408293273 0.2621514387786115 0.9381491508801799 0.0 0.0 0.0 0.0 0.0 0.0
9.47480983456086 10.098304339004187 9.512443079384532 0.5127367962672215 0.7868424257705022 -0.34348213164765534 0.22616983408293273 0.2621514387786115 0.9381491508801799 0.0 0.0 0.0 0.0 0.0 0.0
9.912788768049655 10.093594742117126 9.823630122231014 -0.07030709241991527 0.964986576007056 -0.25270105041656515 0.22616983408293273 0.2621514387786115 0.9381491508801799 0.0 0.0 0.0 0.0 0.0 0.0
10.334741197609112 10.30885386559422 10.07721395268379 -0.626640141224826 0.7765161923033527 -0.06591461519596514 0.22616983408293273 0.2621514387786115 0.9381491508801799 0.0 0.0 0.0 0.0 0.0 0.0
10.613850987259113 10.701119879539979 10.31577254452864 -0.9449021235139715 0.29303432448520605 0.1459138843711791 0.22616983408293273 0.2621514387786115 0.9381491508801799 0.0 0.0 0.0 0.0 0.0 0.0
10.677570308122714 11.160183076972478 10.587592210907086 -0.9041799911591212 -0.30177618247750865 0.30230725971566136 0.22616983408293273 0.2621514387786115 0.9381491508801799 0.0 0.0 0.0 0.0 0.0 0.0
10.53518177155153 11.55045638411383 10.928322826649831 -0.5199447630796282 -0.781936872288308 0.3438490527863161 0.22616983408293273 0.2621514387786115 0.9381491508801799 0.0 0.0 0.0 0.0 0.0 0.0
10.274271809876259 11.76248715661338 11.34743384479444 0.06182617350667556 -0.9650266710294432 0.25475684185385983 0.22616983408293273 0.2621514387786115 0.9381491508801799 0.0 0.0 0.0 0.0 0.0 0.0
10.0274551263972 11.754540069087163 11.824616693055573 0.6201083130992959 -0.7814867030609632 0.06887824739386555 0.22616983408293273 0.2621514387786115 0.9381491508801799 0.0 0.0 0.0 0.0 0.0 0.0
9.92199215240086 11.568453063008686 12.317500339977395 0.9428009368873823 -0.30104687083871556 -0.14316834483394336 0.22616983408293273 0.2621514387786115 0.9381491508801799 0.0 0.0 0.0 0.0 0.0 0.0
