t = 0
b = 13 13 13
E = -0.991307002545805 -0.991307002545805 0
7.67340929814634 5.27619956848851 4.37341103681989 -0.49695502938098 0.0352148878430892 0.867061480200307 0.686154215708269 0.627640238339616 0.367777274288068 0 0 0 0 0 0
7.69729957217775 5.79845944803469 4.49734236918369 -0.0910431091430696 -0.427500159250689 0.899419127058236 0.686154215708269 0.627640238339616 0.367777274288068 0 0 0 0 0 0
7.70043656661532 6.22327065282837 4.82629631986068 0.349457610417905 -0.727800748423624 0.590072410060851 0.686154215708269 0.627640238339616 0.367777274288068 0 0 0 0 0 0
7.78323243434335 6.4821796541186 5.2897572949777 0.657193541161445 -0.751597665090811 0.0565473189967564 0.686154215708269 0.627640238339616 0.367777274288068 0 0 0 0 0 0
8.01583559045775 6.56976194400233 5.76610823323929 0.715250657927692 -0.489850062747158 -0.498461043974962 0.686154215708269 0.627640238339616 0.367777274288068 0 0 0 0 0 0
8.41148015655217 6.54568289666969 6.12883496084269 0.50157209139392 -0.0420002317095565 -0.864095722516361 0.686154215708269 0.627640238339616 0.367777274288068 0 0 0 0 0 0
8.92145809666182 6.51202989519731 6.29459104130968 0.0973379015014279 0.421806189560933 -0.901445989163735 0.686154215708269 0.627640238339616 0.367777274288068 0 0 0 0 0 0
9.45362421448147 6.5745276279075 6.25486248018275 -0.343876584574384 0.725361387193813 -0.596321853154589 0.686154215708269 0.627640238339616 0.367777274288068 0 0 0 0 0 0
9.90740365402728 6.80237151165205 6.07920233386594 -0.654446606860491 0.753339666436096 -0.064645075162306 0.686154215708269 0.627640238339616 0.367777274288068 0 0 0 0 0 0
10.2120019689471 7.20193919606458 5.88880634063183 -0.716381421436531 0.495111611231756 0.491591447692157 0.686154215708269 0.627640238339616 0.367777274288068 0 0 0 0 0 0
10.3533011163094 7.71436758783609 5.81046863336708 -0.506150956750185 0.0487823770957685 0.861064160597663 0.686154215708269 0.627640238339616 0.367777274288068 0 0 0 0 0 0
10.3792231371545 8.23791592400152 5.928410528604 -0.103625281201728 -0.416080097696752 0.90340420266707 0.686154215708269 0.627640238339616 0.367777274288068 0 0 0 0 0 0
10.3815237718891 8.66661878880499 6.25228344026453 0.338269371197576 -0.722866786886017 0.602525884030456 0.686154215708269 0.627640238339616 0.367777274288068 0 0 0 0 0 0
10.4609329204318 8.93054414679277 6.71350214614831 0.651649833916633 -0.755024298049109 0.0727379083550982 0.686154215708269 0.627640238339616 0.367777274288068 0 0 0 0 0 0
10.68888566912 9.02236169228337 7.19130146053033 0.717457629726543 -0.500335455050255 -0.484684414817337 0.686154215708269 0.627640238339616 0.367777274288068 0 0 0 0 0 0
11.0803829070792 9.00012775505219 7.55861694730412 0.510691276751451 -0.0555608075150961 -0.85796702530939 0.686154215708269 0.627640238339616 0.367777274288068 0 0 0 0 0 0
11.5882922376428 8.96522872999973 7.73035882366267 0.109904769435663 0.410322319722212 -0.9052936184427 0.686154215708269 0.627640238339616 0.367777274288068 0 0 0 0 0 0
12.1212543638575 9.02386269063875 7.6957389912121 -0.332636397298488 0.720317137473706 -0.60868403022748 0.686154215708269 0.627640238339616 0.367777274288068 0 0 0 0 0 0
12.5783920128415 9.24669296542971 7.5223696149189 -0.648803435314957 0.75665143163863 -0.080825202274553 0.686154215708269 0.627640238339616 0.367777274288068 0 0 0 0 0 0
12.8876348983309 9.64200195787077 7.33057613122405 -0.718479200840302 0.505521196386725 0.477740471347796 0.686154215708269 0.627640238339616 0.367777274288068 0 0 0 0 0 0
10.8770939632707 2.00187664177852 12.7031875801576 0.719659192001602 0.450883689988266 -0.528009986146253 0.035213750749477 0.735782371369044 0.676301924986688 0 0 0 0 0 0
11.2168084417483 2.16227034581838 13.0873139069504 0.176343414592138 0.66152857962074 -0.728891582112835 0.035213750749477 0.735782371369044 0.676301924986688 0 0 0 0 0 0
11.5967204071309 2.47345951039782 13.3052893746661 -0.433968174325544 0.620847701687257 -0.652855079617371 0.035213750749477 0.735782371369044 0.676301924986688 0 0 0 0 0 0
11.8777093135211 2.92617092811187 13.3744465064409 -0.879407998256 0.344296401862756 -0.328788017220418 0.035213750749477 0.735782371369044 0.676301924986688 0 0 0 0 0 0
11.9582371390383 3.45736472146384 13.3686563993449 -0.990746020731344 -0.0630588573582732 0.120191109961076 0.035213750749477 0.735782371369044 0.676301924986688 0 0 0 0 0 0
11.8129243779559 3.97418424629684 13.3902638595464 -0.725683065540725 -0.446457002381022 0.52350762498016 0.035213750749477 0.735782371369044 0.676301924986688 0 0 0 0 0 0
11.5021921392498 4.3892338833893 13.5312048993343 -0.184920980977342 -0.660238667836199 0.727934840688546 0.035213750749477 0.735782371369044 0.676301924986688 0 0 0 0 0 0
11.1493071571114 4.65378209537405 13.8380787089617 0.426095675973262 -0.623184624778541 0.655807439997839 0.035213750749477 0.735782371369044 0.676301924986688 0 0 0 0 0 0
10.8935506977182 4.77627535253201 14.2944438451716 0.875231461681824 -0.349372323676215 0.334527828336268 0.035213750749477 0.735782371369044 0.676301924986688 0 0 0 0 0 0
10.8373032775546 4.81912917751495 14.8270646103766 0.991852182007772 0.0571723643844592 -0.113844498317278 0.035213750749477 0.735782371369044 0.676301924986688 0 0 0 0 0 0
11.0071485934884 4.87501544475827 15.3337345186081 0.731651675504811 0.441996315344519 -0.518965396681582 0.035213750749477 0.735782371369044 0.676301924986688 0 0 0 0 0 0
11.3437739318749 5.0316547859918 15.7221062483368 0.193484464913893 0.658898476320884 -0.726922664207825 0.035213750749477 0.735782371369044 0.676301924986688 0 0 0 0 0 0
11.7245040601265 5.33849005563495 15.9447759338867 -0.418190728785557 0.62547408994789 -0.658709858102688 0.035213750749477 0.735782371369044 0.676301924986688 0 0 0 0 0 0
12.0099075985931 5.78790216376229 16.0172926865557 -0.870988272843245 0.354421639434576 -0.340242163862813 0.035213750749477 0.735782371369044 0.676301924986688 0 0 0 0 0 0
12.0967693328594 6.31810469575063 16.0122512272664 -0.992882809900427 -0.0512815175137455 0.107489216974167 0.035213750749477 0.735782371369044 0.676301924986688 0 0 0 0 0 0
11.9573033993677 6.83661760420814 16.0317119383686 -0.737564567361103 -0.437501968577344 0.51438364715879 0.035213750749477 0.735782371369044 0.676301924986688 0 0 0 0 0 0
11.6497095995386 7.25540192516242 16.1684264180257 -0.202033214259335 -0.657508107135568 0.725855129751828 0.035213750749477 0.735782371369044 0.676301924986688 0 0 0 0 0 0
11.2960623221622 7.52430725240663 16.4705995973488 0.410253934754765 -0.627715922843668 0.661562112901545 0.035213750749477 0.735782371369044 0.676301924986688 0 0 0 0 0 0
11.0359324421217 7.65012471528752 16.9235758811239 0.866678754875519 -0.359443964612894 0.34593058863128 0.035213750749477 0.735782371369044 0.676301924986688 0 0 0 0 0 0
10.9733620115251 7.69400691512498 17.4554070534622 0.993837825923007 0.0453867653569286 -0.101125749911021 0.035213750749477 0.735782371369044 0.676301924986688 0 0 0 0 0 0
0.0327960403135788 0.863844366794915 0.227142463943573 0.12934769668983 -0.437994806698731 0.889623360004658 0.740696542052904 0.639159386481638 0.206987708000468 0 0 0 0 0 0
0.104287589964743 1.2854558395046 0.552438984869337 0.491355112297372 -0.725479615617502 0.481922691873622 0.740696542052904 0.639159386481638 0.206987708000468 0 0 0 0 0 0
0.287783552924603 1.54169421100703 0.987589798571411 0.666688505723754 -0.737342589190843 -0.108868464217933 0.740696542052904 0.639159386481638 0.206987708000468 0 0 0 0 0 0
0.623251181741577 1.62985531610288 1.39792404242946 0.58873578938828 -0.469076785419901 -0.65829867056944 0.740696542052904 0.639159386481638 0.206987708000468 0 0 0 0 0 0
1.09292115227421 1.61109035320275 1.6581990836178 0.287112503526712 -0.0226008683223105 -0.957630205804778 0.740696542052904 0.639159386481638 0.206987708000468 0 0 0 0 0 0
1.62803842701976 1.58717352165741 1.70018228926107 -0.123589622689726 0.432461496517293 -0.893142015131656 0.740696542052904 0.639159386481638 0.206987708000468 0 0 0 0 0 0
2.13498344338444 1.66183630185061 1.53857374445232 -0.487337984938037 0.723224508459334 -0.489334240371842 0.740696542052904 0.639159386481638 0.206987708000468 0 0 0 0 0 0
2.53083975074837 1.9013581315034 1.26542144415389 -0.665938498851786 0.739222437968714 0.100379793537446 0.740696542052904 0.639159386481638 0.206987708000468 0 0 0 0 0 0
2.77489535634526 2.30938573915083 1.01515072095078 -0.591537843153786 0.474377404153702 0.651957865621209 0.740696542052904 0.639159386481638 0.206987708000468 0 0 0 0 0 0
2.88410989198248 2.8255476910014 0.913493813729899 -0.292402070856336 0.0293084633334515 0.955846244401242 0.740696542052904 0.639159386481638 0.206987708000468 0 0 0 0 0 0
2.92667136636756 3.34839050799103 1.02972208799603 0.117822136861358 -0.426895252718553 0.896592654036261 0.740696542052904 0.639159386481638 0.206987708000468 0 0 0 0 0 0
2.99609040055745 3.77392253869118 1.35032868596105 0.483283744904342 -0.72091432495477 0.496708524173124 0.740696542052904 0.639159386481638 0.206987708000468 0 0 0 0 0 0
3.17567397960484 4.03512212633429 1.7841600076403 0.665137778184845 -0.741045992095918 -0.091883478547045 0.740696542052904 0.639159386481638 0.206987708000468 0 0 0 0 0 0
3.50687573611806 4.12740025676209 2.19704648749362 0.594294849022305 -0.47964189721155 -0.645567411557353 0.740696542052904 0.639159386481638 0.206987708000468 0 0 0 0 0 0
3.97354702216542 4.11034400162856 2.46277585556964 0.297669370636184 -0.0360138263916373 -0.953989491605485 0.740696542052904 0.639159386481638 0.206987708000468 0 0 0 0 0 0
4.50807205061548 4.08507839363589 2.51104328901687 -0.1120456784211 0.421296499193526 -0.899975013938962 0.740696542052904 0.639159386481638 0.206987708000468 0 0 0 0 0 0
5.01705626314393 4.15584733589049 2.35416138971896 -0.479192700942365 0.718549241033226 -0.504044981697205 0.740696542052904 0.639159386481638 0.206987708000468 0 0 0 0 0 0
5.41680848441474 4.3904096002478 2.08238242098337 -0.664286404700909 0.742813112701747 0.0833801662740113 0.740696542052904 0.639159386481638 0.206987708000468 0 0 0 0 0 0
5.66513659883218 4.79429613701812 1.8296099637735 -0.597006597037164 0.484869863681916 0.639127795035692 0.740696542052904 0.639159386481638 0.206987708000468 0 0 0 0 0 0
5.77737704067017 5.30870877447119 1.72252670755221 -0.302914001740984 0.0427164468575102 0.952060088816422 0.740696542052904 0.639159386481638 0.206987708000468 0 0 0 0 0 0
4.56513954480306 6.85174806894987 9.30265044726942 -0.574163615894354 0.0748053805702819 0.815316071975069 0.579442545214581 0.740660488156333 0.340100541133458 0 0 0 0 0 0
4.52203883184697 7.38386921917472 9.36326820163582 -0.125920459622857 -0.330926625561086 0.9352174112703 0.579442545214581 0.740660488156333 0.340100541133458 0 0 0 0 0 0
4.45023454615776 7.84055563469029 9.63706879432795 0.370161984537178 -0.61093407384367 0.69981402002266 0.579442545214581 0.740660488156333 0.340100541133458 0 0 0 0 0 0
4.46280869649096 8.15797960885013 10.0703920149039 0.725613701993192 -0.658837453200032 0.198539582301945 0.579442545214581 0.740660488156333 0.340100541133458 0 0 0 0 0 0
4.64078651302498 8.32522156482267 10.5489723395127 0.805392642447846 -0.456437468910899 -0.378163362140079 0.579442545214581 0.740660488156333 0.340100541133458 0 0 0 0 0 0
5.0023536077467 8.38841858539516 10.9413503138227 0.579189452589663 -0.0806292589549918 -0.811195722750839 0.579442545214581 0.740660488156333 0.340100541133458 0 0 0 0 0 0
5.49594695641045 8.43323616385184 11.1488161976073 0.132942506161421 0.325811354527239 -0.936041265819326 0.579442545214581 0.740660488156333 0.340100541133458 0 0 0 0 0 0
6.01984455353675 8.55232245082468 11.1429114453958 -0.363811521037718 0.608470787149214 -0.705269082227654 0.579442545214581 0.740660488156333 0.340100541133458 0 0 0 0 0 0
6.46081130299515 8.81010967287374 10.9762405836993 -0.722347468790367 0.65996199464415 -0.206553382827454 0.579442545214581 0.740660488156333 0.340100541133458 0 0 0 0 0 0
6.73711892421408 9.21833525236767 10.7624858718879 -0.806451536143917 0.46072260639764 0.370635400097296 0.579442545214581 0.740660488156333 0.340100541133458 0 0 0 0 0 0
6.82959589239398 9.7315825644866 10.6332175111909 -0.584171181765734 0.0864469971094634 0.807013597831649 0.579442545214581 0.740660488156333 0.340100541133458 0 0 0 0 0 0
6.78891102130941 10.2645354723167 10.6879079255122 -0.139954428613432 -0.320671271697314 0.93679383720193 0.579442545214581 0.740660488156333 0.340100541133458 0 0 0 0 0 0
6.71632353381874 10.7243913536734 10.9561405245001 0.357433351882377 -0.605961163048527 0.710670435461477 0.579442545214581 0.740660488156333 0.340100541133458 0 0 0 0 0 0
6.72521299013631 11.0461183688467 11.3863704716126 0.719026226031112 -0.661036277427229 0.214551453513157 0.579442545214581 0.740660488156333 0.340100541133458 0 0 0 0 0 0
6.89800449730186 11.2171621437809 11.8655074293043 0.807449015433207 -0.464972658074142 -0.363079212733822 0.579442545214581 0.740660488156333 0.340100541133458 0 0 0 0 0 0
7.25485403294183 11.2822153866766 12.2618804690291 0.589108424044603 -0.0922581519904119 -0.802770015702504 0.579442545214581 0.740660488156333 0.340100541133458 0 0 0 0 0 0
7.7459908523791 11.3262383809233 12.4752620584152 0.146955692993849 0.31550676850852 -0.937475068106885 0.579442545214581 0.740660488156333 0.340100541133458 0 0 0 0 0 0
8.27062622665827 11.4421811529789 12.4749461765287 -0.35102796279343 0.6034053926592 -0.716017668390167 0.579442545214581 0.740660488156333 0.340100541133458 0 0 0 0 0 0
8.71524476577358 11.6956702032774 12.3114140446032 -0.715650226640922 0.662060219738475 -0.222533185275005 0.579442545214581 0.740660488156333 0.340100541133458 0 0 0 0 0 0
8.99673081320812 12.100075901497 12.0971554660922 -0.808385004353805 0.469187300282517 0.355495375482581 0.579442545214581 0.740660488156333 0.340100541133458 0 0 0 0 0 0
5.46693424706511 3.57574645788895 10.421794502204 0.610389380481944 0.195368863843913 -0.767629996310206 0.383282576749697 0.775248906578259 0.502079275821385 0 0 0 0 0 0
5.9297749197319 3.68884248917157 10.6701347960587 0.0879704450967315 0.510480857147207 -0.855377399324845 0.383282576749697 0.775248906578259 0.502079275821385 0 0 0 0 0 0
6.41266845812649 3.9183026479032 10.7234917848228 -0.467869933168138 0.631652638035487 -0.618152627188506 0.383282576749697 0.775248906578259 0.502079275821385 0 0 0 0 0 0
6.78891103053385 4.29174804534999 10.6359408627691 -0.845958701454298 0.512849021065153 -0.146081337022467 0.383282576749697 0.775248906578259 0.502079275821385 0 0 0 0 0 0
6.97231729032658 4.78209739328541 10.5150906953447 -0.902653615382732 0.199205486613788 0.381488695428117 0.383282576749697 0.775248906578259 0.502079275821385 0 0 0 0 0 0
6.94996363009077 5.31785563816244 10.4812008880466 -0.616415329263616 -0.190119542740281 0.764124794334704 0.383282576749697 0.775248906578259 0.502079275821385 0 0 0 0 0 0
6.78709807615379 5.81027612728971 10.6214933516604 -0.0959905536425376 -0.507214979178073 0.856457108388264 0.383282576749697 0.775248906578259 0.502079275821385 0 0 0 0 0 0
6.60235147249364 6.1870769459538 10.9570152400797 0.460902638183813 -0.631610964843891 0.62340704776588 0.383282576749697 0.775248906578259 0.502079275821385 0 0 0 0 0 0
6.52266763970982 6.41990202530805 11.4346427846528 0.84269121188296 -0.516047384993322 0.153514226887225 0.383282576749697 0.775248906578259 0.502079275821385 0 0 0 0 0 0
6.63507529519003 6.53509408701562 11.9472639020752 0.904327305142045 -0.204428775731617 -0.374701215406889 0.383282576749697 0.775248906578259 0.502079275821385 0 0 0 0 0 0
6.95362438833208 6.60368660286281 12.3744718656556 0.622394335631415 0.184855743297393 -0.760561401297685 0.383282576749697 0.775248906578259 0.502079275821385 0 0 0 0 0 0
7.41404828986497 6.71441699121114 12.628309833879 0.104003352136041 0.503910474824511 -0.857471594926971 0.383282576749697 0.775248906578259 0.502079275821385 0 0 0 0 0 0
7.89817975878974 6.94001378815127 12.6866871250585 -0.453900243679134 0.631521192031941 -0.628613993482948 0.383282576749697 0.775248906578259 0.502079275821385 0 0 0 0 0 0
8.27884465288586 7.30956586068593 12.6017718366442 -0.839359548113225 0.519206449915165 -0.16093542604925 0.383282576749697 0.775248906578259 0.502079275821385 0 0 0 0 0 0
8.46817751157908 7.79747105981561 12.4801713127981 -0.905932126875825 0.209636496806696 0.367885200437394 0.383282576749697 0.775248906578259 0.502079275821385 0 0 0 0 0 0
8.45100311344576 8.3331629049886 12.4424302319673 -0.628325944260859 -0.179577866373954 0.756940088565323 0.383282576749697 0.775248906578259 0.502079275821385 0 0 0 0 0 0
8.29060179654788 8.82791996987121 12.577233668142 -0.112008230371615 -0.500567595737322 0.858420781683887 0.383282576749697 0.775248906578259 0.502079275821385 0 0 0 0 0 0
8.10466820001245 9.20857263555512 12.9077141485119 0.446863282913552 -0.631383326436184 0.633773067810634 0.383282576749697 0.775248906578259 0.502079275821385 0 0 0 0 0 0
8.02059710287773 9.4453014521114 13.3826632196309 0.835963963864189 -0.522325975255657 0.168344369355494 0.383282576749697 0.775248906578259 0.502079275821385 0 0 0 0 0 0
8.1270840176095 9.56296604617314 13.8959863950414 0.907467958370684 -0.214828253250902 -0.361041169585559 0.383282576749697 0.775248906578259 0.502079275821385 0 0 0 0 0 0
3.56738393821626 -0.275586839616658 8.2122632597596 -0.553390425947094 0.580543786172099 0.597267066568263 0.771202085534505 0.0862407763129327 0.630721707069111 0 0 0 0 0 0
3.9155994020974 0.1090475605558 8.35186079210302 -0.63277298784837 -0.00449112877469195 0.774324334895769 0.771202085534505 0.0862407763129327 0.630721707069111 0 0 0 0 0 0
4.11957424348828 0.492658207782753 8.66796558095008 -0.47175451226587 -0.587819788812309 0.657202842383875 0.771202085534505 0.0862407763129327 0.630721707069111 0 0 0 0 0 0
4.21601262896438 0.742275315654165 9.13387977839746 -0.131508610158733 -0.947825883257357 0.290399002204778 0.771202085534505 0.0862407763129327 0.630721707069111 0 0 0 0 0 0
4.28247362261687 0.775835483613678 9.66599043753484 0.258699611654417 -0.94773707784924 -0.186732274124313 0.771202085534505 0.0862407763129327 0.630721707069111 0 0 0 0 0 0
4.40790520088598 0.593358954856868 10.15553546891 0.550623525773201 -0.587587111247251 -0.592920837516443 0.771202085534505 0.0862407763129327 0.630721707069111 0 0 0 0 0 0
4.65885142918048 0.276941925602792 10.5099241767171 0.633356356516326 -0.00420297714981846 -0.773848861628317 0.771202085534505 0.0862407763129327 0.630721707069111 0 0 0 0 0 0
5.05417125887147 -0.040433172424832 10.6879140121668 0.475466518265314 0.58077793823686 -0.660778765144584 0.771202085534505 0.0862407763129327 0.630721707069111 0 0 0 0 0 0
5.55787369636161 -0.22541992115716 10.7152793073103 0.136939000349046 0.945111604798045 -0.296667768150616 0.771202085534505 0.0862407763129327 0.630721707069111 0 0 0 0 0 0
6.09279138329011 -0.194968449837794 10.6750191753693 -0.253613933297817 0.950381571273075 0.180152273984349 0.771202085534505 0.0862407763129327 0.630721707069111 0 0 0 0 0 0
6.56989776614339 0.0521225305570675 10.6758247599514 -0.547814693485995 0.594585689288944 0.58852945524726 0.771202085534505 0.0862407763129327 0.630721707069111 0 0 0 0 0 0
6.92212977237953 0.434749337534009 10.8107856523753 -0.633891492645595 0.0128967630013464 0.773314456773974 0.771202085534505 0.0862407763129327 0.630721707069111 0 0 0 0 0 0
7.12986619292169 0.820315962042905 11.1220235995532 -0.47914231564855 -0.573691859172841 0.664304367044019 0.771202085534505 0.0862407763129327 0.630721707069111 0 0 0 0 0 0
7.22838210753552 1.07510950920211 11.5846897481012 -0.142358962104302 -0.942325352430881 0.302913941697312 0.771202085534505 0.0862407763129327 0.630721707069111 0 0 0 0 0 0
7.29444729225834 1.11509996262439 12.1164051391902 0.248508941258291 -0.952953689460705 -0.173558554551233 0.771202085534505 0.0862407763129327 0.630721707069111 0 0 0 0 0 0
7.41716009796034 0.937864592549369 12.6085578523083 0.544964142988929 -0.601538987328366 -0.584093254181476 0.771202085534505 0.0862407763129327 0.630721707069111 0 0 0 0 0 0
7.66409749720398 0.623508391385397 12.9675664897572 0.634378355483488 -0.0215895667144399 -0.772721161029739 0.771202085534505 0.0862407763129327 0.630721707069111 0 0 0 0 0 0
8.05564146254083 0.304230847809552 13.1504333142356 0.482781624489373 0.566562091252608 -0.667779379593944 0.771202085534505 0.0862407763129327 0.630721707069111 0 0 0 0 0 0
8.55723551437078 0.11410115076164 13.1810798081239 0.147768082673428 0.939467338339767 -0.30913704717457 0.771202085534505 0.0862407763129327 0.630721707069111 0 0 0 0 0 0
9.09251330529566 0.138123063048659 13.1412585023817 -0.243385024300746 0.955453236535373 0.166951617962228 0.771202085534505 0.0862407763129327 0.630721707069111 0 0 0 0 0 0
5.864776497758 1.69873728077804 7.23699625905918 0.513157213036178 -0.401606069810408 -0.758539543728855 0.857641406873943 0.274403155676257 0.434918527278612 0 0 0 0 0 0
6.26931931343392 1.45251542137892 7.49077767752277 0.396047125944916 0.187017291543375 -0.898983429599541 0.857641406873943 0.274403155676257 0.434918527278612 0 0 0 0 0 0
6.76414108393063 1.24892415947162 7.5396357949226 0.128472114152347 0.704589657077459 -0.697888480363944 0.857641406873943 0.274403155676257 0.434918527278612 0 0 0 0 0 0
7.28824807689075 1.20594413206506 7.42941021126437 -0.187911601745903 0.954476631776957 -0.231654029364925 0.857641406873943 0.274403155676257 0.434918527278612 0 0 0 0 0 0
7.76952061432024 1.38053708290472 7.2663790843234 -0.432904558426443 0.841741976066108 0.322589660438659 0.857641406873943 0.274403155676257 0.434918527278612 0 0 0 0 0 0
8.15211254403506 1.74700514367409 7.17688228062972 -0.513429835582535 0.409215470472396 0.754276144830093 0.857641406873943 0.274403155676257 0.434918527278612 0 0 0 0 0 0
8.41766812657374 2.20675388381363 7.2593227478834 -0.398894534111741 -0.178778834071592 0.899400510975939 0.857641406873943 0.274403155676257 0.434918527278612 0 0 0 0 0 0
8.59229568751043 2.62574998310126 7.54678158991371 -0.132812529970937 -0.698852070529075 0.702827585827381 0.857641406873943 0.274403155676257 0.434918527278612 0 0 0 0 0 0
8.73664862806128 2.88544273092238 7.99445000224788 0.183727174812912 -0.953419721209034 0.239238710172401 0.857641406873943 0.274403155676257 0.434918527278612 0 0 0 0 0 0
8.92288218389173 2.92780342329451 8.49665288609351 0.430465854130783 -0.845767279474004 -0.315240951335004 0.857641406873943 0.274403155676257 0.434918527278612 0 0 0 0 0 0
9.20724044471591 2.77737143769843 8.92699658516325 0.513663358459088 -0.416793707791966 -0.749955304882602 0.857641406873943 0.274403155676257 0.434918527278612 0 0 0 0 0 0
9.60868828426328 2.53193131329675 9.18638794888762 0.40171156491541 0.170526761899424 -0.899749099521255 0.857641406873943 0.274403155676257 0.434918527278612 0 0 0 0 0 0
10.101706287673 2.32536276963566 9.24068147706548 0.137142831601166 0.693061263689804 -0.707713168249049 0.857641406873943 0.274403155676257 0.434918527278612 0 0 0 0 0 0
10.6259860038614 2.27677756283988 9.13365176627274 -0.179528756344231 0.952290204038026 -0.246805172025847 0.857641406873943 0.274403155676257 0.434918527278612 0 0 0 0 0 0
11.1093421343923 2.44526693801841 8.97036280875098 -0.427994368193714 0.849728174429045 0.307868235412401 0.857641406873943 0.274403155676257 0.434918527278612 0 0 0 0 0 0
11.4951369352265 2.80745187729478 8.87725242517855 -0.513857763882166 0.424340204657005 0.745577352935074 0.857641406873943 0.274403155676257 0.434918527278612 0 0 0 0 0 0
11.7637978426152 3.2663651795746 8.95409642266731 -0.404498003828122 -0.162261703454116 0.900029168689123 0.857641406873943 0.274403155676257 0.434918527278612 0 0 0 0 0 0
11.9402534173038 3.68829092144648 9.2361020974782 -0.141462689273798 -0.687217677552007 0.712544855572932 0.857641406873943 0.274403155676257 0.434918527278612 0 0 0 0 0 0
12.0844625675213 3.95356537209704 9.6805323945372 0.17531666606568 -0.95108816628104 0.254352838709899 0.857641406873943 0.274403155676257 0.434918527278612 0 0 0 0 0 0
12.2686351572848 4.00203924531781 10.1829424291833 0.42549028882846 -0.853624359293748 -0.30047207413171 0.857641406873943 0.274403155676257 0.434918527278612 0 0 0 0 0 0
2.84193599753546 10.9028589100402 3.00899003358647 0.259800774270385 0.814789774635851 -0.518286774708141 0.869669220424795 0.0358710103221727 0.492329887031243 0 0 0 0 0 0
3.3581847970489 10.8061246546457 2.89578772374889 -0.0356726276324785 0.999315512625993 -0.00979642092003789 0.869669220424795 0.0358710103221727 0.492329887031243 0 0 0 0 0 0
3.86630201997107 10.9371844017978 2.78035231945435 -0.317593401883234 0.804184579705131 0.502415756963011 0.869669220424795 0.0358710103221727 0.492329887031243 0 0 0 0 0 0
4.30202381694087 11.2515580491974 2.77944260276805 -0.478855132880034 0.303530479705122 0.823751788832306 0.869669220424795 0.0358710103221727 0.492329887031243 0 0 0 0 0 0
4.62859057130347 11.6351214789964 2.96630713226547 -0.45819179286483 -0.312439924293859 0.832130743728749 0.869669220424795 0.0358710103221727 0.492329887031243 0 0 0 0 0 0
4.85071249206551 11.9474642182216 3.34285589097888 -0.263453730182021 -0.809709177336637 0.524369316598526 0.869669220424795 0.0358710103221727 0.492329887031243 0 0 0 0 0 0
5.01278012674297 12.0752337249954 3.83893465191024 0.0313748093084136 -0.999356376293712 0.0173912191050731 0.869669220424795 0.0358710103221727 0.492329887031243 0 0 0 0 0 0
5.18199965018949 11.9751999143483 4.33897774178381 0.314283534183743 -0.809331379549213 -0.496194093292075 0.869669220424795 0.0358710103221727 0.492329887031243 0 0 0 0 0 0
5.42286011514214 11.6906789902673 4.72591337247868 0.47779068988219 -0.311827860414894 -0.821266973724726 0.869669220424795 0.0358710103221727 0.492329887031243 0 0 0 0 0 0
5.77263298288715 11.335076895593 4.9256411706718 0.459777174260053 0.304144276374845 -0.834326799987789 0.869669220424795 0.0358710103221727 0.492329887031243 0 0 0 0 0 0
6.22721207197164 11.0488044982883 4.93518414855557 0.267086623072101 0.804566917548653 -0.530411925735273 0.869669220424795 0.0358710103221727 0.492329887031243 0 0 0 0 0 0
6.74267356518931 10.9459331551546 4.82381971127855 -0.0270746016711474 0.999321135104211 -0.0249846928814405 0.869669220424795 0.0358710103221727 0.492329887031243 0 0 0 0 0 0
7.25196340210414 11.0708570962115 4.70676001247306 -0.310949732576326 0.814416545675287 0.48993464251984 0.869669220424795 0.0358710103221727 0.492329887031243 0 0 0 0 0 0
7.69037223769414 11.3814273144808 4.70138093084579 -0.476689861273471 0.320101494225806 0.818719615957433 0.869669220424795 0.0358710103221727 0.492329887031243 0 0 0 0 0 0
8.0201196044078 11.7649646784308 4.88262901143706 -0.461327541843356 -0.295825466691643 0.836459319030781 0.869669220424795 0.0358710103221727 0.492329887031243 0 0 0 0 0 0
8.24470734344256 12.0810686179404 5.25454802012063 -0.270699176281766 -0.799363386874889 0.536414141950303 0.869669220424795 0.0358710103221727 0.492329887031243 0 0 0 0 0 0
8.40758919672634 12.2149576482598 5.74874264934006 0.0227723321981403 -0.999209791741243 0.0325762639767129 0.869669220424795 0.0358710103221727 0.492329887031243 0 0 0 0 0 0
8.57566200385121 12.1210767751115 6.250363038958 0.307592250942883 -0.819439690828267 -0.483637881327719 0.869669220424795 0.0358710103221727 0.492329887031243 0 0 0 0 0 0
8.81385047425692 11.8404045986553 6.6417381583096 0.475552730886235 -0.328350751068608 -0.816109909521582 0.869669220424795 0.0358710103221727 0.492329887031243 0 0 0 0 0 0
9.16044120463144 11.4848848581615 6.84708099810682 0.462842777548245 0.287484128753818 -0.838528138458146 0.869669220424795 0.0358710103221727 0.492329887031243 0 0 0 0 0 0
1.2847814707941 4.94686197577663 9.34495047040893 0.898947197558772 -0.411792605503747 0.149401425875614 0.237049134909847 0.744092603608486 0.624607000355934 0 0 0 0 0 0
1.35002827152054 5.00486268360266 9.87510504692884 0.944190775729096 -0.0250943557741412 -0.328441855335719 0.237049134909847 0.744092603608486 0.624607000355934 0 0 0 0 0 0
1.63050338928343 5.05714313224038 10.3303912921905 0.630720492171999 0.371137659269315 -0.681504584450028 0.237049134909847 0.744092603608486 0.624607000355934 0 0 0 0 0 0
2.05475126308257 5.1940244219864 10.6303285459833 0.0776289485544764 0.626368272465599 -0.775652327782743 0.237049134909847 0.744092603608486 0.624607000355934 0 0 0 0 0 0
2.49669465814731 5.47368637914966 10.753455827252 -0.504955130505699 0.643631106633151 -0.575116783575439 0.237049134909847 0.744092603608486 0.624607000355934 0 0 0 0 0 0
2.82353351532484 5.90006406732183 10.7454852196086 -0.89569831308719 0.416367722452523 -0.156084757847974 0.237049134909847 0.744092603608486 0.624607000355934 0 0 0 0 0 0
2.94619791385095 6.42135279092808 10.7019350865026 -0.946150731249661 0.0309192792150914 0.322246476983924 0.237049134909847 0.744092603608486 0.624607000355934 0 0 0 0 0 0
2.85318722341803 6.94968956520428 10.7318410479646 -0.63714466781374 -0.366275915138934 0.678150887535846 0.237049134909847 0.744092603608486 0.624607000355934 0 0 0 0 0 0
2.61493938590919 7.39453373309968 10.9163315255784 -0.0860766925846059 -0.624316765524946 0.776414437834695 0.237049134909847 0.744092603608486 0.624607000355934 0 0 0 0 0 0
2.35707036361727 7.69706487464951 11.2778056987265 0.497693257282975 -0.645169238668348 0.579705162242987 0.237049134909847 0.744092603608486 0.624607000355934 0 0 0 0 0 0
2.21265053498295 7.85252966794462 11.7714236818484 0.892381217721231 -0.420911131387201 0.162756203361716 0.237049134909847 0.744092603608486 0.624607000355934 0 0 0 0 0 0
2.271649033007 7.91204775559602 12.3021419466477 0.948038633728871 -0.0367418480332206 -0.316026558315278 0.237049134909847 0.744092603608486 0.624607000355934 0 0 0 0 0 0
2.54675296741962 7.96319053783217 12.7608219475352 0.643520322422221 0.361386277679521 -0.67474554680601 0.237049134909847 0.744092603608486 0.624607000355934 0 0 0 0 0 0
2.96854737957679 8.0967113334364 13.0656936797974 0.0945178815413354 0.622217714445458 -0.777117420921194 0.237049134909847 0.744092603608486 0.624607000355934 0 0 0 0 0 0
3.41188714580531 8.37206667662657 13.1934214715086 -0.490393482791811 0.646658238568145 -0.58424939411801 0.237049134909847 0.744092603608486 0.624607000355934 0 0 0 0 0 0
3.74344170220118 8.79482778564549 13.1879695954472 -0.888996164070547 0.4254224863096 -0.169415254360437 0.237049134909847 0.744092603608486 0.624607000355934 0 0 0 0 0 0
3.87234955502487 9.31456396380462 13.1438995068236 -0.949854339395641 0.0425616188173701 0.309782573000671 0.237049134909847 0.744092603608486 0.624607000355934 0 0 0 0 0 0
3.78473808129611 9.84400206431237 13.1704443654629 -0.649846970466659 -0.356469119255898 0.671288821590402 0.237049134909847 0.744092603608486 0.624607000355934 0 0 0 0 0 0
3.54899397020202 10.2921830178694 13.3500095321058 -0.102951872595445 -0.620071279078001 0.777761223507358 0.237049134909847 0.744092603608486 0.624607000355934 0 0 0 0 0 0
3.2897819765104 10.5990187038501 13.7068653941196 0.483056362938297 -0.648097992939436 0.588749133139658 0.237049134909847 0.744092603608486 0.624607000355934 0 0 0 0 0 0
11.4666958541933 2.16226620479347 4.75686859386252 -0.710682822542003 -0.382246496422442 0.590607773159566 0.551510181934365 0.218490774929997 0.80504552696926 0 0 0 0 0 0
11.4469886784575 2.51974678963915 5.15749854881006 -0.319573891075382 -0.836114824071329 0.445852586749377 0.551510181934365 0.218490774929997 0.80504552696926 0 0 0 0 0 0
11.3544346241956 2.68663497402939 5.65976061493589 0.192946504601306 -0.972329150961133 0.131710548375368 0.551510181934365 0.218490774929997 0.80504552696926 0 0 0 0 0 0
11.3058627317287 2.63188069786365 6.19204610470817 0.63216329728643 -0.73913937692432 -0.23247052940938 0.551510181934365 0.218490774929997 0.80504552696926 0 0 0 0 0 0
11.4013924827693 2.40863957747096 6.67133992998688 0.83121068412574 -0.225138195842586 -0.508332166371522 0.551510181934365 0.218490774929997 0.80504552696926 0 0 0 0 0 0
11.6863967354105 2.13407819825197 7.03475942194651 0.714467234964144 0.37439674994965 -0.591069914468525 0.551510181934365 0.218490774929997 0.80504552696926 0 0 0 0 0 0
12.1342638167424 1.94486056996441 7.26344450830499 0.326285737984514 0.831692110856163 -0.449250319896959 0.551510181934365 0.218490774929997 0.80504552696926 0 0 0 0 0 0
12.6565077423145 1.94522718451574 7.38972297010729 -0.185857166062058 0.973013733697857 -0.136753017731738 0.551510181934365 0.218490774929997 0.80504552696926 0 0 0 0 0 0
13.1363855210348 2.16739231027942 7.48482857721469 -0.627389825355547 0.744671171185638 0.2276990422583 0.551510181934365 0.218490774929997 0.80504552696926 0 0 0 0 0 0
13.4732497693244 2.55930525294598 7.63183818816943 -0.830566600597959 0.233415580501956 0.505644429169437 0.551510181934365 0.218490774929997 0.80504552696926 0 0 0 0 0 0
13.6207863348739 3.0044252845324 7.89410946266347 -0.718197237940171 -0.366518491714813 0.591487043515078 0.551510181934365 0.218490774929997 0.80504552696926 0 0 0 0 0 0
13.6046098174369 3.3659974143999 8.29121022733794 -0.332972736971433 -0.827206061066729 0.452613840893339 0.551510181934365 0.218490774929997 0.80504552696926 0 0 0 0 0 0
13.5125321541302 3.53900789661916 8.79148433128556 0.178753673780039 -0.973624217671583 0.141785072816347 0.551510181934365 0.218490774929997 0.80504552696926 0 0 0 0 0 0
13.4612013963861 3.49008070778505 9.32407834704295 0.622568575260424 -0.750146255854159 -0.222910214943578 0.551510181934365 0.218490774929997 0.80504552696926 0 0 0 0 0 0
13.5517851649618 3.27015765632561 9.80585997229006 0.829859266207873 -0.241675189661167 -0.502918185186389 0.551510181934365 0.218490774929997 0.80504552696926 0 0 0 0 0 0
13.8315353793812 2.99514473777858 10.1730013813996 0.721872547415915 0.358612321677799 -0.591859128533232 0.551510181934365 0.218490774929997 0.80504552696926 0 0 0 0 0 0
14.2758364636977 2.80187750924176 10.4052284835371 0.339634378795274 0.822657016333086 -0.455942893593368 0.551510181934365 0.218490774929997 0.80504552696926 0 0 0 0 0 0
14.7975572153473 2.796134973463 10.5335233887337 -0.171636568713689 0.974160556391595 -0.146806330418718 0.551510181934365 0.218490774929997 0.80504552696926 0 0 0 0 0 0
15.280153405758 3.01245236716572 10.6283537862922 -0.617699914157923 0.755564213980988 0.218104412152957 0.551510181934365 0.218490774929997 0.80504552696926 0 0 0 0 0 0
15.6219448813005 3.40100064721926 10.7729010914635 -0.829088734821734 0.249916394319001 0.500153642036412 0.551510181934365 0.218490774929997 0.80504552696926 0 0 0 0 0 0
