t = 20
b = 13 13 13
E = -0.995393567015581 -0.995393567015581 0
8.22997314112151 7.31278231394124 8.64141107757027 -0.852013767103356 0.498518613035083 -0.159849094848627 0.477551594121503 0.865200395241847 0.152881493403756 0 0 0 0 0 0
8.44484978149604 7.78471076667025 8.46295676722612 -0.904337211110579 0.130687892638959 0.406318696737336 0.224113461258178 0.95557179161885 0.191456803340128 0 0 0 0 0 0
8.29479863442956 8.30069327520526 8.46583128601189 -0.279711423314655 -0.267438424482677 0.922083623527451 0.306978147569284 0.885089589183295 0.34982972434354 0 0 0 0 0 0
8.08485375461663 8.75805997360406 8.68084001584475 0.420021204866716 -0.384600346746956 0.821988297206495 0.222693745909344 0.921744142231054 0.317482648022853 0 0 0 0 0 0
8.04112294512244 9.13082100074498 9.01952153245041 0.751195403839776 -0.48465265491585 0.448126398835211 0.279652739141169 0.848631529727968 0.449019901833327 0 0 0 0 0 0
8.1108846810714 9.43136998513106 9.4593950487028 0.924825620292765 -0.348704554665527 -0.151995742064105 0.379636367257697 0.871266885673517 0.311079158067765 0 0 0 0 0 0
8.46179916332655 9.61970875728257 9.77363795003036 0.638290317034652 0.134193398648454 -0.758008972861786 0.270083568916036 0.883054295875023 0.383757705249347 0 0 0 0 0 0
8.8185591214442 9.89583458502182 10.0309339669777 0.177593578952945 0.297993781446879 -0.937902034827558 0.167453155608722 0.93000275033076 0.3271915724066 0 0 0 0 0 0
9.14805171277038 10.1631098198102 10.2202279070032 -0.527629672971817 0.434619299640233 -0.729871901486752 0.221923589432249 0.899889970031558 0.375430369429682 0 0 0 0 0 0
9.35044038222047 10.6870495922652 10.2246147462803 -0.89881059327166 0.156218265875879 -0.409555088882287 0.130231860038083 0.98731804083936 0.090789585659086 0 0 0 0 0 0
9.49096487920165 11.152687846185 10.0778335350082 -0.965485082198988 -0.0843257327857972 0.246429963359473 -0.0655531572602126 0.994355348864053 0.0834279554985328 0 0 0 0 0 0
9.4343078029555 11.6522010690058 9.83033340066454 -0.609040999639458 -0.225648668858122 0.760362899542533 -0.219248028385304 0.969217755403002 0.112014484155949 0 0 0 0 0 0
8.97472302553328 12.0221713161023 9.82222395054273 0.0547981122912729 -0.102506758385283 0.993221793646643 -0.307110965718467 0.944766685348099 0.11444983613721 0 0 0 0 0 0
8.60840846843888 12.4500879528478 9.87661607044952 0.591130292877053 0.0881091722173086 0.80174918186068 -0.432052744643104 0.873968565421116 0.222507016748049 0 0 0 0 0 0
8.22460391831956 12.7208410189273 10.2599545177761 0.788830687874313 0.255481242602032 0.55899506307861 -0.461814287532181 0.846527635799345 0.264799028810748 0 0 0 0 0 0
8.12983877634897 13.0200015445196 10.6868048012905 0.861246909952706 0.445605333972997 -0.2443146463717 -0.36024914686913 0.874432648286362 0.324943219333722 0 0 0 0 0 0
8.12397172640075 13.3542364251005 11.0367877349645 0.520069120130673 0.335978881494914 -0.78526829903921 -0.204443419081695 0.941625553210565 0.267477486781756 0 0 0 0 0 0
8.38804732327642 13.8171789646135 11.2909769209335 -0.165465658177027 0.214983500435356 -0.962498421040058 -0.0348851477043278 0.974064730034543 0.223564147779511 0 0 0 0 0 0
8.61468214127205 14.3027186455753 11.2513161140589 -0.668701820210623 -0.0333109662096054 -0.742784124209169 -0.0803831138901326 0.996379569043261 0.0276822938805809 0 0 0 0 0 0
8.69383331944481 14.7893932196056 11.0378493669888 -0.914293207376442 -0.259943939992489 -0.310639789799179 -0.285945612617577 0.957391073923822 0.0404652714775333 0 0 0 0 0 0
5.36342793657076 1.30880706249779 9.93501296751787 0.788418670311015 0.55395813262824 0.267444176605225 -0.614544122526238 0.690200868918025 0.382044869109976 0 0 0 0 0 0
5.09197598673271 1.61387321090997 10.3171130641812 0.808975101691178 0.52831900496191 -0.257756307080556 -0.441563773189621 0.835586403425016 0.326828390164916 0 0 0 0 0 0
5.18849920610021 1.97884823237447 10.6994239376183 0.247443804810442 0.48156054384203 -0.84075621084563 -0.448363113417964 0.826152182479826 0.341237585722866 0 0 0 0 0 0
5.33962615684039 2.45725692377867 10.8917020457515 -0.29407160602734 0.297837097303371 -0.908193236045283 -0.421953275983254 0.812141816353203 0.402965386872768 0 0 0 0 0 0
5.34382465459989 2.90604440759797 10.957771094666 -0.782542456924423 -0.140342570993675 -0.606573380455798 -0.529394444224971 0.662742875166613 0.529635161068094 0 0 0 0 0 0
5.18016593829744 3.45456120249816 10.9765901224785 -0.736749186744405 -0.67451523161264 0.047221162141608 -0.560950548838016 0.648711597968742 0.514303163921019 0 0 0 0 0 0
4.76445731970647 3.75701415432361 10.9252615906886 -0.407322588033472 -0.624424750253263 0.666469834687861 -0.556369607287845 0.74836264799204 0.361117996196134 0 0 0 0 0 0
4.25897128881741 3.88796683152013 10.9830455038346 0.148572204051853 -0.317635039596557 0.936501084785099 -0.609108259246707 0.716652167535277 0.339701043984908 0 0 0 0 0 0
3.76963727286645 3.9596779849177 11.1930332021172 0.657004394814384 0.231861172623107 0.717346235666169 -0.682968078967943 0.585961849181287 0.436123049625773 0 0 0 0 0 0
3.50299957971722 4.06594151454535 11.6472330534839 0.756297949550229 0.654139716919335 0.0107071123470605 -0.603699941139823 0.69148718784064 0.396726417219748 0 0 0 0 0 0
3.34549852895084 4.46167004135499 12.012111643301 0.756291359928949 0.496301858924292 -0.426272030193294 -0.352625280660991 0.858045317436436 0.373381366251938 0 0 0 0 0 0
3.39139663934401 4.89205390650282 12.330463954744 0.253979171776576 0.267173764884278 -0.929576656151199 -0.413416196171513 0.898859473737681 0.14539152387638 0 0 0 0 0 0
3.50337692527606 5.40453481836952 12.4466914586027 -0.232378971896825 0.0634256927612765 -0.970555096281467 -0.512310253848533 0.840241939889443 0.177571636959505 0 0 0 0 0 0
3.41447507230906 5.9350880007823 12.4501571280289 -0.7144677431529 -0.358657377427451 -0.600750139085181 -0.607829953365756 0.743418461632755 0.279055081829685 0 0 0 0 0 0
3.24518301549926 6.43410275520493 12.3060199250777 -0.730963920017842 -0.670988401908667 0.124363628670938 -0.681627623102179 0.726650822340725 -0.0858042295905234 0 0 0 0 0 0
2.80459963805393 6.77316542109233 12.2508974011347 -0.423357242013275 -0.903575863857788 -0.0657214111881871 -0.903511128242129 0.426432447594562 -0.0426967069121939 0 0 0 0 0 0
2.4085770897614 6.91590857930748 11.9713873165695 -0.384123063725716 -0.754630526292197 0.531960751091592 -0.870393632991979 0.488176872062811 0.0640176946632269 0 0 0 0 0 0
1.88648783043727 6.90652942646102 11.8972611315981 -0.0317722379901146 -0.264870306327465 0.963760471133307 -0.806979652626423 0.575724990114598 0.131622855175244 0 0 0 0 0 0
1.38819528165236 6.93432874634117 11.9796515936434 0.485217297896462 0.249799257437904 0.837952567157312 -0.781766574899557 0.553199076774456 0.287770401232833 0 0 0 0 0 0
1.03675100927327 6.8905481513375 12.3837002108065 0.450939024584538 0.882237120416171 0.135320580350988 -0.830169963536331 0.358887026504873 0.426635598431 0 0 0 0 0 0
-6.3147549774402 6.67724463744773 1.52438726308855 0.772386495099575 0.502249305420946 0.388799096439242 0.631153310498179 -0.538334424600039 -0.558427744598828 0 0 0 0 0 0
-6.12531660757273 6.6763908298874 1.0930576315959 0.686868092631397 -0.146682386707459 0.711826173131271 0.601911035602823 -0.434110831383983 -0.670261808023285 0 0 0 0 0 0
-5.75017863593126 6.67721976876497 0.797666356360141 0.0487933296141465 -0.641214384928953 0.765808934098676 0.593862090694874 -0.597853597320837 -0.53842259741401 0 0 0 0 0 0
-5.23074168004111 6.54144701775201 0.776783084195258 -0.573512327366032 -0.798788016947892 0.181717677565098 0.657327062661631 -0.581104312058913 -0.47983216982521 0 0 0 0 0 0
-4.82949620089708 6.19156581064672 0.849379974620267 -0.748281214827395 -0.480372422147327 -0.457512360026206 0.662510865046011 -0.57646462728507 -0.478296860940014 0 0 0 0 0 0
-4.6703043100686 5.67925039530053 0.878976582727913 -0.586297787821832 -0.0737504790747038 -0.806731535785901 0.614100102387676 -0.689940113230387 -0.383228005765609 0 0 0 0 0 0
-4.50410561059153 5.16433001289617 0.687475480090592 -0.382093786081442 0.520021880726926 -0.763925115572973 0.593389338340147 -0.495657543492836 -0.634202406746372 0 0 0 0 0 0
-4.53200982590202 4.87925549871664 0.265067565035692 0.158907327582268 0.878963699180549 -0.449634603609985 0.541983236752389 -0.458325713530341 -0.704408767262523 0 0 0 0 0 0
-4.29706049357323 4.78840574705173 -0.115631925464429 0.677866868718094 0.618296123828095 0.397751695852426 0.702494492052819 -0.38520608241 -0.598429413306024 0 0 0 0 0 0
-4.04109584026185 4.75753401734112 -0.502710568782747 0.588571870791019 0.0388634503890434 0.807510238410275 0.731434725747732 -0.451064328975546 -0.51141393517989 0 0 0 0 0 0
-3.56777203346995 4.89985690702909 -0.713409100133232 0.106642941731773 -0.679224190579608 0.726141709248456 0.847580058122813 -0.319720780420294 -0.423540632808668 0 0 0 0 0 0
-3.04758174276927 4.86538380284221 -0.787443164960923 -0.264884687137398 -0.824646703499295 0.499793874440123 0.87470307969209 -0.423642760878077 -0.235417360304572 0 0 0 0 0 0
-2.61185624553474 4.70889152389064 -0.514792179621378 -0.411480747135447 -0.851443999834621 -0.325156439091212 0.906303947817421 -0.419988561220518 -0.0471461834561175 0 0 0 0 0 0
-2.326544768318 4.36702948053929 -0.260306850039325 -0.419981209442723 -0.564624806836655 -0.710503069113496 0.834279085504465 -0.548348092103713 -0.0573827271576707 0 0 0 0 0 0
-2.15772719966095 3.88143121293864 -0.104165717936566 0.133915714917605 0.18289877067203 -0.973968490755613 0.736362176405241 -0.676098663086736 -0.0257165886552888 0 0 0 0 0 0
-2.13213069551859 3.40908528545133 -0.237698313346102 0.6846764123885 0.466845665114553 -0.559708259080178 0.657360302504261 -0.727216436348517 0.197569449551464 0 0 0 0 0 0
-1.77748214279714 3.08001761601955 -0.268722817239882 0.652953339629561 0.726692951824802 -0.213469646635677 0.754291326806394 -0.649414702296927 0.0964631470834496 0 0 0 0 0 0
-1.33513844752856 2.87201855961555 -0.397754446868303 0.506540366231386 0.753651849965916 0.418838568449859 0.768018599309097 -0.615168248404812 0.178088341195738 0 0 0 0 0 0
-0.773348006918562 2.82136534483188 -0.521042567882254 -0.013193978776584 0.382984357614557 0.923660598242996 0.760997136233608 -0.595363971449273 0.257730673658368 0 0 0 0 0 0
-0.310430602372035 2.92270214766886 -0.333990432426819 -0.420855831098974 -0.274898755116184 0.864471540228807 0.796419567723045 -0.568198999242172 0.207040501854186 0 0 0 0 0 0
4.86211303547741 5.32142940490835 10.2275039854456 0.255914467483235 0.246260282519253 -0.934806749326464 0.956624432453218 -0.203760629543 0.208209752609717 0 0 0 0 0 0
5.25714494008821 4.98121058507251 10.1068431140498 0.315584418909698 0.741221037288158 -0.592450713918799 0.931207050287592 -0.361917562695834 0.0432331736862869 0 0 0 0 0 0
5.64932523507929 4.7511785601495 9.82054783667189 0.377338649364224 0.926064583014747 0.00446450240289959 0.923438963391924 -0.375896549666528 -0.0772157033151117 0 0 0 0 0 0
6.18419931622446 4.64776201910166 9.60412307998115 0.0533665802268337 0.809883146074612 0.584158623850732 0.971678074208456 -0.176976084271265 0.156592419032834 0 0 0 0 0 0
6.660101888635 4.80493421038961 9.66542884305862 -0.179719565535486 0.370813504262902 0.911152140325645 0.948065701966518 -0.181809382812984 0.260991902318624 0 0 0 0 0 0
7.07195022354281 5.00780492694866 9.8813781275891 -0.314428980248331 -0.302695109480106 0.89972778498656 0.94316965504748 0.00775896779246456 0.33222101110016 0 0 0 0 0 0
7.31521614394644 5.3200276371716 10.2256454292842 -0.0960084336581511 -0.94581762250397 0.310179634449855 0.945934479509734 0.0102987704832659 0.324194225428495 0 0 0 0 0 0
7.66222078637994 5.21336085904055 10.5793803633968 0.0798435181713723 -0.880512961307455 -0.467249331273563 0.900297002213639 -0.137514417143258 0.412983162953268 0 0 0 0 0 0
8.0288885347496 5.01743333903765 10.9097641698734 0.224126769167597 -0.457496710189355 -0.860502150786627 0.967981999366897 0.00208794699563174 0.251010934779757 0 0 0 0 0 0
8.42952085073581 4.69353150609673 11.0622976157907 0.110072430491046 0.251508323420972 -0.961575594166036 0.992385931956826 -0.0816035386774388 0.0922552141046868 0 0 0 0 0 0
8.8331515316542 4.47466127772551 10.9925737326587 0.0178312987009048 0.780466488789095 -0.624943281157467 0.993825412896093 -0.0822963705703653 -0.0744201321743953 0 0 0 0 0 0
9.2878989851217 4.39284268778618 10.7725703539825 -0.169282986486407 0.975450647943794 0.140852063926217 0.984707797087608 0.161431208606045 0.0655020552567685 0 0 0 0 0 0
9.70929319746481 4.67942712272401 10.5592244153749 -0.340524197784799 0.635389366736376 0.693053838717719 0.904695510627976 0.422164531154637 0.0574729648145281 0 0 0 0 0 0
10.0101853198843 5.12134838540396 10.5066303692702 -0.145318908903818 0.0278509371486776 0.988992790678953 0.908218687547748 0.400263960367294 0.122178466270187 0 0 0 0 0 0
10.3835514046978 5.53030837386476 10.6923889906398 -0.234382178431229 -0.481325303554272 0.844624737142015 0.858077282053639 0.305921601598077 0.412450423322741 0 0 0 0 0 0
10.5879868753402 5.76972752880437 11.0995707612618 0.36058171840648 -0.914801011331396 0.181988829377204 0.751266307841062 0.400486057170971 0.524604472640588 0 0 0 0 0 0
10.8782354525449 5.75444977476102 11.5165938340886 0.447189601753343 -0.627201695915251 -0.637682909230536 0.893797084942879 0.286345126454375 0.345156833198242 0 0 0 0 0 0
11.3370989824922 5.57232768562203 11.7035382268159 0.48661906292622 0.014936320078806 -0.873486573416736 0.869210833166768 0.0919848438348888 0.485809958739222 0 0 0 0 0 0
11.808085962843 5.39976576899592 11.7951120603947 0.351690637717845 0.607504122238822 -0.712216565943571 0.874985825121688 0.0570989251292562 0.480769714712982 0 0 0 0 0 0
12.3205145380148 5.20439989895114 11.806052402326 -0.131632198325123 0.945952928483087 -0.296388295076521 0.828008379369183 0.269313478570321 0.491805219527783 0 0 0 0 0 0
3.21192627240379 2.55756215359933 9.5630774085448 0.468568379193244 -0.135492795349403 -0.87297501477913 0.651136459031665 0.720802987903113 0.237622314502763 0 0 0 0 0 0
3.65740864204135 2.80124039278477 9.73872329152516 -0.29572263526143 0.213149146540169 -0.931190401756393 0.322536249642392 0.939824431354956 0.112696077549106 0 0 0 0 0 0
3.99053008674947 3.19851372744782 9.59769456126201 -0.822583332784659 0.216146384723329 -0.525963307651702 0.110655753882742 0.968104804108946 0.224785213912798 0 0 0 0 0 0
4.03273408611955 3.66915018632642 9.34195006351132 -0.989674639687674 -0.118860033163814 0.0801024348903942 -0.0964665212925155 0.965695733603534 0.241093260730478 0 0 0 0 0 0
3.93008402719283 4.24470731631827 9.31176795775708 -0.691810632138618 -0.307660608498431 0.653255692082619 -0.0637775602944911 0.927186545805766 0.369130779100923 0 0 0 0 0 0
3.75369481346634 4.83501079748932 9.39773411423574 -0.376095707775076 -0.512233359191438 0.77211981215652 -0.10164421941646 0.851078746086075 0.515105251982323 0 0 0 0 0 0
3.41426432434642 5.16404924861159 9.59954706736149 0.194511508466701 -0.504118095338342 0.841445315529447 -0.0569276890879286 0.850582122345101 0.522751653619587 0 0 0 0 0 0
3.1447159219822 5.47610738244362 9.94400095688885 0.894868678792936 -0.248223605961008 0.370938120390853 0.024332618700515 0.856981696051413 0.514772081896463 0 0 0 0 0 0
3.06530962031797 5.74065950181293 10.4048609329245 0.982749264863903 -0.123335148882865 -0.137812638968638 0.167224101577155 0.910865326770879 0.377306846397324 0 0 0 0 0 0
3.32168138645141 5.92788889811098 10.801718522274 0.711662109061046 0.178641261106062 -0.679429424117928 -0.0288066188007332 0.973736169223484 0.225849621339607 0 0 0 0 0 0
3.62779089238091 6.32089798704634 10.9811879208276 0.22778951643728 0.106379272173472 -0.967881907390107 0.0362775835297071 0.992396824309786 0.11761156419799 0 0 0 0 0 0
3.91580265729658 6.64601758344871 10.9842310654246 -0.689116057354216 0.306805485037421 -0.65649787040594 0.155848115359309 0.947498562665822 0.279209309811031 0 0 0 0 0 0
4.14754802305941 7.08279330445093 10.7739784623282 -0.953126694004926 0.21114002505728 -0.216724237209526 0.194248254351041 0.976170748350492 0.0967382331160415 0 0 0 0 0 0
4.18765138234601 7.54778886450977 10.5653469850536 -0.900628426482393 -0.0043641681536525 0.434568051573256 0.119790046287192 0.958719766555728 0.257889034326479 0 0 0 0 0 0
4.04003589943305 8.02034260705303 10.4452916203895 -0.444532085011002 -0.146562652103983 0.883691470143296 0.132552282427762 0.964900138433322 0.226710421627564 0 0 0 0 0 0
3.95024930972578 8.62260895067069 10.5972197684737 0.265729907834317 -0.248474098913877 0.93147637557337 -0.0489215785172012 0.96149373139176 0.27043757810211 0 0 0 0 0 0
3.65529171879966 8.96501673330543 10.8874402381416 0.748854223384734 -0.204789108246025 0.630300542013606 -0.126119079095077 0.889644420758823 0.438892677656973 0 0 0 0 0 0
3.46433393990403 9.3119629511015 11.2238822240462 0.983939945246849 -0.134140949030842 0.117764128412399 0.0422917970961737 0.816149286081111 0.576291373115778 0 0 0 0 0 0
3.5598230236491 9.42109885293027 11.7245055386668 0.91730921631581 0.172822802344812 -0.358714483470854 0.101124911622982 0.770239241121229 0.629686639278806 0 0 0 0 0 0
3.83170340428596 9.76692707133329 12.0786947823188 0.496622019102874 0.483156837317594 -0.721058971718295 0.0669597586739884 0.806942413675475 0.586822231795898 0 0 0 0 0 0
9.11264313256457 -2.82635729473754 8.73246159009601 -0.191624511255327 0.678088205589827 -0.709560731809565 -0.980168535081871 -0.0950217694883528 0.17389797629289 0 0 0 0 0 0
8.75238766970519 -2.6043207828699 8.91253878769475 -0.0871154039911816 -0.100079460297757 -0.9911584172139 -0.996189854802298 0.0046727518300137 0.0870858115843837 0 0 0 0 0 0
8.34358545281672 -2.25941394270957 8.86149839980386 -0.0855641427260616 -0.827559408731719 -0.554819071859614 -0.99379931185378 0.110574796472499 -0.0116679965726388 0 0 0 0 0 0
7.95933191206612 -2.05704024339233 8.62425265425762 -0.175848937998931 -0.980475311815535 0.0880074651656158 -0.981773445646822 0.181222022296333 0.0572667447790895 0 0 0 0 0 0
7.33986484480856 -1.92285339827599 8.52212510600357 0.0172578224659911 -0.95720658845574 0.288890488906533 -0.999848287007146 -0.0158396741106858 0.00724621921710802 0 0 0 0 0 0
6.9141886193877 -2.14816528334038 8.28396673920001 0.193147592380319 -0.560511740968409 0.805307764642966 -0.977865330929281 -0.0426637613705197 0.204839444522502 0 0 0 0 0 0
6.51940936854608 -2.49723652418914 8.26863054947946 0.253310840180416 0.0439497459472117 0.966386070925212 -0.956793922244654 -0.136033337400435 0.256983115148427 0 0 0 0 0 0
6.18649076727929 -2.78421108909883 8.57765466851196 -0.0072399976291089 0.872742755664571 0.48812668936388 -0.971213525892261 -0.122366408614937 0.204378935232097 0 0 0 0 0 0
5.77423230710873 -2.74790123629499 8.89897633586678 0.00501495499042413 0.942946485097564 -0.332906558163989 -0.947778558499774 0.110645149856105 0.299121137436677 0 0 0 0 0 0
5.46507778465385 -2.50317983751287 9.2147323640669 -0.220296656827331 0.365979466749458 -0.904172778239029 -0.974609178744414 -0.0444980579504726 0.21944673965629 0 0 0 0 0 0
5.01044947029795 -2.19242004843611 9.21969238078257 -0.0931840843079876 -0.305106728179829 -0.947748179028101 -0.993875531953024 -0.0282832189100644 0.106824559503794 0 0 0 0 0 0
4.55871016025307 -2.04712286247006 9.15003684535568 -0.0398125294789931 -0.896965945082563 -0.440303367984653 -0.997279522251912 0.0630280786222328 -0.0382232364170002 0 0 0 0 0 0
4.1377052878714 -2.01735800133604 8.93551507604003 0.049463948597027 -0.937099522910325 0.345539870276113 -0.997357672074119 -0.0647738069376229 -0.0328941923400185 0 0 0 0 0 0
3.60104267546211 -2.25031952259755 8.91561843625245 0.453013336565385 -0.836148508918311 0.309248424292804 -0.89124212165251 -0.433163252130716 0.134376625928302 0 0 0 0 0 0
3.25320217080631 -2.63688517759159 8.69353927352397 0.398348976585584 -0.266454812294089 0.877678714484144 -0.894083360011035 -0.326424651774799 0.306695112554928 0 0 0 0 0 0
2.90054751128354 -3.04183350144033 8.95478761153307 0.375780463686195 0.0795625050248405 0.923286981878311 -0.833846400879506 -0.40567546923299 0.374336203703154 0 0 0 0 0 0
2.66925681127352 -3.3891016817095 9.13176274711685 0.0181934288278039 0.680904971335674 0.732145763600291 -0.948748861676324 -0.219316528441119 0.227543090030032 0 0 0 0 0 0
2.26097790233749 -3.57876317194839 9.38139539614152 -0.0900233799944354 0.973620272312778 0.209664866861309 -0.92093219776459 -0.161528803766994 0.354672148151059 0 0 0 0 0 0
1.92039120300797 -3.51378334367982 9.70931433774869 -0.315063545963388 0.792925851690214 -0.521539601302073 -0.890980392951719 -0.0578139670173064 0.450345961004783 0 0 0 0 0 0
1.71269404966964 -3.29650543019801 10.1379060765719 -0.548541711702348 0.228145997221074 -0.804395048763143 -0.833754768947745 -0.221612416985025 0.505708336786085 0 0 0 0 0 0
5.94625118794801 4.66182008730985 3.41097909624067 0.550957594656688 -0.328385178817348 -0.767208513523681 0.765995769642409 -0.165861999242995 0.621079928911771 0 0 0 0 0 0
6.4159794904358 4.43314574059597 3.69394552379316 0.456531728941761 0.0490819945249291 -0.888352260245282 0.868543537499668 -0.241070341695459 0.433032578246024 0 0 0 0 0 0
6.73796613085829 4.00451249642469 3.72976796786107 0.569129714994714 0.653901410162289 -0.498502069502029 0.780287461683057 -0.238310940212601 0.578238162797301 0 0 0 0 0 0
7.19628153150857 3.73081057372284 3.66878146808906 0.354074336645673 0.935037545777772 0.0183344515818615 0.708085530258909 -0.280837272267841 0.64787754116277 0 0 0 0 0 0
7.75981486619604 3.71865099231094 3.763828015429 -0.0991734045074678 0.886199440177102 0.452565120251427 0.64941718199723 -0.286952562279257 0.704212716959972 0 0 0 0 0 0
8.26602844080871 3.73674561090647 3.96844692709785 -0.49426769367257 0.61877347118428 0.610588927470975 0.796149412655901 0.0401741924173423 0.603764976618617 0 0 0 0 0 0
8.5342005076829 4.03333537535777 4.14964758389817 -0.495067081967264 -0.112282802435705 0.861569008628794 0.804020822219778 0.316658359938365 0.503267325104837 0 0 0 0 0 0
8.78565975737356 4.29357262950029 4.48821391991778 -0.210676812415008 -0.834202572026486 0.509628638848963 0.876008860644101 0.0702637580698564 0.47714932712404 0 0 0 0 0 0
9.16706261337574 4.43377983791289 4.86076002677254 0.0200893644221775 -0.995658829800033 0.0908840584389929 0.770838446435714 0.0733151546531745 0.632797738297757 0 0 0 0 0 0
9.29949163391103 4.51300407788711 5.32436980495231 0.402103924755639 -0.803456223658809 -0.439056409086621 0.73421611357225 -0.00354356999408739 0.678906578022749 0 0 0 0 0 0
9.54629420433214 4.28396737964933 5.74307708242934 0.564497576631476 -0.355122135810262 -0.745138077563312 0.797489732544505 0.00173701505961623 0.603330016876978 0 0 0 0 0 0
9.9774872340778 3.94565068376682 5.99412204248261 0.546024806658884 0.334126406477895 -0.768255462074495 0.834343701366893 -0.134040139693757 0.534699755882 0 0 0 0 0 0
10.4341872390358 3.66610778763896 5.94978270538546 0.318699971761318 0.904501008575032 -0.283387108891857 0.871905530785005 -0.162489225265398 0.461928562722819 0 0 0 0 0 0
10.9665170803691 3.47412151041485 5.93683422326202 -0.00167215995626196 0.980102075162931 0.19848709313806 0.895466757853212 -0.086884290952377 0.436566610685654 0 0 0 0 0 0
11.476700257552 3.62368749397572 5.85919245357966 -0.355867096856108 0.669744311347762 0.651767724571045 0.875745690887273 -0.00446903219835719 0.48275201982341 0 0 0 0 0 0
11.9725010121195 3.70027455010982 6.13590788632498 -0.694857064060889 0.370618450941039 0.616291833749845 0.63045221351979 -0.0983569399456287 0.76997137533322 0 0 0 0 0 0
12.2800498686845 3.95410301763986 6.51604531694491 -0.790848318869522 -0.378271559461265 0.481112838993093 0.563163005499738 -0.14203488235522 0.81404761619382 0 0 0 0 0 0
12.4475620447758 4.02667101103712 6.98311055678579 -0.567786547579534 -0.822642586626699 -0.0296245009383655 0.596926787261871 -0.436245295776755 0.67332640863245 0 0 0 0 0 0
12.5439832655113 3.71938455601109 7.40191307695059 -0.288156316949981 -0.750612704632064 -0.594597767105427 0.406922643166567 -0.658067086620172 0.633531113668124 0 0 0 0 0 0
12.4168105800412 3.3073596695806 7.72851310192942 0.394776281492771 -0.497051513830231 -0.772716946992762 0.179060707803707 -0.783277945659417 0.595325896265566 0 0 0 0 0 0
0.39339912302076 -2.19632975447707 3.10779498405847 0.519758555672735 0.565258020589279 -0.640573503951328 0.309599457146879 0.574214532741088 0.75790886425961 0 0 0 0 0 0
0.719977722649018 -1.89761729491592 3.46575995205923 0.0243710896756689 0.537914965701976 -0.842646746663074 0.536965642165985 0.703942276994723 0.46490124735556 0 0 0 0 0 0
1.1612436600454 -1.59227774636496 3.49291201832943 -0.656059870997799 0.486997670373503 -0.576557642146154 0.334665229462425 0.87245530772336 0.356119249991067 0 0 0 0 0 0
1.3973663001816 -1.14911259894051 3.34268035972427 -0.947966246403995 0.314367159156114 0.0503317486566239 0.313829872730239 0.896088229655592 0.313905552124884 0 0 0 0 0 0
1.46815740378907 -0.693551562232389 3.22012842277892 -0.891987421314979 0.0726968426585824 0.446176657035448 0.207284196845127 0.942884660965822 0.260771505064561 0 0 0 0 0 0
1.30346139200516 -0.188975130194709 3.13668412966694 -0.420258587803916 -0.194776495365538 0.886253257387625 -0.0447208212161004 0.979949545430517 0.194162139873564 0 0 0 0 0 0
1.03324223371167 0.261880240287545 3.24802209945636 0.126688707912365 -0.371692523186819 0.919670940877503 0.201464008635092 0.917459321864171 0.343046128019563 0 0 0 0 0 0
0.913788618344958 0.72793379978763 3.39805259626119 0.666047154160495 -0.413722114465159 0.620657071527575 0.209836729796812 0.90240287398955 0.376347711356905 0 0 0 0 0 0
0.757627530867343 0.977928421710796 3.90932808461854 0.982590012526108 -0.183756663418732 0.0273926255250917 0.145073134954582 0.850984274184089 0.504756922296098 0 0 0 0 0 0
0.863776218406693 1.13492220511755 4.41209096135435 0.776883911391417 0.211395031325694 -0.593096559551631 0.215707461727685 0.795597891733519 0.566122147265216 0 0 0 0 0 0
1.18101739339048 1.58809165629487 4.71733757148757 0.408043581201687 0.344283732125879 -0.845558482680872 0.26817355126256 0.840112952464649 0.471479769984204 0 0 0 0 0 0
1.59284991970343 1.85705467717383 4.9335272238503 -0.24153018181339 0.409511460689786 -0.879751973477132 0.267672420749938 0.899536329423662 0.345233062172317 0 0 0 0 0 0
1.79756493518547 2.354770131067 4.85021080669912 -0.73525948987618 0.38348472596089 -0.558867558104531 0.113056490863957 0.882387738066686 0.456738557145206 0 0 0 0 0 0
1.99110183291646 2.86475508325637 4.81958452304004 -0.977741196549728 0.191330400773867 -0.0861094089471023 0.128220311688906 0.869725937429722 0.476588234676844 0 0 0 0 0 0
2.06499106652838 3.38303059277615 4.95304773193131 -0.904623538177836 -0.255396704284671 0.341216613920163 0.0273039595640786 0.764209719774801 0.644389632127832 0 0 0 0 0 0
1.84614987421892 3.86665507466642 5.03611996064406 -0.39946585389497 -0.49994387392262 0.768429017215777 0.0438583024122489 0.826829931198292 0.560739435196192 0 0 0 0 0 0
1.69756017343123 4.29791011669134 5.32410931727541 0.187376117217962 -0.538033822333483 0.821833192759664 0.210715352879151 0.839191320012662 0.501355132093429 0 0 0 0 0 0
1.45541614307744 4.56972612608438 5.71928956440326 0.67202118146612 -0.473520825398032 0.569355389519803 0.108553508001971 0.823532065186297 0.556786380500152 0 0 0 0 0 0
1.32221497563943 4.92420994302335 6.13422160549668 0.941087910054398 -0.338081091012064 -0.00739739478042225 0.296255566143441 0.813719402998339 0.50009336399622 0 0 0 0 0 0
1.5426461384222 5.06545153055587 6.59305144793394 0.91427521547901 -0.075979824043632 -0.397904381351989 0.299170428991811 0.788907639957063 0.536769773771059 0 0 0 0 0 0
2.66690941905613 9.9962711430946 17.2791691532377 -0.302581870887748 -0.568764895273303 0.764820701416233 0.586960153870587 -0.743419068962439 -0.32063353797012 0 0 0 0 0 0
3.08178938657472 9.68771977262755 17.4442462727575 -0.766942981578055 -0.631000199857215 -0.116778468855854 0.636657630067132 -0.770995644917865 -0.0152570506647809 0 0 0 0 0 0
3.10224702415742 9.29803534615457 17.7529944641195 -0.50393443880569 -0.49131095100833 -0.710396812214754 0.472158415563812 -0.845396645625099 0.24974175097108 0 0 0 0 0 0
3.08791399745179 8.79629687196644 18.0014923334063 0.204688187878947 -0.0993837953937014 -0.973768764623294 0.594320921647092 -0.777841956728652 0.204314787631961 0 0 0 0 0 0
3.31831943455722 8.29472573303422 17.9412802498635 0.409188537769589 0.245084109542231 -0.878918949510066 0.737235522182779 -0.656368605982485 0.160199993484684 0 0 0 0 0 0
3.49753433404526 7.90019080870408 17.8577209340523 0.759109819787 0.607882950239964 -0.232874645057177 0.64907141439415 -0.679564662700876 0.341903741167923 0 0 0 0 0 0
3.90410974953678 7.53361380639718 17.7997989929025 0.526400379095478 0.850230409339276 -0.00330029133633919 0.836698937685309 -0.517324960915947 0.179749193293289 0 0 0 0 0 0
4.38287001537829 7.31737864866932 17.6872316751685 0.316940235902708 0.77559620987327 0.545893218584142 0.856300162170481 -0.481472063486564 0.186908224401171 0 0 0 0 0 0
4.88658204338007 7.32086137939101 17.8184653118141 -0.0163847633941001 0.675220440605275 0.737433994413966 0.950630818143312 -0.218065744961106 0.220790349586968 0 0 0 0 0 0
5.39793464554856 7.47714700087434 17.8711760592139 -0.270010431364436 0.24439021148221 0.931325824556622 0.926847843129717 -0.196079304550005 0.320165554070044 0 0 0 0 0 0
5.80379634597328 7.59172102348879 18.0948000424812 -0.526669402385306 -0.652443550233576 0.544919034673695 0.817961008124975 -0.563476770805432 0.115903916887463 0 0 0 0 0 0
6.09325581140351 7.37180071825412 18.3958492706909 -0.591821776230249 -0.806064074109896 -0.00277373557329105 0.796369317956536 -0.585229062708202 0.152652722147757 0 0 0 0 0 0
6.35260215943194 7.08949273299211 18.772315438281 -0.291363665104405 -0.652296506798336 -0.699726004858771 0.876223679157539 -0.475484777316068 0.0783982820240051 0 0 0 0 0 0
6.72068635031995 6.6586766155177 18.7310119378837 -0.22058932926707 -0.172911612565287 -0.959917664205413 0.861059446885304 -0.496820613055332 -0.108378537418152 0 0 0 0 0 0
7.001177913833 6.16783085561883 18.5666346213292 0.103343634484413 0.345002746833931 -0.932895062634911 0.869724347528255 -0.48641604253343 -0.0835403667855712 0 0 0 0 0 0
7.35159344708799 5.83146926121714 18.3059683575831 0.151038724598167 0.73990453291121 -0.655536868413366 0.886540548402906 -0.394747593462891 -0.241288610366778 0 0 0 0 0 0
7.67013462572821 5.51574507429426 17.8815572900446 0.177297294054385 0.975808401327327 -0.127920418307633 0.821465847683534 -0.218315251761854 -0.526813355883971 0 0 0 0 0 0
7.78596283948614 5.47784117894362 17.364860469745 0.514702239232993 0.69012232959955 0.508736449565621 0.821064376379906 -0.225915961233194 -0.524228259730395 0 0 0 0 0 0
8.1922946338202 5.61454707137862 17.0243108471745 0.359220272292572 0.261798990609719 0.895780154105784 0.887158213412405 0.202136385585405 -0.414838746981738 0 0 0 0 0 0
8.66893758255624 5.95296614474179 16.8848820701051 0.32226184590978 -0.0458358228567464 0.945540258272415 0.893318406389759 0.345246587799998 -0.287727333456032 0 0 0 0 0 0
14.0388886625617 6.89953479087147 6.6669766976438 -0.339303237746302 -0.490846127116988 -0.802460835398919 -0.939625645327539 0.136528884008572 0.313788958496278 0 0 0 0 0 0
13.5565863233679 7.1180494781777 6.57575780070909 -0.146232604048275 -0.953844913990202 -0.262289735918669 -0.889591741829147 0.0108176601045384 0.456628416876619 0 0 0 0 0 0
13.0022936022119 7.10334276168188 6.53973060430216 0.244259964282053 -0.951460778395059 0.187241707492745 -0.861246329783644 -0.124120569351406 0.49279695991157 0 0 0 0 0 0
12.5054159940958 6.75613111437473 6.48350119460948 0.523284634891693 -0.627098819950288 0.576992427076147 -0.845123154122876 -0.29508098249698 0.445751128023272 0 0 0 0 0 0
12.1538972035612 6.44793758869946 6.71394087205934 0.522415448146179 0.382472896511907 0.762100113483799 -0.781835295196138 -0.141850997647731 0.607134141398679 0 0 0 0 0 0
12.0047757306766 6.14965165866612 7.13089371411631 0.217982869519466 0.881350296548757 0.419171949645344 -0.6489126026682 -0.189919067602528 0.736778923327323 0 0 0 0 0 0
11.9241651446669 5.99353806286715 7.65059542962616 -0.324442507828832 0.9378130554497 -0.123465509928227 -0.675445060258372 -0.138315702971597 0.724322260381411 0 0 0 0 0 0
11.6863820930998 6.0761501113968 8.03682949436633 -0.524336626370938 0.54361333890019 -0.655404943539282 -0.801997830083438 -0.0566390098506251 0.594635605311856 0 0 0 0 0 0
11.2826504914266 6.26619547008319 8.51869789937475 -0.445986352903931 0.232457776828662 -0.864326069845938 -0.894597497152603 -0.0854193657153267 0.438632933156062 0 0 0 0 0 0
10.6927880382545 6.30134213798883 8.58959683496354 -0.20288450976468 -0.0256578136589653 -0.978866462953853 -0.971315115436514 -0.121353160276666 0.204500261651219 0 0 0 0 0 0
10.3327894239623 6.5527008244722 8.50508231096788 -0.181764247239823 -0.70687531100469 -0.683585439515327 -0.964221911401826 -0.00829871887346757 0.264966482479705 0 0 0 0 0 0
9.9505712527599 6.73881361146587 8.32273120484509 -0.195840989915518 -0.96831629185665 0.154951171644157 -0.961142624908165 0.220885364013275 0.165573278488301 0 0 0 0 0 0
9.48936704844856 6.69597159440585 8.02701502864352 -0.166182629791587 -0.707544163673774 0.686851213878765 -0.968658341007462 -0.0132764144537544 -0.24804184166371 0 0 0 0 0 0
9.08747173651197 6.51237557549384 7.73806169155837 -0.208147767500141 -0.120066923598839 0.9706999746277 -0.977883108842711 0.0463185693045432 -0.203958857561261 0 0 0 0 0 0
8.60127028576256 6.27389294607437 7.77622767256531 0.178595241573721 0.347836750286237 0.920387600328 -0.983631088967739 0.08588826247705 0.158407977023929 0 0 0 0 0 0
8.2437782771728 6.17163632038262 8.1565046470554 0.193211674114341 0.860298551212351 0.47175804367055 -0.978305250887256 0.132286416665364 0.159433810881698 0 0 0 0 0 0
7.92521379435721 6.14716299857995 8.57199013720775 0.069584700028257 0.876797082635228 -0.475799164989107 -0.940593285341357 0.216557366328673 0.261509423653416 0 0 0 0 0 0
7.56605919117817 6.476297793845 8.87521836533986 -0.0568709670613406 0.359312940518844 -0.931482637455584 -0.860540078289592 0.45540292416602 0.228208129387146 0 0 0 0 0 0
7.33799445840624 6.96205484871822 8.90189538588059 -0.324318166937698 -0.33839007352561 -0.883351506894907 -0.910745595088425 0.364079939540491 0.194905768645321 0 0 0 0 0 0
6.91256300316133 7.29823039328224 8.86302304417388 -0.342654344823426 -0.822834716701832 -0.453355301021003 -0.926082992381401 0.214692698650356 0.310285894568445 0 0 0 0 0 0
