t = 0
b =  13.0 13.0 13.0
E = 0. 0. 0.
1.6284628540511552 10.371758738224722 1.3190735662182673 -0.47567617130014006 0.28820615577570274 0.8310652151487458 0.7996525452793051 0.5352926626879267 0.27206170642116956 0.0 0.0 0.0 0.0 0.0 0.0
1.7569956794262276 10.89258382404899 1.349167500750093 -0.1704394483247886 -0.23210699303215301 0.9576412367062697 0.7996525452793051 0.5352926626879267 0.27206170642116956 0.0 0.0 0.0 0.0 0.0 0.0
1.8466768271927794 11.36050011350832 1.597555785321337 0.1995500706647635 -0.664238814565115 0.7203933415314292 0.7996525452793051 0.5352926626879267 0.27206170642116956 0.0 0.0 0.0 0.0 0.0 0.0
1.9818454198462163 11.677003144287228 2.010157754761879 0.4937271815095076 -0.8440152049640404 0.2094559715744253 0.7996525452793051 0.5352926626879267 0.27206170642116956 0.0 0.0 0.0 0.0 0.0 0.0
2.2295591390598934 11.801112882537609 2.470505219513353 0.6003290814205181 -0.7031361078154169 -0.38105722390079827 0.7996525452793051 0.5352926626879267 0.27206170642116956 0.0 0.0 0.0 0.0 0.0 0.0
2.614117891272759 11.764942722887255 2.8439906780866577 0.47885592633288093 -0.29512384749890447 -0.8268004090790725 0.7996525452793051 0.5352926626879267 0.27206170642116956 0.0 0.0 0.0 0.0 0.0 0.0
3.107831866960428 11.661499072913442 3.029006957395075 0.17545739878723804 0.2250108966900419 -0.9584282954825358 0.7996525452793051 0.5352926626879267 0.27206170642116956 0.0 0.0 0.0 0.0 0.0 0.0
3.641541362222423 11.6093466639201 2.99554947659126 -0.1946003280489479 0.6596602392448665 -0.7259332483656104 0.7996525452793051 0.5352926626879267 0.27206170642116956 0.0 0.0 0.0 0.0 0.0 0.0
4.130891706582553 11.707563827218866 2.796615488980981 -0.49072613671535764 0.843693627979514 -0.21764402323791313 0.7996525452793051 0.5352926626879267 0.27206170642116956 0.0 0.0 0.0 0.0 0.0 0.0
4.508381012637695 11.99810097956242 2.5480695394254416 -0.6004168815401246 0.7071937016395147 0.37333180513188613 0.7996525452793051 0.5352926626879267 0.27206170642116956 0.0 0.0 0.0 0.0 0.0 0.0
4.7490052716536235 12.449842958446583 2.384624586596617 -0.4819992146328659 0.30201906439850057 0.8224726389571597 0.7996525452793051 0.5352926626879267 0.27206170642116956 0.0 0.0 0.0 0.0 0.0 0.0
4.879757794527863 12.970430192563427 2.408662297697216 -0.18046198748945938 -0.2178976648969829 0.959142366233395 0.7996525452793051 0.5352926626879267 0.27206170642116956 0.0 0.0 0.0 0.0 0.0 0.0
4.969374001675636 13.441347647110844 2.651336541360174 0.1896357658647251 -0.6550314282434213 0.7314178725723637 0.7996525452793051 0.5352926626879267 0.27206170642116956 0.0 0.0 0.0 0.0 0.0 0.0
5.10221768761917 13.76295066697958 3.0607375120900993 0.487687721225973 -0.8433078004587246 0.2258155004663883 0.7996525452793051 0.5352926626879267 0.27206170642116956 0.0 0.0 0.0 0.0 0.0 0.0
5.346229804961282 13.892321647199031 3.5216131332566327 0.6004589575895932 -0.7111974399252211 -0.3655779557006005 0.7996525452793051 0.5352926626879267 0.27206170642116956 0.0 0.0 0.0 0.0 0.0 0.0
5.727116560579408 13.85957514860967 3.899155247918287 0.48510579682652044 -0.3088912813770286 -0.8180822343594583 0.7996525452793051 0.5352926626879267 0.27206170642116956 0.0 0.0 0.0 0.0 0.0 0.0
6.218583197848017 13.756416872711135 4.090215491516709 0.1854528333126461 0.21076783935311671 -0.9597833945795948 0.7996525452793051 0.5352926626879267 0.27206170642116956 0.0 0.0 0.0 0.0 0.0 0.0
6.752323814305524 13.701303132424965 4.062493080121085 -0.18465676218272728 0.6503527340626579 -0.7368467964763211 0.7996525452793051 0.5352926626879267 0.27206170642116956 0.0 0.0 0.0 0.0 0.0 0.0
7.243971916013246 13.794437318331756 3.866806418283765 -0.4846121664284574 0.8428577517839311 -0.23396978097022264 0.7996525452793051 0.5352926626879267 0.27206170642116956 0.0 0.0 0.0 0.0 0.0 0.0
7.6251526591352565 14.079700955278248 3.6177863375124137 -0.6004553063646701 0.7151470177723641 0.3577962660925957 0.7996525452793051 0.5352926626879267 0.27206170642116956 0.0 0.0 0.0 0.0 0.0 0.0
5.24556894829325 7.0369796402511815 5.6882323714742 0.24966900930595837 0.7469049209396832 -0.6162778795870145 0.5676830739166105 0.4026955988582084 0.7180335523141083 0.0 0.0 0.0 0.0 0.0 0.0
5.771283490512619 7.092906683260532 5.784052453282076 -0.2577522682281749 0.9152861598564106 -0.30954000355129563 0.5676830739166105 0.4026955988582084 0.7180335523141083 0.0 0.0 0.0 0.0 0.0 0.0
6.2382433950791905 7.35747323520867 5.809312881540743 -0.6672491496743097 0.7359348838751566 0.11479729506643632 0.5676830739166105 0.4026955988582084 0.7180335523141083 0.0 0.0 0.0 0.0 0.0 0.0
6.553103834982479 7.789796167092375 5.860741356821907 -0.8232469233483057 0.2769896413346258 0.4955211819800079 0.5676830739166105 0.4026955988582084 0.7180335523141083 0.0 0.0 0.0 0.0 0.0 0.0
6.680305112805018 8.285258896433799 6.02512390112701 -0.6664794268877224 -0.2871885969687708 0.6879882871870143 0.5676830739166105 0.4026955988582084 0.7180335523141083 0.0 0.0 0.0 0.0 0.0 0.0
6.6555823842976976 8.71525697605979 6.346333397143976 -0.2565052532107037 -0.7422590857464451 0.619077139540917 0.5676830739166105 0.4026955988582084 0.7180335523141083 0.0 0.0 0.0 0.0 0.0 0.0
6.572389275250047 8.976057073734664 6.808661546598583 0.25091955470019695 -0.9153329379389235 0.31496823616541636 0.5676830739166105 0.4026955988582084 0.7180335523141083 0.0 0.0 0.0 0.0 0.0 0.0
6.546393286591502 9.028206999405366 7.342786715397587 0.663015828629256 -0.740656503457786 -0.10880236611741159 0.5676830739166105 0.4026955988582084 0.7180335523141083 0.0 0.0 0.0 0.0 0.0 0.0
6.671531776930818 8.911524251808078 7.852110381416656 0.8232213042285456 -0.28459228019666133 -0.4912371304336808 0.5676830739166105 0.4026955988582084 0.7180335523141083 0.0 0.0 0.0 0.0 0.0 0.0
6.984323589471727 8.729968684985252 8.249456528096568 0.6706712428251814 0.2795933084403596 -0.6870426958513569 0.5676830739166105 0.4026955988582084 0.7180335523141083 0.0 0.0 0.0 0.0 0.0 0.0
7.4499949329173365 8.612146421618823 8.490191270639336 0.2633219632473158 0.737556724650054 -0.6218292543737898 0.5676830739166105 0.4026955988582084 0.7180335523141083 0.0 0.0 0.0 0.0 0.0 0.0
7.9756905261706095 8.662450236843627 8.58918001508171 -0.24406773267665482 0.9153100098743562 -0.32037248272890484 0.5676830739166105 0.4026955988582084 0.7180335523141083 0.0 0.0 0.0 0.0 0.0 0.0
8.445750872080636 8.921398997619562 8.6151398420055 -0.6587320163618828 0.7453217191801085 0.10279915144696063 0.5676830739166105 0.4026955988582084 0.7180335523141083 0.0 0.0 0.0 0.0 0.0 0.0
8.76565323413394 9.350243867734186 8.6645327387362 -0.8231329936192382 0.2921732462547157 0.48691566927796837 0.5676830739166105 0.4026955988582084 0.7180335523141083 0.0 0.0 0.0 0.0 0.0 0.0
8.89792240439182 9.845689638525814 8.82491807759964 -0.6748119845508905 -0.27197672779902166 0.6860447835544156 0.5676830739166105 0.4026955988582084 0.7180335523141083 0.0 0.0 0.0 0.0 0.0 0.0
8.876368161538338 10.279138305657895 9.141687346460738 -0.2701186202969349 -0.7327981957535142 0.6245340145014312 0.5676830739166105 0.4026955988582084 0.7180335523141083 0.0 0.0 0.0 0.0 0.0 0.0
8.793240370688874 10.545545601010437 9.600819163578427 0.237197323950322 -0.9152173774087708 0.3257523316874601 0.5676830739166105 0.4026955988582084 0.7180335523141083 0.0 0.0 0.0 0.0 0.0 0.0
8.76418171729731 10.603329066385292 10.134206234954085 0.6543980391010783 -0.7499301757678856 -0.09678810822312489 0.5676830739166105 0.4026955988582084 0.7180335523141083 0.0 0.0 0.0 0.0 0.0 0.0
8.8842931175095 10.490165924597271 10.64553045401484 0.822981998245577 -0.29973196218887355 -0.4825571276088708 0.5676830739166105 0.4026955988582084 0.7180335523141083 0.0 0.0 0.0 0.0 0.0 0.0
9.192003290116936 10.308678872597216 11.046855760653472 0.6789013367313346 0.26433943507686064 -0.6849946262910773 0.5676830739166105 0.4026955988582084 0.7180335523141083 0.0 0.0 0.0 0.0 0.0 0.0
9.617136098084565 6.376980924266149 0.29889800354617263 0.5093455611927542 -0.7613939038751225 0.401056632453621 0.5138871088697885 0.6429308876975848 0.5679435825694715 0.0 0.0 0.0 0.0 0.0 0.0
9.632626038704151 6.511526347531057 0.8188428976805685 0.8173525047730261 -0.5679853119158413 -0.09657933727834629 0.5138871088697885 0.6429308876975848 0.5679435825694715 0.0 0.0 0.0 0.0 0.0 0.0
9.834431508504784 6.516599501073066 1.3167725288434922 0.8148335663848906 -0.15878960375172804 -0.55752320205786 0.5138871088697885 0.6429308876975848 0.5679435825694715 0.0 0.0 0.0 0.0 0.0 0.0
10.221978315401625 6.485476559443546 1.6876147285548342 0.5027457328364041 0.3107329296982659 -0.8066546810847376 0.5138871088697885 0.6429308876975848 0.5679435825694715 0.0 0.0 0.0 0.0 0.0 0.0
10.72412602791744 6.525185198915971 1.8745799683314848 -0.00034361007704145053 0.6622028279783511 -0.7493245602204626 0.5138871088697885 0.6429308876975848 0.5679435825694715 0.0 0.0 0.0 0.0 0.0 0.0
11.226195414505385 6.715842993862304 1.8907366510283499 -0.5033024097773648 0.7620908004685915 -0.4073135108898787 0.5138871088697885 0.6429308876975848 0.5679435825694715 0.0 0.0 0.0 0.0 0.0 0.0
11.613537000948146 7.080219410754673 1.8140462061017293 -0.8150482092357163 0.5724477363821041 0.08944275114651462 0.5138871088697885 0.6429308876975848 0.5679435825694715 0.0 0.0 0.0 0.0 0.0 0.0
11.815088322450096 7.575085307167437 1.757744239113277 -0.8171435671260512 0.1653222064282928 0.5522182166192943 0.5138871088697885 0.6429308876975848 0.5679435825694715 0.0 0.0 0.0 0.0 0.0 0.0
11.830371742114204 8.1076364057374 1.8273204319787635 -0.5087924219533155 -0.3046119937875185 0.8051967490021753 0.5138871088697885 0.6429308876975848 0.5679435825694715 0.0 0.0 0.0 0.0 0.0 0.0
11.72967591318488 8.57075119073887 2.0804412491148483 -0.00714252912485555 -0.6588190047225051 0.7522675742673935 0.5138871088697885 0.6429308876975848 0.5679435825694715 0.0 0.0 0.0 0.0 0.0 0.0
11.627351944516802 8.883688162884074 2.5050414834753183 0.4972209299348557 -0.7627296608970507 0.41353937082530284 0.5138871088697885 0.6429308876975848 0.5679435825694715 0.0 0.0 0.0 0.0 0.0 0.0
11.638369502472454 9.022760884828472 3.0239080304274513 0.8126818446216849 -0.5768665667369203 -0.08229935360289231 0.5138871088697885 0.6429308876975848 0.5679435825694715 0.0 0.0 0.0 0.0 0.0 0.0
11.834637912480689 9.030336854734056 3.524014437136252 0.8193913392208744 -0.17184221917876763 -0.5468711776255339 0.5138871088697885 0.6429308876975848 0.5679435825694715 0.0 0.0 0.0 0.0 0.0 0.0
12.21768660404651 8.998741385370819 3.8994615416979856 0.5148003645574246 0.2984678604940903 -0.8036774980697312 0.5138871088697885 0.6429308876975848 0.5679435825694715 0.0 0.0 0.0 0.0 0.0 0.0
12.71808405491141 9.035181674198514 4.091710335286976 0.014628124395505622 0.6553850098487273 -0.7551533002260223 0.5138871088697885 0.6429308876975848 0.5679435825694715 0.0 0.0 0.0 0.0 0.0 0.0
13.221815987192542 9.221016996642943 4.111821910328512 -0.49110158479346355 0.763310436508804 -0.41973373813655646 0.5138871088697885 0.6429308876975848 0.5679435825694715 0.0 0.0 0.0 0.0 0.0 0.0
13.61360129776747 9.580848957107154 4.03625516655488 -0.8102535911387605 0.581241466469249 0.07514968864485759 0.5138871088697885 0.6429308876975848 0.5679435825694715 0.0 0.0 0.0 0.0 0.0 0.0
13.820689276747652 10.073174928141817 3.9778187966724303 -0.8215767114928141 0.1783491454789371 0.5414824922742989 0.5138871088697885 0.6429308876975848 0.5679435825694715 0.0 0.0 0.0 0.0 0.0 0.0
13.8404988184921 10.60615559250017 4.042813377941679 -0.5207691031206426 -0.2923009977175209 0.8020970439842446 0.5138871088697885 0.6429308876975848 0.5679435825694715 0.0 0.0 0.0 0.0 0.0 0.0
13.741599026794171 11.072506235231547 4.290646005625155 -0.022112605677848427 -0.6519011048690241 0.7579815183371436 0.5138871088697885 0.6429308876975848 0.5679435825694715 0.0 0.0 0.0 0.0 0.0 0.0
1.6466766574999907 12.990264828625124 7.120577350828358 0.7580450666446126 -0.33448496689390694 -0.5598995301460316 0.6521575482834798 0.3786979063298699 0.6567179211489922 0.0 0.0 0.0 0.0 0.0 0.0
1.9845774098846773 12.796133165095329 7.490470687982971 0.6185217926930573 0.23507176766075707 -0.7497813387999288 0.6521575482834798 0.3786979063298699 0.6567179211489922 0.0 0.0 0.0 0.0 0.0 0.0
2.4634702243755626 12.655586118400345 7.689451345366237 0.24401174856450475 0.7153208074907322 -0.6548086811682474 0.6521575482834798 0.3786979063298699 0.6567179211489922 0.0 0.0 0.0 0.0 0.0 0.0
2.9979855246295672 12.678096472280476 7.739168343273616 -0.2232024385025802 0.9238075130288512 -0.311063257743422 0.6521575482834798 0.3786979063298699 0.6567179211489922 0.0 0.0 0.0 0.0 0.0 0.0
3.481621822003834 12.911188777823178 7.717978461790763 -0.6056182874367687 0.7813242991293512 0.1508602979984574 0.6521575482834798 0.3786979063298699 0.6567179211489922 0.0 0.0 0.0 0.0 0.0 0.0
3.8272074117010826 13.32238398193682 7.731177189983485 -0.7579496235759273 0.3420029209449516 0.555469504281046 0.6521575482834798 0.3786979063298699 0.6567179211489922 0.0 0.0 0.0 0.0 0.0 0.0
4.00001836085528 13.811538762641002 7.870995209154943 -0.6223232254766669 -0.22725108489034618 0.7490465589324058 0.6521575482834798 0.3786979063298699 0.6567179211489922 0.0 0.0 0.0 0.0 0.0 0.0
4.030970711180643 14.248891651393961 8.181558415003826 -0.2502658293293491 -0.7101686041402774 0.6580483024547231 0.6521575482834798 0.3786979063298699 0.6567179211489922 0.0 0.0 0.0 0.0 0.0 0.0
4.004874957835756 14.52436158448766 8.642123752102783 0.21687173960171965 -0.9232811972914365 0.31704649389358464 0.6521575482834798 0.3786979063298699 0.6567179211489922 0.0 0.0 0.0 0.0 0.0 0.0
4.028215124356959 14.58936953960769 9.174959847460665 0.6016161087559699 -0.7856238271531505 -0.1444065784324284 0.6521575482834798 0.3786979063298699 0.6567179211489922 0.0 0.0 0.0 0.0 0.0 0.0
4.188693701798964 14.475294518608472 9.674878458721114 0.757796459708885 -0.34949483014944854 -0.5509971772627223 0.6521575482834798 0.3786979063298699 0.6567179211489922 0.0 0.0 0.0 0.0 0.0 0.0
4.521912006075707 14.281552140079816 10.049197246087376 0.6260772659372333 0.21941309606998222 -0.7482547362693689 0.6521575482834798 0.3786979063298699 0.6567179211489922 0.0 0.0 0.0 0.0 0.0 0.0
4.997844642822394 14.137824983704155 10.252951342777166 0.25650085138234585 0.7049623187010873 -0.6612378108152298 0.6521575482834798 0.3786979063298699 0.6567179211489922 0.0 0.0 0.0 0.0 0.0 0.0
5.532246656712497 14.154794010058078 10.305976259685748 -0.21052452507823594 0.9226845701162194 -0.32300558572574245 0.6521575482834798 0.3786979063298699 0.6567179211489922 0.0 0.0 0.0 0.0 0.0 0.0
6.018659598486852 14.382089013202304 10.285372043164761 -0.5975681146792386 0.7898635268808456 0.13794186174635856 0.6521575482834798 0.3786979063298699 0.6567179211489922 0.0 0.0 0.0 0.0 0.0 0.0
6.368856869717567 14.78943343215211 10.296211678369204 -0.7575855867075081 0.356960123969505 0.5464828896760774 0.6521575482834798 0.3786979063298699 0.6567179211489922 0.0 0.0 0.0 0.0 0.0 0.0
6.546362482620841 15.278146922592532 10.431622105470417 -0.6297836281900427 -0.21155839809286053 0.7474059311111787 0.6521575482834798 0.3786979063298699 0.6567179211489922 0.0 0.0 0.0 0.0 0.0 0.0
6.580308897662026 15.718635669530991 10.737403738085584 -0.262716339902427 -0.6997023476519559 0.6643769633563562 0.6521575482834798 0.3786979063298699 0.6567179211489922 0.0 0.0 0.0 0.0 0.0 0.0
6.55436911475607 15.999627244306021 11.194630120402485 0.20416127829708816 -0.9220176769386695 0.32894007943197984 0.6521575482834798 0.3786979063298699 0.6567179211489922 0.0 0.0 0.0 0.0 0.0 0.0
6.57496790166188 16.070444860611556 11.726838404176018 0.5934746134769948 -0.7940430754428879 -0.13146664025345345 0.6521575482834798 0.3786979063298699 0.6567179211489922 0.0 0.0 0.0 0.0 0.0 0.0
8.975997602668874 5.666896344125158 3.7194309840585578 -0.4567700555635687 0.869135210801681 -0.1896446721771323 0.7070757218768243 0.48407655833295077 0.515474353585989 0.0 0.0 0.0 0.0 0.0 0.0
9.38945020283223 5.990291963344625 3.6047256092665374 -0.6865379689157641 0.6446009478984117 0.3363855454764466 0.7070757218768243 0.48407655833295077 0.515474353585989 0.0 0.0 0.0 0.0 0.0 0.0
9.646406451379288 6.460624388919933 3.56669933015026 -0.6554786295741323 0.17517200773540792 0.7346172703371217 0.7070757218768243 0.48407655833295077 0.515474353585989 0.0 0.0 0.0 0.0 0.0 0.0
9.75394632569026 6.970887279170323 3.6961290809220944 -0.3753919998390206 -0.3608077068860647 0.853755612050943 0.7070757218768243 0.48407655833295077 0.515474353585989 0.0 0.0 0.0 0.0 0.0 0.0
9.7759155818262 7.398904041283203 4.0201724503244 0.047312326854475714 -0.7597105412783555 0.6485379227139791 0.7070757218768243 0.48407655833295077 0.515474353585989 0.0 0.0 0.0 0.0 0.0 0.0
9.808669684357302 7.6537447616073555 4.492050059615631 0.4520419095560349 -0.8699866393561007 0.19692983356213803 0.7070757218768243 0.48407655833295077 0.515474353585989 0.0 0.0 0.0 0.0 0.0 0.0
9.944466754395222 7.710272000116117 5.008817830663759 0.6850332130795656 -0.6497402677415264 -0.32949519185119547 0.7070757218768243 0.48407655833295077 0.515474353585989 0.0 0.0 0.0 0.0 0.0 0.0
10.23641716690923 7.61869092414909 5.450477162361826 0.6577689458096165 -0.18264670533397276 -0.7307394850144274 0.7070757218768243 0.48407655833295077 0.515474353585989 0.0 0.0 0.0 0.0 0.0 0.0
10.67830603131727 7.485475525954198 5.725564405458102 0.38060725871628165 0.3538373941200239 -0.8543636305080105 0.7070757218768243 0.48407655833295077 0.515474353585989 0.0 0.0 0.0 0.0 0.0 0.0
11.206954332325509 7.432917372882474 5.805899432097489 -0.041153489377388094 0.7558927517020723 -0.653400748573442 0.7070757218768243 0.48407655833295077 0.515474353585989 0.0 0.0 0.0 0.0 0.0 0.0
11.726221694135278 7.552664996345437 5.737291737540274 -0.4472793388069379 0.8707718150596427 -0.2041999979778737 0.7070757218768243 0.48407655833295077 0.515474353585989 0.0 0.0 0.0 0.0 0.0 0.0
12.143531716590338 7.870905082450121 5.622136647018842 -0.6834762893119779 0.6548301073476802 0.3225797458913918 0.7070757218768243 0.48407655833295077 0.515474353585989 0.0 0.0 0.0 0.0 0.0 0.0
12.405043297391124 8.338413712128967 5.580513619723339 -0.6600091703932223 0.1901074936787803 0.7268060510507757 0.7070757218768243 0.48407655833295077 0.515474353585989 0.0 0.0 0.0 0.0 0.0 0.0
12.516105767033556 8.84925735097363 5.704566054633845 -0.3857935328772116 -0.3468401352664843 0.8549065858668106 0.7070757218768243 0.48407655833295077 0.515474353585989 0.0 0.0 0.0 0.0 0.0 0.0
12.539226588717616 9.28103877007096 6.023494472692365 0.034991517902750985 -0.7520173979661898 0.6582138154361562 0.7070757218768243 0.48407655833295077 0.515474353585989 0.0 0.0 0.0 0.0 0.0 0.0
12.570323728008619 9.541397799639634 6.492462750690284 0.4424827060044771 -0.8714906781181385 0.21145461177317004 0.7070757218768243 0.48407655833295077 0.515474353585989 0.0 0.0 0.0 0.0 0.0 0.0
12.70228481405608 9.603100501709786 7.009632114095326 0.6818673161787718 -0.6598700791058824 -0.31563973423502106 0.7070757218768243 0.48407655833295077 0.515474353585989 0.0 0.0 0.0 0.0 0.0 0.0
12.989677576281478 9.514385798484911 7.454851390149876 0.6621991327231719 -0.19755380460191385 -0.7228172679923932 0.7070757218768243 0.48407655833295077 0.515474353585989 0.0 0.0 0.0 0.0 0.0 0.0
13.42801865164725 9.38063869928499 7.735304447222083 0.39095042736695107 0.33981646319379716 -0.8553844367791924 0.7070757218768243 0.48407655833295077 0.515474353585989 0.0 0.0 0.0 0.0 0.0 0.0
13.955476889232589 9.324352773562437 7.820772595015763 -0.02882688168855189 0.7480847751938975 -0.6629767567684475 0.7070757218768243 0.48407655833295077 0.515474353585989 0.0 0.0 0.0 0.0 0.0 0.0
7.5255179773236645 4.729105965992042 10.530508458854783 -0.34139393547081726 0.15536710324092173 0.9269904228492721 0.6703638506576799 0.7315523000170051 0.12427204058531259 0.0 0.0 0.0 0.0 0.0 0.0
7.516097232915368 5.265502620990268 10.56008852308504 0.10977885255715618 -0.26340746653649894 0.9584180247178458 0.6703638506576799 0.7315523000170051 0.12427204058531259 0.0 0.0 0.0 0.0 0.0 0.0
7.5317005814016715 5.7418555357033725 10.808140006206397 0.5192448190941291 -0.582109135838715 0.6257265951012544 0.6703638506576799 0.7315523000170051 0.12427204058531259 0.0 0.0 0.0 0.0 0.0 0.0
7.665665802738543 6.085516654585951 11.1988258863696 0.7314409975468217 -0.6796578120900559 0.055311170414919314 0.6703638506576799 0.7315523000170051 0.12427204058531259 0.0 0.0 0.0 0.0 0.0 0.0
7.966363022481037 6.274249753817139 11.60211994956925 0.6657505119901447 -0.5189931222557438 -0.5361178926654979 0.6703638506576799 0.7315523000170051 0.12427204058531259 0.0 0.0 0.0 0.0 0.0 0.0
8.418818092379555 6.344678354499987 11.883205922266828 0.3471302761734291 -0.16115426817420062 -0.9238668049091254 0.6703638506576799 0.7315523000170051 0.12427204058531259 0.0 0.0 0.0 0.0 0.0 0.0
8.950401519654273 6.378371834681801 11.953696427715862 -0.10337055527029111 0.25790978674240134 -0.9606232717385104 0.6703638506576799 0.7315523000170051 0.12427204058531259 0.0 0.0 0.0 0.0 0.0 0.0
9.45842162560257 6.4708558588666865 11.805212828146045 -0.5145991845033079 0.578989601653881 -0.6324228968698158 0.6703638506576799 0.7315523000170051 0.12427204058531259 0.0 0.0 0.0 0.0 0.0 0.0
9.849138831251453 6.695320580966509 11.512568409335541 -0.7303229799039656 0.6801015867071342 -0.06395448993330582 0.6703638506576799 0.7315523000170051 0.12427204058531259 0.0 0.0 0.0 0.0 0.0 0.0
10.07337889065158 7.07481448115565 11.20534556253241 -0.6685848648900328 0.5228316082781905 0.5288112969909173 0.6703638506576799 0.7315523000170051 0.12427204058531259 0.0 0.0 0.0 0.0 0.0 0.0
10.145215009062973 7.5734878629027245 11.018665267517427 -0.3528401815615405 0.16692916058602442 0.9206728309348892 0.6703638506576799 0.7315523000170051 0.12427204058531259 0.0 0.0 0.0 0.0 0.0 0.0
10.13662119698528 8.110212752057816 11.041852373283065 0.09695438591542721 -0.2523924661195045 0.9627553635778279 0.6703638506576799 0.7315523000170051 0.12427204058531259 0.0 0.0 0.0 0.0 0.0 0.0
10.150128140227682 8.589404770619426 11.28449959446941 0.5099143611922353 -0.5758259751692312 0.6390710371862558 0.6703638506576799 0.7315523000170051 0.12427204058531259 0.0 0.0 0.0 0.0 0.0 0.0
10.279870078148333 8.93733724002282 11.67282307869076 0.7291493453386296 -0.6804935689552639 0.07259293906967411 0.6703638506576799 0.7315523000170051 0.12427204058531259 0.0 0.0 0.0 0.0 0.0 0.0
10.575821632281642 9.1301511789711 12.077694125657183 0.6713683024639283 -0.5266302786494416 -0.5214644302886946 0.6703638506576799 0.7315523000170051 0.12427204058531259 0.0 0.0 0.0 0.0 0.0 0.0
11.024811612086236 9.202919729330796 12.363697339331397 0.3585232168037501 -0.17269134069597672 -0.9174087441600474 0.6703638506576799 0.7315523000170051 0.12427204058531259 0.0 0.0 0.0 0.0 0.0 0.0
11.555526970442195 9.236323283145104 12.44057720090802 -0.09053083310870128 0.24685592483313587 -0.96481413786875 0.6703638506576799 0.7315523000170051 0.12427204058531259 0.0 0.0 0.0 0.0 0.0 0.0
12.065605822542468 9.325997652792458 12.297527649399541 -0.5051907059283439 0.5726184973071716 -0.64567050976895 0.6703638506576799 0.7315523000170051 0.12427204058531259 0.0 0.0 0.0 0.0 0.0 0.0
12.460526437330525 9.546200426918446 12.00729748487318 -0.7279201832276295 0.68083372898348 -0.08122585997267728 0.6703638506576799 0.7315523000170051 0.12427204058531259 0.0 0.0 0.0 0.0 0.0 0.0
12.689517623447806 9.921599270988684 11.69855188301027 -0.674100612742283 0.5303888440860417 0.5140778520511738 0.6703638506576799 0.7315523000170051 0.12427204058531259 0.0 0.0 0.0 0.0 0.0 0.0
9.955924970211496 0.12495499591064065 5.045796850752242 0.9568653556213953 0.04202333561145001 -0.2874764868221886 0.19623051233871033 0.6361992888300605 0.7461528334861516 0.0 0.0 0.0 0.0 0.0 0.0
10.216844600635719 0.1066739276498535 5.515128131534689 0.6494715795023903 0.4857698681232261 -0.584990856887707 0.19623051233871033 0.6361992888300605 0.7461528334861516 0.0 0.0 0.0 0.0 0.0 0.0
10.625811298043164 0.1991241161125264 5.851110728082818 0.09533269174468163 0.7449643060959021 -0.6602574198960316 0.19623051233871033 0.6361992888300605 0.7461528334861516 0.0 0.0 0.0 0.0 0.0 0.0
11.056509085533456 0.4613889415900956 6.036587624990618 -0.4950246794844398 0.7211343490437512 -0.48468115017047336 0.19623051233871033 0.6361992888300605 0.7461528334861516 0.0 0.0 0.0 0.0 0.0 0.0
11.374365981759297 0.8880363646227123 6.111581438466545 -0.8973138986061416 0.4233333960665207 -0.1249664080584593 0.19623051233871033 0.6361992888300605 0.7461528334861516 0.0 0.0 0.0 0.0 0.0 0.0
11.487680146563847 1.411182648608897 6.158089155293472 -0.9586985653590234 -0.0352989918333226 0.2822251618018871 0.19623051233871033 0.6361992888300605 0.7461528334861516 0.0 0.0 0.0 0.0 0.0 0.0
11.382458943229311 1.926282526295991 6.268930106633367 -0.6558576185467674 -0.4805207025680155 0.5821946741406209 0.19623051233871033 0.6361992888300605 0.7461528334861516 0.0 0.0 0.0 0.0 0.0 0.0
11.127734975110453 2.3318476947131006 6.512482352262397 -0.10384539709396971 -0.7431845645194007 0.6609786959974613 0.19623051233871033 0.6361992888300605 0.7461528334861516 0.0 0.0 0.0 0.0 0.0 0.0
10.849339445456524 2.5680039182636776 6.906704712441774 0.48761942691727866 -0.7235001850265643 0.4886458602703923 0.19623051233871033 0.6361992888300605 0.7461528334861516 0.0 0.0 0.0 0.0 0.0 0.0
10.682096779511355 2.6392382518724835 7.41231391184505 0.8938294780805923 -0.42894598896410946 0.1306682925034903 0.19623051233871033 0.6361992888300605 0.7461528334861516 0.0 0.0 0.0 0.0 0.0 0.0
10.71860257121904 2.612694333800116 7.947708952635981 0.9604587664891466 0.02857195990030118 -0.2769523442428355 0.19623051233871033 0.6361992888300605 0.7461528334861516 0.0 0.0 0.0 0.0 0.0 0.0
10.974044968968807 2.59266339488604 8.41997269784244 0.6621937114942359 0.47523494350089235 -0.5793541550150408 0.19623051233871033 0.6361992888300605 0.7461528334861516 0.0 0.0 0.0 0.0 0.0 0.0
11.380434444089639 2.680962276296281 8.760172645183815 0.11235019421421535 0.7413482265609549 -0.6616496360121079 0.19623051233871033 0.6361992888300605 0.7461528334861516 0.0 0.0 0.0 0.0 0.0 0.0
11.812434149516706 2.938251509277647 8.949549537177393 -0.48017704024286234 0.7258109236691427 -0.49257335809618263 0.19623051233871033 0.6361992888300605 0.7461528334861516 0.0 0.0 0.0 0.0 0.0 0.0
12.13497748351162 3.3609893651470673 9.026644316694107 -0.8902769889796859 0.4345259159639066 -0.13636022605214465 0.19623051233871033 0.6361992888300605 0.7461528334861516 0.0 0.0 0.0 0.0 0.0 0.0
12.254582149856008 3.8827774172328375 9.07265577839165 -0.9621458249656348 -0.021842752101912683 0.27165843569050496 0.19623051233871033 0.6361992888300605 0.7461528334861516 0.0 0.0 0.0 0.0 0.0 0.0
12.15486564512552 4.399586413289693 9.180591789052592 -0.6684793758267872 -0.46991299345287507 0.5764695158274955 0.19623051233871033 0.6361992888300605 0.7461528334861516 0.0 0.0 0.0 0.0 0.0 0.0
11.902769245641581 4.809278727703133 9.41993404398505 -0.1208464354321901 -0.7394554320648103 0.6622701888452914 0.19623051233871033 0.6361992888300605 0.7461528334861516 0.0 0.0 0.0 0.0 0.0 0.0
11.623125897398436 5.050412153110401 9.810240809303153 0.47269808622775067 -0.7280663889997926 0.49646334455367847 0.19623051233871033 0.6361992888300605 0.7461528334861516 0.0 0.0 0.0 0.0 0.0 0.0
11.451234092784373 5.125582822236526 10.313716409633507 0.8866567018392211 -0.44007275213286773 0.1420417752416448 0.19623051233871033 0.6361992888300605 0.7461528334861516 0.0 0.0 0.0 0.0 0.0 0.0
2.2975233175418537 1.187516442486962 3.1042170975388195 0.27611414444398685 0.801028865206326 -0.531143800061933 0.5954358005620658 0.2912372075346762 0.7487570342617262 0.0 0.0 0.0 0.0 0.0 0.0
2.826510583055671 1.208321957286909 3.1960032925600923 -0.21873336862258524 0.9555420830879053 -0.19772465930946168 0.5954358005620658 0.2912372075346762 0.7487570342617262 0.0 0.0 0.0 0.0 0.0 0.0
3.3056375703095147 1.4469433199929185 3.242718145270358 -0.6304804179225347 0.7470288877927138 0.21081338529468802 0.5954358005620658 0.2912372075346762 0.7487570342617262 0.0 0.0 0.0 0.0 0.0 0.0
3.6410465264598217 1.855849941176575 3.3374879157918005 -0.802697415383257 0.25470692836811143 0.539259900213543 0.5954358005620658 0.2912372075346762 0.7487570342617262 0.0 0.0 0.0 0.0 0.0 0.0
3.7934805815166053 2.322817014696107 3.555181997534757 -0.6699562443547733 -0.3343824516162841 0.6628325630965411 0.5954358005620658 0.2912372075346762 0.7487570342617262 0.0 0.0 0.0 0.0 0.0 0.0
3.7931980895925155 2.7135615978483485 3.9239687828916265 -0.2826874950248333 -0.796434347655195 0.5345840532896845 0.5954358005620658 0.2912372075346762 0.7487570342617262 0.0 0.0 0.0 0.0 0.0 0.0
3.7284769742827395 2.922758946392746 4.414614020016591 0.21197895994791568 -0.9559075193476991 0.20323812386933657 0.5954358005620658 0.2912372075346762 0.7487570342617262 0.0 0.0 0.0 0.0 0.0 0.0
3.7120764695630193 2.914057145824162 4.951587393872467 0.6261110639372399 -0.7522154425185683 -0.20532136676919807 0.5954358005620658 0.2912372075346762 0.7487570342617262 0.0 0.0 0.0 0.0 0.0 0.0
3.8383980015684056 2.7338878114649785 5.4417577557128585 0.8023731067180532 -0.2627441427051038 -0.5358758373819249 0.5954358005620658 0.2912372075346762 0.7487570342617262 0.0 0.0 0.0 0.0 0.0 0.0
4.147620508496878 2.49382594150891 5.809775203560684 0.6738001912937231 0.326548049769835 -0.6628421180070402 0.5954358005620658 0.2912372075346762 0.7487570342617262 0.0 0.0 0.0 0.0 0.0 0.0
4.610435790231908 2.3282007097727244 6.026697769752446 0.2892393178584641 0.7917791785449689 -0.5379835958720527 0.5954358005620658 0.2912372075346762 0.7487570342617262 0.0 0.0 0.0 0.0 0.0 0.0
5.139183183573703 2.343061566699232 6.120986958337498 -0.20520840825473669 0.9562001595489479 -0.20873611105921133 0.5954358005620658 0.2912372075346762 0.7487570342617262 0.0 0.0 0.0 0.0 0.0 0.0
5.621153313796938 2.575888280081803 6.16769474383871 -0.6216940291703392 0.7573447131261543 0.19981371222669375 0.5954358005620658 0.2912372075346762 0.7487570342617262 0.0 0.0 0.0 0.0 0.0 0.0
5.961408270509165 2.9813517446513664 6.259950071329144 -0.8019876942342595 0.2707613480583736 0.5324509655305616 0.5954358005620658 0.2912372075346762 0.7487570342617262 0.0 0.0 0.0 0.0 0.0 0.0
6.118850107086113 3.448535267030354 6.473577613165864 -0.677592825739383 -0.318688780025114 0.6628011949239544 0.5954358005620658 0.2912372075346762 0.7487570342617262 0.0 0.0 0.0 0.0 0.0 0.0
6.121834637715281 3.8430736719750596 6.838290708240569 -0.29576911399820494 -0.7870637123847991 0.5413421689207059 0.5954358005620658 0.2912372075346762 0.7487570342617262 0.0 0.0 0.0 0.0 0.0 0.0
6.057398589502169 4.058200878916656 7.326402767754104 0.1984222291467717 -0.9564199814059677 0.21421820218607313 0.5954358005620658 0.2912372075346762 0.7487570342617262 0.0 0.0 0.0 0.0 0.0 0.0
6.0381928946664285 4.055312121002964 7.86334587319634 0.6172296499961301 -0.7624163090016566 -0.1942908410963942 0.5954358005620658 0.2912372075346762 0.7487570342617262 0.0 0.0 0.0 0.0 0.0 0.0
6.159684717968465 3.878630541462881 8.356000375297283 0.8015412072825276 -0.2787579338866939 -0.5289855454767065 0.5954358005620658 0.2912372075346762 0.7487570342617262 0.0 0.0 0.0 0.0 0.0 0.0
6.463887884691083 3.6384060821221955 8.728072605662256 0.6813338588679547 0.31080524089594 -0.662709796963737 0.5954358005620658 0.2912372075346762 0.7487570342617262 0.0 0.0 0.0 0.0 0.0 0.0
4.85364257073727 5.612183798369049 12.419885985626621 -0.05369978337458558 0.9406749704075354 -0.335032734690664 0.5663086313705591 0.3050311434888645 0.765669991273708 0.0 0.0 0.0 0.0 0.0 0.0
5.357602563541159 5.786000598635188 12.486946761917268 -0.5257563229678532 0.8491299856137751 0.05058217463565843 0.5663086313705591 0.3050311434888645 0.765669991273708 0.0 0.0 0.0 0.0 0.0 0.0
5.741716385981579 6.153376605839901 12.565537746507685 -0.7980692452886735 0.43498632258905967 0.41698007012903293 0.5663086313705591 0.3050311434888645 0.765669991273708 0.0 0.0 0.0 0.0 0.0 0.0
5.943910298847162 6.619907758965653 12.739179351204312 -0.7671823183180976 -0.1444159169707228 0.6249602654453913 0.5663086313705591 0.3050311434888645 0.765669991273708 0.0 0.0 0.0 0.0 0.0 0.0
5.971224978112708 7.053519299273877 13.055280668073618 -0.44483000201412765 -0.6689521351679559 0.5955076071406169 0.5663086313705591 0.3050311434888645 0.765669991273708 0.0 0.0 0.0 0.0 0.0 0.0
5.897140644422538 7.334643179321956 13.5071279627283 0.04652066921603613 -0.9393422529316149 0.33981165252688056 0.5663086313705591 0.3050311434888645 0.765669991273708 0.0 0.0 0.0 0.0 0.0 0.0
5.833660698743938 7.401643963257827 14.036435334268674 0.5201973604269159 -0.8528605438415944 -0.044984430229674584 0.5663086313705591 0.3050311434888645 0.765669991273708 0.0 0.0 0.0 0.0 0.0 0.0
5.888759757742688 7.274235159389711 14.555488503522756 0.7962423771755478 -0.44236285507826273 -0.4126901758424106 0.5663086313705591 0.3050311434888645 0.765669991273708 0.0 0.0 0.0 0.0 0.0 0.0
6.125362291672404 7.045989728787538 14.980468934208247 0.769781602372566 0.13619587824183066 -0.6236080238408259 0.5663086313705591 0.3050311434888645 0.765669991273708 0.0 0.0 0.0 0.0 0.0 0.0
6.537436566084161 6.848790152916001 15.263297896237365 0.45086792676618576 0.6630115203441994 -0.5976067574119568 0.5663086313705591 0.3050311434888645 0.765669991273708 0.0 0.0 0.0 0.0 0.0 0.0
7.052286198588849 6.80272407396861 15.409902379110706 -0.03933801232841361 0.9379380009063224 -0.3445646923901227 0.5663086313705591 0.3050311434888645 0.765669991273708 0.0 0.0 0.0 0.0 0.0 0.0
7.5581687299455025 6.970460991840077 15.477963329511974 -0.514598782842956 0.8565261534370163 0.03938326008516459 0.5663086313705591 0.3050311434888645 0.765669991273708 0.0 0.0 0.0 0.0 0.0 0.0
7.946748452561231 7.333443073338146 15.555001695288853 -0.7943548721226225 0.4497056999233741 0.40836885360110303 0.5663086313705591 0.3050311434888645 0.765669991273708 0.0 0.0 0.0 0.0 0.0 0.0
8.154254957082195 7.7989355832837575 15.725127754093448 -0.772322264577683 -0.12796546766950667 0.6222082920708486 0.5663086313705591 0.3050311434888645 0.765669991273708 0.0 0.0 0.0 0.0 0.0 0.0
8.185710577091523 8.235258360847666 16.037086212653406 -0.45687151618001454 -0.6570204146262154 0.5996603976149912 0.5663086313705591 0.3050311434888645 0.765669991273708 0.0 0.0 0.0 0.0 0.0 0.0
8.113022320612133 8.521813314224353 16.48573727771804 0.03215235969884903 -0.9364623212708865 0.34929149231800294 0.5663086313705591 0.3050311434888645 0.765669991273708 0.0 0.0 0.0 0.0 0.0 0.0
8.04766319553777 8.594901652001512 17.014009349447036 0.5089610165693325 -0.8601265352496784 -0.03377909075292076 0.5663086313705591 0.3050311434888645 0.765669991273708 0.0 0.0 0.0 0.0 0.0 0.0
8.098321750204871 8.471924119004587 17.534581476376047 0.792406873870715 -0.4570142979383301 -0.40401643249052965 0.5663086313705591 0.3050311434888645 0.765669991273708 0.0 0.0 0.0 0.0 0.0 0.0
8.329609476703919 8.244770162412644 17.96305804480644 0.7748041114521853 0.11972531203138104 -0.6207611767304528 0.5663086313705591 0.3050311434888645 0.765669991273708 0.0 0.0 0.0 0.0 0.0 0.0
8.737513824787737 8.044907594465418 18.250032083468852 0.462840313059036 0.6509792742598994 -0.6016683713570679 0.5663086313705591 0.3050311434888645 0.765669991273708 0.0 0.0 0.0 0.0 0.0 0.0
9.792794972073766 13.054686640704942 12.100655120349547 0.6628857970093245 -0.4282590670862574 -0.6141470439412056 0.7344296094957311 0.5314235935045223 0.42213992107201664 0.0 0.0 0.0 0.0 0.0 0.0
10.205821681138751 12.955864873982131 12.42978776555371 0.4515969177165086 0.08165917259831561 -0.8884773511122878 0.7344296094957311 0.5314235935045223 0.42213992107201664 0.0 0.0 0.0 0.0 0.0 0.0
10.721789921806732 12.875657318222517 12.556391970615849 0.06873881908536669 0.560553727344229 -0.8252602580466607 0.7344296094957311 0.5314235935045223 0.42213992107201664 0.0 0.0 0.0 0.0 0.0 0.0
11.253427178448092 12.923228002248868 12.494878073889398 -0.3402343061680746 0.8264845491135336 -0.44851299533338834 0.7344296094957311 0.5314235935045223 0.42213992107201664 0.0 0.0 0.0 0.0 0.0 0.0
11.707508014292953 13.159195865251023 12.331125625764221 -0.6199467300940158 0.7784200725898323 0.09863185304442945 0.7344296094957311 0.5314235935045223 0.42213992107201664 0.0 0.0 0.0 0.0 0.0 0.0
12.020271973506231 13.572604608293052 12.189856311643979 -0.6641310263006532 0.4346207959996727 0.6083048114140247 0.7344296094957311 0.5314235935045223 0.42213992107201664 0.0 0.0 0.0 0.0 0.0 0.0
12.181647244377363 14.08508517545857 12.187250098425901 -0.45600084193704693 -0.07429818746296758 0.8868726016133446 0.7344296094957311 0.5314235935045223 0.42213992107201664 0.0 0.0 0.0 0.0 0.0 0.0
12.239077108980858 14.58062946845411 12.38680652265107 -0.07462831379404644 -0.554990047308976 0.8285026627405842 0.7344296094957311 0.5314235935045223 0.42213992107201664 0.0 0.0 0.0 0.0 0.0 0.0
12.279495447106816 14.94966376270278 12.77522015491683 0.33509675847818055 -0.8248319092435384 0.4553707104668408 0.7344296094957311 0.5314235935045223 0.42213992107201664 0.0 0.0 0.0 0.0 0.0 0.0
12.396299101871712 15.130677597286015 13.267435554961768 0.6175129696855142 -0.7813063384023718 -0.09076418810552973 0.7344296094957311 0.5314235935045223 0.42213992107201664 0.0 0.0 0.0 0.0 0.0 0.0
12.653864857506495 15.133592627446589 13.73896125547215 0.665325679443037 -0.4409494268567728 -0.6024162541203093 0.7344296094957311 0.5314235935045223 0.42213992107201664 0.0 0.0 0.0 0.0 0.0 0.0
13.06309162270482 15.035993221880668 14.073166151900752 0.46037003992798836 0.06693154423298404 -0.8852003133321241 0.7344296094957311 0.5314235935045223 0.42213992107201664 0.0 0.0 0.0 0.0 0.0 0.0
13.577259752990292 14.953650863928662 14.20558960905243 0.08051212526769122 0.549384102632886 -0.8316819737490638 0.7344296094957311 0.5314235935045223 0.42213992107201664 0.0 0.0 0.0 0.0 0.0 0.0
14.109780624763856 14.996540629458215 14.148431134119098 -0.32993369187275273 0.8231164552301847 -0.4621937473576543 0.7344296094957311 0.5314235935045223 0.42213992107201664 0.0 0.0 0.0 0.0 0.0 0.0
14.567093101093645 15.227059816856887 13.985915579932643 -0.6150321832735764 0.7841331047122885 0.0828896111222955 0.7344296094957311 0.5314235935045223 0.42213992107201664 0.0 0.0 0.0 0.0 0.0 0.0
14.884208971894207 15.636322170147508 13.84229471520964 -0.6664696654590222 0.44724447770780956 0.5964818204964908 0.7344296094957311 0.5314235935045223 0.42213992107201664 0.0 0.0 0.0 0.0 0.0 0.0
15.04940306148289 16.14753391620419 13.834641900237138 -0.4647041789579983 -0.05955980390677416 0.8834606136198486 0.7344296094957311 0.5314235935045223 0.42213992107201664 0.0 0.0 0.0 0.0 0.0 0.0
15.108667818856157 16.64516900308627 14.02837395993741 -0.08638980543128556 -0.5437363202303563 0.8347979489552524 0.7344296094957311 0.5314235935045223 0.42213992107201664 0.0 0.0 0.0 0.0 0.0 0.0
15.148240017363104 17.018859378663155 14.412398238368986 0.32474549953929455 -0.8213383177119431 0.46898158640514814 0.7344296094957311 0.5314235935045223 0.42213992107201664 0.0 0.0 0.0 0.0 0.0 0.0
15.261837962708166 17.205325658874155 14.903326884178144 0.6125045597796844 -0.7869001562503893 -0.07500872177425658 0.7344296094957311 0.5314235935045223 0.42213992107201664 0.0 0.0 0.0 0.0 0.0 0.0
8.256769507435541 8.92356663426244 0.48193879197296463 0.9436874456341534 -0.12570516330185116 -0.30602649700923246 0.26197333867895173 0.8488445104879294 0.4591655113746141 0.0 0.0 0.0 0.0 0.0 0.0
8.537519497890395 9.05943333142093 0.9194371183482806 0.6459499222952787 0.19926377471644371 -0.7369142731501932 0.26197333867895173 0.8488445104879294 0.4591655113746141 0.0 0.0 0.0 0.0 0.0 0.0
8.965513793457301 9.240722212295877 1.1889558129719693 0.1028052237696507 0.4485290732073103 -0.8878359963717753 0.26197333867895173 0.8488445104879294 0.4591655113746141 0.0 0.0 0.0 0.0 0.0 0.0
9.416942543017269 9.524253309521418 1.2560922642869123 -0.4793968980777487 0.5273906777805205 -0.7014539807454482 0.26197333867895173 0.8488445104879294 0.4591655113746141 0.0 0.0 0.0 0.0 0.0 0.0
9.75909275457617 9.9280031283414 1.1633322586196497 -0.879468123256702 0.40588774636299574 -0.24857787014877794 0.26197333867895173 0.8488445104879294 0.4591655113746141 0.0 0.0 0.0 0.0 0.0 0.0
9.900768179766203 10.424275071716103 1.0139089196304591 -0.94541470448754 0.13018127402093588 0.2987371293177719 0.26197333867895173 0.8488445104879294 0.4591655113746141 0.0 0.0 0.0 0.0 0.0 0.0
9.826936293320783 10.950221840600038 0.9325827186690321 -0.6521824329926266 -0.19498324083651056 0.7325568987380495 0.26197333867895173 0.8488445104879294 0.4591655113746141 0.0 0.0 0.0 0.0 0.0 0.0
9.604439400753746 11.431722173600134 1.018242885824879 -0.11117515129501544 -0.44607036255422533 0.8880660546295369 0.26197333867895173 0.8488445104879294 0.4591655113746141 0.0 0.0 0.0 0.0 0.0 0.0
9.356600128950879 11.81154075342037 1.3063377380765673 0.47206942912897876 -0.5276878956388408 0.7061840686946225 0.26197333867895173 0.8488445104879294 0.4591655113746141 0.0 0.0 0.0 0.0 0.0 0.0
9.216369098371647 12.07107286082601 1.755407271007308 0.8759669408469122 -0.4088279746991278 0.25601094829462034 0.26197333867895173 0.8488445104879294 0.4591655113746141 0.0 0.0 0.0 0.0 0.0 0.0
9.27581475952081 12.237412618535194 2.262834507657203 0.9470699663508576 -0.13464747093198698 -0.29142501163730616 0.26197333867895173 0.8488445104879294 0.4591655113746141 0.0 0.0 0.0 0.0 0.0 0.0
9.551145049299247 12.37305948100874 2.7038314037346733 0.6583652774726748 0.19068785822787898 -0.7281437372818576 0.26197333867895173 0.8488445104879294 0.4591655113746141 0.0 0.0 0.0 0.0 0.0 0.0
9.976549724793076 12.552173646765336 2.978847911987669 0.11953661240217679 0.44357768191599983 -0.888228483218951 0.26197333867895173 0.8488445104879294 0.4591655113746141 0.0 0.0 0.0 0.0 0.0 0.0
10.429202774845205 12.832401359071874 3.051392709542755 -0.46470601026548963 0.5279449280208809 -0.7108603779928628 0.26197333867895173 0.8488445104879294 0.4591655113746141 0.0 0.0 0.0 0.0 0.0 0.0
10.77592607523532 13.232974134332583 2.961896861567115 -0.8723990501631329 0.4117370692021442 -0.26342453021556356 0.26197333867895173 0.8488445104879294 0.4591655113746141 0.0 0.0 0.0 0.0 0.0 0.0
10.923785984690673 13.727402387473246 2.8123533836401724 -0.9486531051695073 0.13910341391681738 0.2840907008139062 0.26197333867895173 0.8488445104879294 0.4591655113746141 0.0 0.0 0.0 0.0 0.0 0.0
10.855400388973225 14.253539268193144 2.727568389902686 -0.6644979848878789 -0.1863779540005656 0.7236751248609484 0.26197333867895173 0.8488445104879294 0.4591655113746141 0.0 0.0 0.0 0.0 0.0 0.0
10.635542456692127 14.737191288434222 2.8077451636477235 -0.12788897033349908 -0.44105122111991596 0.8883232697704515 0.26197333867895173 0.8488445104879294 0.4591655113746141 0.0 0.0 0.0 0.0 0.0 0.0
10.386532229599474 15.120305668943317 3.090415254688067 0.4573072022401362 -0.5281617553526308 0.7154825525211113 0.26197333867895173 0.8488445104879294 0.4591655113746141 0.0 0.0 0.0 0.0 0.0 0.0
10.241765193646653 15.383025560701148 3.5361796160882886 0.8687647229140536 -0.4146148083332365 0.2708180513386412 0.26197333867895173 0.8488445104879294 0.4591655113746141 0.0 0.0 0.0 0.0 0.0 0.0
4.522696843351603 8.857831504097637 10.708278865790612 0.6442223377986229 -0.4265771186047361 0.634830324861815 0.41020787084692084 0.8932487977795915 0.18394588323893057 0.0 0.0 0.0 0.0 0.0 0.0
4.5288938343262775 9.207294955524489 11.11634993256459 0.9003670044045341 -0.4287575347089996 0.07420400130630563 0.41020787084692084 0.8932487977795915 0.18394588323893057 0.0 0.0 0.0 0.0 0.0 0.0
4.740329512285055 9.459023113423548 11.541335803771174 0.8144471927036092 -0.2680457949336106 -0.5146136629702113 0.41020787084692084 0.8932487977795915 0.18394588323893057 0.0 0.0 0.0 0.0 0.0 0.0
5.137418453447237 9.649650223933417 11.849015474311354 0.4191052756636759 -0.005498976176239183 -0.9079209928027254 0.41020787084692084 0.8932487977795915 0.18394588323893057 0.0 0.0 0.0 0.0 0.0 0.0
5.630042455384121 9.839023842650889 11.94973452597438 -0.13546174266742597 0.25913699556846426 -0.9562939578399797 0.41020787084692084 0.8932487977795915 0.18394588323893057 0.0 0.0 0.0 0.0 0.0 0.0
6.091787948817655 10.087467747661947 11.83246633985795 -0.6385645801596118 0.42532249015718665 -0.6413548599114747 0.41020787084692084 0.8932487977795915 0.18394588323893057 0.0 0.0 0.0 0.0 0.0 0.0
6.407972626111341 10.432863927687128 11.56900129324444 -0.8990660574187199 0.42992085972237254 -0.08275432782116976 0.41020787084692084 0.8932487977795915 0.18394588323893057 0.0 0.0 0.0 0.0 0.0 0.0
6.519215167327278 10.876260581213502 11.286672395000226 -0.8179973078815765 0.27118510678556856 0.5072859569869755 0.41020787084692084 0.8932487977795915 0.18394588323893057 0.0 0.0 0.0 0.0 0.0 0.0
6.443995196473287 11.3814738883645 11.119979346612967 -0.42615770489455435 0.009421597807728164 0.9045998253668601 0.41020787084692084 0.8932487977795915 0.18394588323893057 0.0 0.0 0.0 0.0 0.0 0.0
6.2716325633795105 11.88883484903222 11.15948985688136 0.12758633515877596 -0.2559213336979833 0.9582410959873283 0.41020787084692084 0.8932487977795915 0.18394588323893057 0.0 0.0 0.0 0.0 0.0 0.0
6.128353239399687 12.337858533630907 11.417431455131162 0.6328581933555183 -0.4240354717553089 0.6478305533054458 0.41020787084692084 0.8932487977795915 0.18394588323893057 0.0 0.0 0.0 0.0 0.0 0.0
6.129333960508166 12.690223319100678 11.823046048390957 0.8976966430717576 -0.4310514445977716 0.0912983522735738 0.41020787084692084 0.8932487977795915 0.18394588323893057 0.0 0.0 0.0 0.0 0.0 0.0
6.334944659650917 12.944329914211332 12.249472103924221 0.8214851293975431 -0.2743037668417093 -0.49991961921407796 0.41020787084692084 0.8932487977795915 0.18394588323893057 0.0 0.0 0.0 0.0 0.0 0.0
6.727812919887905 13.13590895703944 12.561941466527642 0.43317768056626815 -0.013343501948067197 -0.9012097691519926 0.41020787084692084 0.8932487977795915 0.18394588323893057 0.0 0.0 0.0 0.0 0.0 0.0
7.2194240460399275 13.324446348178633 12.668980033896261 -0.1197012114567333 0.25268618242710117 -0.9601152603652364 0.41020787084692084 0.8932487977795915 0.18394588323893057 0.0 0.0 0.0 0.0 0.0 0.0
7.683749277273985 13.570583562552864 12.557160297454557 -0.6271036119497908 0.42271616141053653 -0.6542569118946048 0.41020787084692084 0.8932487977795915 0.18394588323893057 0.0 0.0 0.0 0.0 0.0 0.0
8.005126220432244 13.913078939221409 12.29620267736025 -0.8962588656498516 0.4321492032367806 -0.09983542400297635 0.41020787084692084 0.8932487977795915 0.18394588323893057 0.0 0.0 0.0 0.0 0.0 0.0
8.122200926964792 14.354082740365374 12.012487569223143 -0.8249103916403974 0.27740153760399433 0.4925152106266596 0.41020787084692084 0.8932487977795915 0.18394588323893057 0.0 0.0 0.0 0.0 0.0 0.0
8.051237283767072 14.85832023073462 11.841041318845393 -0.4401646680804916 0.01726438992907091 0.8977510823240284 0.41020787084692084 0.8932487977795915 0.18394588323893057 0.0 0.0 0.0 0.0 0.0 0.0
7.879938090630602 15.366493139331423 11.874237455931185 0.11180697204399585 -0.2494317881251134 0.9619163082488301 0.41020787084692084 0.8932487977795915 0.18394588323893057 0.0 0.0 0.0 0.0 0.0 0.0
12.38764049634402 8.2525722634804 8.255283907431425 -0.7045910601638515 -0.13583444656047636 0.6964915226079849 0.68289799428415 0.13698499185177201 0.7175551835295004 0.0 0.0 0.0 0.0 0.0 0.0
12.505644136600333 8.63569682515056 8.61302098022325 -0.45765000723278504 -0.6853892801204948 0.5663903296982937 0.68289799428415 0.13698499185177201 0.7175551835295004 0.0 0.0 0.0 0.0 0.0 0.0
12.519326443307955 8.86258687885145 9.099866746491301 -0.03684006505389969 -0.9745532670650613 0.2211079809948973 0.68289799428415 0.13698499185177201 0.7175551835295004 0.0 0.0 0.0 0.0 0.0 0.0
12.524611056027366 8.867327484660498 9.637114083984311 0.3979660337720035 -0.8934681741898896 -0.2081769864167647 0.68289799428415 0.13698499185177201 0.7175551835295004 0.0 0.0 0.0 0.0 0.0 0.0
12.620612038667124 8.668401992049942 10.126907470873322 0.6815781827306611 -0.4729395839487155 -0.5583720361550938 0.68289799428415 0.13698499185177201 0.7175551835295004 0.0 0.0 0.0 0.0 0.0 0.0
12.871978789506224 8.361669906397212 10.489419934551577 0.7062473846904149 0.12726666136274997 -0.6964322138754984 0.68289799428415 0.13698499185177201 0.7175551835295004 0.0 0.0 0.0 0.0 0.0 0.0
13.284334653907612 8.083948260206574 10.693180653163642 0.46260139737969264 0.6791221742373986 -0.5699061498189185 0.68289799428415 0.13698499185177201 0.7175551835295004 0.0 0.0 0.0 0.0 0.0 0.0
13.802140521397472 7.961032535001959 10.767031246992362 0.04320540492151266 0.9729678188020061 -0.22686321112343039 0.68289799428415 0.13698499185177201 0.7175551835295004 0.0 0.0 0.0 0.0 0.0 0.0
14.329795062298652 8.059904854707737 10.789168364707233 -0.39260504322219864 0.8971667218492915 0.20236885442846939 0.68289799428415 0.13698499185177201 0.7175551835295004 0.0 0.0 0.0 0.0 0.0 0.0
14.767955271243997 8.363286356888453 10.857435469156622 -0.6792582714395176 0.4805169874383484 0.5547176087561779 0.68289799428415 0.13698499185177201 0.7175551835295004 0.0 0.0 0.0 0.0 0.0 0.0
15.051278535841812 8.776201721475228 11.052150469976194 -0.7078499257442866 -0.11868918431602803 0.6963198691335778 0.68289799428415 0.13698499185177201 0.7175551835295004 0.0 0.0 0.0 0.0 0.0 0.0
15.173247387593687 9.162061882762604 11.405591606874502 -0.4675175586391562 -0.672803350571406 0.5733785693797527 0.68289799428415 0.13698499185177201 0.7175551835295004 0.0 0.0 0.0 0.0 0.0 0.0
15.188645597143305 9.394556499117442 11.889734406704306 -0.04956745453026493 -0.9713082752725513 0.23260116474009931 0.68289799428415 0.13698499185177201 0.7175551835295004 0.0 0.0 0.0 0.0 0.0 0.0
15.192744903873107 9.405641363561642 12.426898649355422 0.38721415427831973 -0.9007969467893026 -0.19654531126840696 0.68289799428415 0.13698499185177201 0.7175551835295004 0.0 0.0 0.0 0.0 0.0 0.0
15.285109689254364 9.211389535641604 12.9192603821186 0.6768866320011481 -0.4880577976989908 -0.5510209374636793 0.68289799428415 0.13698499185177201 0.7175551835295004 0.0 0.0 0.0 0.0 0.0 0.0
15.53177080369855 8.905884917379321 13.28601687484903 0.7093985612857598 0.11010266862839649 -0.6961544969377114 0.68289799428415 0.13698499185177201 0.7175551835295004 0.0 0.0 0.0 0.0 0.0 0.0
15.940139342509083 8.625478205895268 13.494084928097978 0.4723981166264608 0.666433290325403 -0.5768073239426039 0.68289799428415 0.13698499185177201 0.7175551835295004 0.0 0.0 0.0 0.0 0.0 0.0
16.456191046868646 8.496984983910242 13.570669733704943 0.055925729385445704 0.9695747628573612 -0.23832140487752188 0.68289799428415 0.13698499185177201 0.7175551835295004 0.0 0.0 0.0 0.0 0.0 0.0
16.984991023001328 8.589506359626265 13.592929167571281 -0.38179377747743265 0.9043585725542381 0.1907068004219347 0.68289799428415 0.13698499185177201 0.7175551835295004 0.0 0.0 0.0 0.0 0.0 0.0
17.426761095544872 8.888176300411711 13.658660222594397 -0.6744634450250793 0.4955614404687457 0.5472823037934278 0.68289799428415 0.13698499185177201 0.7175551835295004 0.0 0.0 0.0 0.0 0.0 0.0
5.6124858710233045 3.4376790619708246 2.140524891275682 0.5597028864658888 -0.7042227365019009 0.43681004598741385 0.03592436795292599 0.5472305166456137 0.8362106202619992 0.0 0.0 0.0 0.0 0.0 0.0
5.399000358490416 3.411562514200803 2.632893618947846 0.9388487143908438 -0.30521160924814733 0.15940189793981738 0.03592436795292599 0.5472305166456137 0.8362106202619992 0.0 0.0 0.0 0.0 0.0 0.0
5.3995254399438375 3.3158729704991687 3.161598014270979 0.9613102190052827 0.20975451122495975 -0.17856569619272783 0.03592436795292599 0.5472305166456137 0.8362106202619992 0.0 0.0 0.0 0.0 0.0 0.0
5.619181216067182 3.2679969742311994 3.6495983535284022 0.6185538991698495 0.6450313859752924 -0.4486931968824231 0.03592436795292599 0.5472305166456137 0.8362106202619992 0.0 0.0 0.0 0.0 0.0 0.0
5.97983637296912 3.3671559026922395 4.035319064438326 0.040798611370094155 0.8352500528439428 -0.5483546503262853 0.03592436795292599 0.5472305166456137 0.8362106202619992 0.0 0.0 0.0 0.0 0.0 0.0
6.349791574616601 3.656710106980237 4.296042315552369 -0.5524567510055663 0.7081432600009981 -0.4396870041103469 0.03592436795292599 0.5472305166456137 0.8362106202619992 0.0 0.0 0.0 0.0 0.0 0.0
6.5938142424892865 4.107685589667221 4.456538900244688 -0.9358245570899014 0.31200100315974194 -0.16397491385820046 0.03592436795292599 0.5472305166456137 0.8362106202619992 0.0 0.0 0.0 0.0 0.0 0.0
6.624515673127568 4.629781710841593 4.579657398163552 -0.9636569677835621 -0.20267565116049538 0.17403398768303732 0.03592436795292599 0.5472305166456137 0.8362106202619992 0.0 0.0 0.0 0.0 0.0 0.0
6.435551467638076 5.105677910956732 4.742446949050751 -0.625379984930935 -0.6403524370486771 0.44592446761038246 0.03592436795292599 0.5472305166456137 0.8362106202619992 0.0 0.0 0.0 0.0 0.0 0.0
6.104031874905968 5.4356057528979065 5.006884996360771 -0.04951069000728165 -0.8347486259802519 0.5484007868330275 0.03592436795292599 0.5472305166456137 0.8362106202619992 0.0 0.0 0.0 0.0 0.0 0.0
5.761226318828845 5.57525261928148 5.396331020284834 0.5451685438247316 -0.7120098556491579 0.4425304783655994 0.03592436795292599 0.5472305166456137 0.8362106202619992 0.0 0.0 0.0 0.0 0.0 0.0
5.542691949470322 5.552596816666407 5.8866518806765775 0.9327291331257443 -0.3187666369869847 0.16853544245203853 0.03592436795292599 0.5472305166456137 0.8362106202619992 0.0 0.0 0.0 0.0 0.0 0.0
5.536773215356177 5.4572781491201425 6.415390400478238 0.9659303303527949 0.19558135656050457 -0.16948902581138467 0.03592436795292599 0.5472305166456137 0.8362106202619992 0.0 0.0 0.0 0.0 0.0 0.0
5.751038330438991 5.406542257955822 6.905493891513213 0.632158445584911 0.6356247228047552 -0.44312177946366627 0.03592436795292599 0.5472305166456137 0.8362106202619992 0.0 0.0 0.0 0.0 0.0 0.0
6.109403983083781 5.5006970423548065 7.2945877589766 0.05821899821373673 0.8341836297768321 -0.5484051604966322 0.03592436795292599 0.5472305166456137 0.8362106202619992 0.0 0.0 0.0 0.0 0.0 0.0
6.481040658203255 5.785004011409044 7.558672652849185 -0.5378388199485787 0.7158222289901521 -0.4453402522115978 0.03592436795292599 0.5472305166456137 0.8362106202619992 0.0 0.0 0.0 0.0 0.0 0.0
6.730076957392328 6.232482680084965 7.721242222217486 -0.9295626782268923 0.325507995500666 -0.17308313641942213 0.03592436795292599 0.5472305166456137 0.8362106202619992 0.0 0.0 0.0 0.0 0.0 0.0
6.767219414830849 6.754160906577388 7.844357485192911 -0.9681301335876202 -0.18847216768298744 0.1649311566942134 0.03592436795292599 0.5472305166456137 0.8362106202619992 0.0 0.0 0.0 0.0 0.0 0.0
6.583676577855814 7.232876896516188 8.005068810526348 -0.6388887649257547 -0.6308486032772705 0.44028534587782864 0.03592436795292599 0.5472305166456137 0.8362106202619992 0.0 0.0 0.0 0.0 0.0 0.0
6.25449902681329 7.567790927488254 8.266143194306233 -0.0669228728180737 -0.8335551072603312 0.5483677709840287 0.03592436795292599 0.5472305166456137 0.8362106202619992 0.0 0.0 0.0 0.0 0.0 0.0
3.899226058622432 9.209123292998754 6.916310389463291 0.08354163248868084 0.7379305064329544 -0.6696860184569553 0.7713868516642478 0.37755813576204 0.5122618268028694 0.0 0.0 0.0 0.0 0.0 0.0
4.431356638318689 9.243583323203303 6.850472295712131 -0.3022460974806811 0.925760684379189 -0.2271881418900948 0.7713868516642478 0.37755813576204 0.5122618268028694 0.0 0.0 0.0 0.0 0.0 0.0
4.894590210584037 9.489070530541191 6.732846657868639 -0.5732054817318627 0.7618789004365276 0.3016223081639858 0.7713868516642478 0.37755813576204 0.5122618268028694 0.0 0.0 0.0 0.0 0.0 0.0
5.227161575252672 9.908228057206138 6.683975834661687 -0.6263945199885207 0.3085465842820992 0.7158414004904995 0.7713868516642478 0.37755813576204 0.5122618268028694 0.0 0.0 0.0 0.0 0.0 0.0
5.416946289380392 10.397718787466623 6.798281081220526 -0.441605807343654 -0.2620077378648903 0.8581003765406946 0.7713868516642478 0.37755813576204 0.5122618268028694 0.0 0.0 0.0 0.0 0.0 0.0
5.506066945828979 10.82748484563672 7.108190335611982 -0.08904366523356674 -0.7330209398612348 0.6743526728698593 0.7713868516642478 0.37755813576204 0.5122618268028694 0.0 0.0 0.0 0.0 0.0 0.0
5.574890095985812 11.090158757500912 7.571818303002662 0.2973476540294444 -0.9255472313477374 0.23440711420032154 0.7713868516642478 0.37755813576204 0.5122618268028694 0.0 0.0 0.0 0.0 0.0 0.0
5.711493653234715 11.141854148857002 8.088879379450933 0.5707716281390067 -0.766442655320737 -0.29459362623187235 0.7713868516642478 0.37755813576204 0.5122618268028694 0.0 0.0 0.0 0.0 0.0 0.0
5.978204621077259 11.018838912816578 8.53878782953025 0.6273499179258332 -0.31615370029954587 -0.7116733227158047 0.7713868516642478 0.37755813576204 0.5122618268028694 0.0 0.0 0.0 0.0 0.0 0.0
6.38792002245059 10.823756430845082 8.826470323303663 0.4455874851613478 0.25424733127343146 -0.8583764253565694 0.7713868516642478 0.37755813576204 0.5122618268028694 0.0 0.0 0.0 0.0 0.0 0.0
6.89920710508688 10.686629636037269 8.918485883908195 0.09453891695859658 0.7280555509069381 -0.6789679727158631 0.7713868516642478 0.37755813576204 0.5122618268028694 0.0 0.0 0.0 0.0 0.0 0.0
7.432044336818555 10.715463126966993 8.855730673768388 -0.29242656640312703 0.925263294311216 -0.241608235501259 0.7713868516642478 0.37755813576204 0.5122618268028694 0.0 0.0 0.0 0.0 0.0 0.0
7.89822292353742 10.955210414948409 8.737900858743854 -0.5682943080768378 0.7709480426293394 0.28754250985455476 0.7713868516642478 0.37755813576204 0.5122618268028694 0.0 0.0 0.0 0.0 0.0 0.0
8.234858804848766 11.370695333505099 8.685616367888205 -0.6282575407380135 0.3237367399886749 0.7074510482622288 0.7713868516642478 0.37755813576204 0.5122618268028694 0.0 0.0 0.0 0.0 0.0 0.0
8.42828335998073 11.859976052128596 8.794595365743909 -0.4495352297668864 -0.24646756276333867 0.8585871054843127 0.7713868516642478 0.37755813576204 0.5122618268028694 0.0 0.0 0.0 0.0 0.0 0.0
8.519236345342685 12.29307448206508 9.099289321310245 -0.10002696917907967 -0.723034717703659 0.6835315665220117 0.7713868516642478 0.37755813576204 0.5122618268028694 0.0 0.0 0.0 0.0 0.0 0.0
8.587388179932917 12.561357125350694 9.559794318972624 0.28748320936160066 -0.9249088948925313 0.24879095739963744 0.7713868516642478 0.37755813576204 0.5122618268028694 0.0 0.0 0.0 0.0 0.0 0.0
8.721071821142797 12.618806756943256 10.07701122320247 0.5657737102028658 -0.7753947192596498 -0.28046949600184684 0.7713868516642478 0.37755813576204 0.5122618268028694 0.0 0.0 0.0 0.0 0.0 0.0
8.983723597395516 12.49950513788275 10.53029509699371 0.6291173193060667 -0.33129512587165716 -0.7031748986723207 0.7713868516642478 0.37755813576204 0.5122618268028694 0.0 0.0 0.0 0.0 0.0 0.0
9.389782686379258 12.304684784455585 10.823290230507165 0.45344874052423 0.23866902479410232 -0.8587324008798194 0.7713868516642478 0.37755813576204 0.5122618268028694 0.0 0.0 0.0 0.0 0.0 0.0
