t = 0
b = 13 13 13
E = -0.9913070025458 -0.9913070025458 0
8.41767447849553 4.85732272600021 11.3484811492981 0.729913992642627 -0.588441685229184 0.347795840155022 0.355967646779418 0.761609031610338 0.541515205156686 0 0 0 0 0 0
8.43430827797781 4.99159760008447 11.8684606460312 0.93342927074343 -0.317488290947154 -0.167065800302886 0.355967646779418 0.761609031610338 0.541515205156686 0 0 0 0 0 0
8.66371730909645 5.05350100825754 12.3503574883285 0.782319162783635 0.0740842131868534 -0.618456350034501 0.355967646779418 0.761609031610338 0.541515205156686 0 0 0 0 0 0
9.07145601798733 5.13229191515762 12.6912771861757 0.333992925203445 0.437510886109184 -0.834884992349247 0.355967646779418 0.761609031610338 0.541515205156686 0 0 0 0 0 0
9.55532842468744 5.31081344231259 12.8418848237472 -0.241222808725458 0.634719858606701 -0.734126867537819 0.355967646779418 0.761609031610338 0.541515205156686 0 0 0 0 0 0
9.98421408454849 5.63401938120844 12.8251482187641 -0.724793964589269 0.590788144869408 -0.35446167180209 0.355967646779418 0.761609031610338 0.541515205156686 0 0 0 0 0 0
10.2478829373757 6.09189549631645 12.7276120645406 -0.933003775396751 0.322406137445186 0.159869439334371 0.355967646779418 0.761609031610338 0.541515205156686 0 0 0 0 0 0
10.2988735502443 6.62326410059962 12.6665181540436 -0.78674985293974 -0.0684633519376251 0.613463477593216 0.355967646779418 0.761609031610338 0.541515205156686 0 0 0 0 0 0
10.1705245093801 7.1390264816544 12.7452632625667 -0.341596507594841 -0.43332246927313 0.833992484152013 0.355967646779418 0.761609031610338 0.541515205156686 0 0 0 0 0 0
9.96430853386136 7.55601299220386 13.0141169840938 0.23333506217438 -0.633555135766433 0.737673802370706 0.355967646779418 0.761609031610338 0.541515205156686 0 0 0 0 0 0
9.81128129310714 7.82858058962052 13.4511234720823 0.719618740669355 -0.593089613705071 0.361100509820496 0.355967646779418 0.761609031610338 0.541515205156686 0 0 0 0 0 0
9.82229116693133 7.96595339093152 13.9704428326464 0.932507228200303 -0.327299431467605 -0.15266090368909 0.355967646779418 0.761609031610338 0.541515205156686 0 0 0 0 0 0
10.0458660927652 8.02871827654098 14.4549631354111 0.791120629048518 0.0628372769390801 -0.608423887532992 0.355967646779418 0.761609031610338 0.541515205156686 0 0 0 0 0 0
10.4497769908833 8.10580692140589 14.8007931938685 0.349174076089639 0.429101053253364 -0.833036464198177 0.355967646779418 0.761609031610338 0.541515205156686 0 0 0 0 0 0
10.9332821306328 8.28070916486158 14.9567325641005 -0.225429546254925 0.632342165249667 -0.741164560487522 0.355967646779418 0.761609031610338 0.541515205156686 0 0 0 0 0 0
11.3654005982203 8.59975382478262 14.9437234494485 -0.714388714996221 0.59534591647041 -0.367711848637022 0.355967646779418 0.761609031610338 0.541515205156686 0 0 0 0 0 0
11.6346741357462 9.05450760509566 14.8468944073297 -0.931939666968081 0.332167800371127 0.145440742324943 0.355967646779418 0.761609031610338 0.541515205156686 0 0 0 0 0 0
11.6915119968632 9.58497904595498 14.7832185870001 -0.795431158258445 -0.0572064166386119 0.603337963638124 0.355967646779418 0.761609031610338 0.541515205156686 0 0 0 0 0 0
11.5670313004269 10.1024102823415 14.8570736744659 -0.35672505362666 -0.42484695952706 0.832017005292361 0.355967646779418 0.761609031610338 0.541515205156686 0 0 0 0 0 0
11.361235116792 10.522997640936 15.1205870644676 0.217506863002736 -0.631081039428805 0.744598876053521 0.355967646779418 0.761609031610338 0.541515205156686 0 0 0 0 0 0
11.1953445225293 5.05825932010527 2.16471077101913 -0.67806344817322 0.636898206131587 0.366865963640415 0.719296661610893 0.677638198869439 0.153031970608784 0 0 0 0 0 0
11.3452439551235 5.52431617902744 1.94333718072909 -0.46063730163828 0.300333773155837 0.835232243774977 0.719296661610893 0.677638198869439 0.153031970608784 0 0 0 0 0 0
11.3901411003153 6.05883413099049 1.91235480668818 -0.068207342765975 -0.150332481554727 0.986279830160996 0.719296661610893 0.677638198869439 0.153031970608784 0 0 0 0 0 0
11.4194903795774 6.55908378905293 2.1061949509658 0.350135725989082 -0.543884913097594 0.762623219349452 0.719296661610893 0.677638198869439 0.153031970608784 0 0 0 0 0 0
11.5286531085958 6.9353548640614 2.47387508209011 0.635456378483726 -0.730806372883861 0.249233297126772 0.719296661610893 0.677638198869439 0.153031970608784 0 0 0 0 0 0
11.7826681390842 7.14503860337615 2.8983679511366 0.679356528528323 -0.640082273180577 -0.358844521632882 0.719296661610893 0.677638198869439 0.153031970608784 0 0 0 0 0 0
12.1915425116266 7.20881556837916 3.24106220018581 0.465157775149561 -0.306180216291075 -0.830591307063745 0.719296661610893 0.677638198869439 0.153031970608784 0 0 0 0 0 0
12.7064496136506 7.20279874344465 3.39442313465526 0.0742378059682117 0.144044823827634 -0.986782568194986 0.719296661610893 0.677638198869439 0.153031970608784 0 0 0 0 0 0
13.2382792258809 7.22961694063403 3.32284695165549 -0.344886346890387 0.5395448270732 -0.768078633544219 0.719296661610893 0.677638198869439 0.153031970608784 0 0 0 0 0 0
13.6914919844857 7.37942439813154 3.0761872199717 -0.632982410373106 0.730062729805202 -0.257568784420063 0.719296661610893 0.677638198869439 0.153031970608784 0 0 0 0 0 0
14.0004163827291 7.6956496778596 2.77081467577493 -0.680597873253543 0.643217595486284 0.350795752225704 0.719296661610893 0.677638198869439 0.153031970608784 0 0 0 0 0 0
14.1541984743494 8.15849642871764 2.54540603433583 -0.469642825095333 0.312003342617418 0.825887117608716 0.719296661610893 0.677638198869439 0.153031970608784 0 0 0 0 0 0
14.2009254692118 8.69246435134251 2.5082583873422 -0.0802626156741005 -0.137746196529514 0.987210158915924 0.719296661610893 0.677638198869439 0.153031970608784 0 0 0 0 0 0
14.2293565983058 9.19503302413429 2.69614532713607 0.339610703361095 -0.535163652621292 0.773475555577304 0.719296661610893 0.677638198869439 0.153031970608784 0 0 0 0 0 0
14.3352019979169 9.5756111254721 3.06034604416123 0.630460238201245 -0.729263489623116 0.265884656853202 0.719296661610893 0.677638198869439 0.153031970608784 0 0 0 0 0 0
14.5847608286634 9.78995359140401 3.48515517708214 0.681787387815672 -0.646303934281777 -0.342720268363834 0.719296661610893 0.677638198869439 0.153031970608784 0 0 0 0 0 0
14.989733115915 9.85697105518041 3.83184121404582 0.474092109921678 -0.31780270868125 -0.821120033652129 0.719296661610893 0.677638198869439 0.153031970608784 0 0 0 0 0 0
15.5027747145405 9.85154538151324 3.99135291350191 0.0862813130710564 0.131437079325223 -0.987562569761121 0.719296661610893 0.677638198869439 0.153031970608784 0 0 0 0 0 0
16.0354841411954 9.87608079421393 3.92574969410726 -0.334309197161886 0.530741723385266 -0.778813574452201 0.719296661610893 0.677638198869439 0.153031970608784 0 0 0 0 0 0
16.4919877758383 10.0215987994601 3.68261589591082 -0.627890054041319 0.728408713202836 -0.274180281140308 0.719296661610893 0.677638198869439 0.153031970608784 0 0 0 0 0 0
5.88890929442079 7.57997554336271 6.17210835360189 0.444332404996993 -0.53454180721859 0.718911517646694 0.571770047639521 0.786994060966779 0.231774374393113 0 0 0 0 0 0
5.91976398986943 7.93417744134611 6.57494095574835 0.764332456325886 -0.61364321690257 0.198085583918427 0.571770047639521 0.786994060966779 0.231774374393113 0 0 0 0 0 0
6.12484829278731 8.14849934872825 7.02292717298179 0.793949828539378 -0.459611308917796 -0.397996374954802 0.571770047639521 0.786994060966779 0.231774374393113 0 0 0 0 0 0
6.51091348410241 8.2580528437809 7.3801901040213 0.521932386757506 -0.130965380383852 -0.842872856838163 0.571770047639521 0.786994060966779 0.231774374393113 0 0 0 0 0 0
7.01595317940151 8.33775277625421 7.54532014082353 0.0516241050023022 0.247436485782309 -0.967527848326038 0.571770047639521 0.786994060966779 0.231774374393113 0 0 0 0 0 0
7.53276059106023 8.4738558634472 7.48990217415653 -0.438297037352284 0.531833094082342 -0.724602834031867 0.571770047639521 0.786994060966779 0.231774374393113 0 0 0 0 0 0
7.94965817926347 8.73119032117042 7.2693109686723 -0.761701807281056 0.614177418165338 -0.206389088375655 0.571770047639521 0.786994060966779 0.231774374393113 0 0 0 0 0 0
8.19292581653001 9.12852654068954 7.00167336399881 -0.795723325648663 0.463185472588486 0.390235322596011 0.571770047639521 0.786994060966779 0.231774374393113 0 0 0 0 0 0
8.25480829667746 9.63144590325936 6.82298991338984 -0.527436248817799 0.136221621927139 0.838602810126789 0.571770047639521 0.786994060966779 0.231774374393113 0 0 0 0 0 0
8.1964616673111 10.1654169888337 6.83546599973595 -0.0587673227972313 -0.242495100408393 0.968371069399107 0.571770047639521 0.786994060966779 0.231774374393113 0 0 0 0 0 0
8.12471902486398 10.6441113086398 7.06868230182143 0.432228291691246 -0.529083879796904 0.730238969105815 0.571770047639521 0.786994060966779 0.231774374393113 0 0 0 0 0 0
8.15150283510797 11.0022009413986 7.46835659989158 0.759013151694553 -0.614664847439827 0.214676875504736 0.571770047639521 0.786994060966779 0.231774374393113 0 0 0 0 0 0
8.35130371716312 11.220177702843 7.91696649848785 0.797436225345933 -0.466724362892142 -0.382444552306547 0.571770047639521 0.786994060966779 0.231774374393113 0 0 0 0 0 0
8.73288021187724 11.3317646310806 8.27839814935221 0.532899944565693 -0.141467489666512 -0.834268900564642 0.571770047639521 0.786994060966779 0.231774374393113 0 0 0 0 0 0
9.23593126572282 11.4111040405975 8.44965817808255 0.0659060652330025 0.237535248093722 -0.96914054526604 0.571770047639521 0.786994060966779 0.231774374393113 0 0 0 0 0 0
9.75400560921201 11.5445896173914 8.40000258902544 -0.426126630172355 0.526294373725587 -0.73581949365503 0.571770047639521 0.786994060966779 0.231774374393113 0 0 0 0 0 0
10.1749443739453 11.7980440132359 8.18261692323708 -0.756266694317909 0.615105467606413 -0.222948314158591 0.571770047639521 0.786994060966779 0.231774374393113 0 0 0 0 0 0
10.4234921219129 12.1917117197756 7.91441018222119 -0.799088397187242 0.470227710328567 0.37462465738373 0.571770047639521 0.786994060966779 0.231774374393113 0 0 0 0 0 0
10.4898876445983 12.6925678476805 7.7315991436435 -0.538323057919602 0.146702584108833 0.829871458195714 0.571770047639521 0.786994060966779 0.231774374393113 0 0 0 0 0 0
10.4335724092925 13.2268648342489 7.73795733007347 -0.0730397886667405 -0.232557306550254 0.969836217328271 0.571770047639521 0.786994060966779 0.231774374393113 0 0 0 0 0 0
13.1354730911363 3.46652424391989 8.71146353412422 -0.857889763153341 0.221570722042029 0.463607128299899 0.494529167388285 0.601020598644067 0.627865545007669 0 0 0 0 0 0
13.1813575038317 3.99620082157458 8.78906795328942 -0.613115283934986 -0.270797733183052 0.742130875458125 0.494529167388285 0.601020598644067 0.627865545007669 0 0 0 0 0 0
13.0874822682625 4.46414904742953 9.03584112886649 -0.135408057608831 -0.660285602075233 0.738706695263249 0.494529167388285 0.601020598644067 0.627865545007669 0 0 0 0 0 0
12.9627407617007 4.78158514951551 9.45100251887225 0.393742953704913 -0.798919931352471 0.454635491020546 0.494529167388285 0.601020598644067 0.627865545007669 0 0 0 0 0 0
12.9277529738251 4.91690742811165 9.96979808336127 0.773304433875033 -0.634031221479965 -0.00215933736092365 0.494529167388285 0.601020598644067 0.627865545007669 0 0 0 0 0 0
13.0690399559834 4.90770226982161 10.4881014268309 0.859074630655366 -0.228263450130493 -0.458133797376783 0.494529167388285 0.601020598644067 0.627865545007669 0 0 0 0 0 0
13.4061530272304 4.846464450892 10.9019731567733 0.618468012287844 0.264225422284921 -0.740055568180578 0.494529167388285 0.601020598644067 0.627865545007669 0 0 0 0 0 0
13.8842459013385 4.8454568252861 11.1471491966631 0.142895055818426 0.656330639160814 -0.7408178555633 0.494529167388285 0.601020598644067 0.627865545007669 0 0 0 0 0 0
14.3949117079166 4.99405978952839 11.2234557830674 -0.386966121434341 0.799084872956406 -0.460131053803486 0.494529167388285 0.601020598644067 0.627865545007669 0 0 0 0 0 0
14.8173685749379 5.32481417570433 11.1948754812791 -0.769812399425668 0.638253403529242 -0.00463277172275734 0.494529167388285 0.601020598644067 0.627865545007669 0 0 0 0 0 0
15.0643466812879 5.80105844529743 11.1652391390308 -0.860194076298223 0.234938795073473 0.45262557779126 0.494529167388285 0.601020598644067 0.627865545007669 0 0 0 0 0 0
15.1152435208797 6.33085702061989 11.2387788114819 -0.62377364190707 -0.257632989597893 0.737923902806274 0.494529167388285 0.601020598644067 0.627865545007669 0 0 0 0 0 0
15.0239511391717 6.80192814785708 11.4805282607966 -0.15037117201628 -0.652325694127136 0.742872599715456 0.494529167388285 0.601020598644067 0.627865545007669 0 0 0 0 0 0
14.8983816440712 7.12430161259253 11.8916155425908 0.380159820195421 -0.799188961153483 0.465591575825209 0.494529167388285 0.601020598644067 0.627865545007669 0 0 0 0 0 0
14.8594695919459 7.26449992848653 12.4088344387443 0.766261740781636 -0.642426980110742 0.011424528002935 0.494529167388285 0.601020598644067 0.627865545007669 0 0 0 0 0 0
14.9952269277423 7.25825699405029 12.9286575564156 0.861248014831794 -0.241596248517605 -0.447082889015576 0.494529167388285 0.601020598644067 0.627865545007669 0 0 0 0 0 0
15.3273057756188 7.19694218716262 13.3465681154683 0.629031768748427 0.25102093716124 -0.735736041669782 0.494529167388285 0.601020598644067 0.627865545007669 0 0 0 0 0 0
15.802772434974 7.19284761079924 13.5967676206723 0.157835836867199 0.648271071966269 -0.744870771242996 0.494529167388285 0.601020598644067 0.627865545007669 0 0 0 0 0 0
16.3142177783094 7.33652644568846 13.6771738101342 -0.373324568314345 0.799232188016982 -0.471016641245822 0.494529167388285 0.601020598644067 0.627865545007669 0 0 0 0 0 0
16.7405637745508 7.66239028298402 13.6502117414034 -0.76265272833934 0.646551633390449 -0.0182154142610735 0.494529167388285 0.601020598644067 0.627865545007669 0 0 0 0 0 0
4.56534309124964 12.1457943115438 10.5983758214329 0.657177279487987 0.597125594475204 -0.459955484528016 0.117002138051393 0.522020026005082 0.844870162889574 0 0 0 0 0 0
4.94781553300945 12.2030393470848 10.9713676971066 0.0957283555270795 0.840823894858422 -0.532776932480372 0.117002138051393 0.522020026005082 0.844870162889574 0 0 0 0 0 0
5.35210925642375 12.4519502159154 11.2229130542575 -0.50208937119132 0.765079139759075 -0.403187516228144 0.117002138051393 0.522020026005082 0.844870162889574 0 0 0 0 0 0
5.64195169187673 12.8752608987273 11.3825518043979 -0.909154951307509 0.398668028024177 -0.12042042162505 0.117002138051393 0.522020026005082 0.844870162889574 0 0 0 0 0 0
5.72455222757255 13.3894479710714 11.5147407156399 -0.970817365161785 -0.119203732931085 0.208096404475483 0.117002138051393 0.522020026005082 0.844870162889574 0 0 0 0 0 0
5.58585491433294 13.8764625487431 11.6943652088297 -0.663650030790327 -0.591788002765694 0.457553927329435 0.117002138051393 0.522020026005082 0.844870162889574 0 0 0 0 0 0
5.29587855569289 14.2285790325637 11.9782891341513 -0.104350954084813 -0.839542116181843 0.533179063297221 0.117002138051393 0.522020026005082 0.844870162889574 0 0 0 0 0 0
4.98211539378581 14.3893218645845 12.383751243728 0.494592794732434 -0.768340143264857 0.406240558839832 0.117002138051393 0.522020026005082 0.844870162889574 0 0 0 0 0 0
4.78109467500036 14.3749215367721 12.8818159014746 0.905632471680277 -0.405232903959402 0.124964474099249 0.117002138051393 0.522020026005082 0.844870162889574 0 0 0 0 0 0
4.7865129066302 14.2681483557516 13.4083662150241 0.972607231269311 0.111829090693082 -0.203787703646229 0.117002138051393 0.522020026005082 0.844870162889574 0 0 0 0 0 0
5.01363698723101 14.1868666194732 13.8884631151153 0.670072242573396 0.586405344108573 -0.455117525627795 0.117002138051393 0.522020026005082 0.844870162889574 0 0 0 0 0 0
5.39350405661028 14.2392559998357 14.2648159609194 0.112965605913383 0.838196403122698 -0.533540590464112 0.117002138051393 0.522020026005082 0.844870162889574 0 0 0 0 0 0
5.79912163941197 14.4827122766639 14.5195482123392 -0.487058553117336 0.77154263469398 -0.409262664660141 0.117002138051393 0.522020026005082 0.844870162889574 0 0 0 0 0 0
6.09371420970525 14.9020417213471 14.6809890264724 -0.902041024634029 0.411766919840067 -0.129499010044925 0.117002138051393 0.522020026005082 0.844870162889574 0 0 0 0 0 0
6.18268650005044 15.4152334483642 14.8129105371911 -0.974323029570574 -0.104445932236858 0.199463483594346 0.117002138051393 0.522020026005082 0.844870162889574 0 0 0 0 0 0
6.0495618251479 15.9046167218415 14.9902997552712 -0.676443425760903 -0.580978028414137 0.45264646496452 0.117002138051393 0.522020026005082 0.844870162889574 0 0 0 0 0 0
5.76224185005884 16.2615660354614 15.2708697492826 -0.121571654973697 -0.836786858162246 0.533861486449354 0.117002138051393 0.522020026005082 0.844870162889574 0 0 0 0 0 0
5.44720961239326 16.4277697584335 15.673133485928 0.479487220107695 -0.774686370164322 0.412253603544012 0.117002138051393 0.522020026005082 0.844870162889574 0 0 0 0 0 0
5.24147650163832 16.4173836989512 16.1693704444729 0.89838088367136 -0.418269578075566 0.13402368413961 0.117002138051393 0.522020026005082 0.844870162889574 0 0 0 0 0 0
5.24052934158387 16.3116530759857 16.6961581060345 0.97596462940089 0.0970548198185163 -0.195124073625933 0.117002138051393 0.522020026005082 0.844870162889574 0 0 0 0 0 0
-0.0927326085399704 12.6799888318449 10.359702253807 0.801228519928407 -0.547043343662901 0.242438526244175 0.375081242179318 0.774863623018852 0.508822589403535 0 0 0 0 0 0
-0.0192416058118005 12.8082128922429 10.8762705116118 0.922398075144183 -0.257395014252072 -0.287974994762535 0.375081242179318 0.774863623018852 0.508822589403535 0 0 0 0 0 0
0.264510067168783 12.8777637510431 11.3271948602993 0.693133179939269 0.130041984488265 -0.708982000573802 0.375081242179318 0.774863623018852 0.508822589403535 0 0 0 0 0 0
0.706261470325989 12.9769576842992 11.6165067396478 0.200535401106651 0.468073859135475 -0.860634890820154 0.375081242179318 0.774863623018852 0.508822589403535 0 0 0 0 0 0
1.19372492447531 13.1828490684732 11.7096368685539 -0.368249129379495 0.628276648919523 -0.685318196995891 0.375081242179318 0.774863623018852 0.508822589403535 0 0 0 0 0 0
1.5972459779956 13.5319561345372 11.6465486928913 -0.797129658817256 0.549786635553641 -0.249637662223659 0.375081242179318 0.774863623018852 0.508822589403535 0 0 0 0 0 0
1.81906130070678 14.0063870814747 11.52655560427 -0.92316730357316 0.26242348739857 0.280884394146479 0.375081242179318 0.774863623018852 0.508822589403535 0 0 0 0 0 0
1.83044060752096 14.5406374706219 11.4705901221323 -0.698478255167393 -0.124638731105952 0.704693773043733 0.375081242179318 0.774863623018852 0.508822589403535 0 0 0 0 0 0
1.68260177409207 15.0464764570917 11.5752596077332 -0.208425639689865 -0.464348611814867 0.860778205710087 0.375081242179318 0.774863623018852 0.508822589403535 0 0 0 0 0 0
1.48725230953777 15.4464671628875 11.8761435124102 0.360811360996707 -0.627644691400533 0.689838606583042 0.375081242179318 0.774863623018852 0.508822589403535 0 0 0 0 0 0
1.3741498060756 15.7033862415297 12.3342761491635 0.792970093196372 -0.552488059063499 0.256817787328653 0.375081242179318 0.774863623018852 0.508822589403535 0 0 0 0 0 0
1.44180486030839 15.8343656497244 12.8509504086192 0.923866229237782 -0.267431975980489 -0.27377240309632 0.375081242179318 0.774863623018852 0.508822589403535 0 0 0 0 0 0
1.72005525056543 15.9043839305795 13.3052182401749 0.703770138572117 0.119225986001708 -0.700351880354514 0.375081242179318 0.774863623018852 0.508822589403535 0 0 0 0 0 0
2.15873006605413 16.0015797786952 13.5998408385671 0.216300005853664 0.46058800254967 -0.860855969007017 0.375081242179318 0.774863623018852 0.508822589403535 0 0 0 0 0 0
2.64671047468307 16.2037666764845 13.6982312917373 -0.353346115431842 0.626964936308267 -0.694306482289484 0.375081242179318 0.774863623018852 0.508822589403535 0 0 0 0 0 0
3.05414562518127 16.5488702512327 13.6383545604232 -0.788750139832782 0.555147408468615 -0.263978354764831 0.375081242179318 0.774863623018852 0.508822589403535 0 0 0 0 0 0
3.28178515648653 17.0205196952091 13.5183039548344 -0.924494798912154 0.272420098582032 0.266639563217713 0.375081242179318 0.774863623018852 0.508822589403535 0 0 0 0 0 0
3.29868606929049 17.554267309229 13.4590338460709 -0.709008427156032 -0.113804161377027 0.695956653158084 0.375081242179318 0.774863623018852 0.508822589403535 0 0 0 0 0 0
3.15396848881525 18.0620732610821 13.5584070782931 -0.224157899934578 -0.456792317724841 0.860868174788967 0.375081242179318 0.774863623018852 0.508822589403535 0 0 0 0 0 0
2.95815410799679 18.4657533897369 13.8540152380457 0.345853961192252 -0.626237435408708 0.698721483869183 0.375081242179318 0.774863623018852 0.508822589403535 0 0 0 0 0 0
6.92348648252537 -0.203203627429599 0.252121373040117 -0.219045027387823 0.956166490302566 -0.194331980896458 0.674467953917456 0.292303966889037 0.677975936209636 0 0 0 0 0 0
7.40946065534882 0.0258392835145058 0.244803558258726 -0.590864389738958 0.764310353230036 0.25828077141705 0.674467953917456 0.292303966889037 0.677975936209636 0 0 0 0 0 0
7.7607472719397 0.429106763526457 0.296360853448668 -0.738204491702477 0.282079934377762 0.612768340445004 0.674467953917456 0.292303966889037 0.677975936209636 0 0 0 0 0 0
7.94376015141936 0.896674373455477 0.487598711123832 -0.605088365147301 -0.307317367669626 0.734454971997588 0.674467953917456 0.292303966889037 0.677975936209636 0 0 0 0 0 0
7.98884311902456 1.29418897975445 0.846255602775505 -0.242089052134692 -0.779959663666937 0.577109880255991 0.674467953917456 0.292303966889037 0.677975936209636 0 0 0 0 0 0
7.97874187957832 1.51391175617908 1.33646470979032 0.212883939296994 -0.956282243207008 0.200511096242491 0.674467953917456 0.292303966889037 0.677975936209636 0 0 0 0 0 0
8.01716754079323 1.51564996517521 1.8723803275027 0.586978762960092 -0.769297210366244 -0.252265205600286 0.674467953917456 0.292303966889037 0.677975936209636 0 0 0 0 0 0
8.1893950294942 1.34202685086238 2.35079208366096 0.73807054081308 -0.290043305343886 -0.609201738186194 0.674467953917456 0.292303966889037 0.677975936209636 0 0 0 0 0 0
8.52986572119694 1.10228835597019 2.69033628443112 0.608756980329795 0.29940290064408 -0.734692345125265 0.674467953917456 0.292303966889037 0.677975936209636 0 0 0 0 0 0
9.00910258572042 0.93079876170054 2.86240734201284 0.248166465145272 0.775100938927806 -0.581061046750282 0.674467953917456 0.292303966889037 0.677975936209636 0 0 0 0 0 0
9.54490900378234 0.935993450848071 2.90202551570473 -0.206706639269974 0.956325171516234 -0.206674941892235 0.674467953917456 0.292303966889037 0.677975936209636 0 0 0 0 0 0
10.0335966369186 1.15918249293354 2.89453212988924 -0.583048435475846 0.774225482541429 0.24623042881143 0.674467953917456 0.292303966889037 0.677975936209636 0 0 0 0 0 0
10.3893783608426 1.55885625812537 2.94316697806897 -0.737880382994444 0.297984588389359 0.605588742856401 0.674467953917456 0.292303966889037 0.677975936209636 0 0 0 0 0 0
10.5769602282455 2.02645561961665 3.1298457992377 -0.612379236311338 -0.291465632928464 0.734873768586383 0.674467953917456 0.292303966889037 0.677975936209636 0 0 0 0 0 0
10.6249502294627 2.42761538091091 3.48403911907853 -0.254224979318716 -0.77018318725125 0.584967963196194 0.674467953917456 0.292303966889037 0.677975936209636 0 0 0 0 0 0
10.6149896386449 2.6532118604374 3.97157590453597 0.200513597732076 -0.956295271961085 0.21282304844498 0.674467953917456 0.292303966889037 0.677975936209636 0 0 0 0 0 0
10.6507361287394 2.66082080263048 4.50762571058293 0.579073706595874 -0.779094794448581 -0.240176900622101 0.674467953917456 0.292303966889037 0.677975936209636 0 0 0 0 0 0
10.818482488473 2.49083506191476 4.98892718457591 0.737634032727823 -0.305903178754733 -0.601929629599207 0.674467953917456 0.292303966889037 0.677975936209636 0 0 0 0 0 0
11.1543725491766 2.25111868197664 5.33301878056201 0.615954857243113 0.283506168976446 -0.734999228564843 0.674467953917456 0.292303966889037 0.677975936209636 0 0 0 0 0 0
11.6306695389698 2.07602754217724 5.50956727926996 0.260264133275712 0.7652067831431 -0.588830332066913 0.674467953917456 0.292303966889037 0.677975936209636 0 0 0 0 0 0
4.27388428451628 11.3669425220458 3.21565701182741 0.368671569212632 0.862230406163407 -0.347332694605017 0.515985774225565 0.12097999810987 0.848010920244651 0 0 0 0 0 0
4.78904597487074 11.3393222119394 3.36575915498041 -0.154744433763495 0.986853438802275 -0.0466310040996353 0.515985774225565 0.12097999810987 0.848010920244651 0 0 0 0 0 0
5.26893366667977 11.5366551742594 3.50523175928167 -0.619370439163907 0.736554350730532 0.271786584492011 0.515985774225565 0.12097999810987 0.848010920244651 0 0 0 0 0 0
5.60763584739286 11.9018857240042 3.70665812406965 -0.848687259404433 0.206425950284223 0.486947905605772 0.515985774225565 0.12097999810987 0.848010920244651 0 0 0 0 0 0
5.75287974062074 12.3141710756114 4.0190842792623 -0.755573600502921 -0.402127119932904 0.517109576045078 0.515985774225565 0.12097999810987 0.848010920244651 0 0 0 0 0 0
5.72589060783981 12.634791537577 4.44938557858531 -0.375404898253412 -0.857905374080609 0.350812672933798 0.515985774225565 0.12097999810987 0.848010920244651 0 0 0 0 0 0
5.61332791668989 12.7598524425269 4.95965463774191 0.147386401277759 -0.987751033202138 0.051236170099858 0.515985774225565 0.12097999810987 0.848010920244651 0 0 0 0 0 0
5.53436196034875 12.6597554683787 5.48160298348492 0.614183142794289 -0.742333560493569 -0.2678058103781 0.515985774225565 0.12097999810987 0.848010920244651 0 0 0 0 0 0
5.59539907073287 12.3904435357584 5.94250498632573 0.847641439768721 -0.214891156998222 -0.485103886019042 0.515985774225565 0.12097999810987 0.848010920244651 0 0 0 0 0 0
5.84965607398335 12.0721471571389 6.29282754308468 0.759066581965894 0.3941919898293 -0.51810288485689 0.515985774225565 0.12097999810987 0.848010920244651 0 0 0 0 0 0
6.27694232847702 11.8437068550042 6.52504853093837 0.382109638757751 0.85351500918206 -0.354265935519307 0.515985774225565 0.12097999810987 0.848010920244651 0 0 0 0 0 0
6.79133048714861 11.8098253260684 6.67651458764343 -0.140017144746936 0.988573406536588 -0.0558374342673588 0.515985774225565 0.12097999810987 0.848010920244651 0 0 0 0 0 0
7.27380173326949 12.0012891362582 6.81525249945033 -0.60894907400044 0.748056238681914 0.263804641814876 0.515985774225565 0.12097999810987 0.848010920244651 0 0 0 0 0 0
7.61746301881137 12.3632723895931 7.01412468765956 -0.846531068955593 0.22333999891863 0.483222923893235 0.515985774225565 0.12097999810987 0.848010920244651 0 0 0 0 0 0
7.76815752054867 12.776166002709 7.32314755657487 -0.762501757569804 -0.386226840479494 0.519056738128103 0.515985774225565 0.12097999810987 0.848010920244651 0 0 0 0 0 0
7.74503972265579 13.1010191953849 7.75048942527864 -0.388785280133701 -0.849059645811043 0.357692219382231 0.515985774225565 0.12097999810987 0.848010920244651 0 0 0 0 0 0
7.63329830792329 13.2323292150824 8.25936724664538 0.132637225368442 -0.989320496178713 0.0604344461980567 0.515985774225565 0.12097999810987 0.848010920244651 0 0 0 0 0 0
7.55179155288696 13.138123596547 8.78202110192454 0.603668631376963 -0.753721949491465 -0.259783383506817 0.515985774225565 0.12097999810987 0.848010920244651 0 0 0 0 0 0
7.60789108136746 12.8721070359092 9.24545732675923 0.845356231524086 -0.231771832633426 -0.4813051624709 0.515985774225565 0.12097999810987 0.848010920244651 0 0 0 0 0 0
7.85668958942306 12.5532580787298 9.59918002466439 0.76587886571273 0.378232278460448 -0.519971063219099 0.515985774225565 0.12097999810987 0.848010920244651 0 0 0 0 0 0
9.06493276475773 7.77260452201423 9.22228299532051 -0.442712307448978 0.795463803990932 0.413815356618719 0.789999855647978 0.127718563618103 0.599656732292319 0 0 0 0 0 0
9.47161429180761 8.12146396557589 9.26218695894056 -0.607327187048952 0.296997984736388 0.736848617379263 0.789999855647978 0.127718563618103 0.599656732292319 0 0 0 0 0 0
9.7398555674601 8.53802410910327 9.47005558807717 -0.54120831431995 -0.314302334461014 0.779940768945511 0.789999855647978 0.127718563618103 0.599656732292319 0 0 0 0 0 0
9.88472839083421 8.88293902560072 9.85571174003579 -0.269475354460321 -0.806193941941874 0.526720382475092 0.789999855647978 0.127718563618103 0.599656732292319 0 0 0 0 0 0
9.96817429868004 9.04408200766559 10.3614338197529 0.104635797946449 -0.991798992035103 0.0733901164072096 0.789999855647978 0.127718563618103 0.599656732292319 0 0 0 0 0 0
10.0754719399601 8.97914437828906 10.8838851788142 0.438994061296114 -0.800603023059329 -0.407822281901083 0.789999855647978 0.127718563618103 0.599656732292319 0 0 0 0 0 0
10.2828382913256 8.73170926461515 11.3133734358841 0.606571141170084 -0.305244580254582 -0.734096176890213 0.789999855647978 0.127718563618103 0.599656732292319 0 0 0 0 0 0
10.6284725534067 8.41469363926767 11.5755244463334 0.543701703184872 0.306081382006109 -0.781474660845187 0.789999855647978 0.127718563618103 0.599656732292319 0 0 0 0 0 0
11.0980436358363 8.16744927457935 11.659538283254 0.274270897952011 0.801121909834872 -0.531957855585502 0.789999855647978 0.127718563618103 0.599656732292319 0 0 0 0 0 0
11.630134778084 8.10282067444522 11.6222923102558 -0.0993600069776958 0.991802830073308 -0.0803413671278283 0.789999855647978 0.127718563618103 0.599656732292319 0 0 0 0 0 0
12.1395768036148 8.26427356063342 11.5667325200928 -0.435242384045847 0.80568127310786 0.401798149937734 0.789999855647978 0.127718563618103 0.599656732292319 0 0 0 0 0 0
12.5498053140074 8.60938151837736 11.6027626308507 -0.605768902550379 0.313467930216188 0.731287832135124 0.789999855647978 0.127718563618103 0.599656732292319 0 0 0 0 0 0
12.8219487840031 9.02594450067736 11.8054898259539 -0.54615368706007 -0.297837120268922 0.782949040423837 0.789999855647978 0.127718563618103 0.599656732292319 0 0 0 0 0 0
12.9695965038487 9.3746155020406 12.1866902794571 -0.279045554652938 -0.795988869192766 0.53715481804565 0.789999855647978 0.127718563618103 0.599656732292319 0 0 0 0 0 0
13.053635780731 9.54184081562553 12.6903351906355 0.0940766493597231 -0.991731138486083 0.0872864995422859 0.789999855647978 0.127718563618103 0.599656732292319 0 0 0 0 0 0
13.1591198327949 9.48300098498768 13.2138770621311 0.431457561402927 -0.810698167408121 -0.395743419489641 0.789999855647978 0.127718563618103 0.599656732292319 0 0 0 0 0 0
13.3629546495565 9.23936248158051 13.6472092087018 0.604920532283416 -0.321667408381267 -0.728423796980321 0.789999855647978 0.127718563618103 0.599656732292319 0 0 0 0 0 0
13.704681120686 8.92239988231154 13.9144971278311 0.548564079217478 0.289570177081903 -0.784363795401749 0.789999855647978 0.127718563618103 0.599656732292319 0 0 0 0 0 0
14.1714527909337 8.67144481401973 14.0029892951184 0.283798960954511 0.790795210916475 -0.542310874086725 0.789999855647978 0.127718563618103 0.599656732292319 0 0 0 0 0 0
14.7029164432607 8.60075153893874 13.9678616815939 -0.0887861274406692 0.991583922733019 -0.09422498475186 0.789999855647978 0.127718563618103 0.599656732292319 0 0 0 0 0 0
0.763203993955769 12.1865379674901 8.88013614510589 -0.228284430688038 0.898153348613057 0.375774907465347 0.972809850652321 0.194933085729654 0.12506832757227 0 0 0 0 0 0
1.13009952674834 12.5035393481378 8.6486563515976 -0.207835077193751 0.49644717428907 0.842819544047399 0.972809850652321 0.194933085729654 0.12506832757227 0 0 0 0 0 0
1.44961904715505 12.9337058777855 8.60929729967427 -0.108425703056372 -0.0938675817014602 0.989662944654518 0.972809850652321 0.194933085729654 0.12506832757227 0 0 0 0 0 0
1.74442292513845 13.3424752892307 8.79553194712472 0.0321764084532068 -0.648520474021332 0.760516846305327 0.972809850652321 0.194933085729654 0.12506832757227 0 0 0 0 0 0
2.04656141644118 13.6034144382171 9.15512643362017 0.160554164430551 -0.956789595576389 0.242437682881142 0.972809850652321 0.194933085729654 0.12506832757227 0 0 0 0 0 0
2.3852982345777 13.6462533687865 9.56998459755669 0.227934709018249 -0.901558353103004 -0.36774760961149 0.972809850652321 0.194933085729654 0.12506832757227 0 0 0 0 0 0
2.77599277680691 13.4835820443984 9.90101468231108 0.208719046784803 -0.503810019033947 -0.838219436800566 0.972809850652321 0.194933085729654 0.12506832757227 0 0 0 0 0 0
3.21426483231807 13.2060672103191 10.0409726200722 0.110207529081441 0.0853441645204327 -0.990237685667473 0.972809850652321 0.194933085729654 0.12506832757227 0 0 0 0 0 0
3.67765869755103 12.9480065812276 9.95520584622748 -0.0301736714915862 0.642074673095161 -0.766048081858091 0.972809850652321 0.194933085729654 0.12506832757227 0 0 0 0 0 0
4.13417447341806 12.8363068940711 9.6948183880195 -0.159091389788076 0.954870278444972 -0.250824004109894 0.972809850652321 0.194933085729654 0.12506832757227 0 0 0 0 0 0
4.55442536197709 12.9422699169311 9.37725559018248 -0.227567629237882 0.904894700433838 0.359692306353368 0.972809850652321 0.194933085729654 0.12506832757227 0 0 0 0 0 0
4.92280220229091 13.2545037152276 9.14168466489645 -0.209587121612354 0.511134496695294 0.833555495898322 0.972809850652321 0.194933085729654 0.12506832757227 0 0 0 0 0 0
5.24340365163853 13.6832506381286 9.09612274112831 -0.111980962376486 -0.0768142480508538 0.990737016246803 0.972809850652321 0.194933085729654 0.12506832757227 0 0 0 0 0 0
5.53847903708894 14.0944877507695 9.2763993513872 0.0281686366880595 -0.635579975696741 0.771520979883545 0.972809850652321 0.194933085729654 0.12506832757227 0 0 0 0 0 0
5.83997546415873 14.3608443879518 9.63254419328649 0.15761649972032 -0.952878244244921 0.259191224119627 0.972809850652321 0.194933085729654 0.12506832757227 0 0 0 0 0 0
6.17740057729917 14.409992399376 10.0477716828793 0.227183219301486 -0.90816213652979 -0.351609611133512 0.972809850652321 0.194933085729654 0.12506832757227 0 0 0 0 0 0
6.56661211242772 14.252124823203 10.3828497505508 0.210439235569145 -0.518420049485779 -0.828828076517824 0.972809850652321 0.194933085729654 0.12506832757227 0 0 0 0 0 0
7.00379327792573 13.9760833804375 10.528996432101 0.113745867887693 0.0682784818788872 -0.991160898366552 0.972809850652321 0.194933085729654 0.12506832757227 0 0 0 0 0 0
7.46690281758776 13.7156060197648 10.4492079556816 -0.0261614567337897 0.629036876422424 -0.776935123599317 0.972809850652321 0.194933085729654 0.12506832757227 0 0 0 0 0 0
7.92404885236415 13.5985176348652 10.1923170933915 -0.156129606545874 0.950813644677353 -0.267538705714144 0.972809850652321 0.194933085729654 0.12506832757227 0 0 0 0 0 0
9.78458209435821 10.8143547658987 2.21232146403517 0.0119791959319598 -0.52017992248092 0.853972685226271 0.721594647250552 0.595712255489311 0.352743637390088 0 0 0 0 0 0
9.82366177066532 11.2025684703522 2.58171014915235 0.415597718685319 -0.780225247343993 0.467468822094655 0.721594647250552 0.595712255489311 0.352743637390088 0 0 0 0 0 0
9.95747696002355 11.4129298051237 3.05765836697494 0.661323719686812 -0.74384995607059 -0.0966342622126346 0.721594647250552 0.595712255489311 0.352743637390088 0 0 0 0 0 0
10.242040912093 11.4537305190038 3.51157880168555 0.655801782836324 -0.424873629977915 -0.624024374666638 0.721594647250552 0.595712255489311 0.352743637390088 0 0 0 0 0 0
10.6760949011948 11.3976812755617 3.82325286055595 0.401129784265214 0.055519291651649 -0.914337194053617 0.721594647250552 0.595712255489311 0.352743637390088 0 0 0 0 0 0
11.2015864372414 11.3542876563985 3.92650372727217 -0.0059381258805987 0.514819506149696 -0.857278026516958 0.721594647250552 0.595712255489311 0.352743637390088 0 0 0 0 0 0
11.7257243773067 11.4282471598609 3.83433804086955 -0.410750042724202 0.778531182938339 -0.474524603782245 0.721594647250552 0.595712255489311 0.352743637390088 0 0 0 0 0 0
12.1562318322087 11.6796728709707 3.63400445610383 -0.659511150962388 0.746465846981461 0.0885086495576353 0.721594647250552 0.595712255489311 0.352743637390088 0 0 0 0 0 0
12.4364036994973 12.1012554953874 3.45384642078971 -0.657712946511534 0.430805655512907 0.617915987144863 0.721594647250552 0.595712255489311 0.352743637390088 0 0 0 0 0 0
12.5666498799336 12.6210402825337 3.41454235418801 -0.406038597306894 -0.0485248071714571 0.912566710211381 0.721594647250552 0.595712255489311 0.352743637390088 0 0 0 0 0 0
12.6043395493379 13.1297638383584 3.58325789789295 -0.000103396382038497 -0.509419884319873 0.860518082766838 0.721594647250552 0.595712255489311 0.352743637390088 0 0 0 0 0 0
12.6420056495335 13.5223651155234 3.94812856564083 0.405871086557048 -0.776777830368899 0.481544248584061 0.721594647250552 0.595712255489311 0.352743637390088 0 0 0 0 0 0
12.7721900766806 13.7378998618145 4.42276726000526 0.657648357910417 -0.749024891628025 -0.0803762966262971 0.721594647250552 0.595712255489311 0.352743637390088 0 0 0 0 0 0
13.0522854677064 13.7826943604909 4.87908417502467 0.659574022799428 -0.4367048735293 -0.611760542928308 0.721594647250552 0.595712255489311 0.352743637390088 0 0 0 0 0 0
13.4827307779827 13.7279419695054 5.19595025503451 0.410916488937346 0.0415266273393277 -0.910726730881017 0.721594647250552 0.595712255489311 0.352743637390088 0 0 0 0 0 0
14.0068445148419 13.6826555745285 5.30521614808396 0.00614491077064097 0.503981468193561 -0.863692607233085 0.721594647250552 0.595712255489311 0.352743637390088 0 0 0 0 0 0
14.5323589843045 13.7522517710841 5.21760328413851 -0.40096122173526 0.774965323160258 -0.488527221926972 0.721594647250552 0.595712255489311 0.352743637390088 0 0 0 0 0 0
14.9664743306564 13.9985013374384 5.01863062458327 -0.655735482389802 0.751526895129123 0.0722378227287812 0.721594647250552 0.595712255489311 0.352743637390088 0 0 0 0 0 0
15.2511147531647 14.4160614831842 4.83612457899202 -0.661384869971841 0.442570834778803 0.605558510777881 0.721594647250552 0.595712255489311 0.352743637390088 0 0 0 0 0 0
15.3849924737525 14.9345056646434 4.79165561498652 -0.415763087686237 -0.0345252850937494 0.908817396184075 0.721594647250552 0.595712255489311 0.352743637390088 0 0 0 0 0 0
5.95714550884716 1.12061754539828 6.25381958500848 0.703805425839649 -0.49033203925259 0.514035420803923 0.407019010792776 0.871380694732577 0.273918253682813 0 0 0 0 0 0
5.99115998278438 1.41014670487405 6.70515203841106 0.911516122175784 -0.406827592571526 -0.0602467338208357 0.407019010792776 0.871380694732577 0.273918253682813 0 0 0 0 0 0
6.23295458545248 1.60693950182228 7.14275124694351 0.772926603960475 -0.168762541677916 -0.611640146995385 0.407019010792776 0.871380694732577 0.273918253682813 0 0 0 0 0 0
6.65093783181353 1.76526287208492 7.44092706472308 0.340689346256899 0.133418220358365 -0.930661242248464 0.407019010792776 0.871380694732577 0.273918253682813 0 0 0 0 0 0
7.14658122537365 1.95399892987626 7.52695862304882 -0.220981490111786 0.384911169846812 -0.89610857174515 0.407019010792776 0.871380694732577 0.273918253682813 0 0 0 0 0 0
7.59185188130959 2.23047550094542 7.40872220424915 -0.698697763773515 0.49016993053888 -0.521109272699498 0.407019010792776 0.871380694732577 0.273918253682813 0 0 0 0 0 0
7.87785436000881 2.61868632310414 7.1716989103409 -0.910967075374028 0.40920493941502 0.0518681515271163 0.407019010792776 0.871380694732577 0.273918253682813 0 0 0 0 0 0
7.9562018652129 3.10017542407817 6.9464989632053 -0.777144764482659 0.172776150265651 0.605139997799331 0.407019010792776 0.871380694732577 0.273918253682813 0 0 0 0 0 0
7.85739919690027 3.62104885394166 6.8592406976088 -0.348072164396761 -0.129293187032826 0.928509041506354 0.407019010792776 0.871380694732577 0.273918253682813 0 0 0 0 0 0
7.67925346776129 4.1124498977528 6.98363609723926 0.213238870399716 -0.382241880910721 0.899121976501791 0.407019010792776 0.871380694732577 0.273918253682813 0 0 0 0 0 0
7.54971554583949 4.51671889278308 7.31298637970422 0.693536893167551 -0.489970493487189 0.5281434401064 0.407019010792776 0.871380694732577 0.273918253682813 0 0 0 0 0 0
7.57826938053741 4.80929909840602 7.76272697595949 0.910348654902531 -0.411551123718076 -0.0434856192728425 0.407019010792776 0.871380694732577 0.273918253682813 0 0 0 0 0 0
7.81433721976453 5.00806621242794 8.20255502393324 0.781303742422189 -0.176776601280613 -0.598593764849549 0.407019010792776 0.871380694732577 0.273918253682813 0 0 0 0 0 0
8.22850327166054 5.16653709462567 8.50593360437475 0.355428475493688 0.125158307530516 -0.926286131205865 0.407019010792776 0.871380694732577 0.273918253682813 0 0 0 0 0 0
8.7236892557289 5.35353781696309 8.59816523206225 -0.205480011722078 0.379543482775489 -0.902066909638829 0.407019010792776 0.871380694732577 0.273918253682813 0 0 0 0 0 0
9.17203606465979 5.62705548814154 8.484770679314 -0.688323207042034 0.489733743285421 -0.535137387345547 0.407019010792776 0.871380694732577 0.273918253682813 0 0 0 0 0 0
9.46347957688732 6.01220798151139 8.24939154228221 -0.909660907856404 0.413865966809676 0.0350997754202997 0.407019010792776 0.871380694732577 0.273918253682813 0 0 0 0 0 0
9.54756585654646 6.49170123503782 8.0220134001619 -0.785403221056793 0.180763590072969 0.592001946667025 0.407019010792776 0.871380694732577 0.273918253682813 0 0 0 0 0 0
9.45261944725296 7.01239955460911 7.92958212041171 -0.362757719336109 -0.121013896738517 0.923992680630223 0.407019010792776 0.871380694732577 0.273918253682813 0 0 0 0 0 0
9.2749824044226 7.50551275261116 8.04777500128464 0.197705504945998 -0.376816180934582 0.904943146888203 0.407019010792776 0.871380694732577 0.273918253682813 0 0 0 0 0 0
11.2669095627012 -0.263169601797318 0.575020434379463 -0.585463998854971 0.80003661387912 0.131047023993594 0.765257081088693 0.492020665801213 0.415087056252233 0 0 0 0 0 0
11.5926004870475 0.140568064013278 0.434997503676712 -0.631167564709201 0.446759470004457 0.634061102119025 0.765257081088693 0.492020665801213 0.415087056252233 0 0 0 0 0 0
11.7744167451587 0.646144565068696 0.439508821152753 -0.437080020171468 -0.0762490659449101 0.896184766613134 0.765257081088693 0.492020665801213 0.415087056252233 0 0 0 0 0 0
11.8566005989191 1.13434008914279 0.648305484376752 -0.0769384683823535 -0.570289306925407 0.817832854860647 0.765257081088693 0.492020665801213 0.415087056252233 0 0 0 0 0 0
11.9212463263908 1.49253814775906 1.04352717259938 0.312433293887811 -0.847667105476195 0.428772568110441 0.765257081088693 0.492020665801213 0.415087056252233 0 0 0 0 0 0
12.0571112330349 1.65751046301015 1.53648758121414 0.583106424203885 -0.803001998418346 -0.123185585959971 0.765257081088693 0.492020665801213 0.415087056252233 0 0 0 0 0 0
12.3258952674239 1.63943844745528 2.00136783163327 0.632247674945383 -0.453263006683905 -0.628343476371024 0.765257081088693 0.492020665801213 0.415087056252233 0 0 0 0 0 0
12.7388001792103 1.51804511526488 2.32301716684278 0.441187463357713 0.0686781794430986 -0.894783174766026 0.765257081088693 0.492020665801213 0.415087056252233 0 0 0 0 0 0
13.2522737871511 1.41230697623949 2.44070064920998 0.0825127581794189 0.564527376961741 -0.821279785090514 0.765257081088693 0.492020665801213 0.415087056252233 0 0 0 0 0 0
13.7845561809151 1.43525287055541 2.37117337872419 -0.307509923370985 0.845903185578204 -0.435758473993355 0.765257081088693 0.492020665801213 0.415087056252233 0 0 0 0 0 0
14.246741677971 1.65102242264027 2.20231495038046 -0.580704443741007 0.805906231246444 0.115314766867045 0.765257081088693 0.492020665801213 0.415087056252233 0 0 0 0 0 0
14.5765555788041 2.05049832549562 2.05974252677245 -0.633279637073272 0.459732025630514 0.622577999834567 0.765257081088693 0.492020665801213 0.415087056252233 0 0 0 0 0 0
14.7620133664403 2.55477015805894 2.05908677781618 -0.445261308410496 -0.0611020628320242 0.893313441715865 0.765257081088693 0.492020665801213 0.415087056252233 0 0 0 0 0 0
14.8459738248141 3.04511377347713 2.26206185600719 -0.0880807643104878 -0.558722456052664 0.824664171685032 0.765257081088693 0.492020665801213 0.415087056252233 0 0 0 0 0 0
14.9098562701919 3.40809658745788 2.65301915808189 0.302563134782922 -0.844074846877583 0.442711195181368 0.765257081088693 0.492020665801213 0.415087056252233 0 0 0 0 0 0
15.0427079916636 3.57867251353403 3.14489249102812 0.578258240386449 -0.80874909119484 -0.107435166108163 0.765257081088693 0.492020665801213 0.415087056252233 0 0 0 0 0 0
15.3073736972263 3.56489405882499 3.61227597447953 0.634263372504955 -0.466166034203446 -0.616765111573014 0.765257081088693 0.492020665801213 0.415087056252233 0 0 0 0 0 0
15.7166197585086 3.44485304195134 3.93906783134134 0.449301245090745 0.0535212930622987 -0.891775679388514 0.765257081088693 0.492020665801213 0.415087056252233 0 0 0 0 0 0
16.2282840527467 3.33701220551529 4.06257939402677 0.0936420627503359 0.552874986265376 -0.827985756910059 0.765257081088693 0.492020665801213 0.415087056252233 0 0 0 0 0 0
16.7612940581352 3.35519923959467 3.99735157737195 -0.297593304840724 0.842182228609405 -0.449630202197842 0.765257081088693 0.492020665801213 0.415087056252233 0 0 0 0 0 0
10.2096325453084 1.49733439637241 6.46416370363288 0.855638740305921 0.327331773812932 -0.400919263618222 0.347923657610853 0.209722502821324 0.913764521244421 0 0 0 0 0 0
10.5775754925447 1.29223452750492 6.79768601696142 0.468413358508538 0.805401624399948 -0.363204004637445 0.347923657610853 0.209722502821324 0.913764521244421 0 0 0 0 0 0
11.0522932795915 1.27072598426139 7.04841596600463 -0.096770089639959 0.977485932280354 -0.187501471847775 0.347923657610853 0.209722502821324 0.913764521244421 0 0 0 0 0 0
11.5049523216601 1.4720353900378 7.25640494864039 -0.625188962824616 0.778206991794184 0.0594360049542985 0.347923657610853 0.209722502821324 0.913764521244421 0 0 0 0 0 0
11.8150995199812 1.85073710408002 7.47794237047565 -0.916088096430157 0.283274204198344 0.283792749757224 0.347923657610853 0.209722502821324 0.913764521244421 0 0 0 0 0 0
11.9164244078963 2.29401118188249 7.76417035854761 -0.858950046025685 -0.319279189664576 0.400331884165632 0.347923657610853 0.209722502821324 0.913764521244421 0 0 0 0 0 0
11.821951605793 2.66450555835478 8.14165401221159 -0.475482512257119 -0.800533081310539 0.364778242587346 0.347923657610853 0.209722502821324 0.913764521244421 0 0 0 0 0 0
11.6190925500596 2.85251839375353 8.60228887775112 0.0886287775615946 -0.977651071167258 0.190639247883144 0.347923657610853 0.209722502821324 0.913764521244421 0 0 0 0 0 0
11.43643642696 2.81767563671786 9.10637996584409 0.619068512990519 -0.783343073633291 -0.0559267844101164 0.347923657610853 0.209722502821324 0.913764521244421 0 0 0 0 0 0
11.3948969908756 2.60426980139956 9.59772254167103 0.914313770060764 -0.291429945628269 -0.281245296260002 0.347923657610853 0.209722502821324 0.913764521244421 0 0 0 0 0 0
11.5617754074455 2.32443250080544 10.0249552433661 0.862195939373885 0.311202291169787 -0.399714017890115 0.347923657610853 0.209722502821324 0.913764521244421 0 0 0 0 0 0
11.9251914155248 2.11553377227547 10.3610731221061 0.482515456171487 0.795603574527598 -0.366324701261777 0.347923657610853 0.209722502821324 0.913764521244421 0 0 0 0 0 0
12.3985968370207 2.08799290359277 10.6136872736671 -0.0804807160586786 0.977741758139963 -0.193762506001696 0.347923657610853 0.209722502821324 0.913764521244421 0 0 0 0 0 0
12.8536566767586 2.28332829944276 10.8221332558882 -0.612900918692336 0.788419500864506 0.052413304824772 0.347923657610853 0.209722502821324 0.913764521244421 0 0 0 0 0 0
13.1690057327957 2.65838394532246 11.0425268525933 -0.912469815157872 0.299563493539517 0.278676424844584 0.347923657610853 0.209722502821324 0.913764521244421 0 0 0 0 0 0
13.2763572657567 3.10172509898028 11.3264447491103 -0.865376173163174 -0.303101693415657 0.399065711844581 0.347923657610853 0.209722502821324 0.913764521244421 0 0 0 0 0 0
13.186446272816 3.47597421208689 11.7013296871989 -0.489511654665733 -0.790613479452153 0.367843262891923 0.347923657610853 0.209722502821324 0.913764521244421 0 0 0 0 0 0
12.9849510827918 3.6700029576757 12.160064508638 0.0723265256376407 -0.977757986292304 0.196871008355234 0.347923657610853 0.209722502821324 0.913764521244421 0 0 0 0 0 0
12.7999427265624 3.64115173952397 12.6636760826261 0.606686649616252 -0.793435886898239 -0.0488958337633388 0.347923657610853 0.209722502821324 0.913764521244421 0 0 0 0 0 0
12.7532286112025 3.4314367859883 13.1561418497694 0.910556372145785 -0.307674228530925 -0.276086331140474 0.347923657610853 0.209722502821324 0.913764521244421 0 0 0 0 0 0
11.6073957676814 12.6312891361151 3.20762988002477 -0.260876724670276 -0.110779581878364 0.958994900280583 0.177478622973746 0.970958251829994 0.160441302633036 0 0 0 0 0 0
11.3129854726536 13.0717129323211 3.29726558739326 0.345098058400909 -0.214080141479057 0.913825488324894 0.177478622973746 0.970958251829994 0.160441302633036 0 0 0 0 0 0
11.0972402908967 13.463337153541 3.59520784357897 0.819964319353738 -0.236048076102763 0.521478495007172 0.177478622973746 0.970958251829994 0.160441302633036 0 0 0 0 0 0
11.0684060015368 13.8011542083859 4.01202113910991 0.983312426311736 -0.168337400101656 -0.0689868972192643 0.177478622973746 0.970958251829994 0.160441302633036 0 0 0 0 0 0
11.2637178106945 14.1005987475809 4.41310886924905 0.773083702406852 -0.0366725313506877 -0.633243013792689 0.177478622973746 0.970958251829994 0.160441302633036 0 0 0 0 0 0
11.6352540741411 14.3916837821006 4.66984883446912 0.269147554687375 0.108924845192434 -0.956919522167675 0.177478622973746 0.970958251829994 0.160441302633036 0 0 0 0 0 0
12.0681425311473 14.7075982385093 4.70845896450155 -0.33704224896498 0.213139851920655 -0.917046305229932 0.177478622973746 0.970958251829994 0.160441302633036 0 0 0 0 0 0
12.424202196897 15.0720979308697 4.53802836040192 -0.81518406718964 0.236379465395928 -0.528771864738746 0.177478622973746 0.970958251829994 0.160441302633036 0 0 0 0 0 0
12.5944406288809 15.4904803298049 4.24706419309726 -0.983623829138165 0.169814567913382 0.0603918477608192 0.177478622973746 0.970958251829994 0.160441302633036 0 0 0 0 0 0
12.5404619780631 15.9475719648391 3.96986634938991 -0.778368453083668 0.038734276932371 0.6266116875982 0.177478622973746 0.970958251829994 0.160441302633036 0 0 0 0 0 0
12.3090542138734 16.4134930795188 3.83550465958693 -0.277397888076138 -0.107061813457822 0.95477127092829 0.177478622973746 0.970958251829994 0.160441302633036 0 0 0 0 0 0
12.0144135923684 16.8550094504521 3.91878311103398 0.32896077245688 -0.212183330937324 0.920197285508339 0.177478622973746 0.970958251829994 0.160441302633036 0 0 0 0 0 0
11.7947595892958 17.2481586244218 4.2118205626667 0.810341735602713 -0.236692853477623 0.536024966445597 0.177478622973746 0.970958251829994 0.160441302633036 0 0 0 0 0 0
11.7598230103512 17.5873536549938 4.62704492226675 0.98386032520175 -0.171278803688297 -0.0517921992293507 0.177478622973746 0.970958251829994 0.160441302633036 0 0 0 0 0 0
11.9491574234936 17.8875056768758 5.03046324842282 0.783593927989207 -0.0407930727489001 -0.619932642497674 0.177478622973746 0.970958251829994 0.160441302633036 0 0 0 0 0 0
12.3171120971769 18.1783589165411 5.29256790921534 0.285627096541734 0.10519062855161 -0.952550310160076 0.177478622973746 0.970958251829994 0.160441302633036 0 0 0 0 0 0
12.7501754765042 18.4931903632945 5.33753869683484 -0.320854244312335 0.211210651371841 -0.923278189200765 0.177478622973746 0.970958251829994 0.160441302633036 0 0 0 0 0 0
13.1101001207448 18.856167284674 5.17204819217502 -0.805437693355254 0.236988216482132 -0.543237247775948 0.177478622973746 0.970958251829994 0.160441302633036 0 0 0 0 0 0
13.2864252174419 19.2731656774573 4.8827267397917 -0.984021896492401 0.172729995919179 0.0431886065213891 0.177478622973746 0.970958251829994 0.160441302633036 0 0 0 0 0 0
13.2384424918713 19.7295378782454 4.60325013162386 -0.788759729183321 0.0428487620150025 0.613206387126256 0.177478622973746 0.970958251829994 0.160441302633036 0 0 0 0 0 0
1.5918702360481 4.43842969959135 4.23257017449084 0.474299240465969 0.792884773495963 -0.382588507997379 0.00471869719519633 0.432284215547105 0.901725063911171 0 0 0 0 0 0
1.95749578293147 4.54618144965839 4.61124235717936 -0.13201138285416 0.894112406849915 -0.427943920057273 0.00471869719519633 0.432284215547105 0.901725063911171 0 0 0 0 0 0
2.29302933093949 4.85774615100015 4.89236470982555 -0.688168674715372 0.655651788079325 -0.310716282046616 0.00471869719519633 0.432284215547105 0.901725063911171 0 0 0 0 0 0
2.47169480789289 5.3187666980647 5.10265927620251 -0.98287918148554 0.168098093104077 -0.0754423335872461 0.00471869719519633 0.432284215547105 0.901725063911171 0 0 0 0 0 0
2.42631294450032 5.81810521074155 5.29575676026446 -0.904177454345763 -0.383318877891652 0.188493418730472 0.00471869719519633 0.432284215547105 0.901725063911171 0 0 0 0 0 0
2.17482380193965 6.23006617314184 5.53182132505697 -0.481963595259152 -0.789106598426467 0.380817369830582 0.00471869719519633 0.432284215547105 0.901725063911171 0 0 0 0 0 0
1.81347104267465 6.46215026160155 5.8546932212848 0.123356291668009 -0.895099529060304 0.428462435205164 0.00471869719519633 0.432284215547105 0.901725063911171 0 0 0 0 0 0
1.48023735397678 6.49019638424762 6.27523314309924 0.68181106098328 -0.661029183338068 0.313327457935401 0.00471869719519633 0.432284215547105 0.901725063911171 0 0 0 0 0 0
1.30242251808327 6.36756088375246 6.76719606880892 0.98123440895796 -0.175822799047124 0.079154140840243 0.00471869719519633 0.432284215547105 0.901725063911171 0 0 0 0 0 0
1.3482800965863 6.20484657068223 7.27720218341372 0.907870399605055 0.376181606202261 -0.185091157746785 0.00471869719519633 0.432284215547105 0.901725063911171 0 0 0 0 0 0
1.6010867612455 6.12788286658238 7.74501676278623 0.489591246658557 0.785268329834352 -0.379017230946678 0.00471869719519633 0.432284215547105 0.901725063911171 0 0 0 0 0 0
1.96549576598552 6.22992110297678 8.12643435243866 -0.114691806422655 0.896018485976036 -0.428948321279755 0.00471869719519633 0.432284215547105 0.901725063911171 0 0 0 0 0 0
2.30376076984272 6.53620678144267 8.41007315875849 -0.675401524699155 0.666356238665222 -0.315914772725168 0.00471869719519633 0.432284215547105 0.901725063911171 0 0 0 0 0 0
2.4880679748932 6.99438838547924 8.62169918269534 -0.979514911631136 0.183534115403297 -0.0828599201989572 0.00471869719519633 0.432284215547105 0.901725063911171 0 0 0 0 0 0
2.44909472501688 7.49440659689689 8.81443728521566 -0.911494207018453 -0.369015686827112 0.181674801354826 0.00471869719519633 0.432284215547105 0.901725063911171 0 0 0 0 0 0
2.20234634197051 7.9103076708912 9.0485881644212 -0.497181613789 -0.781370260018629 0.377188228433212 0.00471869719519633 0.432284215547105 0.901725063911171 0 0 0 0 0 0
1.84226539441709 8.14809536952842 9.36871911216635 0.106018586952194 -0.896869207614985 0.42940154127894 0.00471869719519633 0.432284215547105 0.901725063911171 0 0 0 0 0 0
1.5063513870953 8.18144170406978 9.78673215475716 0.668940553974001 -0.671632548384898 0.318478029381879 0.00471869719519633 0.432284215547105 0.901725063911171 0 0 0 0 0 0
1.32292240010013 8.06168937807385 10.2773422741665 0.977720820451444 -0.191231454926002 0.0865593894539431 0.00471869719519633 0.432284215547105 0.901725063911171 0 0 0 0 0 0
1.36236490489089 7.89834583591043 10.7876836091255 0.915048600618994 0.361821665478709 -0.178244609723362 0.00471869719519633 0.432284215547105 0.901725063911171 0 0 0 0 0 0
1.14423442257466 7.98148550499411 5.27977893992029 0.789746428972003 0.482391119245013 -0.378945096286404 0.0796731206849055 0.531850867086428 0.843081757019889 0 0 0 0 0 0
1.4792915765556 7.99888824294569 5.69944422368384 0.283073877329251 0.798879410090946 -0.530717314685065 0.0796731206849055 0.531850867086428 0.843081757019889 0 0 0 0 0 0
1.87887542978068 8.19839556756427 5.99813247886589 -0.331143173053726 0.811860056491866 -0.480861152114551 0.0796731206849055 0.531850867086428 0.843081757019889 0 0 0 0 0 0
2.20297518628873 8.58296641760539 6.1872084192931 -0.819553395574984 0.51640149385523 -0.248317798285988 0.0796731206849055 0.531850867086428 0.843081757019889 0 0 0 0 0 0
2.34025772048817 9.08525100441941 6.31968030978769 -0.996601580915239 0.0247533699304339 0.078565638763611 0.0796731206849055 0.531850867086428 0.843081757019889 0 0 0 0 0 0
2.25036489295987 9.59317812268793 6.47006124011052 -0.795024163375923 -0.476298973085209 0.375600676099483 0.0796731206849055 0.531850867086428 0.843081757019889 0 0 0 0 0 0
1.97924628237456 9.99253287505492 6.70606035636852 -0.29140377407492 -0.796397372931616 0.529938736876739 0.0796731206849055 0.531850867086428 0.843081757019889 0 0 0 0 0 0
1.64170217231984 10.2103488212035 7.06285902437212 0.322925781008434 -0.813931095747288 0.482944211411331 0.0796731206849055 0.531850867086428 0.843081757019889 0 0 0 0 0 0
1.37776900420686 10.242629148466 7.52974484056279 0.814570432855545 -0.522238787086339 0.252471105634132 0.0796731206849055 0.531850867086428 0.843081757019889 0 0 0 0 0 0
1.2995171918938 10.15586512778 8.05418145322677 0.99674615836946 -0.0321392318443931 -0.0739199942652579 0.0796731206849055 0.531850867086428 0.843081757019889 0 0 0 0 0 0
1.44847369774373 10.0617749681838 8.5617680008721 0.800241353611741 0.470170554914539 -0.372227652466879 0.0796731206849055 0.531850867086428 0.843081757019889 0 0 0 0 0 0
1.77984524532908 10.0748602013743 8.98450524342544 0.299711479294978 0.793854687028959 -0.529119802181859 0.0796731206849055 0.531850867086428 0.843081757019889 0 0 0 0 0 0
2.17953603405015 10.2689046354517 9.28662961042264 -0.314683796914661 0.815940150998506 -0.484990492636617 0.0796731206849055 0.531850867086428 0.843081757019889 0 0 0 0 0 0
2.50749464136299 10.6489426526228 9.47820037936308 -0.809525437443905 0.528036309811881 -0.256605186330101 0.0796731206849055 0.531850867086428 0.843081757019889 0 0 0 0 0 0
2.65092189973873 11.1493465632302 9.61127798800549 -0.996814829744662 0.0395226462314154 0.0692687204731485 0.0796731206849055 0.531850867086428 0.843081757019889 0 0 0 0 0 0
2.56712518630936 11.6587596622897 9.76014540365929 -0.805397602370221 -0.464006331435772 0.368826282257402 0.0796731206849055 0.531850867086428 0.843081757019889 0 0 0 0 0 0
2.29973806407782 12.0624025034983 9.9930867819588 -0.307996360325507 -0.791251546018352 0.528260572965472 0.0796731206849055 0.531850867086428 0.843081757019889 0 0 0 0 0 0
1.96214316181896 12.2856795298954 10.3464451744875 0.306417848431404 -0.817887069248184 0.486999839958172 0.0796731206849055 0.531850867086428 0.843081757019889 0 0 0 0 0 0
1.6943962177515 12.3225191731224 10.8108151958582 0.804418793535999 -0.533793620528055 0.260719725547643 0.0796731206849055 0.531850867086428 0.843081757019889 0 0 0 0 0 0
1.61001656298164 12.2376805437543 11.334616286871 0.996807589811253 -0.046903050815909 -0.0646121715997903 0.0796731206849055 0.531850867086428 0.843081757019889 0 0 0 0 0 0
3.14879345066067 8.64689659313209 9.83385155251306 0.388803694198663 0.82555689228856 -0.4090079522116 0.0452422662846125 0.426292997829055 0.90345305209698 0 0 0 0 0 0
3.53449222696987 8.77704876865434 10.1845394012885 -0.224638008183908 0.885558559677987 -0.406600298401533 0.0452422662846125 0.426292997829055 0.90345305209698 0 0 0 0 0 0
3.8689847622453 9.10906404571934 10.4425426992497 -0.752735975510202 0.609121724496185 -0.249718393234256 0.0452422662846125 0.426292997829055 0.90345305209698 0 0 0 0 0 0
4.03189110821832 9.57992863904928 10.6436226816157 -0.994856960665792 0.101269362206137 0.0020357045916027 0.0452422662846125 0.426292997829055 0.90345305209698 0 0 0 0 0 0
3.96801977870434 10.0738775866806 10.8451667029074 -0.859015153343073 -0.445056923919467 0.253016404207946 0.0452422662846125 0.426292997829055 0.90345305209698 0 0 0 0 0 0
3.70833591795686 10.4663757945006 11.1043858214995 -0.396819127297847 -0.822298643693107 0.407871941657 0.0452422662846125 0.426292997829055 0.90345305209698 0 0 0 0 0 0
3.35819712465591 10.6714310006172 11.456579362026 0.216135119669839 -0.887135360627569 0.40777010921535 0.0452422662846125 0.426292997829055 0.90345305209698 0 0 0 0 0 0
3.05732633868439 10.674263673365 11.9017241117786 0.746976021088456 -0.614934521947349 0.252749594730127 0.0452422662846125 0.426292997829055 0.90345305209698 0 0 0 0 0 0
2.92672876022363 10.536922002486 12.4044831396028 0.994028243322494 -0.109109777222396 0.00170528345905504 0.0452422662846125 0.426292997829055 0.90345305209698 0 0 0 0 0 0
3.02271995110537 10.3747087544559 12.9076308868451 0.863432516652356 0.438167596087539 -0.249986893508931 0.0452422662846125 0.426292997829055 0.90345305209698 0 0 0 0 0 0
3.31553061132595 10.312375823741 13.3537941138462 0.404804341084139 0.818977773872279 -0.406704870074902 0.0452422662846125 0.426292997829055 0.90345305209698 0 0 0 0 0 0
3.70061643383386 10.4367289023494 13.7072489529167 -0.207615771629605 0.888644602784754 -0.408908866756604 0.0452422662846125 0.426292997829055 0.90345305209698 0 0 0 0 0 0
4.03837623466615 10.7636485461239 13.9674930029437 -0.741159181550669 0.620700489753852 -0.2557615483658 0.0452422662846125 0.426292997829055 0.90345305209698 0 0 0 0 0 0
4.20718877674336 11.2320568860681 14.1694361999732 -0.99312382687993 0.116941883106684 -0.00544614164577507 0.0452422662846125 0.426292997829055 0.90345305209698 0 0 0 0 0 0
4.14961871123461 11.727122131946 14.3701379488432 -0.867784126232581 -0.431244900096735 0.246938345340112 0.0452422662846125 0.426292997829055 0.90345305209698 0 0 0 0 0 0
3.89423722684628 12.1238850892778 14.6271293013034 -0.412758727452594 -0.815594535723168 0.405506826342325 0.0452422662846125 0.426292997829055 0.90345305209698 0 0 0 0 0 0
3.54476737754765 12.3347332465288 14.9765559475876 0.199080612844544 -0.890086171214911 0.410016484304499 0.0452422662846125 0.426292997829055 0.90345305209698 0 0 0 0 0 0
3.24067796021102 12.3426862330447 15.4194458643702 0.735285899871692 -0.626419188814919 0.258754024769344 0.0452422662846125 0.426292997829055 0.90345305209698 0 0 0 0 0 0
3.10419698688594 12.2078469457599 15.9213187692407 0.992143780212914 -0.124765083413814 0.00918658508772316 0.0452422662846125 0.426292997829055 0.90345305209698 0 0 0 0 0 0
3.19387521947825 12.0445674537853 16.425285756471 0.872069650691831 0.424289363137155 -0.243870991860235 0.0452422662846125 0.426292997829055 0.90345305209698 0 0 0 0 0 0
1.2282070444237 2.99047581708253 6.93314319065458 -0.346256668130836 0.933533345768262 0.0928537135156549 0.656758721991546 0.170534875146955 0.73456506685701 0 0 0 0 0 0
1.68041127202819 3.27428412140059 6.99355250330667 -0.673296789779712 0.571299771632443 0.469348488657471 0.656758721991546 0.170534875146955 0.73456506685701 0 0 0 0 0 0
1.97913747521707 3.68832022663824 7.1609498187163 -0.744540204069257 -0.00798013736935568 0.667529925870051 0.656758721991546 0.170534875146955 0.73456506685701 0 0 0 0 0 0
2.10814571546138 4.10053725931145 7.48051060173187 -0.532920346784505 -0.584228258763755 0.612105583739402 0.656758721991546 0.170534875146955 0.73456506685701 0 0 0 0 0 0
2.1156747458878 4.37957944201669 7.93960087182076 -0.118835139803269 -0.93851829687821 0.324132096486543 0.656758721991546 0.170534875146955 0.73456506685701 0 0 0 0 0 0
2.09611530245691 4.44468634941802 8.47257706350259 0.340397523606814 -0.936249542819485 -0.0869845934212136 0.656758721991546 0.170534875146955 0.73456506685701 0 0 0 0 0 0
2.15414948524282 4.29637514407452 8.98572511437708 0.670307476655569 -0.578283934186034 -0.465054381983404 0.656758721991546 0.170534875146955 0.73456506685701 0 0 0 0 0 0
2.36498027842362 4.01624409773758 9.3928640042455 0.745556412379505 -0.000618590563522864 -0.666442235535471 0.656758721991546 0.170534875146955 0.73456506685701 0 0 0 0 0 0
2.74576067926529 3.73597204366223 9.64808736555397 0.537556002001984 0.577281765956354 -0.61463754148763 0.656758721991546 0.170534875146955 0.73456506685701 0 0 0 0 0 0
3.24907698767754 3.58729138630082 9.76320407994074 0.125329079006836 0.935863127952984 -0.32932176923695 0.656758721991546 0.170534875146955 0.73456506685701 0 0 0 0 0 0
3.78096206359288 3.65194075840326 9.80325188666782 -0.334512456493467 0.938894440843185 0.0811088491132086 0.656758721991546 0.170534875146955 0.73456506685701 0 0 0 0 0 0
4.23659501452509 3.93061114783827 9.86178845810236 -0.667267117021878 0.58522405817912 0.460724859617618 0.656758721991546 0.170534875146955 0.73456506685701 0 0 0 0 0 0
4.54012440513656 4.34268337974931 10.0253472757835 -0.746515843682411 0.00921727138833524 0.665303793044419 0.656758721991546 0.170534875146955 0.73456506685701 0 0 0 0 0 0
4.67348548569148 4.75685668896334 10.3405621140228 -0.542150720248677 -0.570291310907437 0.617122692207406 0.656758721991546 0.170534875146955 0.73456506685701 0 0 0 0 0 0
4.68326329250692 5.04103207591178 10.7964500893687 -0.131813473915806 -0.933136689427223 0.334486362859607 0.656758721991546 0.170534875146955 0.73456506685701 0 0 0 0 0 0
4.66299421379573 5.1124989251441 11.328584241653 0.328601914961441 -0.941467838420137 -0.075226928052318 0.656758721991546 0.170534875146955 0.73456506685701 0 0 0 0 0 0
4.71762995193948 4.96935815098522 11.8435704133208 0.664175942413796 -0.592119615094388 -0.456360251270002 0.656758721991546 0.170534875146955 0.73456506685701 0 0 0 0 0 0
4.92366461705478 4.6912436919345 12.2545292513522 0.747418424913568 -0.0178152502822451 -0.664114685093699 0.656758721991546 0.170534875146955 0.73456506685701 0 0 0 0 0 0
5.30007333564668 4.40906824602139 12.5141031260201 0.546704151619002 0.563257425967223 -0.619560846644884 0.656758721991546 0.170534875146955 0.73456506685701 0 0 0 0 0 0
5.8011032828022 4.25528734808042 12.6324480862008 0.1382878307184 0.930339188929777 -0.339625484050717 0.656758721991546 0.170534875146955 0.73456506685701 0 0 0 0 0 0
2.65620235326925 12.1806351164525 5.53522353256081 0.931189589520244 -0.171108637526477 0.321881628138285 0.157182924960479 0.985157817148999 0.0689753826454669 0 0 0 0 0 0
2.70788176422384 12.5403138665069 5.93100824343405 0.947164013946482 -0.130610015007339 -0.292952819861102 0.157182924960479 0.985157817148999 0.0689753826454669 0 0 0 0 0 0
2.97546724196008 12.8702200595308 6.26001434980217 0.603294993736622 -0.0404904641039119 -0.796489593685303 0.157182924960479 0.985157817148999 0.0689753826454669 0 0 0 0 0 0
3.3805738325013 13.1908964499882 6.40746062822815 0.0302241188518177 0.0650120910770496 -0.997426654272594 0.157182924960479 0.985157817148999 0.0689753826454669 0 0 0 0 0 0
3.79257001188578 13.5263923486522 6.32754346942861 -0.554329404105112 0.145815465913642 -0.819424652817365 0.157182924960479 0.985157817148999 0.0689753826454669 0 0 0 0 0 0
4.07820678616251 13.8951268873593 6.06083843523613 -0.928283918549109 0.171221107345059 -0.330109525707216 0.157182924960479 0.985157817148999 0.0689753826454669 0 0 0 0 0 0
4.15224121199747 14.3028912828731 5.71888492427177 -0.949567852256831 0.131576987431833 0.284619729356051 0.157182924960479 0.985157817148999 0.0689753826454669 0 0 0 0 0 0
4.0098216160323 14.7406486568122 5.4418104895697 -0.610095082964321 0.0419445701433366 0.791217190648844 0.157182924960479 0.985157817148999 0.0689753826454669 0 0 0 0 0 0
3.72833082670873 15.1879672968352 5.34509403837171 -0.038836991407834 -0.0636232906184284 0.997218012768156 0.157182924960479 0.985157817148999 0.0689753826454669 0 0 0 0 0 0
3.43798714397175 15.6207830057598 5.47569346456174 0.547175922504359 -0.145019599549559 0.824359039240785 0.157182924960479 0.985157817148999 0.0689753826454669 0 0 0 0 0 0
3.27237222998655 16.020541492404 5.7942055596852 0.925307555163579 -0.171320538013407 0.338312284157694 0.157182924960479 0.985157817148999 0.0689753826454669 0 0 0 0 0 0
3.31768120231572 16.3812474570175 6.18983595062741 0.95189937729883 -0.132533939759313 -0.276264963956659 0.157182924960479 0.985157817148999 0.0689753826454669 0 0 0 0 0 0
3.57997566765173 16.7117423058927 6.52249173434302 0.616848711089373 -0.0433954819413499 -0.785884533359995 0.157182924960479 0.985157817148999 0.0689753826454669 0 0 0 0 0 0
3.98288081608973 17.0323451532939 6.67600511395132 0.047446906376591 0.0622296449998991 -0.99693342925116 0.157182924960479 0.985157817148999 0.0689753826454669 0 0 0 0 0 0
4.39660148832919 17.3671332502309 6.60226748699326 -0.53998077133863 0.144212689381505 -0.82923064753173 0.157182924960479 0.985157817148999 0.0689753826454669 0 0 0 0 0 0
4.68723352675149 17.73479463425 6.33950670783857 -0.92226072602525 0.17140692195949 -0.346489278817904 0.157182924960479 0.985157817148999 0.0689753826454669 0 0 0 0 0 0
4.76763620365736 18.1415282315231 5.99776368667504 -0.95415841151782 0.133480799114155 0.267889159910658 0.157182924960479 0.985157817148999 0.0689753826454669 0 0 0 0 0 0
4.63053844063511 18.5786887811543 5.71708600794228 -0.623555363796849 0.0448430890054009 0.780492027921255 0.157182924960479 0.985157817148999 0.0689753826454669 0 0 0 0 0 0
4.35130121281517 19.0260713143353 5.61432151153239 -0.056053208079729 -0.0608312603529712 0.996572925393742 0.157182924960479 0.985157817148999 0.0689753826454669 0 0 0 0 0 0
4.05928665444974 19.4595873598047 5.73872584482322 0.532744498546542 -0.143394796858813 0.834039106698369 0.157182924960479 0.985157817148999 0.0689753826454669 0 0 0 0 0 0
