t = 20
b = 13 13 13
E = -1.00146095663634 -1.00146095663634 0
8.12865595032808 4.77597889801607 0.939992609125285 -0.194133686936229 -0.234753594847455 0.952471974024823 0.971858577139855 0.086037893235557 0.219290644960712 0 0 0 0 0 0
8.5022782282305 4.93409968930484 1.29225573653941 -0.216383816678824 -0.90475203948928 0.366881167300115 0.972019918512377 -0.164460631968212 0.167719940817448 0 0 0 0 0 0
8.82165955965421 4.884624158538 1.72147926701242 -0.162857195479487 -0.949677392263922 -0.26756379520285 0.956766035164167 -0.218243776002931 0.192271704086231 0 0 0 0 0 0
9.10140830420661 4.5181567389217 1.94670527502841 0.00801914824799732 -0.560684717986136 -0.827990543592247 0.946026553566032 -0.264024011553257 0.1879496774972 0 0 0 0 0 0
9.47512751393604 4.15062174678124 2.06476070247621 0.105892802837029 0.0835578558748147 -0.990860635522939 0.982962789144448 -0.159347217037088 0.0916112415585715 0 0 0 0 0 0
9.87983312197211 3.80954641914847 1.9006854318772 0.0690412511827262 0.535373320948355 -0.841788995444734 0.995951757532705 -0.0856767976075233 0.0271952756786031 0 0 0 0 0 0
10.2537201998598 3.56443539420929 1.60266841800013 0.0911569864167326 0.953148910207188 -0.288439870333957 0.993805229581272 -0.105562207401271 -0.0347532160452099 0 0 0 0 0 0
10.7305515063533 3.5184365607783 1.33518207336232 -0.217343712374452 0.972589517127427 0.0826519320108836 0.971905776863293 0.223470417393368 -0.0738927158101038 0 0 0 0 0 0
11.0547521877766 3.71258929597392 0.953234778962841 -0.188831817704139 0.761226160319819 0.620384781782481 0.932302044051794 0.337415756332851 -0.130244024950002 0 0 0 0 0 0
11.3765749143677 4.05537563346561 0.657436372049829 0.0922067741303284 0.208817162828653 0.973598122077416 0.936447634743462 0.314176803455338 -0.156072943055356 0 0 0 0 0 0
11.6885215709461 4.49213971338408 0.682165384583747 0.35789857463588 -0.518501609295899 0.776572399349326 0.912882966472768 0.369172336354525 -0.174231098241448 0 0 0 0 0 0
12.0941286311342 4.77764479490016 0.869164404978409 0.283022261482936 -0.932538419898633 0.224210826942066 0.953846314759534 0.249203768095895 -0.167555035097315 0 0 0 0 0 0
12.6173777068524 4.93949541586981 1.00674941262462 -0.000628142635331779 -0.972550607175476 -0.232690614162763 0.99647454535749 0.0189124443116487 -0.0817361603254229 0 0 0 0 0 0
13.0968679624112 4.70746594138506 1.16075201892981 -0.208969181888285 -0.625376883868606 -0.751821544080598 0.960725065465476 0.0122587935681886 -0.27723107792347 0 0 0 0 0 0
13.6532233207878 4.62867251678756 1.01444588106128 -0.568173474599017 -0.245806316162962 -0.785339517467748 0.795563125660921 0.0799021176068868 -0.600578858011635 0 0 0 0 0 0
14.0102663512954 4.51936296927235 0.641681282725926 -0.617466002753282 0.374697630896295 -0.691619419077131 0.774557342388388 0.136378575146685 -0.617625944721558 0 0 0 0 0 0
14.3054168258069 4.35068277545424 0.14430559607881 -0.52603983946216 0.804231447408041 -0.276575245274393 0.726103772777044 0.255393394528241 -0.638394490256836 0 0 0 0 0 0
14.3570657438939 4.41446907978115 -0.386682914869516 -0.024483759061719 0.931885288786297 0.361925895848703 0.554687743100479 0.3138570793546 -0.770594083414282 0 0 0 0 0 0
14.5703456581214 4.74003935131716 -0.81765663911908 -0.210982243225904 0.668302009726589 0.713343477462833 0.589559594270127 0.669093480179829 -0.452474750218051 0 0 0 0 0 0
14.5754983422711 5.15588169988821 -1.15785318980607 0.425784530199291 0.321708742130321 0.845701495256982 0.58364052796111 0.616574959724736 -0.528392896585217 0 0 0 0 0 0
7.81069335786752 13.4179691992701 13.4000433473119 0.628110080320558 0.76671375189816 -0.132769535850475 0.755791204180862 -0.641722020744719 -0.130278562220177 0 0 0 0 0 0
8.12107369075315 13.1997581458216 13.1512679354644 0.523072055679039 0.41209543170115 0.746038189195933 0.726595788084399 -0.673143311765233 -0.137610474033575 0 0 0 0 0 0
8.5786857545299 13.0285041266867 13.1076995709764 -0.199442036738833 -0.139361585716171 0.969949082379143 0.685342852905371 -0.727309172367265 0.036421721018777 0 0 0 0 0 0
9.04767806160397 12.9012130214181 13.16725870496 -0.633265233615859 -0.502136489128966 0.588926217941338 0.673914286581247 -0.731930361922588 0.100585683064526 0 0 0 0 0 0
9.40529446040046 12.6937593029235 13.5104183880712 -0.708681154534506 -0.700102319855159 0.0873370651044772 0.704848057185701 -0.707988701986871 0.0440592117551873 0 0 0 0 0 0
9.71197860542153 12.2441661361306 13.6382551813824 -0.693813557450797 -0.543938435639027 -0.471967928711304 0.604506099948734 -0.796078907731376 0.0288226957446773 0 0 0 0 0 0
9.79842439453767 11.7369506334154 13.8567175752594 -0.358709125381908 -0.134168647163119 -0.923756752335898 0.543653949875741 -0.83448010311732 -0.0899073983930746 0 0 0 0 0 0
9.85314108561342 11.2071969024413 13.7856389543168 0.141434174054228 0.339713929489399 -0.929833759615379 0.470468356804494 -0.849490719892025 -0.23879916679714 0 0 0 0 0 0
9.92354284691872 10.745886640226 13.5567738363349 0.551869451574321 0.600174948100802 -0.578990621764514 0.521028090323149 -0.790250602326411 -0.322542577990811 0 0 0 0 0 0
10.1238816612868 10.4586895488182 13.1492602877714 0.750970708351193 0.637153149523392 0.173432578401322 0.658495655146035 -0.742179921422292 -0.124709407790243 0 0 0 0 0 0
10.6133462474751 10.23773253969 12.9919206450602 0.574945053045173 0.798320843478266 0.179226161168043 0.813269877458687 -0.533615285044929 -0.232049205955872 0 0 0 0 0 0
11.0099980203133 10.2755105438069 12.6262661716099 0.525548246069721 0.239452133869501 0.816371065532325 0.835488663478114 -0.326281310799339 -0.442152914072291 0 0 0 0 0 0
11.5505708903794 10.3046257599894 12.4409722844287 0.154461790405478 -0.194559341844626 0.968652784957397 0.929896491007832 -0.302628178541226 -0.209066261180849 0 0 0 0 0 0
12.0227211739412 10.5258323534742 12.5706906518627 -0.0639501090059758 -0.868659527303684 0.491264703782659 0.985012526026478 -0.133961651128034 -0.108648974215067 0 0 0 0 0 0
12.5841658062721 10.5145140197379 12.687732863982 -0.26330354618443 -0.959735830541869 0.0978691889248785 0.963941634703084 -0.265791818674058 -0.0130856414394732 0 0 0 0 0 0
13.0053376492161 10.3636925182886 13.028544259768 -0.291919654241626 -0.821674772934306 -0.48952373077391 0.92154370259983 -0.378632197325132 0.0859933913003633 0 0 0 0 0 0
13.2568339342047 9.9705239178727 13.2947268519905 -0.0115474477722535 -0.432536556241366 -0.901542447123155 0.91442648302096 -0.369369135357589 0.165501205418884 0 0 0 0 0 0
13.5171679626606 9.50222271028822 13.3347927317535 0.29771716210321 0.43238181836119 -0.851123054875077 0.949932332240147 -0.222738399302037 0.219125921883199 0 0 0 0 0 0
13.910776844308 9.19025120215847 13.1439238539293 0.2435917315156 0.933999807953111 -0.261356895988574 0.968573835347295 -0.220296129523702 0.115474416203359 0 0 0 0 0 0
14.3660427738886 9.08478540218545 12.8787918103782 0.0469133264130082 0.86193179977785 0.504849197619034 0.994620564376156 -0.0870344425088061 0.0561688413378572 0 0 0 0 0 0
16.0150195247906 4.47016563457564 13.2514323726305 0.102753744191165 0.722969177604679 0.683196338023201 0.936376139647413 0.161438178479517 -0.311668797970259 0 0 0 0 0 0
16.2804518746796 4.70450646802653 12.9554079257004 0.346098296590898 0.086785492704511 0.934175704754151 0.916110017371417 0.183527257965564 -0.356455020522064 0 0 0 0 0 0
16.6750066113643 5.10469854206033 12.8367764409903 0.194392549140461 -0.667828560626185 0.718482115609451 0.959173151170634 -0.023977755711849 -0.281801230132909 0 0 0 0 0 0
17.1909469534355 5.24089457583644 12.8995562619955 0.034112487097021 -0.998260982104591 0.0480764997855936 0.931436745867932 0.0143168709551304 -0.363621528038446 0 0 0 0 0 0
17.6407324685192 5.14236882606598 12.9022149867729 -0.230223386664562 -0.757889935537238 -0.610409729480176 0.957742833541326 -0.0653316599690189 -0.280107906003962 0 0 0 0 0 0
18.0294421227428 4.87353549691882 12.9672575212047 -0.260845187930152 0.0746838821642013 -0.962487457413638 0.963637170627798 -0.0397495827903048 -0.264241128616364 0 0 0 0 0 0
18.3333798008111 4.49324924735974 12.725147125377 -0.0113855801677745 0.823312501021449 -0.56747413529257 0.970410491444384 -0.127790578324234 -0.204873244193151 0 0 0 0 0 0
18.7426170781983 4.31030202607898 12.3872965435418 0.0286220681524909 0.999492920329051 0.0139527569598267 0.925259153918466 -0.0212090870483843 -0.37874222462865 0 0 0 0 0 0
19.0815072438181 4.43140582779295 11.9883323509443 0.114492821563124 0.776889233701542 0.619140139523473 0.967820182243079 0.0533554677768514 -0.245921306318277 0 0 0 0 0 0
19.4777006432996 4.59828753063632 11.7052550731012 0.0362222761380448 0.397222201106064 0.917007344387074 0.999287723543618 -0.00467982465348739 -0.0374452242112166 0 0 0 0 0 0
19.895950079474 4.95889065866161 11.7758449809829 -0.1423243749462 -0.365683701094139 0.919793021853431 0.984571854670503 0.0432630986769466 0.169548126747409 0 0 0 0 0 0
20.2010150415995 5.17995713664332 12.0599194718328 0.173226452609615 -0.957698661282794 0.22979527909301 0.981740173982144 0.149285967794692 -0.117897966942238 0 0 0 0 0 0
20.6901361041861 5.15628726676333 12.2745863041553 -0.00487905736773344 -0.755343610649945 -0.655310784780403 0.970329682237064 -0.161992366105891 0.179495908290781 0 0 0 0 0 0
21.1294715262569 4.9536752125422 12.3935679621863 0.123035104297674 -0.16078337756104 -0.979291105142146 0.95746366214136 -0.24030083435771 0.159746188329625 0 0 0 0 0 0
21.4559762330531 4.52914819043944 12.436656081928 0.159085183457399 0.374104203404222 -0.913639945164187 0.981238896608793 -0.162005579467199 0.104519950265276 0 0 0 0 0 0
21.8819324809568 4.32484239406279 12.375699289882 0.10258045269086 0.809261467534769 -0.578422966253252 0.99259610083129 -0.0452552247947734 0.112716215529514 0 0 0 0 0 0
22.31077828207 4.24552369602456 12.0898098999626 0.150810676664251 0.981882132285997 0.114732811791471 0.988083702245732 -0.146106566172418 -0.0484093862558978 0 0 0 0 0 0
22.7507587203073 4.30045981902407 11.7863558861868 0.0491445612819164 0.772946338275857 0.632565230029563 0.997804205358974 -0.0661499258654081 0.00330984530586791 0 0 0 0 0 0
23.2267030095599 4.5344977561718 11.6543079161437 -0.169434256748329 0.3653661637283 0.915313934692686 0.985503808404441 0.0709330041062313 0.154112791645631 0 0 0 0 0 0
23.613437682449 4.84589303457184 11.7789118503872 -0.0840299753171475 -0.562171780005505 0.822740453006684 0.990128829936344 0.0458439628097961 0.132450863352347 0 0 0 0 0 0
7.18214653603215 1.27310480444642 1.43470041314552 0.14893939359638 0.842306143442165 -0.518012951338796 -0.168713296745179 0.537820537190917 0.826005383322074 0 0 0 0 0 0
7.44444928607786 1.51157832652263 1.77064175168033 -0.622654073639055 0.576865131747094 -0.528704571906748 -0.0280186895858532 0.658793638899653 0.751801765347252 0 0 0 0 0 0
7.54486554845435 2.02512749438872 1.89257996780941 -0.997382726940442 -0.00558284186258043 -0.0720869466518432 -0.0608605274628278 0.603088500720892 0.795349141255068 0 0 0 0 0 0
7.42744580035044 2.51643370832153 2.04379424673764 -0.833057212741729 -0.472642460415595 0.287445272897771 -0.150459402701879 0.69361808898509 0.704454338315314 0 0 0 0 0 0
7.15204066672485 2.89320085876207 2.28813692455037 -0.37556045034047 -0.720519160360497 0.582929230433222 -0.121523832555796 0.661824789648978 0.739743135099636 0 0 0 0 0 0
6.89699443983447 3.12468230600537 2.65810382867953 0.113549729663526 -0.877020779789644 0.466841526334693 0.0128346542129278 0.471136198014282 0.881967093814663 0 0 0 0 0 0
6.62928550260656 3.20752720650991 2.97445607427681 0.921356495143604 -0.366879298950574 0.128459288719147 0.157320044780667 0.654131054703761 0.739839825085372 0 0 0 0 0 0
6.64000869676712 3.27693130152125 3.4061878586476 0.915721500173554 0.108307380580705 -0.386941397929509 0.265042361922594 0.560972180928575 0.784259369475896 0 0 0 0 0 0
6.953161863921 3.33602292454135 3.8399958939737 0.654695967008636 0.4742814575246 -0.5885832904789 0.242972861988324 0.605294612045337 0.758012282859643 0 0 0 0 0 0
7.37503052810376 3.47226187998713 4.14355952703613 0.0550351033443708 0.787419313200096 -0.613955994025112 0.362086817987622 0.557293956868162 0.747205849734748 0 0 0 0 0 0
7.81803356727519 3.72826766338025 4.30755479609141 -0.480866084525977 0.775449626983688 -0.409201276590769 0.362844927928552 0.600859871471085 0.712257659230335 0 0 0 0 0 0
8.13955890527151 4.05526628151635 4.49827245153394 -0.901255566805813 0.431171873187203 -0.0427693707432226 0.26606635977499 0.628632194438036 0.730773738110577 0 0 0 0 0 0
8.25343394146869 4.57618720207611 4.56429496869759 -0.922814388709578 0.00529527358923917 0.38520846832356 0.307698355038337 0.611792319673448 0.72871934233646 0 0 0 0 0 0
8.3329141603466 5.04239794312564 4.88692475727796 -0.672693298983106 -0.54651658594169 0.498801911377518 0.275851217035065 0.440292889445575 0.854428626371998 0 0 0 0 0 0
8.24574279960929 5.32733189700681 5.26434966194377 -0.170382508715202 -0.840338220526388 0.514588647218785 0.106414444099476 0.503478592232428 0.857429456719707 0 0 0 0 0 0
7.87619380577681 5.41118229335877 5.64525352685902 0.558367399469638 -0.728775929449778 0.39637292019527 -0.0446922353375637 0.450672727013297 0.891569793805808 0 0 0 0 0 0
7.6323068159139 5.32777523788479 6.1166848594952 0.928889153380841 -0.274886819110939 0.248197859399498 -0.13702597016612 0.36752096283026 0.919865330024103 0 0 0 0 0 0
7.61920825681483 5.26809220644605 6.63562165989914 0.896502247202119 0.435969831249788 -0.0788290999668394 -0.0866375180333413 0.347008893937259 0.933851577070716 0 0 0 0 0 0
7.87249400229577 5.19274930158114 7.08580899900117 0.434674364219668 0.878811195425899 -0.196847859740282 -0.192015690884603 0.303987782400463 0.933124537564712 0 0 0 0 0 0
7.97716398713995 5.22828666025848 7.61678195670263 -0.429451934757052 0.785077231520719 -0.4463460275181 -0.169556824821989 0.4153599674522 0.893715044404195 0 0 0 0 0 0
10.9806385227276 6.37303665780733 1.01726638403676 0.501690854357926 0.825834588581497 -0.257494696947419 0.118732586373982 0.229109853242219 0.966132106950325 0 0 0 0 0 0
11.400396493127 6.45233481351691 1.34315003030583 -0.275108357462548 0.961357800639358 -0.0103233136208932 0.336510405428292 0.106345307806075 0.935655611080336 0 0 0 0 0 0
11.6574366266158 6.63591018746187 1.7664935307553 -0.590429897935216 0.791921349043865 -0.155734108507918 0.100613804440806 0.263673859787177 0.959350279106062 0 0 0 0 0 0
11.8508656046991 6.87025543928737 2.2046930947103 -0.977747655317453 0.20649506418489 -0.0370042023086619 0.014036893445928 0.240392507149146 0.970574267188728 0 0 0 0 0 0
11.8496475542298 7.17678586038373 2.7651802281267 -0.975336988181657 0.0188975784713331 -0.219910529562944 -0.195970769785235 0.384269711286821 0.902181936406025 0 0 0 0 0 0
11.6673071921638 7.50884422419876 3.10265793144089 -0.742562053765784 -0.611728666113974 -0.272744633973903 -0.416729035857207 0.103176635358174 0.90315640538596 0 0 0 0 0 0
11.2105713206236 7.56848431639052 3.39590833683311 -0.0973216480586558 -0.983861977032943 -0.150146951244364 -0.666189846602725 -0.0476826254586087 0.744256310361431 0 0 0 0 0 0
10.7567384389387 7.49958708190612 3.55736397309089 0.381148010324651 -0.90243444572371 0.200843883145344 -0.602629076817592 -0.0777629023541465 0.794223599996522 0 0 0 0 0 0
10.2886599583119 7.34547313121254 3.77547940915221 0.733421171017479 -0.514319586459381 0.444487062677421 -0.555848940848515 -0.0773439057351208 0.827677398026079 0 0 0 0 0 0
10.0088334193414 6.92936505795493 4.00334796223602 0.818353760553514 0.17543950709075 0.547282469972934 -0.500458708231595 -0.250642809974528 0.828685261823351 0 0 0 0 0 0
9.87595607908008 6.44985009696314 4.2296736637655 0.301478679342404 0.714631287322967 0.631199436851048 -0.55854431275022 -0.404155068569257 0.72435276712674 0 0 0 0 0 0
9.97596812673586 6.21556360745729 4.70274081891061 -0.102168465231178 0.92569088601644 0.364222443375479 -0.300601573899072 -0.377751137852323 0.875752688617441 0 0 0 0 0 0
10.1903519872559 6.30668271887633 5.15752635418602 -0.919317703331869 0.385516567476515 0.0789426154984958 -0.169554342127425 -0.569086021165068 0.804607000702982 0 0 0 0 0 0
9.95162969079685 6.28278970829919 5.65949943711629 -0.952783801010258 -0.0401739012578825 -0.300980208967579 -0.229472538916968 -0.55388047173111 0.800349159378533 0 0 0 0 0 0
9.72401563718266 6.30301081282426 6.14577924509465 -0.589942642423515 -0.68468696432129 -0.427985326312546 0.0639509845808046 -0.568004481201264 0.820537129511169 0 0 0 0 0 0
9.45559656627293 6.03642737975016 6.56305616352182 -0.125485629245447 -0.732718926374801 -0.668861967662263 -0.0340654080392085 -0.670611317199541 0.741026321542643 0 0 0 0 0 0
9.13556578983418 5.65204903279029 6.69531608298036 0.760299326807408 -0.515013229814042 -0.395861474221364 -0.132441953360493 -0.719522356738398 0.681723336217617 0 0 0 0 0 0
8.91883444231585 5.16041684785439 6.69854406321703 0.977799487030413 -0.160915146636374 0.134218026904193 -0.209478710246524 -0.734822294924649 0.645100662559825 0 0 0 0 0 0
8.95170810504069 4.62899711674333 6.77063770928421 0.792334218113749 0.352822083796599 0.497717855809394 -0.0969682379757513 -0.732613642306391 0.673702020132374 0 0 0 0 0 0
9.17400245172333 4.13624675490205 7.15917170078553 0.301623676150661 0.612921625469882 0.730308317778675 -0.142082671362535 -0.728533268689924 0.670113267224625 0 0 0 0 0 0
14.6206464288629 14.8045863163804 12.5079898562313 0.10373311991831 -0.987819845650829 0.115980137827072 -0.185397562322112 0.0953611851761437 0.978025556029504 0 0 0 0 0 0
14.1365987427555 14.6201997602748 12.8189620703052 0.688802089740945 -0.614140926618096 0.38520462538912 -0.354029552016825 0.178722778472858 0.917998499319965 0 0 0 0 0 0
13.8182187557636 14.4235520772714 13.1930977664297 0.953563720777421 -0.0398353598134125 0.298545431259056 -0.276200201971973 0.279671384613986 0.919509306673259 0 0 0 0 0 0
13.656934348294 14.307050494658 13.733291283872 0.907752982530426 0.402348321940264 -0.118744896896536 -0.0317873846294245 0.348216271995114 0.936875119797856 0 0 0 0 0 0
13.8968673355369 14.3990711907061 14.1616138084938 0.420398139454407 0.825204380680424 -0.377230876850121 0.0310172446492008 0.402441527025174 0.914920077307313 0 0 0 0 0 0
14.1649573288973 14.4262977525757 14.6164835753677 -0.253618923047779 0.86278428436323 -0.437356514216849 -0.00468234833885385 0.451039257410218 0.892491828471764 0 0 0 0 0 0
14.3633841493249 14.8714919368918 14.9409080324786 -0.748866306868676 0.577951254552297 -0.324301714146403 0.0308595333293582 0.519228375767128 0.854078206606939 0 0 0 0 0 0
14.5578998432248 15.3459104245368 15.1014566093193 -0.992484670282204 0.0613898951507528 0.105855845507953 0.12233774734552 0.47822212944596 0.869676417113052 0 0 0 0 0 0
14.6282422436876 15.7900190486819 15.5137460035257 -0.892248236890378 -0.44618811388397 0.0693487620270006 -0.192309848651275 0.51444979454119 0.835678365765353 0 0 0 0 0 0
14.2904770872658 16.1743341516256 15.6777633894185 -0.432283772965966 -0.814137908481269 0.387698601498708 -0.178555299361102 0.498715146214548 0.848175222466602 0 0 0 0 0 0
13.9149915898511 16.3820112345669 16.0011300119548 0.335915581050456 -0.786208439923193 0.518687778341724 -0.0895697188100576 0.521527328719167 0.848520188841337 0 0 0 0 0 0
13.6605090540782 16.455720407132 16.4703782708683 0.849712799963397 -0.394510782387581 0.349784791204966 -0.282967712428749 0.21855344574435 0.933897031302763 0 0 0 0 0 0
13.4519942918103 16.331187475232 17.0348474406221 0.969181294195903 0.231304701286658 0.0847688276635069 -0.133412442960668 0.203544167687166 0.969933447131197 0 0 0 0 0 0
13.5716543984913 16.1380194900994 17.5376713714903 0.65133597192878 0.758084008380797 -0.0327121981666716 -0.225902460652014 0.234887903429541 0.945407716857569 0 0 0 0 0 0
13.6676984495096 16.1908395265735 18.0909630710625 0.239579309875552 0.952465808865913 -0.188177143194799 0.0152660605908265 0.19010218818018 0.981645610922366 0 0 0 0 0 0
13.8882266302684 16.3157779191588 18.5776746412303 -0.519787850639771 0.851066110262093 -0.0742096105005124 0.0976517640001609 0.14548777814568 0.984529044466384 0 0 0 0 0 0
14.1103182406542 16.6059228722097 18.9715989041714 -0.909376154415209 0.415974283863351 0.000636353186470229 0.0993742123199712 0.21575949259144 0.971376655722418 0 0 0 0 0 0
14.1832375175999 17.0339398850088 19.2880942721038 -0.876788292923899 -0.461803734369517 0.134088031956484 -0.0382540943435031 0.34493987538432 0.937844926752716 0 0 0 0 0 0
14.0831632236433 17.4190852606867 19.639388957913 -0.619262749942693 -0.784551523423951 0.0315048191007838 -0.298642374304157 0.272453656238801 0.914648422877384 0 0 0 0 0 0
13.7219675753426 17.573418913622 20.0060003725453 -0.0217821400157053 -0.98580195844559 0.166493354525567 -0.331199338537457 0.16424446875081 0.929155935587303 0 0 0 0 0 0
9.09383799539944 10.6571818048728 4.5630338672385 -0.98105078601652 0.106397897346671 -0.161922335385136 0.154329129023005 0.934400480302375 -0.321058035790558 0 0 0 0 0 0
9.01045742578598 10.9610144654758 4.12781151363034 -0.635161752393075 0.385844729630914 0.669098941049084 0.256234056853921 0.922486441153116 -0.288726295991272 0 0 0 0 0 0
8.77992548658866 11.3535402196678 3.84239311999692 0.0104538322243613 0.294085222743347 0.955722030276492 0.15194133402137 0.944208865719192 -0.292204464225111 0 0 0 0 0 0
8.52614326712568 11.8457250241203 3.74794880397237 0.505665631771649 0.162766066514867 0.847236375774941 0.260252679629658 0.907514390069593 -0.329675862874729 0 0 0 0 0 0
8.69475088936233 12.3846640697872 3.79707083149395 0.62923314872015 -0.252258455358602 0.73514033779396 0.397584287922393 0.917209233259968 -0.025572571632612 0 0 0 0 0 0
8.76640088786404 12.8773498387723 3.99115548317969 0.884121153844304 -0.377326772190838 0.275598062970443 0.377654860978761 0.924367588213936 0.0540496793576492 0 0 0 0 0 0
8.9518906932624 13.2700079590127 4.30753853395977 0.868922601338806 -0.339298412527184 -0.360347193882698 0.32193581973526 0.940441789240688 -0.109208832157292 0 0 0 0 0 0
9.32917288873777 13.578021004464 4.53441120954571 0.290524956618283 0.0213890390072523 -0.956628328345074 0.273678074156402 0.956128402219827 0.104493015051743 0 0 0 0 0 0
9.73194060027346 13.9667973838846 4.60955066438309 -0.213740448698131 0.0289426533189003 -0.976461644617536 0.418802144270865 0.905760668377848 -0.0648257323432634 0 0 0 0 0 0
10.1805580877893 14.1910959349381 4.41689134846862 -0.692258835888509 0.0880252828103422 -0.716260604612906 0.403042959286436 0.870468881869101 -0.28256025670145 0 0 0 0 0 0
10.48161700716 14.4481296024365 4.05359763401975 -0.911924665765572 0.317833521036369 -0.259567441860442 0.35548945928032 0.927849384480536 -0.112795230660149 0 0 0 0 0 0
10.5727106860679 14.7776540441529 3.6391091708596 -0.852651298686348 0.343892390662328 0.39334944577695 0.300596675806042 0.938652047701069 -0.169038373870985 0 0 0 0 0 0
10.471201757479 15.191884460754 3.3123153497773 -0.382789577440076 0.28811639320517 0.877759126053208 0.338743029929752 0.927722854845713 -0.15679114857329 0 0 0 0 0 0
10.267625805091 15.6708548368393 3.17878890086033 0.366491667738949 0.120675353514486 0.92256236457601 0.133004557803602 0.974574848054293 -0.180315426803752 0 0 0 0 0 0
10.3656275907984 16.2412653224276 3.34960285455743 0.516391320765398 -0.285968197573696 0.807194024887833 0.526071107523841 0.849698472784338 -0.0355203487680388 0 0 0 0 0 0
10.602902232584 16.6383574624621 3.56873370735172 0.726345935818535 -0.632794362760241 0.268314882141779 0.647313080493446 0.761037673342175 0.0425139456650789 0 0 0 0 0 0
10.9693690481078 16.8983038655274 3.86337763274582 0.600435838076743 -0.567016723395939 -0.563887258006786 0.698185999300642 0.715515605717972 0.0239526273007247 0 0 0 0 0 0
11.4657189974997 17.2250966018692 3.96652682623793 0.198115654106105 -0.437038676641689 -0.877352484875601 0.700051281514076 0.689596400603982 -0.185431948500067 0 0 0 0 0 0
11.9967477384428 17.2747748723937 3.91434363568861 -0.27720789128727 0.122334873561527 -0.952990012391919 0.697952937536319 0.707295417570868 -0.112226954283163 0 0 0 0 0 0
12.4392426014085 17.3511075123802 3.61928986696152 -0.619227934033987 0.73966957693885 -0.263525487691614 0.73952270522058 0.662183015682617 0.120912456780559 0 0 0 0 0 0
4.96736811959319 13.9442622219415 6.78929279992755 0.624375012301265 0.11128052882275 -0.773157479378377 0.778500916474011 -0.00759138990856292 0.627597557235831 0 0 0 0 0 0
5.4650318744025 13.7181537326422 6.92150798470397 0.344311195692186 0.646718222781716 -0.680591904773395 0.853146774357513 0.0870791910534461 0.514351821119406 0 0 0 0 0 0
6.02600244878917 13.7593586167026 6.85669816474013 -0.187334297319153 0.957178457263936 -0.220715341555068 0.757832911454717 0.283789984007435 0.587496828326016 0 0 0 0 0 0
6.48040498446188 14.0195998230633 6.90413496093264 -0.604582317943045 0.667355187193403 0.434876160483274 0.736688407338276 0.260831982912565 0.623904533709521 0 0 0 0 0 0
6.94783805043471 14.3838761286452 7.10246173058117 -0.601544319490998 0.181732685711339 0.77789309203274 0.791381017383178 0.26832672911573 0.549287585666763 0 0 0 0 0 0
7.28155139882476 14.7314684858055 7.39543064016855 -0.502181713597609 -0.475621422175473 0.722217272914426 0.697433752446678 0.271015412906163 0.663428072149083 0 0 0 0 0 0
7.28979435077181 15.1180099294226 7.66181239168342 0.141916902054033 -0.86210910351467 0.486443713648886 0.514618138239947 0.484044751851645 0.707720884246983 0 0 0 0 0 0
7.48668021857864 15.3207887944739 8.15927780309917 0.533253874618328 -0.845719973259291 -0.0199507402079424 0.561283038884757 0.336065365489564 0.756320977084901 0 0 0 0 0 0
7.81233135361315 15.1194670290094 8.57341710999817 0.764964338188937 -0.116976320129242 -0.633360956981233 0.629080115362476 0.346638729899137 0.695772807308138 0 0 0 0 0 0
8.19423457620227 14.9704954103735 8.84620349475311 0.380440812751058 0.686634689101795 -0.619513996383776 0.632279829634094 0.295747052075543 0.716069757933197 0 0 0 0 0 0
8.54454844204296 15.1387257773142 9.28266335793694 -0.0525761053208983 0.842030273030081 -0.536861967781452 0.397505776396469 0.510824953050388 0.762264406274168 0 0 0 0 0 0
8.93865534772281 15.4187120047662 9.56940561759567 -0.479958913168069 0.707668662010333 -0.518502175963642 0.425501742747387 0.704634611936012 0.567836535087979 0 0 0 0 0 0
9.16960004011692 15.8305004564191 9.77029474503032 -0.84925047583415 0.3792044793348 -0.367392966927638 0.226242791678992 0.890070679727389 0.395712502080641 0 0 0 0 0 0
9.33755381408462 16.3280052000507 9.58191452884006 -0.940333610154195 0.0662610928507706 0.333739672781944 0.134865033715306 0.97309843008731 0.186790974199993 0 0 0 0 0 0
9.27438640641594 16.8707622018782 9.57393614702311 -0.596992516520056 -0.360582718388151 0.716644987716277 0.042664700769644 0.87776318146038 0.477191283010063 0 0 0 0 0 0
8.9241058479532 17.2208921837612 9.79686610731943 0.163534701225883 -0.541168474481859 0.824859432704712 -0.042630485328158 0.831458106060833 0.553949509961349 0 0 0 0 0 0
8.59329086711088 17.4477693454874 10.1543200261058 0.855849013696867 -0.107581891441753 0.505913631352146 -0.127177251458373 0.904329204488862 0.407448937438837 0 0 0 0 0 0
8.50880161087725 17.6751168756905 10.5216006668574 0.825848629535246 0.392738191795293 -0.404636570023176 -0.236636050070984 0.892711770880149 0.38349585908955 0 0 0 0 0 0
8.64228768617875 18.0128523712213 10.834885421175 0.0866762428535369 0.374590441488565 -0.923130126293253 -0.369292156301812 0.872684095385727 0.319446040756109 0 0 0 0 0 0
8.67278173282028 18.550951402585 10.9587991068708 -0.530695553517251 0.0593562409508418 -0.845481558720948 -0.467387729365106 0.811665363295262 0.350354175750342 0 0 0 0 0 0
6.72860221486365 10.2272703192552 0.928505861578447 0.757895330986299 0.446957975431911 -0.475208623098294 0.613985446100445 -0.242499391648641 0.751143073606405 0 0 0 0 0 0
7.18103720042429 10.028214458101 1.09184584404292 0.43946491984201 0.898253535308469 -0.00334223489478406 0.598030168996274 -0.289802158045582 0.747244689618075 0 0 0 0 0 0
7.62257621840081 9.82565366276916 1.29134360707526 -0.28746402271174 0.84328301855541 0.454134546431408 0.441715794111793 -0.30399054571478 0.844083470604785 0 0 0 0 0 0
8.10127323979502 9.85728188097669 1.5781364605927 -0.731168780213716 0.504143615075992 0.459599206068611 0.452146409612319 -0.146356938009595 0.879854119142 0 0 0 0 0 0
8.29734091119641 10.0724516612468 2.01358595540491 -0.88860721356978 -0.155732365790301 0.431421661761561 0.455557658903333 -0.19029231306063 0.869629837922176 0 0 0 0 0 0
8.38783866627251 10.1984194629903 2.52800540621179 -0.80975383144515 -0.583777309975073 0.0591843291604129 0.323706147445108 -0.360315569924385 0.874864000960328 0 0 0 0 0 0
8.28106465201745 10.3262184496786 3.07989076171915 -0.0290419938574288 -0.974233864013007 -0.223662560128134 0.444829866091998 -0.212975731988108 0.869923978182407 0 0 0 0 0 0
8.20188823484886 10.0767444071969 3.59102998693858 0.580580964302956 -0.585430027481753 -0.565859900339089 0.527663742532319 -0.258746763282721 0.809086575903656 0 0 0 0 0 0
8.15509383198339 9.6163480569324 3.91031104811523 0.920597309261772 0.0724033556718343 -0.383742554673629 0.378967572894342 -0.402816971564853 0.833139883881388 0 0 0 0 0 0
8.45040272897791 9.3154186306697 4.20115233592904 0.566067466271052 0.819767189712802 0.0868871584288872 0.337408664531944 -0.326566623719692 0.882898427550469 0 0 0 0 0 0
8.90779424777534 9.11770173052625 4.41440312910072 -0.097763680257268 0.980390568728461 0.171104048960976 0.344636434356644 -0.127938727093751 0.929977101988845 0 0 0 0 0 0
9.35203653450097 9.2300106883525 4.69497502861157 -0.719438526067071 0.599636894647608 0.350490801288442 0.397429373939733 -0.0584402757337277 0.915769963965863 0 0 0 0 0 0
9.65401175829791 9.47648730339835 5.06476597572452 -0.955129984655402 -0.0144753230899689 0.295833022892328 0.282321875289021 0.257522514292856 0.924108496533593 0 0 0 0 0 0
9.65426957806637 9.69654234546295 5.50700388352761 -0.854571848254265 -0.513075408277971 0.0803777431362847 0.0928172083390874 0.00138715431377741 0.995682199117293 0 0 0 0 0 0
9.40357379427891 9.93512886961588 5.91799439023327 -0.236043116310249 -0.966955721766595 0.0963342067252809 0.0802901615353601 0.0793895753847011 0.993604944271546 0 0 0 0 0 0
9.2484758324164 9.9246674173772 6.4183500998778 0.201650209823552 -0.947211896340445 -0.249252515151316 0.245368320542812 -0.197512299627983 0.949096032427523 0 0 0 0 0 0
9.03486770036812 9.6606954212427 6.83473388113971 0.720708018424667 -0.590845745546109 -0.362603443376442 0.224206771822197 -0.296282997575022 0.928411389857443 0 0 0 0 0 0
8.96248856787597 9.21153390444963 7.1205665159633 0.96913191208889 -0.0625416893622019 -0.238478246518742 0.190692578599194 -0.422951684961495 0.885860154118822 0 0 0 0 0 0
9.12697864211986 8.80678567419348 7.43899616685054 0.879088330643706 0.476578337437432 0.00876328770694092 0.26946055126678 -0.512039597970596 0.815601901310385 0 0 0 0 0 0
9.47863934204117 8.47584229961617 7.67457277237958 0.466130775506868 0.83028057768167 0.305542570601806 0.193983913092844 -0.432868824345457 0.880337902382358 0 0 0 0 0 0
3.87277422604585 4.602064759278 12.041073998413 -0.845955440070931 0.219494199045996 -0.485985277554324 0.500845521394963 0.639913908142735 -0.582806961063524 0 0 0 0 0 0
4.03064129172233 4.63372862582711 11.5284723097227 -0.624972829552677 0.765001148384917 0.155506286981194 0.508354818839025 0.550000090122674 -0.66262755679808 0 0 0 0 0 0
4.01670075869048 4.87819504386736 11.0502182620579 -0.332943674587419 0.760537757266951 0.557432354033728 0.398485282600204 0.649261754696659 -0.647818379979491 0 0 0 0 0 0
3.85950160083025 5.17115453759992 10.7601932138042 0.553558859231157 0.492201985750219 0.671795947137404 0.407122806756 0.543769793310973 -0.733870173873866 0 0 0 0 0 0
3.83988415829256 5.59005110173535 10.6017416885055 0.924450195146579 0.0163485531306049 0.38095217745012 0.318524031154157 0.51609165009505 -0.795104930357921 0 0 0 0 0 0
3.96957379084202 6.11407321291372 10.2396023094502 0.902274280633877 -0.385066600244388 0.193971224368072 0.402962623272466 0.593080334526539 -0.697048664759686 0 0 0 0 0 0
4.28850504018993 6.4134871313493 10.0906567215683 0.386246202995844 -0.846704673484405 -0.365930412197402 0.434030913423203 0.516886506948862 -0.737865506123728 0 0 0 0 0 0
4.75102063225419 6.49275568302131 9.82358911602181 -0.188750496534839 -0.723260657853894 -0.664279512598879 0.430743439624886 0.546918505157883 -0.717872020583049 0 0 0 0 0 0
5.12156892199571 6.43150283503112 9.52253636007281 -0.652643291942149 -0.0843507213359071 -0.752955303648914 0.629659052064339 0.492354505112153 -0.600929712569785 0 0 0 0 0 0
5.48903479479187 6.35945164781291 9.13975638744492 -0.81616007958405 0.432821240520177 -0.382816533404625 0.562562567846586 0.443929023127413 -0.697459948443634 0 0 0 0 0 0
5.61631768211795 6.32632462833485 8.59434420434818 -0.498606439587243 0.854482785641078 0.145776498260852 0.539956505981717 0.437723657521085 -0.718919307915972 0 0 0 0 0 0
5.65794646812607 6.36778188439812 8.0506559192415 -0.306296063786861 0.829355103531486 0.467282391659427 0.457989226068988 0.558717418202203 -0.691433811295191 0 0 0 0 0 0
5.61352956328486 6.7457612987753 7.65800536451449 0.101801130087772 0.616026683953746 0.781119488023314 0.369837778161579 0.705483577345431 -0.604576661756307 0 0 0 0 0 0
5.58205737445012 7.18723398741324 7.39833829112339 0.681041225403849 0.176610451205561 0.71062760840358 0.48346952158082 0.620413796954569 -0.617530519286964 0 0 0 0 0 0
5.8986024955989 7.71108303306298 7.17443993986473 0.567965685498885 -0.143553639767031 0.81043650744856 0.773286157306575 0.430277094376414 -0.465714656171591 0 0 0 0 0 0
6.14945425524872 8.18564300589285 7.19792033565921 0.722432769066768 -0.688373876073421 0.0650561366680762 0.622387018971317 0.606412163413788 -0.494872394340003 0 0 0 0 0 0
6.59054081188645 8.48009479172198 7.28409398298749 0.406002969284103 -0.74328222800103 -0.531688930174699 0.589044784653418 0.657659866439841 -0.469584648116759 0 0 0 0 0 0
7.09522111627308 8.78507793899748 7.15671341834394 -0.142549926577847 -0.663583681026212 -0.734395136631741 0.814869775496373 0.342492225238609 -0.467639096562293 0 0 0 0 0 0
7.59198655756247 8.62785124692592 7.02560672225579 -0.523251489045451 0.106383368130714 -0.845511950357228 0.756155942216955 0.515505149612288 -0.403091344205259 0 0 0 0 0 0
7.9393765659052 8.64751755328828 6.61619431328892 -0.768342231689479 0.442618948134338 -0.462318809648584 0.639924347044237 0.544936757659048 -0.541794020096246 0 0 0 0 0 0
10.9603207111357 8.48234550251795 8.85179825470575 0.799224413500855 0.391942068665809 -0.455655299183691 0.599594376151586 -0.467520935377052 0.649546579601153 0 0 0 0 0 0
11.3344176802497 8.09684161730145 8.86290295195461 0.515082927690922 0.843931190498399 0.149899043710433 0.521040784834093 -0.447146326202078 0.727032780212459 0 0 0 0 0 0
11.8569834787315 8.01149680024481 8.95415179072558 -0.069865158836394 0.867243737736887 0.492957563018277 0.797521563085266 -0.248285616670839 0.549830527497715 0 0 0 0 0 0
12.3399388838889 8.11604281287097 9.16512408746523 -0.594032275621686 0.442124725148774 0.672050134239881 0.553554937143514 -0.381518215345838 0.740284258189628 0 0 0 0 0 0
12.6753706823737 8.2859686703455 9.54891545480583 -0.803301766437578 -0.235317081390225 0.547112550801251 0.595461893823858 -0.335015778657455 0.730198302555027 0 0 0 0 0 0
12.8361952401205 8.48755649616234 10.0127598604571 -0.573831642099745 -0.807414878746018 0.137107476472522 0.53781356704766 -0.245255994368534 0.806601552394845 0 0 0 0 0 0
12.9033372970738 8.3842950926546 10.5520990880837 -0.565591361881525 -0.795296503122072 -0.218196891560825 0.415239093965012 -0.50322895655421 0.757850323037786 0 0 0 0 0 0
12.6517221693965 8.15369819278189 10.9732819173238 0.231866022786482 -0.917926787157553 -0.321944965632002 0.178434670240813 -0.285213661528303 0.941708147853501 0 0 0 0 0 0
12.4226428401876 7.81456586364953 11.321415550265 0.891072788853711 -0.372788399054454 -0.258878532317547 0.0683279672226139 -0.453704654170073 0.888528770316213 0 0 0 0 0 0
12.5028401431288 7.57460897881177 11.8232417193387 0.803922679692748 -0.0301817139558104 -0.593967498452837 0.506898823238466 -0.487587275947608 0.710853171430958 0 0 0 0 0 0
12.7717573306611 7.28545212334418 12.0704049226189 0.650640907818482 0.668284980804332 -0.360640532254065 0.620228646191873 -0.193640752423663 0.760144516157154 0 0 0 0 0 0
13.2869310807415 7.0933015227075 12.1471251385765 -0.0132055540636827 0.954723172925707 0.297202416579245 0.685600514067444 -0.207713625959661 0.697715547125866 0 0 0 0 0 0
13.7712325858781 7.2048642239697 12.3550095309623 -0.48366068903951 0.676002230309445 0.555961619623588 0.756848429123876 0.00398428897479591 0.653578289705287 0 0 0 0 0 0
14.0753410095192 7.5238294517635 12.5985410728299 -0.598518640836564 -0.265482947290656 0.755840089747176 0.770325879687353 0.0683060871708032 0.633981322705426 0 0 0 0 0 0
14.237673941373 7.67597454276316 13.0117729574567 -0.286954441869719 -0.840970385320232 0.458722093762203 0.557168716876202 0.243010228387148 0.794045999822273 0 0 0 0 0 0
14.3329981144126 7.76053518631191 13.5322429288117 0.0937000721567005 -0.994856234738827 -0.0384885525723171 0.577076483885485 0.0227682200470692 0.816372672192212 0 0 0 0 0 0
14.3349577631999 7.64530530746628 14.0570317786515 0.450816243648921 -0.79731436227071 -0.401315987943576 0.648924220691714 -0.0159656966911471 0.760685514735767 0 0 0 0 0 0
14.7380076127237 7.44698347601139 14.4492342281287 0.504364482396502 -0.380664031211736 -0.775055716860755 0.833227526620442 -0.0209957671346882 0.552531507377097 0 0 0 0 0 0
15.0584911895592 7.09925159967399 14.7042987714818 0.613643701860553 0.241984869613224 -0.751588138574012 0.774914136741414 -0.00194112760372204 0.63206353533639 0 0 0 0 0 0
15.5066081380702 6.81283355970147 14.780725265277 0.355176017523678 0.861823206569339 -0.36209219432979 0.807239779983681 -0.0874366566885215 0.583711203146755 0 0 0 0 0 0
-2.75778224482301 10.7617670266274 6.72296863670005 -0.489928371478337 -0.761517334541063 -0.424336588116155 0.871269860099244 -0.411363823606622 -0.267709983957239 0 0 0 0 0 0
-2.36924474233999 10.446913435376 6.78997948668955 -0.513569392725632 -0.250068491956569 -0.820799749138603 0.717372909095456 -0.649968135004748 -0.250833675519004 0 0 0 0 0 0
-2.03949024650896 10.0506988055857 6.8255288420209 0.0137099752264586 0.362444618977815 -0.931904466537915 0.940037320815119 -0.322320988101695 -0.111530337145907 0 0 0 0 0 0
-1.72586489131793 9.6485703317546 6.68434029387986 0.14285169599182 0.87038323197311 -0.471196798007271 0.974953872534482 -0.20574269708748 -0.0844682722990567 0 0 0 0 0 0
-1.32098421365544 9.40751432020947 6.47579682193351 0.127056684818831 0.971746092972735 0.198912366722314 0.991324803240798 -0.117602584110282 -0.0586921348238236 0 0 0 0 0 0
-0.794177570827429 9.5511317983959 6.29490729530878 -0.0132035124647717 0.606987223571615 0.794601898864718 0.997391775021464 -0.0483998878840561 0.0535452889836607 0 0 0 0 0 0
-0.344276494243277 9.83071149375534 6.23093626000922 -0.0868149804191826 0.0714674617351615 0.993657667956098 0.993634360367499 -0.0656654246412028 0.0915358394497071 0 0 0 0 0 0
0.129732667576316 9.96053121702509 6.27825660608723 -0.147366844652205 -0.607398754213768 0.780608587242554 0.988120892119131 -0.0556282363428739 0.143257118074721 0 0 0 0 0 0
0.603932856855808 9.94064420098863 6.58827102420656 -0.143612640182518 -0.906863493270963 0.39619946258443 0.97097305002573 -0.0517400998743168 0.233525797694233 0 0 0 0 0 0
0.863262671770351 9.94692900891866 6.94262587079843 0.109047993330812 -0.958824858659765 -0.26222781234378 0.942951842290951 0.0162995489287885 0.332529920194889 0 0 0 0 0 0
1.24620002240283 9.80012882957389 7.3362465012205 0.0796584649591374 -0.678665092623738 -0.7301152107814 0.98030259200577 -0.0794573758014598 0.180813034755559 0 0 0 0 0 0
1.61969082404336 9.45989619489195 7.50816576934798 0.157474825047344 -0.131927296857283 -0.978670970153013 0.947151960323954 -0.260288993885172 0.187490809686066 0 0 0 0 0 0
1.91896017900307 9.01370680653557 7.51432896807242 0.344754361105206 0.482294264921253 -0.805317746310741 0.934839632629106 -0.254060052555152 0.248049089822059 0 0 0 0 0 0
2.40105237417664 8.79011755584937 7.35063349276233 0.285465221485539 0.880127872065281 -0.379321151711912 0.951801588475821 -0.214026834507833 0.219695813081319 0 0 0 0 0 0
2.92042029626826 8.69988992701366 7.1479164325502 -0.000704286503600075 0.992145643879023 0.125086071616311 0.986057450255327 -0.0201257892958456 0.165183708037998 0 0 0 0 0 0
3.41272732969014 8.75166334486778 6.97840933852712 -0.177532534627999 0.721505504449571 0.669262285055366 0.983462943525245 0.154822919630232 0.0939707522042428 0 0 0 0 0 0
3.72494667487584 9.13490258974728 6.88928898401101 -0.0276453591876344 0.0791113405661273 0.996482378122773 0.968815400922905 0.24767856332076 0.00721444425818242 0 0 0 0 0 0
4.11398472995133 9.50041740430555 6.95039065469088 0.246416626853142 -0.632729841973976 0.734119740291669 0.968759511094478 0.138926611270765 -0.205437110437255 0 0 0 0 0 0
4.53288351535746 9.79689309904884 7.06531000968556 0.138395147825511 -0.97606127228285 0.167783121344009 0.93361932296336 0.0720502080540873 -0.350946900981902 0 0 0 0 0 0
5.09914646714918 9.77366401299054 7.04877788003837 -0.20030280899641 -0.873219063354809 -0.444260342706726 0.891081588583658 0.0261151978581121 -0.453091159622493 0 0 0 0 0 0
2.99345310099097 5.97208555092481 0.610810574988258 0.956223380704145 -0.290374174269023 0.0363274704916199 0.126594021040531 0.522380403810814 0.843263106954906 0 0 0 0 0 0
2.95601113775169 5.90306945246641 1.10444801376124 0.931749018588446 0.261608515016418 -0.251803000836709 0.0742602101419531 0.541525007759065 0.837398404083276 0 0 0 0 0 0
3.21293419588547 5.86206231754672 1.57454806609396 0.561284339317544 0.674286274903358 -0.479893644377399 0.0655840718603196 0.541784529449356 0.837954803773783 0 0 0 0 0 0
3.59563574761299 5.97574056312481 1.93413377341003 -0.133875054830324 0.804645012976353 -0.578466829460828 0.116696982052243 0.592460317715535 0.797102619687268 0 0 0 0 0 0
3.80654765121004 6.36575272804432 2.22306536942109 -0.597975097891815 0.473398301940627 -0.646776491549443 -0.157691274525461 0.721685847080647 0.674020029421993 0 0 0 0 0 0
3.80013787659637 6.85668196628416 2.45730582837827 -0.943475821127867 0.0172526510411484 -0.330992025552202 -0.236306168425249 0.665234236245184 0.70825334852118 0 0 0 0 0 0
3.6771233728707 7.3793775907568 2.4757941530358 -0.869068866879594 -0.486628487172021 0.0889495367795103 -0.299356106413038 0.660483821857399 0.688583359236825 0 0 0 0 0 0
3.27097008738111 7.76044468431393 2.58744225005123 -0.545873886001048 -0.706323995212796 0.450697364501667 -0.347050231997455 0.680203278031445 0.645662169424375 0 0 0 0 0 0
2.88475741879203 8.10152165185217 2.82526387884312 0.112996375426017 -0.809761397483226 0.575776257140389 -0.440342204764035 0.478659011776779 0.75959482169669 0 0 0 0 0 0
2.58108133886934 8.1373071407889 3.18323525577841 0.921239640535292 -0.168483156507993 0.35061510332487 -0.115222312665698 0.742697824952926 0.659639113056648 0 0 0 0 0 0
2.60229151941447 8.32529479132143 3.73570955991344 0.959055840578894 0.172010407223762 -0.224998476568679 0.0150216469145252 0.762425866528759 0.646901188878059 0 0 0 0 0 0
2.76928694795166 8.41038745071316 4.20830642499762 0.497076962465818 0.517383151185914 -0.696583927645972 0.0204874892376617 0.795565653015897 0.605520895201912 0 0 0 0 0 0
3.129634889929 8.67657578907557 4.50491767116155 -0.16967126167641 0.652400468132663 -0.738637456497718 0.1137044117225 0.757458782579888 0.642905513623452 0 0 0 0 0 0
3.49614645437629 9.04186678403292 4.64954430856918 -0.740610603909151 0.501752010382952 -0.446923766937929 0.140481281431695 0.766053927110722 0.627237108536756 0 0 0 0 0 0
3.7300334670118 9.45593461357842 4.69296830779562 -0.974628661501125 0.19012970527746 -0.118108709888948 0.0649020242062378 0.745065303527221 0.663826348327501 0 0 0 0 0 0
3.60159570564571 9.93197847252414 4.76344481458128 -0.909886437899404 -0.324589018980239 0.258357579498221 -0.0726098965757496 0.737749845614589 0.671157930903681 0 0 0 0 0 0
3.42622524378709 10.4229009696171 4.8618869112974 -0.429547851737336 -0.578493393876022 0.693421975646605 -0.239045552766888 0.813320486505517 0.530440392440849 0 0 0 0 0 0
3.09126232122567 10.7974361895946 5.06893126000565 0.212769865465702 -0.648673713304644 0.730719780775963 -0.130082207212363 0.72238168580478 0.679148967002531 0 0 0 0 0 0
2.78433249292583 10.9999024490192 5.46271392537346 0.78371007909341 -0.332450791868602 0.524666544495969 -0.0480302945756641 0.809735150180729 0.584826536132525 0 0 0 0 0 0
2.72975395830872 11.1944729856469 5.94221746673527 0.975798366966791 -0.203311086798382 0.0805117942279572 0.126103546679209 0.823988483300542 0.55239557827973 0 0 0 0 0 0
8.70571380868413 6.54439512220259 9.33825111370693 0.145827108224321 0.895014106960124 0.421526040535224 0.0514920078056384 -0.4323699016696 0.900224883716488 0 0 0 0 0 0
8.99979592953647 6.47404570914632 9.79209659845527 -0.60863736977841 0.765890314285942 0.207298284103366 0.00457383130016757 -0.257871453515979 0.96616840847173 0 0 0 0 0 0
9.19421317029029 6.53930779288563 10.3338467784625 -0.877245128064145 0.473970888244595 -0.0761090164458291 -0.0243219321704395 0.114458237313796 0.993130281245374 0 0 0 0 0 0
9.19380305634152 6.86973895308043 10.6668411324212 -0.980945019805315 -0.193470069899559 0.0177820182265823 -0.0168297356283095 0.175797600294415 0.984282461354161 0 0 0 0 0 0
8.98930737772471 7.14791341639978 11.078527405574 -0.607985079088342 -0.793199692690899 -0.0344730491979842 0.00450797472334145 -0.0468678917706931 0.998890924418109 0 0 0 0 0 0
8.72293874288272 7.23350748751893 11.5182774883833 -0.044824164043416 -0.997188152817413 -0.0600548266037329 0.0314601616285713 -0.0614944736471108 0.997611491484119 0 0 0 0 0 0
8.39584630516002 7.10756472059461 11.9236779071623 0.540232725002266 -0.829800161539191 0.139929606396071 -0.35188898843826 -0.071712387976424 0.933290669205803 0 0 0 0 0 0
8.06829893390239 6.90674390006492 12.2502843280952 0.913161819588941 -0.377505600571645 0.153704303069422 -0.275892349420061 -0.294882799413136 0.914837442468196 0 0 0 0 0 0
8.09255489855309 6.53015906332954 12.622076121709 0.990814677763721 0.133376627274594 0.0222923669633452 0.0117144245495928 -0.248890007813356 0.968460911068763 0 0 0 0 0 0
8.25675742226672 6.31791357213597 13.0640573281955 0.710715592551037 0.69763251025937 -0.0905109227333299 0.147233586396728 -0.0216994477599488 0.98886369384444 0 0 0 0 0 0
8.61449753866389 6.24109748950614 13.4443149135718 0.259554566923421 0.933166176556969 -0.248661041820474 0.229838451006382 0.190397160927462 0.954422970988099 0 0 0 0 0 0
8.98311044226896 6.24119679456779 13.7506570571237 -0.448060022228041 0.892381227685764 -0.0538327126852767 0.227770834087566 0.172176122665265 0.958371446738169 0 0 0 0 0 0
9.31539033333571 6.45483001708226 14.0170523950559 -0.904983763899874 0.309898281421813 0.291491753312894 0.30819007691484 0.0051881716686576 0.95131065344921 0 0 0 0 0 0
9.46882681512706 6.66224474545446 14.4302860083475 -0.933245518136717 -0.308883879113191 0.183421787423738 0.180065464973365 0.0396010559118371 0.98285715375867 0 0 0 0 0 0
9.52480527915964 6.92635307911948 14.8765849115523 -0.589832400152907 -0.80441676316472 0.0707913191673646 -0.090008250296933 0.15260887677214 0.984179376744316 0 0 0 0 0 0
9.18242571177616 7.06942343165263 15.2651620701485 0.0709858709624902 -0.992806756699447 0.09641446974195 -0.110143176152921 0.0882655441590135 0.989988724411172 0 0 0 0 0 0
8.81892479093401 6.93211156119292 15.636238386957 0.610856522180743 -0.783012745182975 0.117240565463787 -0.20365192372042 -0.0122955360135656 0.978966145359027 0 0 0 0 0 0
8.78477018858204 6.78524926221471 16.1280016528124 0.677520722346284 -0.703211752375499 -0.21554327201829 0.0112903936367955 -0.283077094421731 0.959030701085881 0 0 0 0 0 0
8.6885347483986 6.3920621327965 16.3862914016686 0.997415123810609 -0.0546684169864224 0.0466308372010032 -0.0469482642803706 -0.00453590318603332 0.998887023673522 0 0 0 0 0 0
8.79390177737418 6.21323271776712 16.8472618675075 0.894382047262732 0.420255734073949 -0.153185741869444 0.197679609039454 -0.0641516957943803 0.978165288740463 0 0 0 0 0 0
2.57281778274686 12.9172577913265 2.51617346279405 0.821349669653638 0.515881002338058 0.243416333853216 -0.11919631452966 -0.262089151802544 0.957654173023837 0 0 0 0 0 0
2.53770391699238 12.7083895734065 3.07821850475751 0.575971965159604 0.812952507685505 0.0858167559281651 0.143831426318671 -0.204121514219767 0.968321706993997 0 0 0 0 0 0
2.79238614278599 12.6098395900532 3.54093868668632 -0.316119974479574 0.941729022785269 0.114954814509599 -0.0706739783350639 -0.144207314206004 0.987020485762979 0 0 0 0 0 0
2.99670934305146 12.7328152258968 4.02240948013128 -0.883163072020673 0.464170657718294 -0.0675913362227292 -0.188744232147221 -0.219743696630866 0.95712502977519 0 0 0 0 0 0
3.06628128953137 12.9483061750546 4.49014682921717 -0.885669244742403 -0.327319626060769 -0.329320286822508 -0.280908412152226 -0.187004403466747 0.941339374012456 0 0 0 0 0 0
2.7696708389015 13.1072647799291 4.88827899378795 -0.56478370797216 -0.689379648776408 -0.453624363391268 -0.643286452188212 0.023462256381941 0.765266007971458 0 0 0 0 0 0
2.25438134801874 13.2416362082604 5.01076190332231 0.240377610738107 -0.951214429484831 0.193415907814445 -0.665078564893552 -0.016259618051369 0.746596361724297 0 0 0 0 0 0
1.77574238972017 13.0817984170274 5.09198020320588 0.714179711937957 -0.404244989057495 0.571430947602702 -0.663501617799484 -0.130925825412355 0.736630186333387 0 0 0 0 0 0
1.58980952907419 12.7031915579259 5.42480285822142 0.783178719018168 0.382739653501682 0.490042295842382 -0.550350223855044 0.0598938151369054 0.832782902088564 0 0 0 0 0 0
1.47532242163943 12.6003139233486 5.91920166267427 0.545724148482059 0.809210009813853 0.217633439022117 -0.509157692176931 0.113934382712821 0.853098705269742 0 0 0 0 0 0
1.40318965097797 12.653238421581 6.53508339190665 0.209838190543985 0.952514805404879 -0.220643330453771 -0.325698944925666 0.280876009172429 0.902789490825894 0 0 0 0 0 0
1.43639870965498 12.691949911805 7.10932036843667 -0.496289081108188 0.793408755568676 -0.352419770387187 -0.399182425923385 0.151934838804191 0.904195330441088 0 0 0 0 0 0
1.43541321100388 13.0680312275458 7.56064924299349 -0.883303218361969 0.302815902563584 -0.35787980326639 -0.346004460764926 0.0939810887661931 0.933514042789445 0 0 0 0 0 0
1.33760795367628 13.3128158331096 7.93835828323718 -0.91282945816533 -0.268012689576627 -0.308077228193668 -0.338892187436945 0.0763383643219331 0.93772306115764 0 0 0 0 0 0
0.994706766655528 13.6563012668182 8.16883959460141 -0.386759384515567 -0.921023687978066 -0.0461794832411734 -0.495558633746755 0.165343290675943 0.852691759516591 0 0 0 0 0 0
0.563596892589216 13.6751686176376 8.37335729478168 0.429489894869059 -0.809846842363385 0.399607960530593 -0.497533987988385 0.157091817273865 0.853101454542172 0 0 0 0 0 0
0.270565048531492 13.6900034978359 8.85785083288885 0.615917090084371 -0.751836172677605 0.235347631378544 -0.521172724448918 -0.164827105254566 0.837383434672488 0 0 0 0 0 0
-0.0415575412311375 13.3406796503439 9.10251420550189 0.830275939638408 0.0107857018307427 0.55724817872612 -0.540267466997134 -0.230078948488854 0.809428651313236 0 0 0 0 0 0
-0.201873235931753 13.0438492542634 9.47705659243302 0.611810994337335 0.652188109929114 0.447591305182586 -0.630658797860348 0.0606392277546148 0.773687511039609 0 0 0 0 0 0
-0.419059639902533 12.995169744377 10.0088742683465 0.384287475560374 0.923212479512613 -0.00136154309793543 -0.728720414432707 0.304234907555577 0.6135207238665 0 0 0 0 0 0
