t = 20
b = 13 13 13
E = -1.02504409643159 -1.02504409643159 0
14.4621971772401 1.34329885586878 13.9891307221759 -0.998727961969862 -0.0459166208917662 -0.0208355922739715 -0.0139726657465078 0.649059791284686 -0.760609066439137 0 0 0 0 0 0
14.386827656459 1.34652220523912 13.4571587798007 -0.737340873699663 0.554241216808554 0.38619309880213 -0.0262814163403946 0.54772763310529 -0.836243820358644 0 0 0 0 0 0
14.133074310516 1.4703236015604 13.0000290872516 -0.276614561781459 0.746577498810264 0.6050672875645 0.127800631509566 0.652621678196655 -0.746827921099324 0 0 0 0 0 0
13.9427311293332 1.86112312055815 12.6997409849669 0.126530602042937 0.660778604269353 0.73983893036694 0.0980764577696435 0.733845549702675 -0.672199165138531 0 0 0 0 0 0
14.0656834348526 2.28504301498906 12.40790660053 0.113974736553566 0.275068924139002 0.954644879733065 0.31078901716609 0.90280678903107 -0.297237427805356 0 0 0 0 0 0
13.9189194995565 2.79176120804999 12.4226338021605 0.734795022742565 0.0426421801749075 0.676947500935401 0.27483960612998 0.893703898318458 -0.354621675920564 0 0 0 0 0 0
13.9452383006171 3.16490107466933 12.4575873693314 0.925962265780619 -0.296636932457883 -0.233667311903913 0.156083527126331 0.864120831396539 -0.478469561525453 0 0 0 0 0 0
14.2041957605102 3.65947416245536 12.5393492187914 0.652550782684095 -0.553034326936562 -0.518006283020003 0.345805568418373 0.825623680791725 -0.445829616071846 0 0 0 0 0 0
14.6264422163536 3.97768334262768 12.4437670536136 0.206317587760961 -0.574864929501464 -0.791810182941452 0.382618340936914 0.792186160551844 -0.475441155358697 0 0 0 0 0 0
14.9864732546945 4.08775384625922 12.2388816665595 -0.494522828816412 -0.187837772447211 -0.84862485411487 0.375729522413936 0.834226220041018 -0.403601213802276 0 0 0 0 0 0
15.2434447168269 4.34055673567556 11.9105197628713 -0.951230893411988 0.24428872401951 -0.18836880510199 0.288774506675359 0.919918267589014 -0.265253963684674 0 0 0 0 0 0
15.3651020746632 4.59639436675972 11.5074155783541 -0.745828276869879 0.413092689084815 0.522584549758203 0.387506986300735 0.907154327269409 -0.164040733004056 0 0 0 0 0 0
15.1711820074495 5.06168374173809 11.3990527263029 -0.0846349532119196 0.262229075373188 0.961287073003553 0.240885869485282 0.941516686646184 -0.2356275167486 0 0 0 0 0 0
15.0391646954605 5.58984205944528 11.4438866311946 0.38661653941474 -0.122970675551916 0.914005396267044 0.243837962965937 0.969432050080779 0.0272864085727954 0 0 0 0 0 0
15.2318194207381 6.12778494581085 11.6742794427537 0.418490980134241 -0.402017572650045 0.81439988385734 0.358870104422678 0.896923011272538 0.258343492276192 0 0 0 0 0 0
15.2396547849178 6.52510643366386 12.0358860583967 0.858439119248349 -0.479784049307453 0.181354747867994 0.468511146373751 0.87737815957406 0.103464345675163 0 0 0 0 0 0
15.4697304516746 6.90111296983643 12.3651128614614 0.723537795534301 -0.197056177305348 -0.661560217530625 0.375595626606369 0.916482807806645 0.137794006651296 0 0 0 0 0 0
15.7851714091312 7.22324167532323 12.5295015365947 0.251458903585686 -0.0050734555665115 -0.967854679100173 0.51096658879876 0.849972062890944 0.128299015726047 0 0 0 0 0 0
16.2566610058131 7.47686079363009 12.5748888164026 -0.462440955196516 0.337763165228253 -0.819795344687884 0.274114621963106 0.933765521150392 0.230093732067522 0 0 0 0 0 0
16.4129876065416 7.93788739580008 12.4190684112701 -0.920598653663751 0.241128670664705 -0.307172725117256 0.210807686121402 0.968996463439215 0.128864166137974 0 0 0 0 0 0
9.11980239183605 -0.0446667246326924 10.7698439400853 -0.561645949007089 0.810466737883195 -0.166425643303245 0.46276474333449 0.474459249780109 0.748823886254077 0 0 0 0 0 0
9.48898725620597 0.303647796474507 10.9460955568847 -0.898616664898835 0.296193956870636 0.323662215093777 0.43603017681051 0.521139858756596 0.733683128145762 0 0 0 0 0 0
9.72881050242152 0.656649158358364 11.3161806173055 -0.892818900632303 -0.241961003196195 0.379906940718405 0.344764237169151 0.175659760430001 0.922106972826282 0 0 0 0 0 0
9.78263529343578 1.00423852766721 11.7755669819356 -0.509514116514798 -0.828006101222062 0.234096692439653 0.397248692024353 0.0149765603656708 0.917588785526803 0 0 0 0 0 0
9.63361618757339 1.08034002270755 12.3558499909487 -0.0460212695233417 -0.993609820601166 -0.103060987557755 0.33800116859906 -0.11257363870868 0.934388776630775 0 0 0 0 0 0
9.53988846855924 1.04138132627671 12.8312663025079 0.541855013632506 -0.784519471619515 -0.30153331963674 0.362547120496453 -0.105496918955543 0.925975153830067 0 0 0 0 0 0
9.47912903750238 0.770451348951164 13.2672088910026 0.764682170090594 -0.373838361374808 -0.524886709976676 0.405978316646892 -0.353078142948048 0.842921960435788 0 0 0 0 0 0
9.70249567726915 0.380429002329823 13.4512072243167 0.886163695840391 0.451827753740364 -0.102789032121315 0.338237273196011 -0.479116411744472 0.809964820852133 0 0 0 0 0 0
10.1022718936745 0.0138895079731488 13.5709524191984 0.227698588645307 0.826582513302434 0.514698651087767 0.534201985759509 -0.54797720274841 0.643699637780404 0 0 0 0 0 0
10.5097447179894 -0.168483089717238 13.8214018818072 -0.373533456825521 0.719368511397834 0.585646396250537 0.6620001671367 -0.235525139484589 0.711536146222907 0 0 0 0 0 0
10.9626657540628 -0.0967531670899289 14.0976174535879 -0.787875762759754 0.229363961356349 0.571527738335296 0.564802618481034 -0.100778911591343 0.819049212889819 0 0 0 0 0 0
11.1625807067896 0.148121544970184 14.5271565764764 -0.848703473109809 -0.312082360904225 0.426974255364176 0.489096505815089 -0.155992897061838 0.858167130613685 0 0 0 0 0 0
11.1620995040902 0.317146738183212 15.0371716298049 -0.516412027669905 -0.848013913117368 0.119126071190262 0.490501217154376 -0.178888896726374 0.8528817729311 0 0 0 0 0 0
11.0455059809947 0.290496838157141 15.5609853708609 0.117264190679068 -0.939627757014812 -0.321479062820113 0.436230733533557 -0.242073976741158 0.866661950765981 0 0 0 0 0 0
11.1292498313358 0.0762639347318499 16.066445637301 0.508072144925724 -0.513141162276412 -0.691772248018224 0.565998566445688 -0.406491544832316 0.71722398646536 0 0 0 0 0 0
11.1678632210842 -0.400817566073019 16.3105508397041 0.866502677977889 0.225975969672162 -0.445093215167196 0.495010868985143 -0.503894108904035 0.707852362147915 0 0 0 0 0 0
11.5101085493487 -0.76147935453986 16.4241034650683 0.651711152819407 0.736390418949675 -0.181663766805388 0.746363353232225 -0.58002537321803 0.326362239505787 0 0 0 0 0 0
11.8964171319364 -0.99560332869654 16.3237856055762 0.2182845333308 0.739475690106337 0.636810463364345 0.601547756762168 -0.615788018105898 0.508866793072227 0 0 0 0 0 0
12.4332892301271 -1.09817014816103 16.4277483231974 -0.477531002136 0.271394263956828 0.835649026499953 0.673771537147201 -0.497318138762537 0.546540560789465 0 0 0 0 0 0
12.7654298888293 -1.07489132631376 16.8494422660145 -0.7965280746814 -0.457427961559202 0.395351345296982 0.586786815522299 -0.427313029000484 0.687811608200698 0 0 0 0 0 0
0.251830244432132 6.34937899041007 5.34109530514332 -0.579341456124701 0.803962564710623 0.134192666562777 0.811944543193425 0.554796063541547 0.181514150019284 0 0 0 0 0 0
0.43764274731232 6.68563566245712 5.14508945378923 -0.246503435984586 0.472517353192543 0.846146208985011 0.842890247046904 0.535424766136673 -0.0534448429756889 0 0 0 0 0 0
0.8657781712656 7.06519386301777 5.17881581625893 -0.363092886549897 0.140522057423002 0.921095601506418 0.772400898749907 0.598281529451135 0.21320427558552 0 0 0 0 0 0
1.04294776366554 7.55267412862771 5.22666709779695 -0.00107537142028851 -0.510623263304766 0.859803888423576 0.783216641799987 0.534151866296105 0.318203513085476 0 0 0 0 0 0
1.30393065813348 7.89842671994998 5.47878867013521 0.400239236693934 -0.913687930684689 0.070589791980059 0.882381946150235 0.40502807497422 0.239487702379055 0 0 0 0 0 0
1.6998114803578 8.12023475734681 5.79620470407896 0.380125922099492 -0.747591959903055 -0.544619633171922 0.905664204325923 0.420408986348982 0.0550330191767815 0 0 0 0 0 0
2.13439722447922 8.07842443166029 5.91737264184038 0.0501678255251292 -0.255311526140399 -0.965556427093694 0.916104124844506 0.396820702717879 -0.0573285473160499 0 0 0 0 0 0
2.64719610312083 7.92777074209984 5.86236466056418 -0.28491734768015 0.501054380801181 -0.817169879811324 0.832208593833555 0.552336620412332 0.0485089074403811 0 0 0 0 0 0
3.11327275504915 8.19403002518792 5.67685134805791 -0.56630815198754 0.563753504042687 -0.60122962640912 0.765349603912689 0.630390579005931 -0.129798696801072 0 0 0 0 0 0
3.42134165079255 8.37397899596983 5.27510886149677 -0.644789196619222 0.745752889096437 0.167629115393048 0.675302405501013 0.658530307541932 -0.332121205545917 0 0 0 0 0 0
3.40376602728909 8.5929282409268 4.87112112486988 0.150991120519781 0.672391765300621 0.724631627435689 0.792043797771793 0.356328486890608 -0.495677951740325 0 0 0 0 0 0
3.5658621397046 8.89712275717059 4.52726155219399 0.405733139886538 0.142379185269285 0.902833753688832 0.844531612069525 0.319314690868212 -0.429888921014472 0 0 0 0 0 0
4.01993766840079 9.12031629788182 4.37240060990508 0.119423786714938 -0.332654028506325 0.935456710107517 0.980975040514953 0.184783005917083 -0.059524873884234 0 0 0 0 0 0
4.36041081480202 9.48705228751006 4.56802231782472 0.133172661683775 -0.813564673889722 0.566019048777308 0.939300720430906 0.285809273145101 0.189808366470633 0 0 0 0 0 0
4.62646889888356 9.65882687868834 5.00206343089899 0.468418820854476 -0.872097560548742 -0.141526157137951 0.859624252541546 0.412878500758054 0.300960941077357 0 0 0 0 0 0
4.9869163839423 9.55552579142701 5.32836644203518 0.496612390201631 -0.376102929661649 -0.782254894646334 0.866291510229081 0.270833220479786 0.419748002960783 0 0 0 0 0 0
5.3967964377082 9.26430469432414 5.5177700223747 0.353576590514218 0.543821902987328 -0.76107905796414 0.872991054837716 0.100381635415982 0.477294610743244 0 0 0 0 0 0
5.85403644107217 9.36022066580092 5.78228948731956 0.201828904350935 0.416480392318565 -0.8864587842549 0.955707523034914 0.114210807108995 0.271254533517842 0 0 0 0 0 0
6.33719823915379 9.19902000275984 5.61125111376554 -0.0862879024841688 0.957216275508597 -0.276208978467994 0.983526967429894 0.126046191749011 0.129564894488166 0 0 0 0 0 0
6.80730131537621 9.24922950242335 5.35597243077748 -0.224128308631183 0.847304555785744 0.48149921185278 0.973768157551273 0.174795859219306 0.145677667948738 0 0 0 0 0 0
9.49146620016485 6.07682310358062 9.96105726048061 -0.786500213414178 0.608587184880668 0.105066896301716 0.0146987282910084 -0.151629888948061 0.988328044813171 0 0 0 0 0 0
9.62623026090453 6.41499369423104 10.3562336788945 -0.950647724566936 -0.231794045544201 0.206253301127426 0.214591627243647 -0.0110683694142237 0.976641144287622 0 0 0 0 0 0
9.5438980516466 6.70467126846943 10.8011981858166 -0.687914327215443 -0.724093759892671 0.0496196059659907 0.146664224854755 -0.071729107248357 0.986582252182304 0 0 0 0 0 0
9.51721693456468 6.87153383327498 11.2553814253215 -0.21886948444769 -0.972338612381389 -0.08157065434234 0.1971232005131 -0.125935400806062 0.972256508665942 0 0 0 0 0 0
9.25769715552979 6.76557436463346 11.7137559200452 0.521799880841249 -0.804291232856177 -0.28432463330628 0.202379596768328 -0.20706919675859 0.957165004879326 0 0 0 0 0 0
9.27881009674314 6.45098136231993 12.1167322516741 0.83768220062127 -0.151029560138355 -0.524860555506624 0.49213186942361 -0.208012554556578 0.845302904433949 0 0 0 0 0 0
9.40902074363847 6.07359077214551 12.4175097985608 0.818009489590565 0.419072350708304 -0.394003603805346 0.429839343489008 0.0098175983446203 0.902852010880898 0 0 0 0 0 0
9.72094576326852 5.81463995493856 12.7459837298617 0.391053138347114 0.880704518395514 -0.26727699913498 0.581163853562926 -0.0111044826959593 0.813710799839811 0 0 0 0 0 0
10.2175394773403 5.87326581053939 12.9568381591709 -0.0370423197515374 0.980327605575868 -0.193870194442857 0.587634624161021 0.178284788066731 0.789240193370267 0 0 0 0 0 0
10.7318496602078 5.96766882660771 13.1943129848967 -0.515016892345422 0.852331774317585 0.0910392612420683 0.499081846355692 0.211816775662356 0.840268388186892 0 0 0 0 0 0
11.0367537412572 6.22784402501024 13.5409218358523 -0.866768409421903 0.405147817097525 0.290805382909834 0.311925273032171 -0.0145545184060322 0.949995152639093 0 0 0 0 0 0
11.2045121158751 6.56215837278351 13.9266369467008 -0.842911828610631 -0.366677716216842 0.393760208271841 0.468147785100088 -0.139080827608882 0.872636335879678 0 0 0 0 0 0
11.1840596532561 6.521733503478 14.4827111077743 -0.742420559187342 -0.655853186985881 -0.13663202558851 0.0334732522254798 -0.240009074939669 0.970193375225812 0 0 0 0 0 0
10.9656788692574 6.55482314667672 14.9725069946613 -0.0433083265472355 -0.927456467910136 -0.371414712933312 0.116742741458952 -0.373914645319877 0.92008639286317 0 0 0 0 0 0
10.7736214291055 6.30261107504877 15.3329667654579 0.703924711487746 -0.611053182427232 -0.362082875599558 0.06322466304327 -0.453848816270345 0.888832883028679 0 0 0 0 0 0
10.7452941642475 5.76508270373985 15.5994903395848 0.926485400855604 -0.107564762275555 -0.360630869335993 0.168773527565005 -0.737748679063946 0.653637807147557 0 0 0 0 0 0
10.8028005426657 5.24973766746693 15.671083497031 0.911955647909854 0.39566645085837 0.108558536792185 0.263177422356325 -0.767106807855426 0.585051100079078 0 0 0 0 0 0
11.0792609119787 4.83540597557404 15.8745912422947 0.386023586548102 0.815636922950967 0.430954986683782 0.506005713447097 -0.577830235046971 0.64036742376893 0 0 0 0 0 0
11.5285326329774 4.79840639904015 16.0933544185341 -0.429883776679303 0.336458586989446 0.83785175167747 0.673755619253695 -0.498202485168178 0.545754202270879 0 0 0 0 0 0
11.9444884119147 4.90861124204626 16.4151008787555 -0.731118002352481 -0.373353498870642 0.571028573293111 0.657166119841126 -0.610255796326949 0.442403157744518 0 0 0 0 0 0
1.9722132998547 0.0198154857589579 12.4964680431016 0.380435008826345 0.448220782004338 0.808929746417276 0.287686715899187 0.773944510912966 -0.56413318243375 0 0 0 0 0 0
1.92857199073583 0.541150873379439 12.3740345841479 0.748713131380164 -0.0739827907273014 0.658752756028475 0.533462756541269 0.65715326369501 -0.53251016459631 0 0 0 0 0 0
2.17146787958303 1.0199451123098 12.3529925769579 0.666229644844818 -0.745483572693711 -0.0198066446873041 0.699793054355657 0.63413458516481 -0.328881451245635 0 0 0 0 0 0
2.56832509358084 1.33054535344535 12.5393174116493 0.485104193616708 -0.668422070951556 -0.563813671703973 0.723787643967438 0.668736688054951 -0.170066717759123 0 0 0 0 0 0
3.07107832334845 1.50933996250303 12.6022203515528 0.0284489275634311 -0.243219170514291 -0.969554069464324 0.582940789172338 0.791968370866378 -0.18156578936129 0 0 0 0 0 0
3.48564931607659 1.76136809226614 12.4652660676273 -0.377790653710287 -0.0258810028701584 -0.925529251649882 0.694128457079082 0.65361714842691 -0.301612845143053 0 0 0 0 0 0
3.89462888284343 1.93472137299137 12.267542115664 -0.676974456630418 0.382973094954658 -0.62851984345031 0.64264527561306 0.723834768453433 -0.251137965489449 0 0 0 0 0 0
4.33220022537835 2.20737055473863 12.0583159001211 -0.849879230057408 0.477622064019378 -0.222671188704101 0.525019023808714 0.80381432687771 -0.279709764836839 0 0 0 0 0 0
4.44970494046515 2.53978546513082 11.6495939937568 -0.731598935085956 0.615586036056609 0.292945097916326 0.550302078046725 0.786891536928413 -0.27922989096423 0 0 0 0 0 0
4.45110219045282 2.95117818249734 11.3569321695339 -0.145148063773542 0.558246471948071 0.816879988823526 0.560378486529874 0.726818539703908 -0.397128143270112 0 0 0 0 0 0
4.48924258309428 3.44385705946351 11.1587498915849 0.377173636681197 0.0381465897786717 0.925356626107437 0.662363136447444 0.687231621910671 -0.298308185140023 0 0 0 0 0 0
4.70388627839061 3.92173887251167 11.3154955405373 0.688647367265327 -0.506884157095159 0.518491325717666 0.685464496170084 0.688259578198792 -0.237565101620408 0 0 0 0 0 0
4.9840834109062 4.2415025931306 11.5688977507549 0.795897716849184 -0.58429053442944 -0.158591915589717 0.587561529837621 0.808607811230451 -0.0304114496854991 0 0 0 0 0 0
5.30295567454818 4.51873557128652 11.8757862711083 0.561124122164471 -0.379106131665074 -0.735811294055137 0.503233768304459 0.862038381156051 -0.0603788361261623 0 0 0 0 0 0
5.7927060371703 4.76280782600488 12.0133303690568 0.0314075533718846 -0.00129853741068167 -0.999505817587765 0.768143754403863 0.639853104598283 0.0233061602645567 0 0 0 0 0 0
6.23966459386975 4.8700008137108 12.0138240485882 -0.550354382476207 0.475744091551877 -0.686132358253648 0.472852460198218 0.854890923882648 0.213476132500956 0 0 0 0 0 0
6.51769986739035 5.36582774444206 12.0105261210155 -0.898663060625285 0.223364511833286 -0.377508938067793 0.218011732082314 0.974252739724842 0.0574672412171412 0 0 0 0 0 0
6.63467655155675 5.85182592194304 11.800117491034 -0.974239075441436 0.110275882290401 0.196716683756336 0.132448764484717 0.985788430771745 0.10333680149421 0 0 0 0 0 0
6.44307616803403 6.37989705096045 11.7675635737146 -0.729088416671272 -0.0563078293849263 0.682099339558203 -0.0254800344638124 0.998152203304341 0.0551629122002515 0 0 0 0 0 0
6.06812420718943 6.76157089508175 11.7951727392442 0.325456752128392 0.0241467951230545 0.945248557142154 -0.230643609057431 0.971505491266929 0.05459492686292 0 0 0 0 0 0
7.32762097085971 8.35578206414744 14.9382197754812 -0.432756689793387 -0.0429564098578386 -0.900486754089806 -0.251657333170752 0.96491284011342 0.0749119325984839 0 0 0 0 0 0
7.5013610510575 8.78822744936771 14.6708427468252 -0.932837577428049 -0.212497172465488 -0.290962206879763 -0.214862543848128 0.976344657307947 -0.0241908535884779 0 0 0 0 0 0
7.36968351156039 9.16226427815362 14.3082926421195 -0.870197748167299 -0.188316925979609 0.455293986863601 -0.260865537594057 0.96002360910234 -0.10150783842582 0 0 0 0 0 0
7.1246705264216 9.50815808903928 14.0196284489729 -0.442785748265172 0.21193065593824 0.871221084574311 -0.165882361959922 0.935528281591678 -0.311881189449957 0 0 0 0 0 0
6.7437828575963 9.85529354987417 13.8442504658155 0.180110353348882 0.387558700879364 0.904078820672866 -0.305983120492473 0.89558445132086 -0.322959471955851 0 0 0 0 0 0
6.3366956935812 10.2419840396947 13.8256003328821 0.700278698383892 0.375557261408924 0.60709676987511 -0.346778065171667 0.9223113317028 -0.170548470906084 0 0 0 0 0 0
6.05638767333697 10.6473021472214 14.0396791679314 0.967227808196949 0.215796476737854 0.133799281306201 -0.193809568530143 0.967899600456303 -0.160025668511926 0 0 0 0 0 0
6.0435898173306 11.1424304022737 14.2296248738134 0.834956170457903 -0.0517364875831478 -0.547879119210463 0.0427528705181291 0.998660351843235 -0.0291495063218219 0 0 0 0 0 0
6.36129004668014 11.5599021994522 14.3456807437647 0.213583184018154 -0.195234259009196 -0.957217743052122 0.0405846392215764 0.980754716646869 -0.190979247129563 0 0 0 0 0 0
6.75895520184861 11.9245214445086 14.3782466142834 -0.55515654725703 -0.078994536168759 -0.827986154046754 0.125722383192257 0.976072026647318 -0.177418378870559 0 0 0 0 0 0
6.95106684376648 12.336024010753 14.1593166594084 -0.76549372826159 -0.155904371518989 -0.624270116963354 0.204367548588196 0.861054390500049 -0.465638531142602 0 0 0 0 0 0
7.11521559787174 12.5355112522786 13.6882061319177 -0.991831874144513 0.110039029459957 -0.0645053906777929 0.127519611703147 0.844024250918438 -0.520923998768197 0 0 0 0 0 0
7.11912342659292 12.7765382548137 13.2209759018065 -0.706793403666573 0.446333681460674 0.548843629212531 0.291121007320668 0.890612717495466 -0.349367351840353 0 0 0 0 0 0
6.93218418900879 13.1373833542282 12.8695080685723 -0.058348780777433 0.410731079720997 0.909887575436115 0.228856267929978 0.892670671020789 -0.388283249353429 0 0 0 0 0 0
6.91170983916887 13.6594243521732 12.7440525004156 0.45638780677373 0.00736704697522615 0.889750468641141 0.644837272687568 0.686287035406149 -0.336444641488461 0 0 0 0 0 0
7.06095128834724 14.1395476484545 12.7885535798511 0.779208848279073 -0.314994264428443 0.541859930370188 0.559241041465114 0.739764417599302 -0.37416315157292 0 0 0 0 0 0
7.42105609698139 14.5022162454054 12.6276717316948 0.607255005297675 -0.703784757741541 0.368684652937441 0.791943566913379 0.57342523433435 -0.20978295319952 0 0 0 0 0 0
7.78085669688909 14.8877187496007 12.8185925573047 0.54050352593985 -0.827695108411921 -0.150919667232502 0.803431901044269 0.561016120805786 -0.199394314313171 0 0 0 0 0 0
8.27437055251148 14.9468855664702 13.0226231045485 0.226764091621427 -0.564890144233494 -0.793395974087953 0.837778974441703 0.52857161736915 -0.136888404531464 0 0 0 0 0 0
8.73915867691912 15.0471531193037 12.9248837878748 -0.308371062996784 0.0985224892454725 -0.94615041437348 0.752547156399512 0.63366274072046 -0.179288338766479 0 0 0 0 0 0
19.6746891033081 20.2440583084869 8.67516687466607 -0.80204647269179 0.0529987620287488 -0.594905527681562 -0.191502548047913 -0.966286241466057 0.172097860662353 0 0 0 0 0 0
19.291826955628 19.9538817048661 8.91578943533573 0.021304556191847 -0.342570568687643 -0.93925051043611 -0.194198615277251 -0.922988210105663 0.332234347758239 0 0 0 0 0 0
18.9517260125453 19.5278479743382 8.84476954930232 0.68667515723359 -0.246361713252962 -0.683946733804095 -0.19552777140686 -0.968746490900683 0.152640515513671 0 0 0 0 0 0
18.8666951124945 19.0910556281636 8.60590735729345 0.98545977935535 -0.124336695265099 -0.115799004673867 -0.10687734843053 -0.983434107088332 0.146405564811706 0 0 0 0 0 0
18.8863389729124 18.6454337927273 8.30637371870062 0.878633131352577 -0.0259857905918379 0.476789848022042 -0.11172317498405 -0.981989280772083 0.152364643602807 0 0 0 0 0 0
18.9866508827171 18.2148712094884 8.08252823486946 0.387560779516786 0.0909871940243988 0.917342887204075 -0.122623999928052 -0.98118541973847 0.149125875468641 0 0 0 0 0 0
19.2005527157263 17.7114309709136 8.24078399483418 -0.105940158310672 0.340592295429955 0.934223512415988 -0.0529474931020466 -0.940109936720053 0.336734123388805 0 0 0 0 0 0
19.5261996382844 17.4044010607276 8.51164271003017 -0.774820859673734 0.243154969076315 0.583548024097377 -0.0843327919174493 -0.95457679637644 0.285781594976129 0 0 0 0 0 0
19.6466322370124 17.0541863901171 8.9009122513137 -0.99616324229665 0.0437241792232436 -0.0758089100850281 -0.075200307935115 -0.870747376408314 0.485946416968478 0 0 0 0 0 0
19.4119041920328 16.6687801027046 9.18316629325303 -0.879790955552134 0.0166809285797527 -0.475068017393699 -0.104879090847478 -0.981568244137714 0.159762819214643 0 0 0 0 0 0
19.2790558660112 16.2477278707454 9.4887064972045 -0.455213935692213 -0.10137671232939 -0.88459201610058 -0.169306801912179 -0.965515217639147 0.197776569222692 0 0 0 0 0 0
18.8723269152093 15.9140079342691 9.59773707409103 0.44862716839044 -0.217083495167016 -0.866953528113271 0.0882953752410236 -0.954539998790408 0.284705668050807 0 0 0 0 0 0
18.7252800700952 15.3873105894719 9.49993651860388 0.841702543500582 0.0535566921483651 -0.537278800057081 0.0970576923685284 -0.993867618133331 0.0529807698894261 0 0 0 0 0 0
18.7082741031933 14.9084982930208 9.25676027803898 0.96953383069275 0.225994851948791 0.0945012065260904 0.215577308385105 -0.970391937650047 0.108930764493877 0 0 0 0 0 0
18.9860508022127 14.4779722003925 9.10801220412057 0.64921968126553 0.406034662884713 0.643156013727292 0.335030549562092 -0.911797791750767 0.23744329390098 0 0 0 0 0 0
19.4701163245512 14.2324741913016 9.21029376451119 -0.0502446608911637 0.101795780418126 0.993535652677345 0.0695353352519502 -0.99202157655991 0.105157162338042 0 0 0 0 0 0
19.563859337868 13.6484230672531 9.24837525782148 -0.410148398313684 0.397521297210966 0.820825870464882 -0.134478342938835 -0.916532141829741 0.376675468106716 0 0 0 0 0 0
19.6098634298318 13.3014523369064 9.60290850656409 -0.930328697830844 0.269444529042315 0.248773309986282 -0.171352835844417 -0.919139820738258 0.354711425783437 0 0 0 0 0 0
19.6069664147055 13.0862272502281 10.0616139492062 -0.938609424847973 -0.0452579315914555 -0.342000098266974 -0.107050421605713 -0.904210267988569 0.413453744085211 0 0 0 0 0 0
19.4107536652736 12.6860299014453 10.3131583410781 -0.558616233765366 0.041119987201885 -0.828406331474064 -0.269618935693103 -0.953530635897309 0.134480317968807 0 0 0 0 0 0
10.4170272532088 11.2360542075824 2.26726177064447 0.327315956325933 0.33763695281713 -0.882533598695712 -0.0937010915837899 -0.917780769520933 -0.385873767615229 0 0 0 0 0 0
10.2272056442447 10.9146430884074 1.97483123907712 0.722924197832285 0.23536273997524 -0.649603713674649 -0.0740917056409646 -0.908361628426892 -0.411569643143003 0 0 0 0 0 0
10.0902584120905 10.6696622168378 1.51666649764818 0.985501864682758 -0.122979264733933 0.11688530768368 -0.10378707662732 -0.981955843035528 -0.158085309417228 0 0 0 0 0 0
10.1308173651178 10.2645767885285 1.32440299230456 0.781182237648939 -0.0269974422710268 0.623719047081792 0.0329805471194194 -0.995884874865009 -0.0844132662963016 0 0 0 0 0 0
10.4758655710472 9.90768890233846 1.11883579065483 0.0766087059206712 -0.165753642601083 0.98318708094728 -0.0711398641455917 -0.984480469967239 -0.160428563486777 0 0 0 0 0 0
10.7214057927413 9.50161942767623 1.08272954598452 -0.844529791772386 0.145577006786494 0.515341407131209 -0.178391876142789 -0.983853865380045 -0.0144190881473528 0 0 0 0 0 0
10.7248094820033 9.08674371050355 1.36241457270133 -0.952208090292213 0.283670424749576 -0.113273310644884 -0.301654644412307 -0.931602808370164 0.202782353624049 0 0 0 0 0 0
10.5608057238953 8.73641245250025 1.70057065344122 -0.630753484102148 0.15091180229838 -0.761167307640085 -0.341337079887793 -0.934870058815588 0.0975036974879111 0 0 0 0 0 0
10.1388532230269 8.47451427012708 1.90563291520315 -0.013199114662815 0.0483284604792267 -0.998744283227607 -0.549946738540878 -0.83454297961925 -0.0331149503468701 0 0 0 0 0 0
9.62277662995402 8.23769941788171 1.80266474735134 0.685364999909601 -0.1079134698499 -0.720159357311885 -0.418681957388447 -0.867546911233152 -0.268454419533738 0 0 0 0 0 0
9.28030800647469 7.94896259916896 1.5435058995588 0.859610271953132 -0.491086180116744 -0.141083464839103 -0.505666259352169 -0.857254992426185 -0.0970335617874853 0 0 0 0 0 0
9.042852122197 7.54577909085595 1.18399888192688 0.929743665207029 -0.236259128247222 0.282415193159404 -0.127579210730434 -0.92619107008565 -0.354814947096368 0 0 0 0 0 0
9.16053119518889 7.20460264756141 0.785959471266306 0.370356620073304 -0.408914898144249 0.834041114120615 0.0690425805243004 -0.883288410569968 -0.463718347520697 0 0 0 0 0 0
9.46698326588209 6.84424300482759 0.647913190677208 -0.321356634228617 -0.317332246426135 0.892205222477092 0.0199697534285129 -0.944241561973801 -0.328647351410718 0 0 0 0 0 0
9.50464908314778 6.33105813015973 0.688544335733631 -0.768623143285497 -0.0262694428060211 0.639162248557112 -0.179842242740675 -0.949985257839056 -0.255313097224696 0 0 0 0 0 0
9.4385218342485 5.81933008354175 0.902939617827799 -0.934426381937568 0.351621062419967 -0.0566565547992377 -0.351604250149292 -0.936088782620822 -0.0105944479998619 0 0 0 0 0 0
9.05424253559754 5.53743444926565 1.15120191464653 -0.766288970617033 0.2606815750254 -0.587236179022516 -0.23562895590833 -0.964330616619443 -0.120604547957008 0 0 0 0 0 0
8.66477019212769 5.2074523403104 1.31885692817109 -0.294023710397928 0.178204708539918 -0.939038412195177 -0.286281849501204 -0.953779489501119 -0.0913640413573851 0 0 0 0 0 0
8.21369797952688 4.9194627300796 1.2710976826067 0.362538496697775 -0.0915922732901241 -0.92745711161523 -0.35565704516845 -0.933441995467662 -0.0468412992923524 0 0 0 0 0 0
7.83750444380533 4.64008209172574 1.00820990291224 0.784245266328678 -0.455847629306793 -0.420906522991075 -0.455376156911221 -0.883657665522554 0.108543474608088 0 0 0 0 0 0
2.50671452694733 10.1021395417411 8.03188744121946 0.219851985193759 -0.900459137047039 -0.375284488241741 0.313301887584961 -0.299143656037035 0.901307383908784 0 0 0 0 0 0
2.32679320429668 9.84162526604749 8.43115823107973 0.669579645165744 -0.554623846563073 -0.494019723901077 0.205598747234644 -0.500737195274913 0.840827816145351 0 0 0 0 0 0
2.26568945945382 9.32160822620144 8.67524121327516 0.992931037133896 -0.0077916172351175 -0.118436675895041 0.104908574055485 -0.409117534698289 0.906430931672148 0 0 0 0 0 0
2.32217782623207 9.00782726321215 9.07344368092408 0.852412717751694 0.519009035980327 0.0634206526767273 0.132203620622782 -0.331287153218278 0.93422214960188 0 0 0 0 0 0
2.59508989265726 8.70533014634481 9.40374487531416 -0.0818300470507141 0.966950349998774 0.241476425426845 -0.0598143849649609 -0.24661700319876 0.96726536849229 0 0 0 0 0 0
2.77616062814912 8.75103460930099 9.9519362868443 -0.620021601083355 0.769079690199873 0.155208389953954 -0.0245972213459106 -0.216779028141393 0.975910769312509 0 0 0 0 0 0
2.94509801436153 8.99997543610585 10.4007126838608 -0.977958454900473 0.0550857557006022 0.201402135062105 0.19684976702269 -0.07839278165817 0.977294602976506 0 0 0 0 0 0
2.96132051837186 9.15479185311388 10.8972024201931 -0.767964618344054 -0.639614405338082 0.0335224917881014 0.192215582647649 -0.180228785851815 0.964660953152871 0 0 0 0 0 0
2.69410114035279 9.19100372135857 11.3207705979911 -0.203708076540028 -0.967863794620151 -0.147454042385566 0.0489063875598068 -0.160484012941156 0.985826073324373 0 0 0 0 0 0
2.35566136179995 9.09745020252207 11.7274539607252 0.489232232142358 -0.867762773232146 -0.0874047620296622 0.110803461226228 -0.0375631009934179 0.993132220011035 0 0 0 0 0 0
2.29491214550208 8.96312614074533 12.2482404242077 0.6652538116072 -0.555025636797657 -0.499383528602463 0.331607495105625 -0.379620483784681 0.863669356571633 0 0 0 0 0 0
2.24206724111695 8.54637997243674 12.5832257214955 0.959181924622045 -0.0333793570408337 -0.280812845151162 0.276968418591399 -0.0895601439443039 0.956696125067754 0 0 0 0 0 0
2.39948854136007 8.21944300924729 12.9195357529615 0.803823057203341 0.528536074455952 -0.272980055511327 0.326599804615519 -0.00856797318494319 0.945123884715971 0 0 0 0 0 0
2.65182499937759 8.07409700360354 13.3617300089694 0.298854948061497 0.89548475939085 -0.329837483797509 0.379716892591967 0.205507742768142 0.901987610304401 0 0 0 0 0 0
3.0503135945495 8.20353946799978 13.5835028595135 -0.383279621526114 0.923253625495352 0.0264475846248359 0.372091391225658 0.128135474404381 0.919309141026521 0 0 0 0 0 0
3.44155720556076 8.54694118800037 13.7165020988416 -0.77331023331604 0.342498696886246 0.533559673963386 0.604204222471036 0.143025671681886 0.783888330559983 0 0 0 0 0 0
3.71706641993064 8.92989380209027 13.9902916252715 -0.760109608911991 -0.20248645700869 0.617440375394846 0.56648563475897 0.258990728013994 0.782315683349445 0 0 0 0 0 0
3.77112442516987 9.27197826521482 14.3168488104922 -0.518455987914325 -0.66971600413125 0.531680225705502 0.298160863494007 0.441165956737829 0.84644710295216 0 0 0 0 0 0
3.70810118644859 9.60285501261477 14.7787068608398 0.0385815666004754 -0.986149971636168 0.161306218604986 0.284161930407743 0.165589366779525 0.944368656254803 0 0 0 0 0 0
3.6332405518761 9.5019577070132 15.2941379935293 0.731066072312663 -0.638330599328603 -0.240990547271306 0.33286518379611 0.0253483685823744 0.942633666716076 0 0 0 0 0 0
8.25896004268908 9.17148461755871 3.33091416963483 0.936592216966206 0.350063580034919 0.0158274777354137 -0.319410889313077 0.83426116685425 0.449427401553594 0 0 0 0 0 0
8.15785811974306 9.54735498241994 3.70724887898003 0.932954710132718 0.13571896516463 -0.33343045952015 0.0940247941286531 0.802196203882434 0.58961053973422 0 0 0 0 0 0
8.45730296681315 9.72883442164488 4.11478182098612 0.150049912384095 0.525411666687054 -0.837512748740375 -0.112786303048225 0.850669900942761 0.513458829386299 0 0 0 0 0 0
8.55633893425404 10.2431711479968 4.23312317099794 -0.579287646550676 0.363936619066338 -0.729366821192424 -0.208241575650323 0.799025243577891 0.564086966961623 0 0 0 0 0 0
8.48895932034112 10.7328246730307 4.39680094082182 -0.752350613668672 0.0268901246859258 -0.658213852259847 -0.377293681297525 0.801471703188148 0.463996322228583 0 0 0 0 0 0
8.32419988372226 11.2029492184736 4.42018938188688 -0.922246096547895 -0.384359124952423 0.041595678477194 -0.328693572471702 0.836191797930031 0.439025981566389 0 0 0 0 0 0
7.99271105450211 11.5708240589025 4.39931969523611 -0.540826916825196 -0.56323844345859 0.624714896450931 -0.359117509431861 0.826229114134719 0.434027724201595 0 0 0 0 0 0
7.6124232006198 11.946911272794 4.45055110996638 0.110354618477615 -0.572125956191748 0.812707664804719 -0.27422383675534 0.768434798359225 0.578194818401028 0 0 0 0 0 0
7.36942300085 12.3305130796118 4.81983588771223 0.477914029170893 -0.602771560447357 0.638955887865118 -0.293321632295819 0.576139783024601 0.762905872597453 0 0 0 0 0 0
7.08147742055315 12.4360521797391 5.28280619872089 0.882591642382966 -0.302850726706064 0.359601766026459 -0.128915268643595 0.579667553140525 0.804590816096373 0 0 0 0 0 0
6.96540037920767 12.4439808265662 5.80735205863242 0.98560904517609 0.168812614327047 -0.00878130463793184 -0.12026217877087 0.736759751571583 0.665373637005151 0 0 0 0 0 0
7.06570586450032 12.5235500388021 6.3291687431134 0.648129442064705 0.637935058612471 -0.415893120070527 -0.204909789859716 0.672078453203876 0.711563441134191 0 0 0 0 0 0
7.37773551635671 12.7548060595345 6.67541407414877 0.0796487044728119 0.781794967918336 -0.61842761258968 -0.13596377704501 0.623120901873429 0.770216977857603 0 0 0 0 0 0
7.64275975504412 13.1410707750601 6.9385619880041 -0.552086842693217 0.651076430651407 -0.520864281339449 -0.0110322442556114 0.618938473108655 0.785361990481212 0 0 0 0 0 0
7.86860734321566 13.6042126827212 7.0908037116001 -0.914860249798758 0.291777803373803 -0.279099331415382 -0.0497648645960328 0.604480391438681 0.795064094660221 0 0 0 0 0 0
7.80397400852324 14.1865758550558 7.23796470519056 -0.977708984226945 -0.206342286390147 0.0388330144233164 -0.123186040586896 0.713498409761067 0.68974286416965 0 0 0 0 0 0
7.54074500847334 14.6830216805613 7.36609857572751 -0.657311330112112 -0.667429221763476 0.349971497757242 -0.381329013636209 0.695109831049501 0.609434579046488 0 0 0 0 0 0
7.10586323558325 14.9976391637584 7.39015652645139 -0.134166109021742 -0.660513998266219 0.738729120371154 -0.426185031751353 0.711465123299369 0.558734012782211 0 0 0 0 0 0
6.62126916064038 15.1250636092911 7.5841067657637 0.349794795313695 -0.492556720373698 0.796888623576819 -0.515309463976971 0.60921720350021 0.602752482612184 0 0 0 0 0 0
6.18701008995511 15.173488026195 7.98694082519166 0.789926686028415 -0.025556636124801 0.612668498496659 -0.529455442685539 0.475607131705461 0.702477608526823 0 0 0 0 0 0
