t = 20
b = 13 13 13
E = -1.02885114006862 -1.02885114006862 0
4.07676230458473 7.93312990300553 4.93434231921048 -0.154008895108289 0.555210665013931 -0.817326359346322 0.864953509492882 0.475626114799943 0.160110041334888 0 0 0 0 0 0
4.55699308133793 8.07514843739716 4.79725631347819 -0.655850955627601 0.691395825234141 -0.303036857248692 0.679049125560521 0.715703925799507 0.163279440440815 0 0 0 0 0 0
4.88393827396251 8.30484752301654 4.52698010286166 -0.561638084946833 0.541775375134543 0.62533359451982 0.724006011618149 0.687636785949096 0.0545063826572463 0 0 0 0 0 0
4.96122072953209 8.8046683686537 4.34561956016826 -0.184798688355623 0.191615658083609 0.963915392739024 0.708630763665212 0.705565773560006 -0.00440226849800495 0 0 0 0 0 0
5.20335333902222 9.26129909064499 4.43928595378671 0.232322696204762 -0.343559982395438 0.909941043872951 0.789784494941857 0.612666166834832 0.0296752348828183 0 0 0 0 0 0
5.27719232523445 9.73045413825182 4.69053572500758 0.557249849284509 -0.68710736571469 0.466214621663682 0.712566656714557 0.683967180135254 0.156325481724725 0 0 0 0 0 0
5.50405594618475 10.0767257766216 5.03542230048319 0.652944665898999 -0.757243146627819 -0.0156869423166038 0.750784495705241 0.644365300759614 0.145313454936557 0 0 0 0 0 0
5.90415685143727 10.2753505375836 5.2990278774939 0.46093454165489 -0.520334938242791 -0.718881701222995 0.875463937820046 0.39921906238951 0.272372968191521 0 0 0 0 0 0
6.38956608569349 10.3356985379061 5.47979173950052 0.244521314285578 0.0356154921327048 -0.968989609634798 0.853128458506344 0.46705294946804 0.232450802708429 0 0 0 0 0 0
6.8893314045947 10.4851513430519 5.4079580882564 -0.169942564227417 0.524603886584088 -0.834212375264645 0.761254691942255 0.607451495135318 0.226922839427346 0 0 0 0 0 0
7.40496346793407 10.9805190252685 5.47935383177048 -0.504192761438533 0.408462911311685 -0.760886134316935 0.694058825618221 0.715940427290764 -0.0755754666024271 0 0 0 0 0 0
7.76276565712572 11.1573486659472 5.11964009321514 -0.779642537886537 0.603667207354046 -0.166563549083246 0.621439490087974 0.778634407678094 -0.0868413457920967 0 0 0 0 0 0
7.93610045475905 11.5381427770314 4.87836927554653 -0.702379372510456 0.530652157380346 0.474417015861998 0.552156121943091 0.826802754378275 -0.107335093763712 0 0 0 0 0 0
7.9839057628151 12.030391825878 4.62056925678172 -0.424198958545635 0.381070848339571 0.821486611037915 0.604615263162873 0.794521806771357 -0.0563514162667564 0 0 0 0 0 0
7.93568202438868 12.5568563758741 4.5246805151692 0.0848479522133219 -0.071626582196754 0.993816108607633 0.559768197811956 0.828563420462697 0.011925728049542 0 0 0 0 0 0
8.10916562658706 13.0136240523727 4.63863633782149 0.427208142505401 -0.507885345778924 0.748027859454517 0.633328506952642 0.75854277786049 0.153322719897703 0 0 0 0 0 0
8.26417452108241 13.3663980539314 5.02933982833554 0.787439584655511 -0.615488910225079 0.0333511904960146 0.609338461939565 0.785450557656807 0.108508341973031 0 0 0 0 0 0
8.64776133420988 13.6489923264223 5.30252191577588 0.606339461398502 -0.605672907313076 -0.515279329003115 0.746440080330778 0.656926613065628 0.106182067798214 0 0 0 0 0 0
9.11676228988781 13.6789125138771 5.56295998533222 0.356811566886583 -0.082013890778211 -0.930569302876127 0.707746362146262 0.673913713436471 0.211979701176784 0 0 0 0 0 0
9.54424917969031 13.7502098499264 5.65350203912495 -0.465860666748295 0.570339085321474 -0.676525806552491 0.63890818150156 0.745766629003032 0.188755054702711 0 0 0 0 0 0
0.827670847051981 7.61637867651553 5.57060881418404 -0.202850556153531 -0.277373502526108 0.939103610878268 0.0828131079334022 0.950747070912581 0.298700512730661 0 0 0 0 0 0
0.665307313538087 8.03146193666079 5.6726503481081 0.278775664628372 -0.403574073911438 0.871442537220633 0.152183402747692 0.914514644587307 0.374837533824302 0 0 0 0 0 0
0.443331075857995 8.33469451121779 6.05665771490109 0.864339261043029 -0.205347940797392 0.459075010243271 0.0415710620354507 0.938888167964911 0.34170287510751 0 0 0 0 0 0
0.585666682802129 8.67347177622905 6.40221611219804 0.957741373617391 -0.267837851526405 -0.104853929593469 0.283930527370029 0.938648141610043 0.195762922637027 0 0 0 0 0 0
0.828223784901951 8.95671910833745 6.78902627648121 0.660082774467848 -0.077189124746717 -0.747216548178414 0.189385710635299 0.979675471915275 0.0660985804291278 0 0 0 0 0 0
1.28723992280304 9.22896782381815 6.85123499117482 -0.108708961272386 -0.00822013162363892 -0.9940396325978 0.286714076729279 0.957210968328847 -0.0392708583586826 0 0 0 0 0 0
1.7403886436683 9.5089982274419 6.71659461121983 -0.666103164943594 0.07587464162284 -0.741990304795644 0.25750147570303 0.957039192367381 -0.133300316141985 0 0 0 0 0 0
1.99748711656403 9.80613396364854 6.37569353103164 -0.921116543696205 0.273426168612 -0.277096451163342 0.31684924323253 0.940124332965159 -0.125589791104964 0 0 0 0 0 0
2.07057070547196 10.1757124784145 5.99260657931691 -0.882318533010397 0.283891061764325 0.37539295592313 0.269673653329928 0.958630251734779 -0.0911271702545651 0 0 0 0 0 0
2.07281911018765 10.5678099512545 5.67403135251628 -0.494472516563586 0.172835279388654 0.851836191155272 0.447143300834188 0.890986449233082 0.0787782698599771 0 0 0 0 0 0
2.03607842832581 11.0060123752608 5.63980660941944 0.384238531306133 -0.296524831248603 0.874319035314166 0.387913104002248 0.911220967189594 0.13856324439548 0 0 0 0 0 0
1.93631366261368 11.4279688522147 5.95711533164025 0.85207516473746 -0.399063971808337 0.338697298545742 0.355646631261832 0.916177554724826 0.184754328475814 0 0 0 0 0 0
2.16963341154312 11.8348461829529 6.33118976650301 0.907113332445322 -0.385332906395524 -0.169304321707158 0.417668758144121 0.873782714246395 0.249111574910823 0 0 0 0 0 0
2.47116877007465 11.9977667749149 6.75150225198421 0.655738178602774 -0.136338538777466 -0.742576086314892 0.523340248975559 0.791001033732921 0.316910631622941 0 0 0 0 0 0
2.9135870678976 12.0680344760183 6.8525415975235 0.10184327645379 0.306937841181934 -0.946264819536123 0.624472812167787 0.720721501774962 0.300988743547827 0 0 0 0 0 0
3.33761347790113 12.1944715992126 7.04426972372285 -0.502023512055494 0.588650541399169 -0.633611026935243 0.35194877673454 0.808266644225979 0.472056236466308 0 0 0 0 0 0
3.72943019923032 12.5140745247684 6.86255915996458 -0.806545970474541 0.575716255646816 0.134292183299288 0.591054031424458 0.7807784174899 0.20258379678262 0 0 0 0 0 0
4.05042942040863 12.9094572066933 6.67629012253339 -0.820480663970973 0.365658109331358 0.439437853546971 0.526084718697268 0.78375565412224 0.330093840270665 0 0 0 0 0 0
4.16468761882428 13.4480908938984 6.63805152023513 -0.334630035875042 -0.208028723521716 0.919101076748468 0.564719116238454 0.736530275655255 0.372310989359774 0 0 0 0 0 0
4.24939435240438 13.9144488415153 6.95107255212247 -0.00659279545381372 -0.713665374876117 0.700455757168884 0.669457592776591 0.517185907545675 0.533240347788807 0 0 0 0 0 0
15.8242382232451 9.15246125843593 9.64401617143094 -0.919661081859148 0.113392183906563 -0.375986312440443 0.218137120249316 0.94362370258522 -0.248978924185755 0 0 0 0 0 0
15.811743922839 9.46616378380383 9.2852030528405 -0.848531268178042 0.29613365581135 0.438519719989841 0.21263026436961 0.949702396817046 -0.229899387024126 0 0 0 0 0 0
15.7020343612729 9.79285417653045 8.85040659047538 -0.406997604516405 0.229723538016762 0.884070158980027 0.00730227729548244 0.968645770426554 -0.248338575700692 0 0 0 0 0 0
15.3703813054471 10.212948474829 8.80337327019234 0.330082824549669 0.191930538650622 0.924233735193968 0.0698138705208132 0.971465715986053 -0.226672420348413 0 0 0 0 0 0
15.136476672114 10.6710276939172 8.95873463496228 0.870318817994387 0.0626021310310817 0.488493734079794 0.0776538110396504 0.96203679589583 -0.26163923439252 0 0 0 0 0 0
15.1351314606171 11.2268016134776 9.17920864101825 0.986892963585688 -0.146531112484597 -0.0676085164685999 0.132672907405598 0.975226610378605 -0.177005531128275 0 0 0 0 0 0
15.335110959808 11.5838105353958 9.34441160094497 0.721281847965791 -0.235282615604396 -0.651455744152593 0.0897434052862201 0.964355155552149 -0.248928212879985 0 0 0 0 0 0
15.6852130115158 11.8964733723404 9.35583935369207 0.110618308960032 -0.159173605694302 -0.98103381846555 0.290401616954633 0.949190381104989 -0.121262200573391 0 0 0 0 0 0
16.0844840539438 12.2338314682956 9.23151215678673 -0.41546115430952 0.0121298982548276 -0.90953004064084 0.21276314612018 0.973468748611642 -0.0842047452910296 0 0 0 0 0 0
16.4244304802789 12.5278820478996 8.93713860842534 -0.876242052053653 0.138718809493326 -0.461472597350652 0.207136988333557 0.97310567702162 -0.10079488782869 0 0 0 0 0 0
16.5821860945388 12.959488738617 8.64623973022238 -0.981243640170155 0.188181026909122 0.0418188921069433 0.171377462826486 0.950897721512907 -0.257727158942784 0 0 0 0 0 0
16.5175082536558 13.2882678404397 8.19233940519636 -0.771752912502919 0.251170075699723 0.584218311178499 0.0393206690668942 0.935784010002566 -0.350374330691689 0 0 0 0 0 0
16.2255582852319 13.5976195728573 7.86408367606757 -0.245801989185747 0.356187882943796 0.901505171452913 0.0527473012147891 0.93357574798412 -0.354477143114259 0 0 0 0 0 0
15.8931166337005 14.0163411371669 7.81079294490779 0.321522945091438 0.315182346991237 0.892907097029038 -0.167718368217417 0.947023696935628 -0.273891705615307 0 0 0 0 0 0
15.5800228547698 14.4455647176535 7.89094595899605 0.838950348902101 0.179135332582679 0.513880185157529 -0.071599120557658 0.97239608470563 -0.222079761312305 0 0 0 0 0 0
15.4802714409579 14.9281989292469 8.07682361849953 0.994911091157496 0.092514281455525 0.0399127600970926 -0.0795540358287493 0.96437688802642 -0.252286292183773 0 0 0 0 0 0
15.5409056365717 15.4018129500259 8.32319398149427 0.843003812330021 -0.086231225437611 -0.530950796361187 -0.0650465087736261 0.963481579207848 -0.259754111081062 0 0 0 0 0 0
15.6898831614084 15.805818840709 8.29508609890077 0.129922109759613 -0.238454642998943 -0.962423830039478 -0.119579479521182 0.959797826994744 -0.253946607328411 0 0 0 0 0 0
15.9059343972776 16.237124900525 8.15366199306575 -0.64465325951785 -0.318559515184836 -0.694940292599454 -0.0988502009863332 0.936145955381172 -0.337430567655679 0 0 0 0 0 0
16.0502204894758 16.5393936540731 7.73354269293184 -0.988413704691831 -0.151547022649277 -0.00847633785961568 -0.126000872215925 0.850371857969268 -0.510873255685519 0 0 0 0 0 0
6.39629999643256 7.33537254014507 7.77231698214873 0.128963146577434 0.600343414864521 -0.789275801639486 0.917366070390447 0.230021899508685 0.324852918476664 0 0 0 0 0 0
6.92598974685711 7.39290219206732 7.69198699427519 -0.218136061546452 0.934425762209238 -0.28154067836227 0.878706262493293 0.313573729071354 0.359926132270711 0 0 0 0 0 0
7.36722103737138 7.68566022622803 7.70612899942546 -0.554948606898229 0.822267808563737 0.126125709914766 0.794157220676242 0.478515242432597 0.374616432644725 0 0 0 0 0 0
7.70464373059136 8.09865659057075 7.63461010880809 -0.548992553485512 0.223208947862561 0.805471875245527 0.717711363887902 0.619783624350183 0.31742504175556 0 0 0 0 0 0
7.91383830661781 8.5078386137098 7.8538630494942 -0.315660984900935 -0.507858605046326 0.801522164317227 0.598685692183217 0.548752382891034 0.583477732434165 0 0 0 0 0 0
8.07149408717574 8.71152453409354 8.29610656260582 -0.0260150381976813 -0.92616137512454 0.376229085817397 0.713698534913435 0.246319734715294 0.655714106567949 0 0 0 0 0 0
8.16720955077351 8.8581611979645 8.80406457362191 0.454833857027105 -0.792174610887549 -0.406922042124788 0.797899158186293 0.159519794383476 0.581300583661722 0 0 0 0 0 0
8.4208559056744 8.6701943294864 9.04264655777039 0.679761157323425 0.0163620181903257 -0.733251016606904 0.725808006086992 0.128783476528216 0.675734825559059 0 0 0 0 0 0
8.84312826441027 8.72840515636942 9.34580226144551 0.328555541943134 0.319839593743169 -0.888680983330159 0.790974528113422 0.421021594322785 0.443959584860661 0 0 0 0 0 0
9.31059661024325 8.82721874640128 9.47910681848161 -0.0906660041287797 0.69926009378362 -0.70909449083817 0.725574627283825 0.534096151155478 0.433915615716747 0 0 0 0 0 0
9.79798144624072 8.95493580699912 9.43047877259186 -0.412493793065981 0.892440604879423 -0.18275294100093 0.794591710513734 0.450596516764203 0.406923571033708 0 0 0 0 0 0
10.283528043523 9.19979708768948 9.43245262228527 -0.650005420616681 0.695631568704936 0.305924294213522 0.755737767354651 0.549501058561049 0.356242913801937 0 0 0 0 0 0
10.567240660547 9.64686610914848 9.34123012993025 -0.517830581559801 0.230556104879593 0.823829697998433 0.816797977368299 0.419559932161361 0.395993090207154 0 0 0 0 0 0
10.7251131041795 10.1525715138397 9.43080377184572 -0.222943780763969 -0.242620078681874 0.944156537889278 0.826651166851387 0.466275359959869 0.315016090124831 0 0 0 0 0 0
10.8148280881375 10.591510535562 9.72739921850866 0.319791376132361 -0.783919688494781 0.532168580190164 0.691234484082246 0.577166111679679 0.434826594798561 0 0 0 0 0 0
11.0547422375986 10.8300816067909 10.2333515428971 0.647833299174663 -0.756506253846158 0.0895003037543681 0.558623977690316 0.551653002994793 0.619369208014312 0 0 0 0 0 0
11.2903004935118 11.1624243198081 10.640444225806 0.575067189634552 -0.734538320331628 -0.360209915702232 0.755702712461183 0.308279239940802 0.577821183931786 0 0 0 0 0 0
11.6917839112587 11.0876013820454 10.9994220566631 0.474594571578493 -0.0617111307928556 -0.878038569178196 0.868796932861369 0.192923054015631 0.456040113016345 0 0 0 0 0 0
12.1332748732757 11.11521965682 11.2281271666401 0.10165634705328 0.215482380600931 -0.971202003063389 0.910313431792357 0.373607710831369 0.178176132817407 0 0 0 0 0 0
12.6436004641991 10.9793813988115 11.1291278685197 -0.140602478895411 0.788741095283519 -0.598429968784503 0.910182501527306 0.340832681506554 0.235373951682314 0 0 0 0 0 0
3.58518727050857 6.2182610726266 4.54332391524582 -0.45917463639436 -0.700708601340912 -0.546045885708308 0.495186277182119 -0.712213880552796 0.497535867288421 0 0 0 0 0 0
3.46729843779616 5.79201927804288 4.86722397480471 0.191153231217082 -0.458663856054939 -0.867806377796386 0.690456768440366 -0.565563651831721 0.451006880924955 0 0 0 0 0 0
3.64596477186921 5.34383249329184 4.90969680061235 0.673598462046882 0.260072260636495 -0.691829119924493 0.689084000682094 -0.559463710827668 0.460612197266742 0 0 0 0 0 0
3.95419953036426 4.89833694033874 4.95263339474331 0.673509964107424 0.722154468921714 -0.157725239782391 0.716341150801482 -0.585039957626044 0.380241507004858 0 0 0 0 0 0
4.38024342356323 4.5893638751854 4.76491916598232 0.54046074328885 0.699135154275894 0.468094243736542 0.706646568672542 -0.679157869673464 0.198482278916593 0 0 0 0 0 0
4.85451512878352 4.49529590164018 4.87782850803896 0.00072712409181806 0.552318508860869 0.833632854475075 0.68140687693292 -0.610413583166401 0.403831555917167 0 0 0 0 0 0
5.38160440431938 4.564794106992 4.95549444128078 -0.436008686064043 0.0566480575888995 0.898157794181018 0.701082183386398 -0.604362679976443 0.378456765284824 0 0 0 0 0 0
5.78711849627449 4.58490065001764 5.30740231313326 -0.693014474796509 -0.408421513839097 0.594073063482851 0.706714878259202 -0.547670208655524 0.447896665982564 0 0 0 0 0 0
6.02179999361176 4.52445876029656 5.78694008525641 -0.739486623037187 -0.670706224299788 0.0575560164933151 0.599841842344153 -0.617714838201729 0.508545123699544 0 0 0 0 0 0
6.0782003472344 4.19955202267224 6.17970888101244 -0.51882730388622 -0.724652546057794 -0.453538219154807 0.540387050043539 -0.689093081177495 0.482838028347549 0 0 0 0 0 0
6.07070137824148 3.85806634966188 6.56062972074411 0.0948698944307262 -0.531166232391797 -0.84193950893007 0.636845665522284 -0.617662458322067 0.461433295163038 0 0 0 0 0 0
6.37154253374838 3.31044610200298 6.70536105295114 0.240534545682832 -0.188732222906254 -0.952115161296163 0.67430490330177 -0.673079352318662 0.303771431944286 0 0 0 0 0 0
6.47397367925056 2.81833927469028 6.63748590141652 0.767409009930025 0.319322893555641 -0.555982284906158 0.617713312029122 -0.600575569746035 0.507680262730627 0 0 0 0 0 0
6.77459741220912 2.373019311894 6.63826309865326 0.486899763346624 0.872016410270215 -0.0501597515190262 0.694394096136135 -0.351607826386906 0.627844547379967 0 0 0 0 0 0
7.29630631982451 2.22668132513372 6.64539638492137 0.0940984624024387 0.973354291943378 0.209109783914818 0.866130711444825 -0.183603409879724 0.464873508142399 0 0 0 0 0 0
7.81944667696975 2.32447480995199 6.61741439779258 -0.325476550199053 0.731309417050709 0.599375968656965 0.827170643760915 -0.0868912074606647 0.55519243885898 0 0 0 0 0 0
8.27710592760484 2.45564435905039 6.77286770145681 -0.658637050784875 0.0485350480088176 0.75089385697859 0.734824541549877 -0.173300970217516 0.655743598411514 0 0 0 0 0 0
8.50061103887143 2.78853543841635 7.09908039375114 -0.384461719641077 -0.622901611398924 0.681309598235083 0.78882513138371 0.161696035354373 0.592966528775572 0 0 0 0 0 0
8.74147251030515 2.96198493283089 7.48961846872238 -0.0787551273143937 -0.993293076018608 0.0846551537426132 0.803077867756031 -0.0129010369073249 0.595734422009626 0 0 0 0 0 0
8.81242914211713 2.86241439249356 7.97779868454959 0.51589796058094 -0.695646230920072 -0.499925610141274 0.755048781576419 0.0935795814240941 0.648956238417089 0 0 0 0 0 0
6.82408979755605 4.34254929426406 13.4089156236205 0.232009115452615 0.407655683848331 0.883169640427616 0.648132403493882 0.612240463814597 -0.452864220279469 0 0 0 0 0 0
6.8557786795845 4.87421374756468 13.3493549087829 0.652565130286804 -0.107272098086237 0.750100958342237 0.506120785894789 0.798425370304943 -0.326126782308133 0 0 0 0 0 0
7.00363200654735 5.38998101413877 13.3777911981871 0.838558329700503 -0.544745881702868 0.00847655930603317 0.45329304481939 0.688979689300733 -0.565537269549436 0 0 0 0 0 0
7.36176232053067 5.76882783699713 13.1804800706153 0.53306408528776 -0.837944521201121 -0.117011368530363 0.756644732936106 0.534022571172643 -0.377238176220552 0 0 0 0 0 0
7.86971978364668 5.90083514252284 13.2955382692409 0.0104268075971394 -0.515006230382339 -0.857123015879696 0.717256009836411 0.601101721186473 -0.352449339820932 0 0 0 0 0 0
8.34801611801556 6.3082943806503 13.3939349422815 -0.13449034667103 -0.288797755525796 -0.947896725944113 0.541168261954026 0.779927311471391 -0.314404677246805 0 0 0 0 0 0
8.7271183265789 6.59447823379528 13.279344031879 -0.663319897072181 -0.0177562924300564 -0.748125275757536 0.458178940611339 0.780794580012358 -0.424772741832143 0 0 0 0 0 0
8.91493552457131 6.72237224764953 12.7924632215394 -0.865484669529828 0.498095173277898 0.0532680501436296 0.434922916927391 0.799933938133831 -0.413458281998403 0 0 0 0 0 0
8.98733066195382 7.11179850262062 12.3901666909939 -0.482494777881805 0.575441304237396 0.660353007636334 0.348369441047928 0.81779336679649 -0.458096869414774 0 0 0 0 0 0
9.00877260925461 7.55112574444231 12.0297580369984 -0.159693173886707 0.395761244160767 0.904362276874877 0.376281591702209 0.871358888702939 -0.314874341324333 0 0 0 0 0 0
8.94263055583795 8.06119105638534 11.8796006225693 0.510590524883947 0.0547628281182012 0.858078288127156 0.567581590157234 0.728173782398907 -0.384205779682524 0 0 0 0 0 0
9.04152167242808 8.58273742681109 11.8613920416717 0.685037679379857 -0.575773651202598 0.446327324293157 0.646023467113976 0.763286554370315 -0.00687865215938313 0 0 0 0 0 0
9.15378730606741 9.03731710909046 12.1994398460876 0.749471574684924 -0.628663082565776 -0.207545386260928 0.658501385419366 0.740244216900985 0.135699759562881 0 0 0 0 0 0
9.57033529268673 9.19864524138559 12.4886383318725 0.471369089262605 -0.429419081904441 -0.770331379202541 0.719726721917444 0.692107903027754 0.0545902585128152 0 0 0 0 0 0
10.0765071310064 9.36797826507822 12.6159398572879 -0.0219457649470784 -0.205319482420507 -0.978448922294599 0.649721873709214 0.74090872292623 -0.170046320500064 0 0 0 0 0 0
10.595701870407 9.40996777628832 12.4841870370321 -0.47304534959589 0.175716070836348 -0.863337685772802 0.751113261955184 0.592606368353995 -0.290940818554791 0 0 0 0 0 0
11.0108899839659 9.50455252078092 12.1565322513399 -0.769877218131227 0.583136201702223 -0.259309157699507 0.62561856819528 0.609344621332295 -0.48713503218583 0 0 0 0 0 0
11.1988190361302 9.57883410151625 11.7077802274128 -0.578956150880936 0.716851230894059 0.388502365659211 0.603597420835902 0.697146680505016 -0.386854829905333 0 0 0 0 0 0
11.0797022369158 9.91975871734375 11.420499272233 0.209688096178449 0.57710339054379 0.789292454635111 0.567402198074276 0.585595385722463 -0.578906546724979 0 0 0 0 0 0
11.0383010519093 10.3909381340438 11.1656247908179 0.791332816457451 0.0427362524669782 0.609890142831147 0.534529306835741 0.43585260847376 -0.724093173438559 0 0 0 0 0 0
13.8499326595589 5.25643752177454 11.7641992020133 -0.211466254956698 0.44334660217725 -0.871048685982866 0.639103262744915 0.736996882740616 0.219960483676996 0 0 0 0 0 0
14.3193134593082 5.44637755199274 11.5845062642952 -0.649253658468345 0.62621858956806 -0.431647964254274 0.647621698127956 0.752771676635851 0.117987028815516 0 0 0 0 0 0
14.7155355541691 5.7063426702529 11.3754882839217 -0.765516718584575 0.613493113973499 0.193933887380732 0.641578784972871 0.750592678523577 0.15807369679848 0 0 0 0 0 0
14.8971536136208 6.17097109769119 11.1759377714804 -0.561234145397318 0.192071577796025 0.805061949816961 0.654743738049269 0.698045016258804 0.289903074770718 0 0 0 0 0 0
14.9813226327249 6.6649236530738 11.2151620357166 -0.236499380978184 -0.219059905154208 0.946615445020186 0.606161457329981 0.728150493139089 0.319945537535524 0 0 0 0 0 0
15.1409901657405 7.15328470593311 11.4740075989884 -0.0376678230015773 -0.669714439294863 0.741662797307705 0.882280431018307 0.326204870829039 0.33936944955249 0 0 0 0 0 0
15.3659009425773 7.3995062590532 11.8845039983477 0.233904454618695 -0.963301460341297 0.131677646599014 0.825273694873169 0.26831532671924 0.496920732107179 0 0 0 0 0 0
15.6513555116191 7.43548152729287 12.2432639797697 0.312866099517285 -0.813876767745429 -0.489611489547676 0.92636549655034 0.147683444994697 0.346462937232166 0 0 0 0 0 0
16.0151703124395 7.1947933544718 12.4234234587456 0.377805374996149 -0.0988167363378012 -0.920596736494088 0.917737287871355 -0.0916492928358262 0.386469504066262 0 0 0 0 0 0
16.4934542036904 6.91259378417088 12.4723755760215 0.229916868555573 0.570756380142142 -0.788273675877 0.913912260187722 0.1517862784348 0.376464216569761 0 0 0 0 0 0
17.0438048837141 6.94085972738116 12.4958531443671 -0.120799431498654 0.88516257653844 -0.449326952725332 0.836096420323431 0.334728441515083 0.434625869413256 0 0 0 0 0 0
17.4773463445181 7.03271613845371 12.4489073439848 -0.481415218872386 0.868584561684955 0.117474449309658 0.801600555714267 0.382098996929287 0.459822689331672 0 0 0 0 0 0
17.8655452865487 7.36009902470902 12.488521135409 -0.735531668294766 0.504155715941903 0.452570634286654 0.667219629615037 0.423173184709777 0.61297832065984 0 0 0 0 0 0
18.1490455554932 7.90185678933614 12.6600870676929 -0.517013736358453 -0.197174884783674 0.832957898832358 0.732378238599575 0.401811333492128 0.54969970702472 0 0 0 0 0 0
18.2472509607335 8.33791244242911 13.0572638772391 -0.108153597453341 -0.630438320862585 0.768667888587696 0.76199701686795 0.444020731218652 0.47138745903174 0 0 0 0 0 0
18.3913959503238 8.64050779519496 13.4771964629941 0.262886318530575 -0.930136450487994 0.256392213226215 0.815455119779635 0.356229773123309 0.456216282442545 0 0 0 0 0 0
18.8189650209751 8.69356254618276 13.9160407542509 0.142931572064278 -0.98046994973345 -0.135089760444378 0.742403801430187 0.0159462671570811 0.669762877581135 0 0 0 0 0 0
18.9587101885031 8.65113557718351 14.4324906175585 0.529071871034796 -0.488293275094282 -0.694011983165592 0.787461745233716 -0.0222431531071658 0.615962045854548 0 0 0 0 0 0
19.2117665692217 8.3010406649325 14.751991983302 0.663363275271876 0.215380759783526 -0.716631211527686 0.741916937891203 -0.0645100805318167 0.667381230467204 0 0 0 0 0 0
19.6113295162252 8.05342853475018 14.953939572954 0.383201430398755 0.83532403188308 -0.394195922732519 0.693630793937797 0.0215768930504473 0.720007471758114 0 0 0 0 0 0
13.428152729562 5.08126769058517 7.88307823599657 -0.565097780773567 -0.15181517094923 0.810935664547099 0.355138279558641 0.842436029783666 0.405189262091758 0 0 0 0 0 0
13.2165243981606 5.54856899561864 8.0428532083189 0.185262158512137 -0.542694110313543 0.819244185365033 0.280836114023088 0.828145781030387 0.485083129393284 0 0 0 0 0 0
13.1583019431753 5.89493353839243 8.44945725572 0.735638912841891 -0.536441238617111 0.413601483826811 0.442022706147846 0.842841383573305 0.306976105561935 0 0 0 0 0 0
13.2565008413159 6.12780162718101 8.9374312621289 0.893014506971903 -0.199997969663767 -0.403145014192288 0.389061421156868 0.793329653706948 0.46825129056588 0 0 0 0 0 0
13.5950034681164 6.24620559076689 9.33753321810343 0.46042822949712 0.245922504921759 -0.852952499882118 0.375160400557506 0.816925852647754 0.43804888440592 0 0 0 0 0 0
14.0518236586589 6.46857691318424 9.51232283620891 -0.145232602460873 0.543478713402954 -0.826763798953675 0.298897913345328 0.82068035023431 0.486974126763527 0 0 0 0 0 0
14.4565037220859 6.82198986625123 9.50802947068395 -0.689062109884915 0.570666116815381 -0.44669183095262 0.36819575447293 0.806576138467689 0.462457370189579 0 0 0 0 0 0
14.7723629981261 7.19804872175899 9.45568034713748 -0.955533905021354 0.25012400791504 0.156182383831082 0.294881022384632 0.809832134667828 0.507165748347366 0 0 0 0 0 0
14.7575131265065 7.6863569500074 9.4022080771495 -0.78252771529997 -0.114613300049725 0.611975625526967 0.315447882742657 0.774435462059807 0.548399807054477 0 0 0 0 0 0
14.5158503235957 8.12859018555635 9.54407710490557 -0.250039200869842 -0.45035130154608 0.857125488609528 0.0536893226445629 0.877433745824447 0.476683834760996 0 0 0 0 0 0
14.3717726000798 8.51289514160747 9.78235042717139 0.379824136340573 -0.563022899946067 0.733988310253957 0.31259560219119 0.824894047365254 0.470992356744881 0 0 0 0 0 0
14.4929937438893 8.67791920580432 10.2480110935815 0.79554649766258 -0.542192256457859 0.270431742023637 0.267660310834274 0.714916043545682 0.645951243272345 0 0 0 0 0 0
14.644194282882 8.71007855912675 10.7625878858298 0.913589273926076 -0.123770798379507 -0.38734406931787 0.355657503668424 0.705002613932277 0.613578890146167 0 0 0 0 0 0
14.9947653366467 8.91340630990708 11.1508647704565 0.561980439222276 0.0971859563602327 -0.821421253570837 0.483655849523622 0.767003035848427 0.421643643638655 0 0 0 0 0 0
15.487188584537 9.01993745005876 11.3375612172184 -0.00664389759114188 0.416155458983174 -0.909269207981499 0.46747874557486 0.805103265879811 0.365064862326432 0 0 0 0 0 0
15.9830716720315 9.2259662292978 11.3191979990755 -0.639595352848492 0.527292021282729 -0.559357585902067 0.539687924667039 0.826186116386526 0.161720267928095 0 0 0 0 0 0
16.3027582099937 9.598751771543 11.1012150661265 -0.910353289019062 0.396800983825175 -0.117498376191126 0.364730446352419 0.903465451429416 0.225215185049783 0 0 0 0 0 0
16.4163702743399 10.0669202097414 10.8633165280305 -0.799645593407099 0.0704383263144825 0.596326560812634 0.271101649078681 0.928470463557707 0.253863140624543 0 0 0 0 0 0
16.390568225295 10.533649263485 11.0158646731911 -0.342138339495686 -0.523279718128383 0.780461205469314 0.267299802721772 0.742071945397865 0.61471948343804 0 0 0 0 0 0
16.2010072827723 10.8405092162408 11.3626156287422 0.381255413458853 -0.720661599986063 0.579043321361922 0.203266670386415 0.676371335384421 0.707957963003677 0 0 0 0 0 0
2.0013970287828 15.1620008777967 11.5173356440884 0.143500428488394 -0.98592308262476 -0.0858096857664586 0.595092380692592 0.0166841550343693 0.803484099041426 0 0 0 0 0 0
1.95520916452404 15.0550919823962 11.9996860493506 0.766393111698881 -0.445846720249668 -0.462452484459886 0.563375921661124 0.120632187094573 0.817346588865005 0 0 0 0 0 0
2.23613898691882 14.8317031107286 12.450157659768 0.530286207785774 -0.133525813680044 -0.837237955967876 0.840931059953083 -0.0427824555275277 0.539448434889953 0 0 0 0 0 0
2.58750111804584 14.5408117366664 12.732895032711 0.372357847495021 0.555896486368238 -0.743188219667348 0.927940804662698 -0.208673926542208 0.308838235041263 0 0 0 0 0 0
3.09613168631043 14.4059291642439 12.6589137857939 0.117787900669088 0.956676149992962 -0.266264444660965 0.919870734650919 -0.00409821121414417 0.392200250124375 0 0 0 0 0 0
3.6183032281791 14.3567897426754 12.6920622396764 -0.209853228698475 0.915571797593732 0.343059624345109 0.879372565631416 0.0233662976672977 0.475560623841108 0 0 0 0 0 0
4.12745620387819 14.4826361486434 12.8896273698613 -0.521389884610891 0.789744860568228 0.323195983006462 0.739370424418296 0.229021145189374 0.633151396232889 0 0 0 0 0 0
4.52840591117733 14.8053919272719 13.0329297634622 -0.662061516939183 0.0809337691840623 0.745066623057193 0.745161677793762 0.177279820320569 0.64288874562765 0 0 0 0 0 0
4.87586514524507 15.1367691913693 13.2119000164214 -0.609049383443034 -0.591062859964347 0.528870063530189 0.709321151574979 -0.1075791586216 0.696627754657116 0 0 0 0 0 0
5.02232461856345 15.2899872470065 13.7230792001538 -0.267070914327068 -0.961883868509708 0.0587584055374399 0.608743416431235 -0.12112393284418 0.784066608040405 0 0 0 0 0 0
5.08349596299898 15.192151435387 14.2501220879476 0.33636751376725 -0.765237919569143 -0.548878695282966 0.66601744128931 -0.218755502370828 0.713138694841984 0 0 0 0 0 0
5.35671837804213 14.9219014910918 14.5926758471125 0.702547940338968 -0.129274107079298 -0.699796110852529 0.691037703721038 -0.110955119441054 0.714251953799062 0 0 0 0 0 0
5.65012101713938 14.6622534291538 14.9557341236256 0.43280885378346 0.774954372949417 -0.460567276229242 0.617625693855553 0.117247748988102 0.777683398078337 0 0 0 0 0 0
6.16815755954028 14.6050957749631 15.086333684969 -0.0565468734361327 0.97016711541659 -0.235750332489372 0.577005030213379 0.224456989509983 0.785292464607023 0 0 0 0 0 0
6.60643729185967 14.8074642645884 15.2260650406225 -0.559596666299515 0.80568827423039 0.194211163000802 0.540371321508143 0.177032952234283 0.822592346618152 0 0 0 0 0 0
6.97733347243979 15.1562144233617 15.3978045296895 -0.762553968505543 0.282407588663601 0.582028692575939 0.64022469439209 0.200289229408213 0.741617533013898 0 0 0 0 0 0
7.12305152450856 15.398492283218 15.8091362401734 -0.754017803257047 -0.349312427913872 0.556271498529571 0.554570007417153 0.115294773534511 0.824111170940526 0 0 0 0 0 0
7.03193992590631 15.7302404391808 16.2155948567298 -0.167545481718702 -0.812323333235072 0.55862269362917 0.263662477975033 0.509070899852535 0.819346640092822 0 0 0 0 0 0
6.83649495446036 15.8993606389787 16.6671200490174 0.710484002888441 -0.698954015858565 0.0817053569529073 0.386898062218397 0.484962014640015 0.784296967868643 0 0 0 0 0 0
6.7349767845985 15.7549822845856 17.1167740855245 0.967799126929179 0.109965950207165 -0.226433963243488 0.166705604612266 0.394008503530355 0.903862014102058 0 0 0 0 0 0
1.39752843146695 7.20148061796529 5.19764759465509 0.48353584902049 0.691382152696919 -0.536827534357365 0.786502929801432 -0.0739859373375654 0.613138828072441 0 0 0 0 0 0
1.8739473189948 7.1927065245069 5.25892481534357 0.155301785643957 0.981872898578442 -0.108659865695515 0.811525806657888 -0.0640843153809594 0.580791757560675 0 0 0 0 0 0
2.40006314248107 7.25622063601423 5.30586652125119 -0.300261106338209 0.872057072150548 0.386470866861615 0.904517140303863 0.131689811836338 0.405594053648512 0 0 0 0 0 0
2.85069657577043 7.63315024070946 5.29975521092088 -0.39758155020706 0.294165478530893 0.869134962002819 0.914327017802588 0.206540284001898 0.348349272427317 0 0 0 0 0 0
3.20481944980321 7.96590427296986 5.44791126743571 -0.326874230963626 -0.494510484397451 0.80536489739306 0.791527021793125 0.322365581305085 0.519196885353851 0 0 0 0 0 0
3.36015108289376 8.23988817397449 5.81594322205562 0.112967229612292 -0.938209700781674 0.327110015733063 0.677145782682483 0.313621068225882 0.66566914797081 0 0 0 0 0 0
3.53579327192301 8.42909654345961 6.27909074816208 0.463687960669518 -0.848136001301725 -0.256239728430359 0.759213708129465 0.231273197877121 0.608364408337632 0 0 0 0 0 0
3.90304199445217 8.34082621909096 6.66121877350819 0.358649216619462 -0.51257928641483 -0.780149482187042 0.927944129787422 0.286593769057303 0.238293314070275 0 0 0 0 0 0
4.38449845331078 8.15178655791957 6.78356922231688 0.258062297118891 0.325014991857761 -0.9098181718747 0.939705005239126 0.134295932995617 0.314514078396137 0 0 0 0 0 0
4.93505582125988 7.95938597402838 6.85917027133946 0.257552893540287 0.777816252458248 -0.573296070491359 0.900939542156938 0.0211409286704402 0.43342935123616 0 0 0 0 0 0
5.32412950200011 7.95247650877344 6.79410352285732 -0.0351977663996137 0.944750992255907 0.325893663442477 0.832826441623826 -0.152523101247594 0.53210602488415 0 0 0 0 0 0
5.80020509874985 8.02187013678543 6.91316185396757 -0.39703812163756 0.569464186115298 0.719771679561344 0.816310016410193 -0.139362105953832 0.560549873367663 0 0 0 0 0 0
6.26241469671007 8.18192217025564 7.11871795885589 -0.577630880969401 -0.220261198005753 0.786020082442926 0.810867536843768 -0.0439396155777483 0.583577885012618 0 0 0 0 0 0
6.51924484318434 8.39696870936196 7.43786304276427 -0.305058370844966 -0.862692821047492 0.40336148414361 0.78014827546146 0.0165318428765856 0.6253761799634 0 0 0 0 0 0
6.63853888599402 8.42677536910558 7.97628120402475 0.0668271444048975 -0.992208467038394 -0.105149848825415 0.689139119673801 -0.0303109165607394 0.723994835666987 0 0 0 0 0 0
6.77725172507003 8.31969593369537 8.44881179697707 0.467975132812343 -0.698183909100972 -0.541791938055334 0.807140132943645 0.0880040765789996 0.583763726431502 0 0 0 0 0 0
7.0508041677214 8.08148481630506 8.81768717523585 0.563129683721559 -0.13967665404231 -0.814478601086119 0.820293613533297 -0.0248071315152659 0.571404404797924 0 0 0 0 0 0
7.44767657983246 7.82955618116117 9.02167324465112 0.45343103540112 0.666067083505596 -0.592245672339965 0.804067803326561 -0.0190023898928149 0.594233857022604 0 0 0 0 0 0
8.00554548114978 7.72311781888144 9.06144855804421 -0.0242593594342209 0.990484931962529 -0.135466169337686 0.856240850827007 0.0905289606372607 0.508582454141882 0 0 0 0 0 0
8.45320997442622 7.83824019490356 9.03677998224049 -0.412144661518114 0.808853377185132 0.419395984957326 0.798368774413584 0.0988054373728123 0.59400739522915 0 0 0 0 0 0
6.39557548458829 6.22224794425055 11.6651873942162 0.226896061305532 0.921993288025288 -0.313761938737563 0.505960703471505 0.163687769702684 0.846882565998604 0 0 0 0 0 0
6.9045861405701 6.34154586074484 11.7891279498687 -0.39423872873144 0.900746624981718 -0.182294658046423 0.574455034294806 0.396366533173163 0.716166869488977 0 0 0 0 0 0
7.33406259395395 6.64607445150889 11.9273298152177 -0.832105056180152 0.429516954283974 0.350879411567628 0.545293515189618 0.518057712580181 0.658992555897516 0 0 0 0 0 0
7.45805689717624 7.16791185112074 12.0937135532439 -0.674991293002812 -0.222312981627248 0.703536560933684 0.564589009653459 0.458238121333038 0.686481663510173 0 0 0 0 0 0
7.65907937911501 7.56340480997931 12.4640476580485 -0.536852102238778 -0.664589761062954 0.51972133861531 0.29743324813187 0.427379174359812 0.853744987820867 0 0 0 0 0 0
7.51526501791005 7.80453209839048 12.9221526268199 0.355470213717458 -0.858955727684969 0.368559337199385 0.251897981686245 0.467760565804157 0.847199775673348 0 0 0 0 0 0
7.28011055101441 7.93579373030432 13.5092186812781 0.692595077489649 -0.716696311302454 0.0815993627583107 0.297746097432635 0.387088338863945 0.872645334244782 0 0 0 0 0 0
7.30206535314472 7.7987963793654 14.0282897887552 0.927844782311734 -0.176819765912271 -0.328388231091829 0.351680425242854 0.121579887463842 0.928191364679334 0 0 0 0 0 0
7.53075546978219 7.61699551433961 14.5015013303755 0.662863925468985 0.516021769468127 -0.542524607503504 0.5770394957183 0.109644426884547 0.809322877493482 0 0 0 0 0 0
7.89846096994573 7.84352611903289 14.8097534173489 0.492162183915687 0.184091379874428 -0.850815343408469 0.784684172372573 0.329345706017468 0.525168692474927 0 0 0 0 0 0
8.38533778643116 7.92147166842985 14.922654206452 -0.0538753061382785 0.805433623949971 -0.59023226682326 0.824323096990011 0.369467777312259 0.428934719155184 0 0 0 0 0 0
8.90250415153522 8.0339492181973 14.8006299032647 -0.388878534723834 0.919919290128035 -0.050219367592359 0.86718137890925 0.383900920971314 0.317201101748449 0 0 0 0 0 0
9.28081125807957 8.35553973110676 14.7513970996166 -0.65529718288777 0.710212499772515 0.257262137257368 0.75535745507995 0.618162295620925 0.217509749960339 0 0 0 0 0 0
9.59049196476409 8.79310703334159 14.7150953360139 -0.58099168354638 0.173631361791394 0.79517344891062 0.703675658731914 0.598113668346993 0.383536969593168 0 0 0 0 0 0
9.77383070519517 9.26395149598541 14.7489083664976 -0.219283085462414 -0.346736234736172 0.911969797718689 0.852540776218163 0.386430945509926 0.351916679396754 0 0 0 0 0 0
10.0539032456821 9.63425546739793 15.0403217182069 0.0843944321476533 -0.849219715982359 0.521251814202422 0.758684512286152 0.393892229564273 0.518889894203009 0 0 0 0 0 0
10.3076365017736 9.72591325486813 15.5575066267221 0.429580275300117 -0.903016485262915 -0.00469195231097877 0.831122819715298 0.393336786546482 0.393091631681189 0 0 0 0 0 0
10.8090004517023 9.79998161029573 15.8645869068779 0.230487459451307 -0.677219064022231 -0.698748789165703 0.956605381019421 0.0261366564342133 0.290212026275838 0 0 0 0 0 0
11.1824563214215 9.61592596625082 16.0930282151328 0.16415302913347 0.309156943765262 -0.936736765130967 0.958851456745507 0.172987429029553 0.225120486172995 0 0 0 0 0 0
11.6818380401123 9.42885050541342 15.9892192132809 -0.115333101068112 0.758081519451129 -0.641880585206221 0.987565522186207 0.157005163594326 0.00798235515400229 0 0 0 0 0 0
4.4221529318437 2.57685400243713 7.16962711955442 0.485775530066658 0.805794677979633 0.338699086695191 -0.373029298255735 -0.159315691155895 0.914039196749436 0 0 0 0 0 0
4.50775014893702 2.42137686104145 7.6917638451674 0.0702275593520303 0.997076406681022 -0.0301119436024768 -0.184884297701658 0.0426736442841052 0.981833364959084 0 0 0 0 0 0
4.80258597785297 2.5763181389835 8.1133680867204 -0.538376436633629 0.838484799526649 -0.0842262040010736 -0.0618827343787284 0.0603407517799604 0.996257758243539 0 0 0 0 0 0
4.83770695384847 2.87639684019202 8.55767022743603 -0.945454851359629 0.160810562197503 -0.283293288177229 -0.299995383318509 -0.0908935211613123 0.949600514847417 0 0 0 0 0 0
4.63381633571571 3.19115016045534 8.99400958316883 -0.683239537472833 -0.5746947014725 -0.450455030533952 -0.420628338303579 -0.194496351121971 0.886139362863545 0 0 0 0 0 0
4.24995070895908 3.21880953227536 9.25609777138084 -0.175580062998871 -0.953344845944036 -0.245571264990949 -0.533896466636535 -0.117366894281074 0.837364660730221 0 0 0 0 0 0
3.74441438522656 3.1859216688347 9.43508524564559 0.280292380554526 -0.956316205741621 0.0830391235444253 -0.513871091175792 -0.0764190728115867 0.854456919314496 0 0 0 0 0 0
3.33091615172845 2.9033863341003 9.62498204555275 0.679583212573173 -0.616206731727746 0.398065221995259 -0.548425994592629 -0.0663559907515657 0.83356212182804 0 0 0 0 0 0
2.90025573771428 2.66824269674658 9.84389796487239 0.827725269956289 -0.201108113909095 0.523857236273125 -0.551390853056057 -0.118292019174072 0.825817852414099 0 0 0 0 0 0
2.80661784326846 2.1917795320704 10.1340649813716 0.690892900815533 0.557191721535595 0.460656471847405 -0.376323909081699 -0.266879664192273 0.887217876450926 0 0 0 0 0 0
2.79518808100355 1.89858530599864 10.5542534201646 0.45824787942529 0.854920284916111 0.243146432096339 -0.276689463199992 -0.12275671242694 0.953086423420369 0 0 0 0 0 0
2.90365597344454 1.86234470494148 11.0728633823189 -0.253223138871583 0.967149336849902 -0.0223651999950456 -0.404873480812624 -0.0849524003703829 0.910417791020134 0 0 0 0 0 0
2.94990300279436 1.9880652450601 11.6077276565406 -0.570163929904047 0.702775521944653 -0.425464051115711 -0.571020140617353 0.0333191605425494 0.820259612897086 0 0 0 0 0 0
2.86398421737917 2.33633733999494 12.0077396717612 -0.762047230635881 0.0229961415153571 -0.647112969855797 -0.63753860122794 0.148161525579296 0.756037495288651 0 0 0 0 0 0
2.59118247711828 2.71077588477459 12.2798795049578 -0.701854966757162 -0.604587304119282 -0.376661382857443 -0.659189720847279 0.35088533040827 0.665092773102794 0 0 0 0 0 0
2.21262751560757 3.01504649269381 12.5072366241791 -0.446762132340653 -0.892028183771398 -0.0684785839802086 -0.658651537523004 0.276145282898742 0.699944236958457 0 0 0 0 0 0
1.70708507379414 3.23723913392548 12.6706988096594 0.0187731356933215 -0.962183506364135 0.271754428587758 -0.669116302478021 0.189872483725256 0.718492737389978 0 0 0 0 0 0
1.16721580815739 3.29708246449548 12.6069983047731 0.33453904822018 -0.531915429183194 0.777913620791406 -0.910704423483817 0.0297479193281446 0.411986060859653 0 0 0 0 0 0
0.727902402441415 3.02743001168844 12.7585779484319 0.521488060607716 0.250928412298919 0.815527519182981 -0.853061591486876 0.173861627371147 0.491993958964675 0 0 0 0 0 0
0.412016489292545 2.76075495164545 13.1017770223577 0.377887900721515 0.735700022175284 0.562090928462268 -0.839003655421644 0.0153915302618028 0.543908050119981 0 0 0 0 0 0
7.34306336293823 6.02077046257901 6.24265120773451 -0.281126165555317 0.259162809332458 -0.924014457299816 0.0587858720829106 0.965687590363623 0.252965806110533 0 0 0 0 0 0
7.54511016498608 6.51435399470954 6.17755521161994 -0.786419405579082 0.140295122791402 -0.601549496757821 0.101474236774913 0.98997711135033 0.098225751579744 0 0 0 0 0 0
7.72650852336565 6.95271606741083 5.97517118205666 -0.995487970974473 0.0888361812539768 -0.033344153090733 0.0857216549166452 0.992650278315243 0.08542378380184 0 0 0 0 0 0
7.66414063380586 7.38400311777598 5.66086746165624 -0.827925179549458 -0.00265763356728594 0.56083226908927 0.0490986852012771 0.995805906658086 0.0772004881874123 0 0 0 0 0 0
7.45248937790895 7.85444017604135 5.52872035257768 -0.429492913438657 -0.0500761564458336 0.901680772702616 -0.0118494323065215 0.998687947786163 0.0498194128897123 0 0 0 0 0 0
7.2388675609243 8.4098336062896 5.60198074527024 0.117310486397953 -0.144279729764343 0.98255870529969 0.130300318666559 0.983073147578394 0.128798344188515 0 0 0 0 0 0
7.11194352001501 8.9139891610959 5.82699265037764 0.716096643270051 -0.246382273206139 0.653070725838436 0.195461589088315 0.968979577236097 0.151239366867312 0 0 0 0 0 0
7.15429842824368 9.27503501121859 6.2116437951577 0.975443311711915 -0.201168990706294 -0.0896737576702474 0.209490696662692 0.973110981245208 0.0957531523855411 0 0 0 0 0 0
7.37714203434 9.62811719552124 6.54981357569466 0.543301524297402 -0.0637428612099135 -0.837114270181135 0.145026452488778 0.989249204320416 0.0187973357140116 0 0 0 0 0 0
7.80892144953624 10.0304033356524 6.56507706050359 -0.0134652178377109 -0.134813423713333 -0.990779505589045 0.347509816204434 0.928472221653996 -0.131058236133615 0 0 0 0 0 0
8.2376592140209 10.2381097547225 6.47888997723007 -0.758662610780084 0.312989178205096 -0.571374498320363 0.42073741725126 0.904998814773132 -0.0629060488662709 0 0 0 0 0 0
8.38070363208973 10.7210192580858 6.28122876882903 -0.994172314169806 0.0356201634132528 0.101747794554313 0.034559076288614 0.999328519622457 -0.0121729255015273 0 0 0 0 0 0
8.16255286359845 11.1469934292736 6.08792783965211 -0.65258313357334 -0.023067757896355 0.757365917058086 -0.0249849505956087 0.999648040668934 0.00891891419949025 0 0 0 0 0 0
7.9979090598566 11.6544981760357 6.0109386029821 -0.0821802487647491 -0.169554344701878 0.982088453707547 0.00735928273346832 0.985291551385392 0.170723166928854 0 0 0 0 0 0
7.84149275222174 12.2562926805169 6.1808033364994 0.489549706438483 -0.269546577569154 0.829268187890234 0.118508122960461 0.96276538239785 0.242978688877668 0 0 0 0 0 0
7.77303837472989 12.6288689941124 6.46066241926255 0.902350262899986 -0.180393566145846 0.391436028410149 0.0898405954351844 0.966971515189728 0.238526217057022 0 0 0 0 0 0
7.9479538608458 12.8219072241964 6.91798542479039 0.971825746915961 0.0700838946571837 -0.225039919438564 0.0194174234328735 0.927719805941311 0.372771948155229 0 0 0 0 0 0
8.08847214603581 13.2467707492056 7.22384818419799 0.705455505192648 0.0576702754752434 -0.706404041268165 0.334362396424627 0.85172293910486 0.40344742267086 0 0 0 0 0 0
8.48601499452583 13.4766303360091 7.50279146891256 0.308047481276293 0.326081180270957 -0.893743706636546 0.358818610116538 0.830227264211125 0.426581639073398 0 0 0 0 0 0
8.87780457109667 13.820164113699 7.63382800349332 -0.394303505833302 0.433706415197496 -0.810199661012089 0.0126177272922021 0.884100921138885 0.467125629996208 0 0 0 0 0 0
14.438973863829 11.6508301786156 2.17575804508675 -0.393630460208206 0.918275421089871 -0.042723668130163 0.0580053906599915 0.0711941369207547 0.995774457155078 0 0 0 0 0 0
14.6400278133562 11.8886348705568 2.6136065805287 -0.852104124542801 0.508359514280394 -0.124455474679698 -0.0803111328942201 0.107974829058171 0.990904414271682 0 0 0 0 0 0
14.6094154694113 12.2628068273571 3.00365407305566 -0.981703806367265 -0.144668958526307 0.123808436719538 0.102028729416668 0.149338261785273 0.983508119915933 0 0 0 0 0 0
14.5702951935194 12.4134949786688 3.5611259729743 -0.812838987752678 -0.54164186213536 -0.21428222784856 -0.326525913173557 0.119062570628269 0.937659283696143 0 0 0 0 0 0
14.1959749838291 12.6462433161594 3.8843852632519 -0.317551677188791 -0.928803562076421 -0.191010144727284 -0.590360352976292 0.0360157869389745 0.806335858513607 0 0 0 0 0 0
13.6686217300283 12.6785486932564 3.98205824024511 0.279569958691924 -0.91486830056709 0.291301614850453 -0.633578228698209 0.0521729436317754 0.771917490456355 0 0 0 0 0 0
13.247682743116 12.4558987333331 4.23090049301135 0.796167919717462 -0.356444062896034 0.488941994145458 -0.544380306537438 -0.0692215400048358 0.835977547697044 0 0 0 0 0 0
12.992201123143 12.2086320542546 4.64926303098069 0.866046133563326 0.213324268254117 0.452169051477275 -0.433648885970906 -0.129594119111172 0.891714084215334 0 0 0 0 0 0
13.033700898671 11.9692262680826 5.10381001714968 0.498770147983087 0.803708928935168 0.324469254369061 -0.358734716343337 -0.149362211127087 0.921412140780277 0 0 0 0 0 0
13.2462239702743 11.8487480117684 5.56839438859196 -0.133010147200402 0.978893172124745 0.155165905756652 -0.414163925570884 -0.197129059448867 0.888599109090551 0 0 0 0 0 0
13.1803994005856 11.9137198612563 6.10703931746176 -0.601215725296997 0.77612216530519 -0.190194732255103 -0.318728653567387 -0.0146509137604468 0.947732766195779 0 0 0 0 0 0
13.2072650304191 12.1639746823845 6.53851013584949 -0.918909940542531 0.307602994964091 -0.246951247539357 -0.251915375352719 0.02413823522962 0.967448184277018 0 0 0 0 0 0
13.0277134953554 12.3884830277671 7.02012589604452 -0.825978811647938 -0.167671993158088 -0.5381868684937 -0.56187589454547 0.168121429434205 0.809957198927034 0 0 0 0 0 0
12.697889007443 12.7453358973282 7.2493788977211 -0.589524022294799 -0.773150137323827 -0.233880936148097 -0.554565335004976 0.176880791530642 0.813123898799139 0 0 0 0 0 0
12.3436633406388 12.9481739139171 7.49471150499674 -0.0993298836639443 -0.99503968160242 -0.00544116236305143 -0.509989109426402 0.0462127646481661 0.858938582583201 0 0 0 0 0 0
11.9364555613422 12.839706197483 7.78934396917981 0.422258370899958 -0.867817917741029 0.261896792367791 -0.467001710742727 0.0393619203171064 0.883379896416211 0 0 0 0 0 0
11.6516605021819 12.6358269794157 8.11768485063302 0.811021728493959 -0.41663565459888 0.41068051722432 -0.49042583945138 -0.101478708478593 0.86555448570493 0 0 0 0 0 0
11.4431702298543 12.3263683770764 8.40161646957734 0.70534435205749 0.372440934427205 0.603139366468141 -0.64640430123308 -0.01128869076417 0.762911557658033 0 0 0 0 0 0
11.3525220421998 12.142256752104 8.89817554737506 0.37447647751328 0.859758072709923 0.347251240745608 -0.569128295005356 -0.0825344820148145 0.818095986484986 0 0 0 0 0 0
11.2589441784651 12.202630146296 9.43149568660319 -0.138483982157716 0.983208113866956 -0.118844400423098 -0.787762626006415 -0.0366315330614099 0.614888750794034 0 0 0 0 0 0
-0.655915088272058 14.547629556124 6.75524634659396 -0.402737120442825 -0.570239629879373 -0.71598154748042 0.914781071768776 -0.277488999511764 -0.293556546313534 0 0 0 0 0 0
-0.244929783332743 14.1987841811569 6.69951951332637 -0.473466330786347 0.16787736842554 -0.864665728927792 0.80502363442887 -0.31589834492971 -0.502140601506792 0 0 0 0 0 0
-0.0246176633009725 13.837579196464 6.33676075017642 -0.0193743506136283 0.883703694681762 -0.467645607852896 0.79071892791013 -0.272703903167618 -0.548084079536891 0 0 0 0 0 0
0.258546969460078 13.6281267381682 5.8470571790586 0.206972855215198 0.974646782416105 0.0850052158988017 0.846072464950431 -0.134685392656591 -0.515772458607128 0 0 0 0 0 0
0.597744038587609 13.7628395408643 5.4302728827453 0.342631763797099 0.530645760781021 0.775253862294423 0.846711793312672 0.183111112058232 -0.499549256536366 0 0 0 0 0 0
0.949727997723151 14.105882238186 5.21321505071919 0.460421095710898 -0.197813572674381 0.865379803953255 0.887393150534705 0.1282201978804 -0.442823867061839 0 0 0 0 0 0
1.4972893731072 14.282610696748 5.01230713176496 0.269433758902512 -0.598579610843594 0.754392403889379 0.951160049447359 0.0428508003965591 -0.305709615878649 0 0 0 0 0 0
1.91698089608858 14.4421743555262 5.1483874914608 0.00309012330200488 -0.999536306369346 -0.0302922991452089 0.947660479620106 0.0125984175455033 -0.319031182240138 0 0 0 0 0 0
2.39902080883596 14.3234096985047 5.35385666403767 -0.198683365564379 -0.768455861393248 -0.608276671703241 0.964204468945851 -0.0420623981049438 -0.26180240016186 0 0 0 0 0 0
2.80764276631911 13.9864330897774 5.4441891784033 -0.290927037636985 -0.287611342055139 -0.912491739520425 0.955818529960633 -0.129339983166079 -0.263973685314451 0 0 0 0 0 0
3.22364690506659 13.6987058778407 5.22126057496964 -0.375956657887852 0.250441702325823 -0.89215219840896 0.883371512655023 -0.193892787488773 -0.426685314475915 0 0 0 0 0 0
3.45766349072751 13.4904465502661 4.83062405846369 -0.118536969294861 0.879681730049581 -0.460552972770087 0.786418092547925 -0.200000332485497 -0.584419755585806 0 0 0 0 0 0
3.6932322638651 13.3467137299992 4.34563643302719 0.0734823403874365 0.987331979273627 0.140626840805044 0.811129539806075 0.022871057853646 -0.584419185488157 0 0 0 0 0 0
3.78671373716818 13.4793705849052 3.83343678922226 0.492310172154085 0.721188053423541 0.487358683099809 0.679809140665669 0.0310947630283977 -0.732729587214555 0 0 0 0 0 0
4.13696156175355 13.5171136385978 3.44750361025896 0.462762802100269 0.322191424217242 0.825859113380225 0.884892441098393 -0.112122045989787 -0.452099562585488 0 0 0 0 0 0
4.50858066130153 13.7772774083854 3.25800812510516 0.494926987306143 -0.443089930264752 0.747474809564872 0.856086419481126 0.101262707492968 -0.506815456010547 0 0 0 0 0 0
5.08334993554246 13.9588813661421 3.12051604071366 0.250897457756662 -0.894403877622712 0.370259597289119 0.875590200775311 0.0465798540056044 -0.480803616362302 0 0 0 0 0 0
5.59485495623154 13.936483480852 3.08341689968447 -0.123459082751851 -0.991008809157936 -0.0515693228328658 0.925773931295565 -0.0963070739325233 -0.365605765332153 0 0 0 0 0 0
6.03727687858736 13.7227712046593 3.30084506653943 -0.234099849820412 -0.530169263408878 -0.814934238114063 0.909056451240601 0.177822403473471 -0.3768229840134 0 0 0 0 0 0
6.53684558334843 13.5920574145557 3.15241960909209 -0.501407386329572 0.168659822624796 -0.848613278924104 0.838637956496289 0.335954804923201 -0.428743217990374 0 0 0 0 0 0
0.11526860748706 10.5616319780435 9.42164830843327 0.958979357559175 0.0992813366484773 0.265521765527207 -0.267111285341907 0.630114862657668 0.729113723023303 0 0 0 0 0 0
0.150940520657136 10.8441931625308 9.86657520739347 0.976933401932747 0.177915134930575 -0.118098827050675 -0.0519757268649362 0.73451839532253 0.676595337516952 0 0 0 0 0 0
0.286274766736825 10.9749978127206 10.3771042318538 0.608523456375842 0.590680692922144 -0.529901426728985 -0.0731533101894442 0.706686100635642 0.703735282884636 0 0 0 0 0 0
0.42369803633823 11.3114037669108 10.7541308018692 0.108843393336804 0.645313957179401 -0.75612367533122 0.130064457899603 0.744858661580807 0.654422501950636 0 0 0 0 0 0
0.818563721562675 11.6325445820582 10.9262783246428 -0.522603464842498 0.600426424947449 -0.60528813532023 0.131996218556774 0.758372718909905 0.638316392943115 0 0 0 0 0 0
1.00372155618246 12.1436339823022 10.998663552208 -0.914957971537786 0.231975415878492 -0.330211018513102 -0.0350205758300189 0.76953723201974 0.637640970926376 0 0 0 0 0 0
0.949425261166105 12.6413122903726 10.8674161373242 -0.838655855636732 -0.28829595169825 0.46210583207813 -0.0112343116066248 0.857402973679983 0.514523013059132 0 0 0 0 0 0
0.789472392464015 13.1355019098663 11.1101001812548 -0.459280877244695 -0.619293593594767 0.636817494051335 -0.0139569279831442 0.721844309272418 0.691914732703604 0 0 0 0 0 0
0.432576973864292 13.4686060736017 11.3344935376695 0.230787502776558 -0.59490797510793 0.769949108522857 -0.0765773267238146 0.777751343545595 0.623890022876513 0 0 0 0 0 0
0.141647873270314 13.7923898830326 11.6840203332375 0.746535610387377 -0.495284694702872 0.444272049105758 0.1655265402157 0.784991748189658 0.596983182140306 0 0 0 0 0 0
0.0535726761708964 13.9127500510964 12.2001998482494 0.994805378120246 -0.101605893760465 -0.0062049992885422 0.0755096274275554 0.695674938730546 0.7143771243454 0 0 0 0 0 0
0.227096831536925 14.1019841094081 12.66736767464 0.851692477197265 0.263382903828759 -0.453044556590538 0.075329001545841 0.794009381823427 0.603220227696723 0 0 0 0 0 0
0.496977060739687 14.2127718969192 13.1185614579995 0.489465268216033 0.520778702251444 -0.699437841764019 0.25281080345508 0.682894233826132 0.685377387330088 0 0 0 0 0 0
0.870650920943 14.4574281436749 13.4172189026455 -0.168954953446875 0.65684333732238 -0.734854444037023 -0.00482975096492177 0.745012277401632 0.667033267556012 0 0 0 0 0 0
1.20357786932634 14.8923260044625 13.5451364238991 -0.733665750032307 0.510697820705258 -0.448243575700124 -0.0169362042060446 0.645708486491408 0.763396172023456 0 0 0 0 0 0
1.34912858461243 15.3415873322718 13.8459076187293 -0.933382052266681 0.24410970303182 -0.263074889322708 0.0196802415467464 0.766747340650079 0.641647257999824 0 0 0 0 0 0
1.45326856606286 15.8309848538118 13.8798288107223 -0.921099841317022 -0.206266396771766 0.330195784177431 0.0389086390313324 0.795104533218685 0.605223015973307 0 0 0 0 0 0
1.2295828383429 16.3098714148772 13.9614142802381 -0.410825730030423 -0.546803808724729 0.729539453565809 -0.13654097219949 0.828060838412997 0.543757124824662 0 0 0 0 0 0
0.873712869880346 16.6472161460614 14.181050798165 0.439995021638652 -0.564533740160021 0.698359532872674 0.0326159225951703 0.787216405996154 0.615813715115021 0 0 0 0 0 0
0.590969685385099 16.8490852442435 14.5909169481933 0.942790565971636 -0.102983175114563 0.31708108483195 -0.142888517864712 0.73448864589941 0.663407341312467 0 0 0 0 0 0
5.76419766865792 0.941842362317285 9.19827637145818 0.675724860846877 -0.577714922392584 0.457866116761657 0.0088464081188501 0.627437419863936 0.778616738336571 0 0 0 0 0 0
5.67166453269967 0.962298870900466 9.76461609160374 0.976147844907334 -0.191892483083285 -0.10155126694876 0.214463450090103 0.779506219847965 0.588536729349822 0 0 0 0 0 0
5.89653538312106 1.24514347956924 10.1656567639156 0.855845168149124 -0.0174593326875211 -0.516937346162863 0.364813376792543 0.728862736847075 0.57937061622852 0 0 0 0 0 0
6.2425730356445 1.29117004110384 10.5058216291646 0.238462132686515 0.699651600633541 -0.673515737756382 0.417071303806386 0.552530556347251 0.721638075383942 0 0 0 0 0 0
6.6399297826568 1.64208491764222 10.6486944319322 -0.620693727613655 0.759090651400304 -0.196266857766994 0.440215265638593 0.544543460925139 0.713920821283716 0 0 0 0 0 0
6.98351553707908 2.01234856153276 10.742662703354 -0.91755744771904 0.310546095687905 0.248293078011288 0.394661914175898 0.635534527833601 0.663579563752786 0 0 0 0 0 0
6.99073350195641 2.48132831230931 10.9954797736844 -0.767253117359974 -0.276849089963494 0.578512951702715 0.160942108854293 0.790054893008493 0.59153267334178 0 0 0 0 0 0
6.94414059619868 3.05192120942649 11.1960016897282 -0.256273817568872 -0.64794101735435 0.717283882753885 0.258261164869219 0.669189529275913 0.696768644980438 0 0 0 0 0 0
6.78495974104558 3.3333330694428 11.680597923556 0.290125456175982 -0.859250975849232 0.421325266487569 0.230935523914608 0.490111682072796 0.840511346080503 0 0 0 0 0 0
6.68370096025164 3.40570317037465 12.2032778733547 0.787818113768332 -0.610599097321035 -0.0806930106591848 0.430194493148295 0.451766813752557 0.781562181823522 0 0 0 0 0 0
6.83515767331245 3.3395332263373 12.6905432672474 0.83675730680089 -0.307757762709591 -0.452904370708991 0.545432003781086 0.395364343372049 0.73904733626564 0 0 0 0 0 0
7.1977478492601 3.30613778639916 13.085635928551 0.57040394753547 0.249975524239708 -0.782401159199701 0.533362825106974 0.611676630178233 0.584273734552315 0 0 0 0 0 0
7.72432907294058 3.36800013622695 13.2751222198526 0.0370816499665876 0.671151563125634 -0.740392146466839 0.560260350289647 0.599545206419325 0.571536425219715 0 0 0 0 0 0
8.22518233217708 3.6237767761365 13.3558695813095 -0.463529368807975 0.806071675831012 -0.36795241224303 0.592941513214354 0.590754041096131 0.547201996373974 0 0 0 0 0 0
8.58957544242748 4.01834589758689 13.3706334465983 -0.787613013043979 0.579171271341919 0.210300689813347 0.598992656601817 0.639653761091321 0.481716579804791 0 0 0 0 0 0
8.85907645842459 4.39927274957629 13.6156613306987 -0.922108118728153 0.0940959034651609 0.375316637423258 0.360325736153321 0.562296898274566 0.744303407258337 0 0 0 0 0 0
8.82938968460383 4.89631250522926 13.8175406978438 -0.589887308151842 -0.513902198991907 0.622846284048204 0.38914209723817 0.49494027462432 0.776918626827727 0 0 0 0 0 0
8.82136500060746 5.14668077442845 14.2904773272052 -0.467423560149453 -0.752734169906716 0.463580073851388 0.0590688966654972 0.496626690127494 0.86595195946411 0 0 0 0 0 0
8.64241101963628 5.49445407143479 14.6382572050988 0.126504033411685 -0.860685313973924 0.4931708830012 0.178717170926032 0.508804911874995 0.842126911141114 0 0 0 0 0 0
8.48384531609612 5.4504424764801 15.0863616814317 0.910853613772302 -0.353141310581164 0.213627968765691 -0.0459902289446631 0.427532168832863 0.90282952070404 0 0 0 0 0 0
9.04780109930484 2.68216755677993 3.18672591507367 -0.811326357972458 0.246259731237772 0.530194007538607 0.561026829832465 0.582908544327392 0.587764004646641 0 0 0 0 0 0
9.12139456701995 3.20736921603342 3.27293682357956 -0.627950309402883 -0.218496042986768 0.74695240017015 0.478026938591117 0.649100667480379 0.591741978786135 0 0 0 0 0 0
9.08904361665253 3.53611096359446 3.47889055580188 0.255469820905876 -0.687666411522629 0.679595524609977 0.619018730758218 0.656292460934988 0.431388475379654 0 0 0 0 0 0
9.26601738957086 3.84190064020691 3.86591357904087 0.504432370207241 -0.791185866846961 0.345793157810747 0.683742122506973 0.610581565351377 0.399608385751253 0 0 0 0 0 0
9.43311184093047 4.09877806034125 4.2992921792882 0.63828405458307 -0.706513545666425 -0.305666608341267 0.767788207273231 0.612972147320059 0.186457543108326 0 0 0 0 0 0
9.79904729686674 4.39251182813966 4.56419457165859 0.214279938936172 -0.464994354065074 -0.858990313366289 0.707777279622872 0.679976108574805 -0.19153019139841 0 0 0 0 0 0
10.2732525028532 4.50850393293893 4.48330656139732 -0.418460225171844 0.197224330067134 -0.886562802952334 0.731349684538664 0.651968214551756 -0.200162649211565 0 0 0 0 0 0
10.7037636152495 4.63754124583329 4.1793076766445 -0.714103500171933 0.49595237418978 -0.494052055534347 0.677889504198489 0.666037614522249 -0.311222936396145 0 0 0 0 0 0
10.9508928952228 5.07770640340361 4.03639132845497 -0.97235129902561 0.225552927604921 0.0604882478838433 0.205628002110166 0.949746767102076 -0.236004667596503 0 0 0 0 0 0
10.8308042966478 5.47424269495416 3.69401546842167 -0.565364372552619 0.371287213111242 0.736552056292202 0.0232829482800663 0.8997898504868 -0.435701881198981 0 0 0 0 0 0
10.5781146337192 5.86695841137791 3.44223357791708 -0.0440488735775858 0.364787758812756 0.930048164213506 -0.109142013062493 0.923622415889177 -0.36743659841081 0 0 0 0 0 0
10.3276924333893 6.30032392010893 3.50020164923423 0.59205260172738 0.417284602105172 0.68945433324751 -0.142851684135295 0.896301453871926 -0.419806026787112 0 0 0 0 0 0
10.1594461305878 6.80173060667605 3.61241799764588 0.991353831234854 0.098185451761147 0.087047104250718 -0.0582713959587734 0.92381220433055 -0.37838532680714 0 0 0 0 0 0
10.1251927197807 7.28777142982488 3.56304422337748 0.905441234561798 -0.225874043650158 -0.359384316797956 -0.0279920720405677 0.813046286676828 -0.581525734274845 0 0 0 0 0 0
10.2222117117249 7.84207266318688 3.44218008633896 0.594195802137449 -0.549375202744676 -0.587467646199755 0.022532766910014 0.741473248625681 -0.670603978505838 0 0 0 0 0 0
10.5842446023718 8.16481076797318 3.18600271511964 -0.144873181527463 -0.731662318439472 -0.666094597673549 0.0536788114749517 0.666393424295049 -0.743665508985698 0 0 0 0 0 0
10.9448574792392 8.33865930446126 2.82764515413233 -0.777987886918503 -0.408480780374084 -0.477366002007958 0.123081229307319 0.645986554617661 -0.753360725181107 0 0 0 0 0 0
10.9387538312778 8.64493121012569 2.42695886816223 -0.914897874208531 -0.394740749652583 -0.0845081080868974 -0.0736757703081927 0.369101831099876 -0.926464094905039 0 0 0 0 0 0
10.872679420582 8.52979420708939 1.93384350108567 -0.945456822473445 0.29467295518545 0.138849725677409 -0.0513363557317601 0.28613703745243 -0.956812507431905 0 0 0 0 0 0
10.6660677174533 8.5128057612997 1.42392650540952 -0.482889295579967 0.706905710010979 0.516819354676425 -0.123114341644229 0.529523358325675 -0.839313929271406 0 0 0 0 0 0
7.70676668282322 4.36713501955067 4.65146168371801 -0.529351944169632 0.46033767794856 0.712654012452577 0.789853303454686 0.57403927087585 0.215895054399219 0 0 0 0 0 0
7.85531718857382 4.7824032347289 4.65743957207682 0.0230148202379309 -0.416629264406413 0.908785108862148 0.755956895081078 0.602109926164065 0.256890656883586 0 0 0 0 0 0
7.99377838970466 5.17994135467481 4.98939242391407 0.278716601174716 -0.887772229270629 0.366302504994807 0.715431281173226 0.446384436903121 0.537493271036502 0 0 0 0 0 0
8.21822640802793 5.28263214244657 5.4666374252456 0.617426717938122 -0.675468727486309 -0.40314544046062 0.78175615739655 0.469940772844379 0.409893864788201 0 0 0 0 0 0
8.51324793872689 5.28050183222535 5.86733854730118 0.361253638258103 0.0973589851389677 -0.927371035162299 0.622395335510913 0.715389592494845 0.317555943550608 0 0 0 0 0 0
8.9990440881013 5.48163743533081 5.87403370335651 -0.0915771855467577 0.31561155827669 -0.944459085069064 0.81562502554606 0.567894132012559 0.110689080440172 0 0 0 0 0 0
9.46313216740423 5.57838706615232 5.84543575149335 -0.588344912318954 0.58801083373199 -0.555061729506018 0.701372537970844 0.712700847670642 0.0115786316067076 0 0 0 0 0 0
9.81219233360371 6.02023031297047 5.63917583197024 -0.908534265163666 0.413963010992901 0.0565695550027503 0.408123604036403 0.908284023206888 -0.0919524715026557 0 0 0 0 0 0
9.82656631056828 6.43326537219542 5.29583848946928 -0.664270238222149 0.311865635458959 0.679326781477124 0.407993168905014 0.912764098485115 -0.0200816992184202 0 0 0 0 0 0
9.94832062773935 6.94961466632624 5.2244972773166 -0.422585622735192 -0.081800677739869 0.902623975185021 0.393300230798416 0.880707973369747 0.263947710914237 0 0 0 0 0 0
9.82213970078892 7.48135682259394 5.32175804690236 0.411772793070869 -0.415161842858899 0.811223650493881 0.532580216602108 0.831981671370543 0.155450350232896 0 0 0 0 0 0
9.97957201935353 7.88780046070344 5.62938944870299 0.736477208519977 -0.572614200859066 0.360158712660345 0.487367520679443 0.8183744342692 0.30452616492075 0 0 0 0 0 0
10.1036643577997 8.23275430623166 6.0478947157233 0.824339849257148 -0.508892758643566 -0.247975751086359 0.559342082840401 0.799661909694244 0.218351241232827 0 0 0 0 0 0
10.3336677311731 8.43735906709023 6.46308167226635 0.596218203256622 -0.155962522622161 -0.787527488817234 0.572206570709466 0.770615701804743 0.280590592445464 0 0 0 0 0 0
10.8186098091125 8.51194571804517 6.57347833246286 0.0784094944760816 0.282764461983704 -0.955979189216519 0.626848013216243 0.731661981724809 0.26782888721229 0 0 0 0 0 0
11.2907201137078 8.79581865456147 6.49283876029561 -0.426624840304692 0.564801350074806 -0.706392724048509 0.627709799239263 0.747203740406656 0.218327685512644 0 0 0 0 0 0
11.7702472705206 9.06922569995086 6.32476291314381 -0.753572160720818 0.652255496395343 -0.0818032151484466 0.603451441779063 0.735746067331472 0.307447689568555 0 0 0 0 0 0
12.045838925651 9.48813938221535 6.13177154402999 -0.80256475887552 0.462018174753971 0.377397686808076 0.584467625017061 0.735707001832061 0.342246698687067 0 0 0 0 0 0
12.1367562049805 10.0072555244187 6.02718865182664 -0.602493430849339 0.00224690932718348 0.798120678332462 0.459818528421914 0.818336064165495 0.344808652742404 0 0 0 0 0 0
12.0935541922968 10.536886272975 6.10662389842503 0.0346778747837576 -0.453880841541839 0.890387346429494 0.684097488451792 0.660267180742901 0.30993205114633 0 0 0 0 0 0
2.28078013324977 10.1653611047864 17.3181963954154 -0.586277246034463 -0.597912379310338 -0.546607516825096 0.430613355793475 0.341510455904395 -0.83542967766309 0 0 0 0 0 0
2.56501357763102 10.0067651941297 16.8907109707089 -0.953122380874159 0.0260601993732789 -0.301460765416333 0.285218932813618 0.410039030235097 -0.866324508511979 0 0 0 0 0 0
2.6352907542527 9.83907897485972 16.3851147361191 -0.753958034606464 0.644991660511829 -0.124631616865674 0.191744247964921 0.0346115094676783 -0.980834433930995 0 0 0 0 0 0
2.53376215145088 9.8303258534201 15.8535505301574 -0.521025227833471 0.838229747594059 0.160945960525514 -0.0419717717136914 0.163173357077265 -0.9857042284171 0 0 0 0 0 0
2.2590212836923 9.87424082217042 15.4012446320566 0.184426314846197 0.957504731186531 0.221746756791755 0.0198433914250681 0.221943414944893 -0.974857610310014 0 0 0 0 0 0
2.15576880649937 10.1847751900022 14.9342254704825 0.632766611359966 0.632663901258156 0.446478222977154 0.227396431985499 0.399345727860203 -0.888151930899252 0 0 0 0 0 0
2.0385205848754 10.5121843092616 14.5043591972115 0.901794122534178 0.0644533162678335 0.427332576086696 0.351254271536642 0.466746797568947 -0.811645158727874 0 0 0 0 0 0
2.17778411057049 10.9479557116649 14.3398395741538 0.824891056777372 -0.557849369903377 0.0914266096227733 0.405560207030541 0.47134683821391 -0.783168613121782 0 0 0 0 0 0
2.55371894397968 11.2779235710823 14.0557527298303 0.531928114184848 -0.842053756963327 0.0894312681543634 0.51499219813798 0.237858006604087 -0.823533001494987 0 0 0 0 0 0
3.08186383948915 11.3556915499339 13.9949233542705 -0.15651926235164 -0.826076903909586 -0.541385878408416 0.603589537357259 0.353872117800828 -0.714460771936436 0 0 0 0 0 0
3.558244968773 11.338315346814 13.7822555107323 -0.585201834558926 -0.4119727632893 -0.698439156359841 0.603589537357259 0.353872117800828 -0.714460771936436 0 0 0 0 0 0
3.81433945589945 11.1214954544863 13.2945482637941 -0.80527666227061 0.117050218736624 -0.581230370417801 0.575687888906667 0.388852862237921 -0.71928916723079 0 0 0 0 0 0
4.01694134243838 11.0591977258449 12.7995929456327 -0.885534050144467 0.41306190931813 -0.212624798895141 0.426886648837382 0.542899031394172 -0.723207045565556 0 0 0 0 0 0
4.13235499777234 11.107461613641 12.3113080097149 -0.610098845555762 0.77261633448413 0.175622886719911 0.409038374580753 0.496962881173641 -0.765320522954879 0 0 0 0 0 0
4.07091344511927 11.3571888548082 11.8430192913008 0.0397764987220627 0.798730530867889 0.600372691924702 0.444184443866911 0.524081888362788 -0.726662476062125 0 0 0 0 0 0
4.09264922106004 11.719543823968 11.4862454582563 0.441722060364265 0.421039899542958 0.792216526197482 0.586992084856809 0.532159055046805 -0.610120506496174 0 0 0 0 0 0
4.24836168745391 12.2276617535495 11.3004316617351 0.794574260294914 -0.0907116558872559 0.600352513414396 0.588821620117141 0.356345666625352 -0.725470099700849 0 0 0 0 0 0
4.54713797970197 12.6513760333649 11.1594208877165 0.629055117605604 -0.766270434872699 0.130840665139723 0.638562787359365 0.413378900860572 -0.649118980559916 0 0 0 0 0 0
4.9976617401148 12.8572649570805 11.0615443501782 0.385970678522069 -0.920282524453766 -0.0640836212008886 0.766277126017085 0.358508611598213 -0.533189404951859 0 0 0 0 0 0
5.5150278726658 13.001206307733 11.0442737225141 -0.0912278451996637 -0.838269425277908 -0.537570321822617 0.525352383584107 0.418077719698661 -0.741091015566958 0 0 0 0 0 0
9.83168045373379 14.9677223440889 12.0003986834046 0.231203184776501 -0.6884791952614 0.687416529508433 0.345839448677674 0.71857226737267 0.603364709194383 0 0 0 0 0 0
9.72552983968468 15.3076711925436 12.3842314956775 0.638848730643324 -0.745767276041694 0.188953616903103 0.524286505133222 0.601772594152917 0.60248934053779 0 0 0 0 0 0
9.88455681366874 15.3886452488179 12.8921774399758 0.820146408562454 -0.418169480897704 -0.390504998390356 0.536566548174078 0.325185462963159 0.778685272788686 0 0 0 0 0 0
10.1164544411316 15.1677450646021 13.3235840939682 0.768958498843464 0.179142486792627 -0.613686236184387 0.551475460465346 0.299702465066532 0.778494218949364 0 0 0 0 0 0
10.50978786468 15.1244536876842 13.6533561530519 0.146998993855729 0.686740948244075 -0.711883533880531 0.424316449416924 0.606337084854665 0.672540623519622 0 0 0 0 0 0
10.8910784634434 15.4774587646481 13.8269336066722 -0.479258549856043 0.642142287966215 -0.59830136586456 0.372019440235857 0.766050289854702 0.524183641007736 0 0 0 0 0 0
11.2259640554013 15.818511197036 13.7660643317702 -0.828514542533932 0.557398718313823 -0.0535753827041587 0.476694870514581 0.752271395568973 0.454807374427676 0 0 0 0 0 0
11.4416941881288 16.331632937895 13.6886433474801 -0.866263533342423 0.272984083445472 0.418410302199332 0.425532620009448 0.841966683350136 0.331683725009635 0 0 0 0 0 0
11.6029366300423 16.896031838482 13.7071278643813 -0.623138958808876 -0.209282676195645 0.75359047197996 0.390128506735561 0.751928795289751 0.531415877676217 0 0 0 0 0 0
11.4925193352375 17.3556981059504 13.8679320435208 0.0596776171219744 -0.639418655696708 0.766539212801053 0.282656592435461 0.747303596167143 0.60136726374856 0 0 0 0 0 0
11.3538094153458 17.6713382940617 14.2800193302588 0.590837313477128 -0.73051221073752 0.342437116806153 0.298862068887831 0.59242121903937 0.748143410725506 0 0 0 0 0 0
11.5247258466088 17.7544353983124 14.7936029309479 0.783811318772694 -0.573524114253144 -0.238138419693164 0.498405411708951 0.352226535797296 0.792166972966853 0 0 0 0 0 0
11.7728995248943 17.748900899464 15.2575092095353 0.706935086169553 -0.125694350913315 -0.696019909263325 0.690664720247955 0.334722816914276 0.64104826654612 0 0 0 0 0 0
12.1392680395325 17.6813389756659 15.6698840364583 0.457022162965125 0.443859091055918 -0.770791703280265 0.742443592340874 0.286842417200951 0.605391559146882 0 0 0 0 0 0
12.6873948496588 17.6584274043759 15.9149446752913 0.0135002128028133 0.791291619623072 -0.611289879654959 0.778454754140507 0.375370831484882 0.503095353413635 0 0 0 0 0 0
13.1983915583679 17.8749715102516 15.8068486864947 -0.472535672617474 0.878767933758871 -0.0669100642737386 0.657724473958099 0.402170051600664 0.636912683145862 0 0 0 0 0 0
13.5825777506168 18.2225984699796 15.8720681494895 -0.830278120574007 0.294117139061044 0.473427239400778 0.548654384903213 0.580762944949737 0.601408985383313 0 0 0 0 0 0
13.8360208531256 18.6305587848045 16.1126263878289 -0.788056263056243 -0.332597782363319 0.518021275069695 0.32813325833963 0.485032094880799 0.810600044230792 0 0 0 0 0 0
13.6505102593896 18.9881242922974 16.4495761151372 -0.190844114224489 -0.794387383612385 0.576651722292876 0.368795455867119 0.486388688470375 0.792095925667991 0 0 0 0 0 0
13.5183833342383 19.2784729639161 16.9490523270496 0.515146599728604 -0.779460325066306 0.356462596124174 0.165190677688461 0.498386620365293 0.851071569637765 0 0 0 0 0 0
9.09499448848304 0.00561709880040916 10.6529674461274 0.923036981250914 0.124304591561726 -0.364075678616236 0.108644993422731 0.823613100981935 0.556648655163286 0 0 0 0 0 0
9.3834813289893 0.281047438665181 11.0583437808937 0.311842996995556 0.236877416288486 -0.920132074692172 0.130289840812136 0.948614407919965 0.28836654186608 0 0 0 0 0 0
9.70420194526077 0.680824792444323 11.0897203840533 -0.310872684265976 0.37225181436796 -0.874520875037886 0.22279133675084 0.923015824743573 0.313696999573979 0 0 0 0 0 0
10.1026846522528 1.03067103468216 11.0436307147156 -0.782317631407538 0.344983554540103 -0.518618810578422 0.214816629470682 0.930963294138101 0.295230690597018 0 0 0 0 0 0
10.3058398375301 1.47445992237399 10.8189876734823 -0.974895443108025 0.21627138965821 0.0529675468802812 0.222120217067854 0.927999395945171 0.299131627039215 0 0 0 0 0 0
10.3047167311391 1.99460236070638 10.8624328449005 -0.935435131691806 -0.0928588194907285 0.341084086464792 -0.0899369962805239 0.995648373004273 0.0244060245427587 0 0 0 0 0 0
10.025297953103 2.43564568982568 10.654216708814 -0.24023160106508 -0.23685364698998 0.941376188225119 -0.280088674658717 0.94544236214211 0.166400343133876 0 0 0 0 0 0
9.60829179206163 2.71610244136594 10.7444643680759 0.699140960664573 0.038926903694292 0.713923394552801 -0.168353939680472 0.979404079012302 0.111465694310535 0 0 0 0 0 0
9.33759259365816 3.23857866438244 10.8986076250188 0.913869546947691 0.0114019548474186 0.405847812101137 0.0131070538659279 0.998256060725011 -0.0575590337370156 0 0 0 0 0 0
9.38898791804363 3.67900642395807 11.2183592214961 0.972700374989053 -0.0610585393201677 -0.223887997159839 0.0148302437551412 0.979148984564373 -0.202601406452966 0 0 0 0 0 0
9.55578827612243 4.18450116493882 11.4403189129335 0.547893682237077 -0.0123776837199313 -0.836456398092827 0.191227636017526 0.975269020175745 0.110825671703767 0 0 0 0 0 0
9.83771356394778 4.58926306475456 11.5101841609149 -0.0322285016905629 0.018537726076232 -0.999308599177804 0.12995761954099 0.991417860420833 0.0142001113311369 0 0 0 0 0 0
10.1967322026079 4.96202148655223 11.4268943001764 -0.691021729691382 0.186240003379464 -0.698429402470678 0.206217746766134 0.976875965717491 0.0564587329136741 0 0 0 0 0 0
10.3770038265816 5.38510517542909 11.1941397677739 -0.950077837961191 0.306862890254161 -0.0564558978305386 0.309358578773845 0.949998349900627 -0.04243117869106 0 0 0 0 0 0
10.4634676317587 5.75221796546326 10.8967080555242 -0.511737284501745 0.321467212786217 0.796733194208853 0.357492609382899 0.922938176105153 -0.142773097340854 0 0 0 0 0 0
10.5365808233923 6.24185470418329 10.7865498079614 -0.164354463415174 -0.00293345529578588 0.986396981542187 0.352024803506389 0.933972490416718 0.0614322786577425 0 0 0 0 0 0
10.4974418064772 6.77322021612284 10.9086336102545 0.371174770513448 -0.321837991684271 0.871004935027882 0.360504776875467 0.914381013649024 0.184238073503154 0 0 0 0 0 0
10.477013171248 7.12778620778419 11.22821634663 0.830251454825481 -0.3444931782513 0.43818600148623 0.207808339403491 0.920770524763607 0.330147444032081 0 0 0 0 0 0
10.5346447150367 7.45295697546534 11.6520414038464 0.947036741394835 -0.248458899378171 -0.20344430630529 0.280946272701306 0.947901469280762 0.150173221283344 0 0 0 0 0 0
10.8080128827103 7.72186353093779 12.0283978990011 0.38945690596479 -0.00123271351510254 -0.92104386367519 0.2845583334376 0.951237912651945 0.119050360792338 0 0 0 0 0 0
6.33597559311696 7.33679915668264 10.2738393468299 0.697857443645086 0.488773978436098 -0.523540816319889 0.435911852809669 0.290151237472754 0.851934924729038 0 0 0 0 0 0
6.76493647120667 7.34770565568732 10.5971947480007 0.170088283016607 0.916015387577389 -0.363298480181115 0.348714664044595 0.28886575981016 0.891602296929278 0 0 0 0 0 0
7.19545958080023 7.56825527393513 10.8310597092817 -0.502876591349026 0.841825527041217 -0.196073751162575 0.282588825605064 0.374499405105417 0.883115933056833 0 0 0 0 0 0
7.49694074721876 7.97112617164065 11.0194456116079 -0.923978491346653 0.376102327365682 0.0693598362085709 0.222577834430473 0.381345417926874 0.897237304087619 0 0 0 0 0 0
7.58780098746178 8.45972960670326 11.2236420907802 -0.930824604691129 -0.190512932935261 0.311881993205777 0.222577834430473 0.381345417926874 0.897237304087619 0 0 0 0 0 0
7.39906878734655 8.79536555639294 11.5449104706274 -0.359669367632958 -0.75198047197032 0.552415890214793 0.0708777910444502 0.56830621999607 0.819758732219693 0 0 0 0 0 0
7.08531097048869 9.0618432439249 11.8902085686913 0.112934418715165 -0.823857968124897 0.555431242753399 0.0860207974844493 0.565015593056531 0.820583817780436 0 0 0 0 0 0
6.79344351822419 9.125304878396 12.336830459531 0.847220164953174 -0.454234752836394 0.275479185080065 -0.0126126672125372 0.501211929214345 0.865232640761443 0 0 0 0 0 0
6.72520925864478 9.16043409457927 12.8651530888755 0.993981822988639 0.0695587580771148 -0.08462691500315 0.00796032295187664 0.724623465372208 0.689099025315284 0 0 0 0 0 0
6.92338245248018 9.25021018977221 13.3067432424103 0.641020671030667 0.497565817904358 -0.58439777221047 -0.0142317871973434 0.768981447862786 0.639112657577694 0 0 0 0 0 0
7.16382380788051 9.50923364850443 13.6801395693395 -0.0918764667999081 0.691868983594817 -0.71615363183317 -0.0652370489998408 0.713468249097275 0.697644024533903 0 0 0 0 0 0
7.26005719640329 9.99281894743857 13.9057646531322 -0.481150178656229 0.343106013563067 -0.806704883483384 -0.230689394789079 0.838235625418196 0.494108732377414 0 0 0 0 0 0
7.34896756882016 10.5222453666987 13.9278489096155 -0.93579099999616 -0.051347021337968 -0.348796054630647 -0.270482945094496 0.739123603557245 0.616875412930002 0 0 0 0 0 0
7.25851309572748 10.9724257302272 13.9566476298677 -0.86536684637756 -0.493431271293865 0.0875545641293263 -0.345846188939742 0.714459615750296 0.608225181209884 0 0 0 0 0 0
7.07545908406448 11.4301707110731 14.1646760479252 -0.583270435703215 -0.763085956905001 0.278379994268556 -0.417932057475322 0.575800115588102 0.702699809465729 0 0 0 0 0 0
6.582739681095 11.5725816931458 14.2506956307065 -0.0110332425717448 -0.689964539890306 0.723759076801329 -0.552034657955904 0.607709169986387 0.570917946057019 0 0 0 0 0 0
6.07247358454869 11.6024417985204 14.4162914849444 0.392675828780384 -0.0476818868770836 0.918440053109336 -0.69007638447764 0.644879506822543 0.328519413835136 0 0 0 0 0 0
5.65613240829578 11.6052625006151 14.7559047513437 0.750698021626697 0.390775741195759 0.53267889053225 -0.629398333974759 0.668079551509003 0.39689727895934 0 0 0 0 0 0
5.45872052357406 11.7926062674107 15.1751189793123 0.769171723208986 0.63796474464661 0.0370923820171473 -0.616356339710639 0.725287317667245 0.306697194851138 0 0 0 0 0 0
5.40391740227515 12.0130556857697 15.5763887908812 0.121728497409435 0.64177099571952 -0.757173799052514 -0.537130595270287 0.684088068155839 0.493471618871237 0 0 0 0 0 0
3.10740222555654 5.14428811146419 2.60815813162252 0.141701862249511 -0.451021427508096 -0.881192518218114 0.855972041051428 0.502955444112348 -0.119781827403001 0 0 0 0 0 0
3.64390963602426 5.11726476785285 2.61886511680219 -0.165798572374383 0.11607428458364 -0.979304648134079 0.792125088919945 0.607187297966794 -0.0621403950048008 0 0 0 0 0 0
4.07345946657256 5.29901486302109 2.27867898554555 -0.522543137143229 0.644520708585088 -0.558159229995786 0.788867231211011 0.613845250403545 -0.0297069028759707 0 0 0 0 0 0
4.53409640137165 5.61234450827585 2.14125558717218 -0.67004050308727 0.739620956082576 -0.0632974371207469 0.71959454065426 0.668097432264539 0.189286867114744 0 0 0 0 0 0
4.79454375672031 5.99088447611116 1.8627600397006 -0.565543645558134 0.524699949952089 0.63627851408726 0.740487042341895 0.662731021094199 0.111653633184021 0 0 0 0 0 0
5.06035052041266 6.4157929458082 1.85011368106906 -0.273265041385331 -0.127594051689056 0.95343902538665 0.671337191214582 0.68457025775706 0.284024537472642 0 0 0 0 0 0
5.12248961842911 6.93887007150953 2.10439430096635 0.210787283435782 -0.600612560259229 0.771254350782294 0.4885551816247 0.748103727693114 0.449059736693598 0 0 0 0 0 0
5.10336721328486 7.34450004238453 2.4665890982217 0.561371729429504 -0.741444453247325 0.367589314515676 0.380182564297434 0.625592657303096 0.681245216447557 0 0 0 0 0 0
5.29344232261182 7.56415975056234 2.9095529571889 0.620055713643079 -0.762102259086899 -0.186362707302769 0.711532744633197 0.446172275680043 0.542818066878068 0 0 0 0 0 0
5.612166559054 7.5062274016188 3.33820643748341 0.655763972024667 0.0242457671404991 -0.754576540696967 0.720056187337832 0.280328762498673 0.634771511642155 0 0 0 0 0 0
6.11396602218582 7.67106532875488 3.72242108455711 0.360421306453687 0.114951216762067 -0.925679587988813 0.814953904414674 0.443998539886568 0.372445204369548 0 0 0 0 0 0
6.65077969959854 7.68186702426689 3.71447201026188 -0.140494782035101 0.609516994977486 -0.78022448632078 0.787408883456728 0.546512647342876 0.285151146846209 0 0 0 0 0 0
7.0927354866651 7.74505907113599 3.59238208556998 -0.474050829913132 0.879217722370666 0.0474553192804511 0.851640002518769 0.444162700631792 0.278260312436583 0 0 0 0 0 0
7.49464337588967 8.0360174333085 3.46541689296795 -0.511523224333504 0.51817214166802 0.685449941692778 0.85874598912977 0.336120300064263 0.386753758919346 0 0 0 0 0 0
7.75064614437673 8.50543122067205 3.58161405450435 -0.451313067726105 -0.0468436521373556 0.891135336048395 0.745957341683373 0.528271612108411 0.40555733038506 0 0 0 0 0 0
8.12267246668635 8.83786950215021 3.85676095284875 -0.425345724309465 -0.655457863505414 0.624064102461098 0.693971637527666 0.206406245449118 0.68978244986863 0 0 0 0 0 0
8.18494903549613 9.12562112306817 4.27634242469043 0.0176599873753525 -0.9569215238925 0.289809112964308 0.685213616903174 0.222667159105032 0.693470717093783 0 0 0 0 0 0
8.3206219876326 9.08307975835693 4.75260216839046 0.617831896256945 -0.577149883514034 -0.534024119237403 0.728596742157923 0.164811785129362 0.664818669111611 0 0 0 0 0 0
8.63039682992447 8.8745291676004 5.04812959473205 0.646683564190653 -0.0108893632219555 -0.762680660286003 0.753955369801144 0.160599141668546 0.636992320238907 0 0 0 0 0 0
9.07647102246355 8.63842312549422 5.30496021521723 0.507813699455013 0.278343125005367 -0.815260910020872 0.850690872254251 -0.0128061319403281 0.525510269022432 0 0 0 0 0 0
12.5188279792256 12.094895700258 1.0199365152232 -0.112906993125652 -0.56409418559435 0.81795462018499 -0.066934206276316 0.82566671710235 0.560173441265817 0 0 0 0 0 0
12.2412896226699 12.412332781236 1.35293991217118 0.724036763940914 -0.353105438304679 0.592526213683099 0.120517992244235 0.910578442727282 0.395376166689111 0 0 0 0 0 0
12.1461678012785 12.7763462914113 1.7791238834997 0.944895800999455 -0.314965104299902 0.0892687421606893 0.210914033608457 0.794242891128183 0.569818831137894 0 0 0 0 0 0
12.3238602841453 12.7931142014847 2.25149169322206 0.840435066740311 0.243818427472738 -0.483964330315706 0.194861939806085 0.6973645246076 0.689718452873218 0 0 0 0 0 0
12.542824144639 12.9358317150795 2.59650489359775 0.0333206225087757 0.720742828244641 -0.692401264910417 0.160842248143361 0.679888865815498 0.715458525249581 0 0 0 0 0 0
12.824541697672 13.2307290816193 2.9455546805737 -0.242525304685207 0.554140245293074 -0.796310281946603 0.168173061089708 0.832402728044778 0.528037422790589 0 0 0 0 0 0
13.1185514034588 13.6804274331766 2.94170921205038 -0.874668982593842 0.349107301917146 -0.336271114781488 0.085641788134677 0.794130521320935 0.601682806162545 0 0 0 0 0 0
13.3228199259009 14.220708899888 2.90394754012893 -0.983999858080222 0.0175434338137042 0.177303432646203 0.0987910236198002 0.881877135192585 0.461013071481354 0 0 0 0 0 0
13.2398095989809 14.7328630145337 2.93870853363353 -0.609770205296729 -0.446012623034316 0.655174050788365 0.0244489912814935 0.815658044561812 0.578017474793729 0 0 0 0 0 0
13.0132516167182 15.0852446506149 3.138450101729 -0.1677624250144 -0.650477686197966 0.740766190178675 -0.0235367255316266 0.753844314515091 0.65663138215023 0 0 0 0 0 0
12.6929394227482 15.3973117957842 3.42436215781113 0.34784646101068 -0.644113613915018 0.681263893019204 0.0563305838645783 0.739687145937465 0.670589137591986 0 0 0 0 0 0
12.4252841335397 15.5436360295149 3.86666857524165 0.930513251609827 -0.265027402296932 0.252795499584637 -0.0145197416571043 0.662975530050774 0.748500249603235 0 0 0 0 0 0
12.4064475122744 15.600718828763 4.40059051378896 0.980330781244609 0.0772723138990811 -0.181605475823326 0.131781219803654 0.428701581137165 0.893783343119324 0 0 0 0 0 0
12.5252499816244 15.5967431320031 4.84162045330656 0.472434345636312 0.674870638475056 -0.566882183868448 0.285111384556396 0.491582242705663 0.822835583244189 0 0 0 0 0 0
12.8885526583369 15.8280902655166 5.10001790775806 -0.35035102474857 0.808529257557195 -0.472794457594036 0.302457076195545 0.575409202439964 0.759884179863384 0 0 0 0 0 0
13.2319218761774 16.209658642799 5.25872599140843 -0.862812513826973 0.419213836053234 -0.282514292815622 0.0892914060605238 0.676447397014861 0.731058112516066 0 0 0 0 0 0
13.3431425664191 16.6523102543493 5.5248037567868 -0.990942798187418 -0.131063489169568 0.0292358089881162 -0.0756895711992186 0.724982578010156 0.684595756920408 0 0 0 0 0 0
13.1952806767447 17.1360856222584 5.64338468567149 -0.625325362715427 -0.499014424474797 0.599960661136133 0.14578208794919 0.680585312522403 0.718018951847344 0 0 0 0 0 0
13.039213804683 17.5506641883008 5.95157270179501 -0.00861813206477153 -0.756090985775225 0.654409771495783 0.372726331168058 0.604843877262153 0.703732169360251 0 0 0 0 0 0
12.8298848792308 17.7349544485695 6.31002536538297 0.784456315836914 -0.515435510869705 0.344897843829245 0.268157893064336 0.78334737398912 0.560765758629792 0 0 0 0 0 0
