t = 20
b = 13 13 13
E = -0.987687686344193 -0.987687686344193 0
12.2415174462164 4.48327293174623 9.20912817111535 -0.895514445421748 -0.357747236365347 0.264708883330227 -0.440946130722192 0.793685003770101 -0.41908307600234 0 0 0 0 0 0
12.0721035142385 4.50758318566919 8.69437563194837 -0.795516454225804 0.0732828485615752 0.601484160358945 -0.394086604249836 0.691458126288819 -0.605459666650049 0 0 0 0 0 0
11.8720751312981 4.65914892798843 8.24179822802764 -0.369833105967186 0.374096566153378 0.85045589710632 -0.588551269276058 0.613946257520876 -0.52600132728887 0 0 0 0 0 0
11.3737572364582 4.6991372400046 8.06955191695108 0.142263741527851 0.798077400895 0.585519845972088 -0.551966796657052 0.554988333769678 -0.622350869500243 0 0 0 0 0 0
10.9582708298498 4.94346979802075 8.10350032514714 0.6317250784082 0.766083647968651 0.118487423911561 -0.614690041572609 0.58816980071197 -0.525559167289381 0 0 0 0 0 0
10.7045296243098 5.41593686405424 8.13629322442701 0.799010607161811 0.267768626997823 -0.538406920496584 -0.580496456618039 0.577056235394437 -0.57448234528687 0 0 0 0 0 0
10.523092469184 5.87311820437152 8.09858189345439 0.603125235319113 -0.271463040337973 -0.75003184482509 -0.537964798408616 0.555819092650168 -0.633765738990931 0 0 0 0 0 0
10.4450899888226 6.38175987527905 7.88090063386413 0.203371328600461 -0.688972626238982 -0.695670053255595 -0.44211767017522 0.569334711404583 -0.693101689587247 0 0 0 0 0 0
10.4595626088198 6.70564079754122 7.45211528227816 -0.280864558500377 -0.800164301051111 -0.529954895346553 -0.435117677523053 0.598334708577781 -0.672806200341588 0 0 0 0 0 0
10.5574757864831 6.85925062655482 6.99395793646067 -0.834774386829839 -0.539648257644733 -0.109231319290166 -0.247993562403088 0.545644930392747 -0.800481606873837 0 0 0 0 0 0
10.3565260275715 7.08358629178058 6.46138321258099 -0.871890948161547 -0.29863669944564 0.388100884124441 -0.489106620048497 0.570071974472725 -0.660145937005981 0 0 0 0 0 0
9.92803651156416 7.18517572826426 6.17352528223996 -0.51546065371008 0.11893192287874 0.848619768917235 -0.605209204881742 0.650566977685247 -0.458785816990775 0 0 0 0 0 0
9.42794887864342 7.30859230768209 5.92811017679637 -0.00938576171010036 0.300540562653562 0.953722851606797 -0.640091800194533 0.730947915751463 -0.236638187497949 0 0 0 0 0 0
9.01646425134294 7.58340414269825 5.96377587238933 0.714628571581798 0.57152899393888 0.403312055071716 -0.531948759547721 0.818436581661333 -0.217237379412827 0 0 0 0 0 0
8.7705173932124 8.05874775908063 6.11855723638282 0.831686244271092 0.445830346617397 -0.330958144068488 -0.495825615458589 0.864609495727882 -0.0812857856718422 0 0 0 0 0 0
8.64364396453985 8.58556378051235 6.1490742914764 0.524906227898682 -0.0801016957486693 -0.847382540681223 -0.43317836165576 0.831849176113388 -0.346963189967912 0 0 0 0 0 0
8.75914853208267 9.08079123771478 5.97406901904983 -0.133370950951436 -0.413248380920934 -0.900798515267724 -0.290356603032117 0.885328566610392 -0.36316163373798 0 0 0 0 0 0
8.91317861549251 9.5507859642722 5.66164292435341 -0.683692978267069 -0.544003086517332 -0.486440698675513 -0.215195829250756 0.787215690866071 -0.577911940633982 0 0 0 0 0 0
8.9900169650819 9.68565910919495 5.14725959945904 -0.954738656467019 -0.297153218691356 0.0131932736240676 -0.184001799797387 0.555175682002781 -0.811124712842648 0 0 0 0 0 0
8.81831856870293 9.64774124023156 4.6198493755759 -0.827010207813706 0.317017229497238 0.464278141175983 -0.213454742191851 0.586932791917711 -0.780991018391051 0 0 0 0 0 0
14.6918055756921 3.6378790162737 10.1090078164554 0.0195966128111437 0.926988139745393 0.374578378363868 -0.452204102335669 -0.325921732812823 0.830232782965764 0 0 0 0 0 0
14.7625900894972 3.55738475703043 10.6355012437198 -0.678538479130342 0.733800138799722 0.0335095305397017 -0.459826509634469 -0.459887331027415 0.759646775677921 0 0 0 0 0 0
14.6417843251559 3.55688852666166 11.1677871761045 -0.883762183835299 0.174340615292355 -0.434246188563752 -0.459740051044805 -0.49642834005585 0.736340945931104 0 0 0 0 0 0
14.2415568643241 3.63511041725008 11.5095003671718 -0.595059152905231 -0.611552343671642 -0.521448305677017 -0.347097608547361 -0.389634766168884 0.853058027998812 0 0 0 0 0 0
13.8459076269119 3.56590621900819 11.8964693129752 -0.127598716554289 -0.743967382064378 -0.65592004235118 -0.521402828658838 -0.512254450675659 0.682447410449729 0 0 0 0 0 0
13.4722103194669 3.27975086137145 12.1433591656473 0.46124702337488 -0.701077047208496 -0.543821806573835 -0.402497272912842 -0.711550915377711 0.575926419017973 0 0 0 0 0 0
13.2752197621667 2.79638824663905 12.2183593247076 0.914815220821742 -0.395605183721134 -0.0812997562470861 -0.262797352050143 -0.735934672031192 0.623969318362509 0 0 0 0 0 0
13.2128680031419 2.36764355672871 12.2683754441294 0.830256968159671 0.157658375964511 0.53461874575303 -0.0958762934037123 -0.904470113688338 0.415621883215706 0 0 0 0 0 0
13.4063883434641 1.86811904211755 12.3097304837551 0.0772689139971258 0.382794717698126 0.920596393123564 -0.0691503846246712 -0.919075759870778 0.387966457215327 0 0 0 0 0 0
13.6604404153752 1.40071697689472 12.5099714554826 -0.30204516953046 0.487469631048478 0.819232613101295 0.150030645231034 -0.824353327525115 0.545831839388131 0 0 0 0 0 0
13.9805551269868 1.19578574268305 12.8897277757364 -0.866438158731399 0.169180908488211 0.469747525057074 0.0952164038800299 -0.867585284988261 0.488087706978975 0 0 0 0 0 0
13.9753610427314 0.750596491894905 13.2810340062486 -0.955324674130262 0.292358645361965 0.043372681263951 -0.203580281019339 -0.757288166862326 0.620539846835305 0 0 0 0 0 0
13.8344715615364 0.638931547104333 13.7873601820601 -0.897094639470692 -0.0308250763645295 -0.440761865977618 -0.175169117470289 -0.891004546379784 0.418839681280599 0 0 0 0 0 0
13.5730504506938 0.490658844477264 14.0496647487708 -0.248099273118681 -0.601606296781123 -0.759286911747652 -0.302313867707729 -0.696566548011473 0.650692991804102 0 0 0 0 0 0
13.3427998935893 -0.0735215328240526 14.3086356684418 -0.332204872617708 -0.254876672092778 -0.908117726196313 -0.528849316725494 -0.746886494472791 0.403086795334607 0 0 0 0 0 0
12.8511001865357 -0.28060331584994 14.3435127452435 0.233341737277222 -0.594106414260926 -0.769798156777783 -0.380075796788492 -0.784398066745821 0.490165341064637 0 0 0 0 0 0
12.530684451397 -0.62806788360674 14.2729046086892 0.678455086309084 -0.612967711735164 -0.404931204319315 -0.397166468657377 -0.769741525600015 0.499756720756399 0 0 0 0 0 0
12.3392890767292 -1.1020633113765 14.1415843504245 0.926216635153411 -0.308384396539265 0.216845126152763 -0.373684358009811 -0.827035266625646 0.419967461044593 0 0 0 0 0 0
12.4174671760098 -1.63634727874083 14.0942538780559 0.744529834219982 0.1292043733032 0.654966835706734 -0.150159707939234 -0.923541316061865 0.352878873890634 0 0 0 0 0 0
12.7274483486926 -2.07199328903241 14.1472569762445 -0.104553234239637 0.309459234316201 0.945147397767386 -0.0205798060744889 -0.95082574270904 0.309041871893983 0 0 0 0 0 0
-1.46717448072252 7.96516781561907 9.15029184805292 0.567858011004494 -0.229622763454906 0.79044966053592 0.61736005673187 -0.516347775096959 -0.593507822614364 0 0 0 0 0 0
-0.954255752154617 7.87338256336899 9.01923862423895 -0.204571670745098 -0.767994667026289 0.606905777652296 0.492647038546319 -0.616548674276541 -0.614138931887062 0 0 0 0 0 0
-0.506265677851395 7.5488131673348 8.9218553344339 -0.839698858590176 -0.542485643317175 -0.0248022917712652 0.448858872258816 -0.667620028591597 -0.593977449250305 0 0 0 0 0 0
-0.21936535353303 7.03685898340236 8.80977370061524 -0.820545468033766 0.0374561911922231 -0.57035267039843 0.472794351281495 -0.51626748433025 -0.714096202216218 0 0 0 0 0 0
-0.232600958579508 6.54796461380802 8.58730523935303 -0.357184020602318 0.45582195459092 -0.81525819292987 0.465170354512508 -0.670080703231483 -0.578453448809417 0 0 0 0 0 0
-0.189657217938465 6.14788807879067 8.22540566475049 0.19838870035503 0.817503743450974 -0.540675090063419 0.610675099587267 -0.534577818658275 -0.584210988036549 0 0 0 0 0 0
-0.0489920039176475 5.96462760007488 7.80523986521033 0.501800157464453 0.860780185196716 0.0851708561736832 0.754510996964345 -0.387435424186282 -0.529723463276325 0 0 0 0 0 0
0.185876820935367 5.91009263539306 7.41110625248793 0.626882933301006 0.561639342835999 0.539980589016562 0.77005603410945 -0.341274637128336 -0.539022565747064 0 0 0 0 0 0
0.487137768514317 6.09396288436841 6.99203518122978 0.496660590261895 -0.16697423094068 0.851732272655249 0.858500518873725 -0.0498639582328 -0.51038264543664 0 0 0 0 0 0
0.99527870704963 6.2278313954885 6.87997666779462 0.0676981952142542 -0.803442319156904 0.591521254184927 0.857455632924511 -0.25626225015552 -0.446205666381833 0 0 0 0 0 0
1.5206552073078 6.17422240893043 6.97892469281311 -0.275659578698012 -0.961254996797125 0.00079234121053584 0.938390134580447 -0.269281141755936 -0.216590909358424 0 0 0 0 0 0
1.99365833715616 5.94577995240741 7.06384447252386 -0.509897097554551 -0.634313206471493 -0.581078054998894 0.850176763488273 -0.26859144611689 -0.452833419589858 0 0 0 0 0 0
2.31253248145627 5.53586967573619 6.92608400179822 -0.590281219983295 0.0824984099951955 -0.802970792546839 0.791837567635016 -0.133956448734895 -0.595859829426516 0 0 0 0 0 0
2.46933129155089 5.19178502192782 6.61653753065494 -0.23900192508887 0.780487634726993 -0.577682552828176 0.834278123050434 -0.139356194433391 -0.533441528635041 0 0 0 0 0 0
2.81446709558036 5.10394932272165 6.14703854997257 -0.181661706158594 0.981718279495426 -0.0568176400432962 0.88722519971553 0.138711578833837 -0.439989253149622 0 0 0 0 0 0
3.1376098070392 5.18962001156312 5.7707182515371 -0.121298553100077 0.872411765211884 0.473481122047873 0.841396753194238 0.343440602154923 -0.417252988612016 0 0 0 0 0 0
3.37282414568122 5.54583947119293 5.58655448711203 0.18759283712717 0.351054541013173 0.917371046356168 0.951890143089794 0.165422443389683 -0.257954590405909 0 0 0 0 0 0
3.67549253985497 5.96231281103936 5.5772838947951 0.393924662713236 -0.497615343488995 0.772788671003007 0.895761988798027 0.396272529029144 -0.20144116302645 0 0 0 0 0 0
4.18069513315093 6.24470590290492 5.61195286852317 0.10432934151873 -0.737661770158613 0.667061092662981 0.924429760537315 0.319299878063178 0.208511883838218 0 0 0 0 0 0
4.33407661889811 6.51655612369416 5.99871672609756 0.462571682632468 -0.885985546992085 0.0325122891796969 0.855057279317556 0.455515739269195 0.247754839234469 0 0 0 0 0 0
7.38891286201235 5.89589017909025 13.1387097955713 -0.201089496538029 -0.640490438953573 0.741171378286521 0.959153052557023 0.0249433592347283 0.28178582398806 0 0 0 0 0 0
7.73175274109156 5.97848953277285 13.5440778582039 -0.08856710307267 -0.992359840372338 -0.085894210919621 0.908858804812003 -0.115798157980168 0.400707448800365 0 0 0 0 0 0
8.15123036819089 5.93182711194257 13.9006227723326 -0.155282922936931 -0.854927400627087 -0.494960961593109 0.943013926086369 -0.277549450422955 0.183551185714191 0 0 0 0 0 0
8.41843964737931 5.58758363503764 14.0998576021666 0.214380413904775 -0.348451890531011 -0.912481406999277 0.86422974892454 -0.367639620085222 0.343435657463549 0 0 0 0 0 0
8.74432082937584 5.3343292835578 14.2165179963868 0.320715097565343 0.23078917128616 -0.918628425758043 0.914586310466145 -0.327676527504341 0.23698095710546 0 0 0 0 0 0
9.12860825618375 4.977938353457 14.084782450953 0.304151549626811 0.75491247170248 -0.581032696952298 0.949357185246759 -0.290666486875637 0.119306027625287 0 0 0 0 0 0
9.50556698374969 4.74385340145426 13.781811404356 0.351167505509463 0.935177198093586 0.0460976272718199 0.921463504349254 -0.353912593343487 0.160158941134362 0 0 0 0 0 0
10.0683664892618 4.6714608734807 13.6773992740607 -0.0174245744744835 0.846937406374869 0.531407013396882 0.936301955785817 -0.172633098716643 0.305837311031769 0 0 0 0 0 0
10.5125704419297 4.94853550770638 13.7349349915904 -0.192013517969212 0.188796935816628 0.963061018805838 0.960586006549128 -0.164840433317455 0.223835107982889 0 0 0 0 0 0
10.9259380617499 5.13210364337628 13.926628462604 -0.345319030871699 -0.452209163057131 0.822351287324948 0.93848433725252 -0.165099500387394 0.303297384926958 0 0 0 0 0 0
11.3347736423006 5.05558262297555 14.2142527033561 -0.616452519682357 -0.766245896920214 0.181255390072158 0.664989140553559 -0.383374411182237 0.640947348692941 0 0 0 0 0 0
11.4881793471338 4.91103129074564 14.7084760376834 -0.275867322780949 -0.873762310036775 -0.400545435351435 0.797390814173005 -0.440724980762984 0.412224915311991 0 0 0 0 0 0
11.5849812739638 4.53444380306756 15.0462118226927 0.0555671576035346 -0.522921952151568 -0.850567412351224 0.813708586792615 -0.469954534345996 0.34208342758398 0 0 0 0 0 0
11.7726916272966 4.05445726790138 15.1980764052299 0.279837984269978 0.199532194476342 -0.939083386035112 0.858453947947943 -0.489939352965278 0.151711072992563 0 0 0 0 0 0
12.1189695883429 3.59338365697688 15.0608678204065 0.450905803315524 0.665405208827283 -0.594911644365701 0.873501990334919 -0.466003120786464 0.14083807829636 0 0 0 0 0 0
12.5301706898448 3.21200746737256 14.9502972674585 0.323921288527862 0.945627410782404 -0.029390454494897 0.929596447694118 -0.312348263139883 0.195675769956257 0 0 0 0 0 0
12.934742870054 3.01141354334607 14.6718015293119 0.264222737640522 0.801183932396811 0.536927044749033 0.961120316618262 -0.265031751266835 -0.0774977922527177 0 0 0 0 0 0
13.410048891576 3.00896819707118 14.6161951031354 -0.0788487045614023 0.420793731066263 0.903723142164857 0.960314571362964 -0.211234995664652 0.18214197933074 0 0 0 0 0 0
13.8658992892214 3.28023491775915 14.7016344578382 -0.266781982563014 -0.344676908870732 0.900014001152796 0.963701928352561 -0.0854314607366064 0.252942797497705 0 0 0 0 0 0
14.252072908295 3.50597580652574 14.999285409775 -0.143856652077615 -0.827114499755404 0.543311023215422 0.959673766281733 0.0173923064313245 0.280577565011232 0 0 0 0 0 0
5.82079237045149 1.78431322085723 6.64595852267369 0.273888607099053 -0.862041841383823 0.426460894578774 0.234224310426003 0.489851985299278 0.839752347364281 0 0 0 0 0 0
5.54187908478359 1.92754857729179 7.04245938636769 0.853212943422765 -0.506882028390124 0.122875068549217 0.18079238141436 0.508413071451194 0.841920580340027 0 0 0 0 0 0
5.52724786476412 2.02342105992487 7.5754234025376 0.953776631770134 -0.251655740308847 -0.164254452173519 0.251804444052824 0.370909459367754 0.893879575170374 0 0 0 0 0 0
5.63566157960467 1.91174949721606 8.08968114981517 0.826176797084855 0.443847329000637 -0.347032345030849 0.018473485327125 0.594277176096435 0.804048113181491 0 0 0 0 0 0
5.94367843247574 2.09494580896631 8.56137419509495 0.530563401755549 0.568469521603105 -0.628764566213711 0.0756691474491067 0.707052404689474 0.703101043340967 0 0 0 0 0 0
6.20472613905908 2.34088084992963 8.9860799204907 0.123381306694394 0.658936083991619 -0.74201097725854 0.112878365756726 0.733552210212312 0.670193725303902 0 0 0 0 0 0
6.27206218320203 2.83842750686135 9.26033027357408 -0.600363584448459 0.267447469481071 -0.753681243986056 -0.202736515309819 0.860739263762599 0.466932356104661 0 0 0 0 0 0
6.26266861148083 3.31529920194857 9.3045657473901 -0.9434996181297 -0.236651645305161 -0.231957904291858 -0.322775934263186 0.814738629927783 0.481681078270599 0 0 0 0 0 0
5.92375324280398 3.83325966921607 9.34915323487695 -0.610667399515748 -0.760564531462825 0.220515125670343 -0.636406102426791 0.637069427559849 0.434890580793039 0 0 0 0 0 0
5.52849819774056 4.15276233076521 9.38738258444346 -0.222995157008768 -0.743052496736636 0.630988230511541 -0.677729228779003 0.583432571363738 0.447537179606919 0 0 0 0 0 0
4.98334048659443 4.3310440308937 9.44257058784891 0.237240525169949 -0.675373991946769 0.698274232819006 -0.719665615311286 0.360634892102331 0.59331600074241 0 0 0 0 0 0
4.57302283752789 4.19048248380126 9.71396731177936 0.69701250119333 -0.101838253758849 0.709790492505757 -0.614278502958247 0.425843660159897 0.664318521422515 0 0 0 0 0 0
4.36552788979674 4.12151016869239 10.182334144393 0.699015925449188 0.655308695720246 0.286264299698453 -0.626342153038626 0.367886366126764 0.68728096797815 0 0 0 0 0 0
4.27732240272319 4.29650243910296 10.6760243766026 0.504181231206977 0.784844886766453 -0.360305134316971 -0.427121452647164 0.589233487277948 0.685836104443944 0 0 0 0 0 0
4.34949108656216 4.53867011697817 11.0625115646481 -0.10895715405124 0.73574378836489 -0.66843804235212 -0.329961683965016 0.607545840847812 0.722504905439053 0 0 0 0 0 0
4.50229976780226 4.96221988863172 11.3556671547163 -0.851349938688765 0.318496641605577 -0.416849098812273 -0.191621383884616 0.550898980015323 0.812275543800392 0 0 0 0 0 0
4.40002041344213 5.44660508316208 11.4604684356537 -0.807302036315641 -0.566552043736452 0.165173254186832 -0.0980892276005571 0.40481742612881 0.909121199252977 0 0 0 0 0 0
4.20032805404332 5.65720534031607 11.8655302572586 -0.361250267367526 -0.930544548627848 0.0598755989188088 -0.29903853376434 0.176432612037506 0.937788616231663 0 0 0 0 0 0
3.84473865467742 5.73921716826418 12.1781582905002 0.201386731138518 -0.935434920424225 0.290525204022414 -0.158686590860642 0.261526178778165 0.952062300322158 0 0 0 0 0 0
3.63270452602779 5.73684201341361 12.6734796441198 0.611708955952336 -0.787893979554108 0.0709593559024712 0.0816138107264995 0.152074290242161 0.984993703607308 0 0 0 0 0 0
10.5913720488432 9.85453821014712 11.1375253860986 -0.792749658136907 -0.542386949806156 -0.278144523950757 -0.607012299949633 0.660896707431465 0.441306707195922 0 0 0 0 0 0
10.1318218175969 10.1000366162219 11.0062652638431 -0.372632638164532 -0.727631147569583 0.575932140152912 -0.601709693472031 0.661934976424902 0.446975985671668 0 0 0 0 0 0
9.64039162282931 10.2695920499609 11.1823250923662 0.223430756767058 -0.473349246588828 0.852067595724828 -0.691681999421192 0.538926591924041 0.480764121159058 0 0 0 0 0 0
9.17279543279293 10.3484175587936 11.4279198160821 0.573686379641053 -0.220078440390028 0.788954636141923 -0.562507197111662 0.594294692252408 0.574803855204711 0 0 0 0 0 0
8.80055543383229 10.3025726210541 11.8483513199134 0.840465309672631 0.234845863771479 0.488329277748445 -0.503765190363703 0.670605222254697 0.544526646604692 0 0 0 0 0 0
8.62977585844759 10.3431524594944 12.3561630128291 0.662538375316166 0.719821706356891 -0.207122215831304 -0.614603813186326 0.680496969440782 0.398981236900608 0 0 0 0 0 0
8.56031454688126 10.7033999867046 12.8118990111097 0.272087535908983 0.564516056938929 -0.779288133016987 -0.2995261972919 0.81929463655861 0.48891753460287 0 0 0 0 0 0
8.80210969388264 11.1217789590863 13.0468016387531 -0.403494445528923 0.314352899299753 -0.859287197116975 -0.216348702747409 0.879721351704014 0.423418920427012 0 0 0 0 0 0
8.78049325646063 11.6692918099845 13.1455479947052 -0.436076114118848 -0.0183521568992793 -0.899722635611747 -0.403174165702311 0.897823737964664 0.177096379571698 0 0 0 0 0 0
8.68660894305825 12.2243432577872 13.0711185041867 -0.79181151399079 -0.373605107168418 -0.483170518770845 -0.501049544375649 0.849722824508701 0.164074603732297 0 0 0 0 0 0
8.40998251887435 12.6327952916958 12.9330021680141 -0.722902807013774 -0.689967557844888 0.0368279884485413 -0.663453297858356 0.708034754092028 0.241901857286612 0 0 0 0 0 0
7.96076764682273 12.8925153207612 12.7935869344553 -0.284809810374738 -0.613636216306992 0.736433273250703 -0.671611403057238 0.67590628862312 0.30346138515997 0 0 0 0 0 0
7.48298820952227 13.068858508823 12.964803146992 0.264898269837472 -0.514120597610629 0.8157872993309 -0.517471766584663 0.638078511515492 0.570156806440055 0 0 0 0 0 0
7.04025882589472 13.0007518989203 13.1708473421157 0.659131849079813 0.114355534579684 0.743281923121787 -0.650338459852119 0.582987390234027 0.487017033034054 0 0 0 0 0 0
6.86382406781147 13.0732867397188 13.6143165805148 0.854891674597024 0.438052709613739 0.277974905890367 -0.491184600229977 0.510897635666562 0.705493652960276 0 0 0 0 0 0
6.79347678128704 13.1337463417227 14.1435433730362 0.636723291078925 0.754372779577447 -0.159703350090783 -0.539483637584015 0.58379733648173 0.60674382954914 0 0 0 0 0 0
6.86478933246262 13.3656947723688 14.6229174938271 -0.325152819598385 0.633179107152916 -0.702395801647658 -0.455643080090276 0.545955021738802 0.703080719266309 0 0 0 0 0 0
6.81845600957337 13.814601151759 14.829631647662 -0.753804040805361 0.152645046760756 -0.639123585674097 -0.400304894523478 0.664645909477288 0.630873843518382 0 0 0 0 0 0
6.67849405881872 14.3136836239998 14.9966104216677 -0.864157410204037 -0.284804007401706 -0.414871844980327 -0.461441325694266 0.777377371334436 0.427500088279149 0 0 0 0 0 0
6.49467003837093 14.7909467704462 14.7881148343287 -0.729529076339465 -0.54550392603335 0.412568531831364 -0.39411488351105 0.828283860505111 0.398270391846823 0 0 0 0 0 0
21.0909972114007 8.80282021947223 -2.14422069661209 -0.16707126081108 0.516307020560461 0.839948959360612 -0.978571919420601 0.0171552755592351 -0.20518941259716 0 0 0 0 0 0
20.5857177008735 8.72474708884902 -1.97904713748584 0.161152219335641 0.94825152244316 0.273585475468687 -0.918362305999878 0.245601224442708 -0.310307449911905 0 0 0 0 0 0
20.0770539493151 8.90624680964524 -1.82939558649574 0.554641404812339 0.74602255761351 -0.368542067611817 -0.814435465203432 0.395970539658079 -0.424148800236144 0 0 0 0 0 0
19.78531865294 9.36778072549565 -1.75502140109708 0.457342541163657 0.0431139553657169 -0.888244891285445 -0.810463013484763 0.431335529283613 -0.396357622546637 0 0 0 0 0 0
20.0372501309728 10.0976036034866 -1.56742791656396 0.0844753213652471 0.0457675660656515 -0.995373924702001 -0.769583160995343 0.637531038370508 -0.0359990753581034 0 0 0 0 0 0
19.75685450163 10.4808070051667 -1.79217234128865 -0.127175781244726 -0.486677733520735 -0.864274900919791 -0.926381753863491 0.369668456218043 -0.0718476066836743 0 0 0 0 0 0
19.4132629364491 10.8780576503542 -1.98418666754822 -0.32629297882907 -0.903487797579657 -0.277925694370837 -0.913258472201985 0.377175702309023 -0.153939769192343 0 0 0 0 0 0
18.9711517518874 10.9556059205329 -2.26079587209687 -0.378697365963827 -0.849946341427468 0.366305230246747 -0.920652556953355 0.386485175055433 -0.0550279823146386 0 0 0 0 0 0
18.4607399979537 10.9044840787145 -2.45071479185615 -0.178910411532114 -0.55198631601731 0.814433650812052 -0.956200702885007 0.292472748900446 -0.0118282269523555 0 0 0 0 0 0
17.9663536833981 10.859454542105 -2.49774824562061 0.0906497109380013 0.108161655708814 0.98999176064308 -0.991134173720181 0.10676043668904 0.0790901943478457 0 0 0 0 0 0
17.4865070326008 10.7753945324824 -2.3321868330381 0.2091706677008 0.596931754722789 0.774545100027864 -0.972586017419716 0.0446935982288004 0.22820806514455 0 0 0 0 0 0
17.147476090254 10.5966147467729 -1.95564877324674 -0.0537407169919025 0.977942122426687 0.20184434725992 -0.993168708211276 -0.0733141242760001 0.0907797125551112 0 0 0 0 0 0
16.5545317302039 10.8267478856737 -1.74221544027364 0.241588057292563 0.939078645957552 -0.244471894663036 -0.910379661751178 0.306553606440607 0.277909621726325 0 0 0 0 0 0
16.2057702916008 11.115866578358 -1.45331936449142 0.0285206747019817 0.468533085857067 -0.882985457735176 -0.98326297180921 0.172168817225368 0.0595972033248039 0 0 0 0 0 0
15.7951636257461 11.4060801307015 -1.42077323635489 0.072771700031995 -0.131586949144619 -0.988629938090722 -0.98926414765114 0.116433578785007 -0.0883157285163788 0 0 0 0 0 0
15.3438694114085 11.6509786343061 -1.52470799111226 0.196060443069615 -0.679915160034077 -0.706594422437073 -0.930091733328549 0.0993203786010501 -0.353645062157582 0 0 0 0 0 0
15.014507944583 11.8413181017308 -1.92504562312066 0.00400409334590675 -0.968314031885773 -0.24970363010897 -0.824955259006849 0.137932138405435 -0.548109063811069 0 0 0 0 0 0
14.7369148322801 11.8624680429812 -2.38458870717854 -0.208791037838961 -0.916159645136997 0.342137117455241 -0.934380504207504 0.083608585520345 -0.346327414139017 0 0 0 0 0 0
14.4950878589456 11.7366421378718 -2.73017965012489 -0.384964451662022 -0.430043516740747 0.816617991882257 -0.921417930755931 0.128430479852928 -0.366735066125677 0 0 0 0 0 0
14.0230031754967 11.5428524798176 -2.89830675145758 -0.0594837639187046 0.242508183073582 0.96832404853562 -0.93782829647625 0.318731838917936 -0.137433988476089 0 0 0 0 0 0
1.52259740130895 13.5241933304874 5.21769679493432 -0.332355674642743 0.889193952300247 0.314442078490512 0.900658105684279 0.398170659932205 -0.17399742019455 0 0 0 0 0 0
1.82085863208789 13.8047339029782 5.02003456572195 -0.00443711987455506 0.418004702184417 0.908434026728928 0.868014679066844 0.452673341789652 -0.204052352491887 0 0 0 0 0 0
2.12745313109038 14.2354939902604 4.92448006554317 0.098614491388597 -0.147016150021778 0.984205991508354 0.992537325545883 0.085818974621834 -0.0866300236239351 0 0 0 0 0 0
2.59548414613568 14.3894857471604 5.06176242987142 -0.0887388210902216 -0.780022157195063 0.619427845609379 0.990678400603893 -0.133644801658336 -0.0263699367958448 0 0 0 0 0 0
3.05231990940009 14.4608293179428 5.33209010872607 -0.163434541040394 -0.981996043858335 -0.0947255015373037 0.973780953487576 -0.175973870914482 0.144166054881865 0 0 0 0 0 0
3.45305932430374 14.3054891563491 5.52176624756963 -0.106415387515808 -0.768991162938959 -0.63033987389475 0.990928330642321 -0.134348607886125 -0.00339044089803291 0 0 0 0 0 0
3.87959050279239 14.0171172282415 5.72078004115993 -0.134779228445377 -0.182505103249319 -0.97392322431885 0.989790060502531 -0.0707937714484868 -0.123708843881491 0 0 0 0 0 0
4.44128547124403 13.7956542525296 5.76899571350158 -0.277573120116589 0.457032131966905 -0.845029463000271 0.957813487568541 0.199838315561513 -0.206538061057336 0 0 0 0 0 0
4.85790752503877 13.7570196138399 5.45301888218067 -0.341467349639162 0.839710368109983 -0.422239916183918 0.935668656388763 0.261150918436704 -0.237327544232254 0 0 0 0 0 0
5.24533049999209 13.9141480719608 5.15982486870775 -0.44975698590067 0.856242171213241 0.254102337394955 0.817786086329575 0.509171233065684 -0.268273316645782 0 0 0 0 0 0
5.47769431599877 14.282427817407 4.95240742926257 -0.024507861217008 0.500525909225602 0.865374588795195 0.827783339941893 0.495505040561318 -0.263152991419384 0 0 0 0 0 0
5.71033936311654 14.753522389606 4.84001842528716 0.136837020988815 -0.091454699147793 0.986362847886463 0.829947995966114 0.554185647358041 -0.0637541547993535 0 0 0 0 0 0
6.13992749035989 15.1762053103319 4.96068599696503 0.229866465605697 -0.577862753951131 0.78309389321202 0.9428159920546 0.331781585911853 -0.0319215346735626 0 0 0 0 0 0
6.40509180179439 15.4804908671979 5.14520262875739 0.381446025110356 -0.9052235538214 0.18726784970855 0.912380503295967 0.401234065086864 0.0810743006091794 0 0 0 0 0 0
6.74085946312201 15.7190614991981 5.55932303773379 0.341058814338917 -0.689236282876207 -0.639243483759297 0.937132022430259 0.302753886131047 0.173561680587398 0 0 0 0 0 0
7.26069305420391 15.6755298130151 5.66296951535844 0.11281541743326 -0.203821764519221 -0.972486179797755 0.968149808232584 0.242715526217638 0.0614420226889251 0 0 0 0 0 0
7.73517492606498 15.4254694218661 5.63100303022191 -0.231377298002343 0.601371876599587 -0.76473290239418 0.941413315434148 0.336655930480054 -0.0200936307295027 0 0 0 0 0 0
8.13607765559214 15.4704370291196 5.36301320944322 -0.399242007790565 0.879954556870812 -0.257460282485767 0.907174544882969 0.419814822374623 0.0281044485970069 0 0 0 0 0 0
8.48776781733171 15.6361496560425 4.99215143258791 -0.277314966083357 0.87933643446719 0.387122518855099 0.904275798714353 0.37502077509315 -0.204070326378072 0 0 0 0 0 0
8.79944481191102 15.9777404929196 4.71854906905658 0.0810371869670863 0.262201956475285 0.961604444846733 0.937554441333575 0.307376455410693 -0.162823168483012 0 0 0 0 0 0
8.24345240127363 7.37397061754509 16.0683028828959 0.620320678684998 0.704033526507335 -0.345744196118214 -0.715261186339956 0.326863311576158 -0.617706897210179 0 0 0 0 0 0
7.91560325062342 7.88277524569759 16.0545784044323 0.653343241913822 0.168765863827257 -0.738011308485295 -0.735687953264966 0.371536780034032 -0.566324691765023 0 0 0 0 0 0
7.7650717978669 8.36197618996557 15.8638119533408 0.347494834293241 -0.471524499412121 -0.810501071309386 -0.83119277976255 0.245179974036058 -0.499004351887118 0 0 0 0 0 0
7.60921959144543 8.82062385685026 15.4877127199946 0.0672657796642794 -0.802256823186352 -0.593177296039808 -0.655344048477459 0.412767078743321 -0.632572143578011 0 0 0 0 0 0
7.43972818138193 9.00900666020736 15.0139304034901 -0.316777852915554 -0.948252838865892 -0.0216412912042757 -0.851902696895575 0.294474234275699 -0.433066646568154 0 0 0 0 0 0
7.19168389230701 8.983412658003 14.5380059558864 -0.417595614368419 -0.676147218460227 0.606991632420712 -0.889228678186389 0.166792347511826 -0.425972617315223 0 0 0 0 0 0
6.68907067739928 8.88417506912155 14.313150218658 -0.372090156251721 -0.13252662669569 0.918686893798551 -0.917141222595036 0.20479805322349 -0.341920656311886 0 0 0 0 0 0
6.2212271935931 8.74803952789402 14.1863305097025 -0.244180167643436 0.469293693677086 0.848610319760808 -0.937067619018861 0.111018097574109 -0.331027581022108 0 0 0 0 0 0
5.71856257006607 8.60937348228724 14.1530576845092 0.0924246420752317 0.880645070655154 0.464674020220675 -0.982864322782054 0.155434802538036 -0.099084535433822 0 0 0 0 0 0
5.25599199568899 8.68722410659736 14.4265075494417 0.253913752857745 0.925424088336271 -0.281279332402289 -0.967162731609825 0.239574878766746 -0.0848535682745239 0 0 0 0 0 0
4.89070711372027 9.03356102786487 14.5517988015898 0.325289752102728 0.592626649719749 -0.736871923212502 -0.88312950938297 0.468957404087987 -0.0126973543720663 0 0 0 0 0 0
4.83252715958826 9.50751653302481 14.6292522852681 -0.221081032170273 -0.00531783142492212 -0.975240943502406 -0.850763250042145 0.489927742038676 0.190191219457186 0 0 0 0 0 0
4.5027475601867 9.83890452638476 14.4934769805048 -0.450911355342042 -0.503683024673711 -0.736873367872082 -0.833074564392141 0.533853834303216 0.144868401532557 0 0 0 0 0 0
4.18214151515719 10.1645070430793 14.2203326323159 -0.52483231789095 -0.834788396121509 -0.166371186802552 -0.850140275229319 0.504289803605717 0.151503486469207 0 0 0 0 0 0
3.70954348345606 10.3281874530333 14.1560055829464 -0.195132620440438 -0.794600170172271 0.574920716275075 -0.902357201921682 0.375129617046284 0.212200967374754 0 0 0 0 0 0
3.26275371218107 10.1364592880081 14.0966651041517 -0.116982693721238 -0.243933035818662 0.962710612492671 -0.957643810961486 0.284531769353027 -0.0442719274032431 0 0 0 0 0 0
2.71990637395215 10.0323663527577 14.1152013481917 0.250636451261907 0.15137693616553 0.956172783808437 -0.951069390576995 0.222852999999503 0.214017650437349 0 0 0 0 0 0
2.1820440897172 10.0342723245116 14.321546130739 0.483846186342633 0.81110977318449 0.328624107159374 -0.846462861296055 0.338377363524328 0.41109777948904 0 0 0 0 0 0
2.0089691476619 10.1990482941731 14.8027727367917 0.0468683711574619 0.959489193028652 -0.277819805352808 -0.761787679751272 0.214235435582869 0.611377713954141 0 0 0 0 0 0
1.79226404291804 10.4524565981461 15.1902373627764 -0.360421687466595 0.53891912019029 -0.761355625904908 -0.809538342024879 0.224771149980104 0.542333479446208 0 0 0 0 0 0
3.27095832515654 9.51204103584235 5.12999734295374 0.724228942173469 -0.448126718841141 -0.524094345684985 0.686790506744964 0.40072195050438 0.606416291196866 0 0 0 0 0 0
3.68440945777568 9.53332206796892 5.36773396428643 0.300658047437623 0.151929870581896 -0.941553000598461 0.814461205059656 0.472772275809003 0.336361889457099 0 0 0 0 0 0
4.19622053964907 9.37094543802242 5.38692637521295 0.0536700388399054 0.831835919523315 -0.552420609609855 0.899771291971366 0.19963004938296 0.3880199292917 0 0 0 0 0 0
4.72340933681241 9.40311881402096 5.28832643535148 -0.317488280788703 0.94440095334138 0.0854870217619419 0.872202873148978 0.255457555858682 0.417137369730136 0 0 0 0 0 0
5.16520547457375 9.75775233537141 5.40822705370297 -0.750884124306994 0.613874228677584 0.24358050666919 0.606404673327507 0.494746537311042 0.622494366227755 0 0 0 0 0 0
5.34777512685667 10.2390216940472 5.54051791417008 -0.621470485607769 -0.252665866500965 0.741575616794241 0.587198261724589 0.476389580057054 0.654409023043452 0 0 0 0 0 0
5.51316930112518 10.6553714989774 5.85948837050934 -0.240729426734436 -0.677969308988996 0.694555223990932 0.517550291076192 0.515711188377807 0.68277643953852 0 0 0 0 0 0
5.59109134487275 10.9705831108029 6.28545650401506 0.192158876583481 -0.903211045884778 0.383776983079888 0.696660986029155 0.400980072362659 0.594876837768056 0 0 0 0 0 0
5.74835106167636 11.0247977675498 6.79364695033572 0.711543074768151 -0.68086323491325 -0.173584872880534 0.654034422564387 0.551500788157096 0.517770079053407 0 0 0 0 0 0
6.08835100202255 11.0240919749157 7.19650896645239 0.669024622318228 -0.433468569563749 -0.603747508427413 0.743151039312252 0.37755325312926 0.552431057979757 0 0 0 0 0 0
6.42705255129874 10.8156386084245 7.37883419844369 0.657478776259174 0.347233176522555 -0.668693337704807 0.646136249776741 0.196698596601215 0.737439901835778 0 0 0 0 0 0
6.80338032793906 10.7620861094255 7.71863339118977 0.165216833046465 0.763233007452746 -0.624642917523871 0.819475910180667 0.246178110580903 0.517547650467457 0 0 0 0 0 0
7.31275552787952 10.8060591250831 7.86418174126996 -0.133125632406156 0.846459219240868 -0.515542778204295 0.885506491928268 0.335216830163504 0.321726482478556 0 0 0 0 0 0
7.82639059252571 10.9294831073889 7.746815534709 -0.317935990888266 0.87771595201105 0.358512779804616 0.933673495879398 0.224106641011045 0.279338533945981 0 0 0 0 0 0
8.24047037118486 11.3236871361698 7.7742451277533 -0.500855871221785 0.428570700099204 0.751977759830133 0.864577091611123 0.206955371884903 0.457903840024557 0 0 0 0 0 0
8.60085759388973 11.6601018791845 8.01853400973014 -0.611432370688822 -0.229100755166704 0.757405637723864 0.742014162043241 0.166515015636692 0.649374878552273 0 0 0 0 0 0
8.82887313203253 11.9386203152186 8.3863014208996 -0.443809145667585 -0.679382884652346 0.584356345275095 0.762037350930754 0.0569962128122907 0.645019772961648 0 0 0 0 0 0
8.92504777082249 12.1250317318726 8.8809592063564 -0.0440538642369131 -0.987650979527952 0.15034892644536 0.788088210241414 0.0581350518287493 0.612810972998488 0 0 0 0 0 0
8.98484867156757 12.1182531838803 9.42893446718516 0.324496019286621 -0.919519962126754 -0.22177775523607 0.636803906381813 0.0390017319919954 0.770038732609268 0 0 0 0 0 0
9.30640503702785 12.0151449336955 9.85346054625149 0.553003209108566 -0.46606466641824 -0.690630999472282 0.788684831117857 0.025563139660125 0.614266036058738 0 0 0 0 0 0
