t = 0
b = 13 13 13
E = -0.9913070025458 -0.9913070025458 0
2.4623483770616 11.7717531767172 11.8672660975881 0.735490314377687 -0.641568727057937 0.217815440035527 0.370224489846086 0.64980169574701 0.663846053933076 0 0 0 0 0 0
2.49083707535271 11.808491583745 12.4025452636661 0.928508740895135 -0.280685131766068 -0.243078947847805 0.370224489846086 0.64980169574701 0.663846053933076 0 0 0 0 0 0
2.73097937034643 11.7812478061549 12.8824145759336 0.768771172908225 0.186835437888876 -0.611623579380475 0.370224489846086 0.64980169574701 0.663846053933076 0 0 0 0 0 0
3.146363078394 11.7965931725103 13.2228642740366 0.316964583164899 0.583374100967896 -0.747802187305574 0.370224489846086 0.64980169574701 0.663846053933076 0 0 0 0 0 0
3.63399887314731 11.9449186835373 13.3928524400137 -0.255262151087999 0.758279189594376 -0.599878241687448 0.370224489846086 0.64980169574701 0.663846053933076 0 0 0 0 0 0
4.06344765252828 12.2660939596916 13.4260983419229 -0.73051052638699 0.645101336341978 -0.224050522622907 0.370224489846086 0.64980169574701 0.663846053933076 0 0 0 0 0 0
4.32637653443379 12.7343201057632 13.4082719201505 -0.92822573922688 0.286838699894086 0.236897735911054 0.370224489846086 0.64980169574701 0.663846053933076 0 0 0 0 0 0
4.37771632987586 13.2679311425011 13.444446344733 -0.773292474627717 -0.180398754330888 0.607844583853477 0.370224489846086 0.64980169574701 0.663846053933076 0 0 0 0 0 0
4.25278408139487 13.760420277513 13.6191789613307 -0.32457247015677 -0.579099705679228 0.747861111770471 0.370224489846086 0.64980169574701 0.663846053933076 0 0 0 0 0 0
4.05386552812895 14.1209036163939 13.964386541888 0.247458042289049 -0.75779099680927 0.603752699754862 0.370224489846086 0.64980169574701 0.663846053933076 0 0 0 0 0 0
3.9113550433891 14.3086484737082 14.4472195693516 0.725475107191422 -0.648584818661645 0.230268542895542 0.370224489846086 0.64980169574701 0.663846053933076 0 0 0 0 0 0
3.93421663216064 14.3485484012008 14.9825423184136 0.92787204957481 -0.292970424144566 -0.230698483294526 0.370224489846086 0.64980169574701 0.663846053933076 0 0 0 0 0 0
4.16858668382829 14.3216657112913 15.4652773409496 0.777754887131342 0.173948332709315 -0.604019298608052 0.370224489846086 0.64980169574701 0.663846053933076 0 0 0 0 0 0
4.58024598648963 14.3344345492963 15.8103261453625 0.332155639698404 0.574781209705896 -0.747863083716245 0.370224489846086 0.64980169574701 0.663846053933076 0 0 0 0 0 0
5.06762017767151 14.4782247821392 15.9848995363107 -0.239635088602106 0.75724509530585 -0.607581179716665 0.370224489846086 0.64980169574701 0.663846053933076 0 0 0 0 0 0
5.50036954286641 14.7946290582838 16.0209747782249 -0.720384440257651 0.652018908736273 -0.236469027327114 0.370224489846086 0.64980169574701 0.663846053933076 0 0 0 0 0 0
5.76890725223765 15.2596610651906 16.0031468979194 -0.927447698873762 0.299079837562966 0.22448166209531 0.370224489846086 0.64980169574701 0.663846053933076 0 0 0 0 0 0
5.82603322946843 15.7928683304805 16.0364896195518 -0.782158070589111 -0.167484664248739 0.600148014954483 0.370224489846086 0.64980169574701 0.663846053933076 0 0 0 0 0 0
5.70486624989779 16.287897461285 16.2066361000768 -0.339713514302083 -0.570418941918089 0.747808102992724 0.370224489846086 0.64980169574701 0.663846053933076 0 0 0 0 0 0
5.50626156405289 16.652899576331 16.5472454612088 0.23179388577538 -0.756641526656629 0.611363390019287 0.370224489846086 0.64980169574701 0.663846053933076 0 0 0 0 0 0
8.13308936177187 2.90458609871118 2.26628484342165 -0.734251578688597 0.478098526491101 0.481971387283874 0.598959511859682 0.790416576181424 0.128410043417351 0 0 0 0 0 0
8.17042456330711 3.40188903236883 2.06633240652682 -0.407389965497513 0.162718672853022 0.898641224024853 0.598959511859682 0.790416576181424 0.128410043417351 0 0 0 0 0 0
8.11489520938865 3.93628369262327 2.07122526492423 0.0742459067830727 -0.214480725113052 0.973902235278746 0.598959511859682 0.790416576181424 0.128410043417351 0 0 0 0 0 0
8.07629021225754 4.42178746483955 2.29811916849732 0.527674517751405 -0.510195309682182 0.679161504573194 0.598959511859682 0.790416576181424 0.128410043417351 0 0 0 0 0 0
8.15796863805116 4.79099220016045 2.67982795840771 0.780630757178512 -0.61207816609236 0.126395963305463 0.598959511859682 0.790416576181424 0.128410043417351 0 0 0 0 0 0
8.41759186950621 5.02067369826154 3.09034871213064 0.737012320503247 -0.481422293802837 -0.474389517649826 0.598959511859682 0.790416576181424 0.128410043417351 0 0 0 0 0 0
8.8452170826101 5.14061496934229 3.3927323603786 0.413390581079913 -0.167866043146096 -0.894946489480173 0.598959511859682 0.790416576181424 0.128410043417351 0 0 0 0 0 0
9.36707469167851 5.22229117060598 3.49111292819003 -0.0672851516176192 0.20946532387242 -0.975498327249625 0.598959511859682 0.790416576181424 0.128410043417351 0 0 0 0 0 0
9.87359464831855 5.35171499903722 3.3671286216108 -0.522398130267874 0.507217312278346 -0.68544204103466 0.598959511859682 0.790416576181424 0.128410043417351 0 0 0 0 0 0
10.2610339347267 5.59675902976192 3.08689778021026 -0.779043325198391 0.612268963528499 -0.134974863450836 0.598959511859682 0.790416576181424 0.128410043417351 0 0 0 0 0 0
10.4708902706433 5.98136978998802 2.77589941443911 -0.739716935976231 0.484709398942998 0.466771521417335 0.598959511859682 0.790416576181424 0.128410043417351 0 0 0 0 0 0
10.5121281077289 6.47647007295458 2.57130163166203 -0.419359715369057 0.173000629790065 0.891183601295392 0.598959511859682 0.790416576181424 0.128410043417351 0 0 0 0 0 0
10.457772884501 7.01100585492525 2.56984917884137 0.060319272427365 -0.204433971036397 0.977020131246088 0.598959511859682 0.790416576181424 0.128410043417351 0 0 0 0 0 0
10.4171674413208 7.49894090676566 2.79110849568023 0.517081960144176 -0.504200688312409 0.691670378430904 0.598959511859682 0.790416576181424 0.128410043417351 0 0 0 0 0 0
10.4944308472254 7.87194339584055 3.17003409704586 0.777396566052868 -0.612413134312569 0.14354348473778 0.598959511859682 0.790416576181424 0.128410043417351 0 0 0 0 0 0
10.7489018248227 8.10534629167929 3.58168044027407 0.742365219140611 -0.487959591585801 -0.459117978726309 0.598959511859682 0.790416576181424 0.128410043417351 0 0 0 0 0 0
11.1725949774816 8.22751878326237 3.88867082580544 0.425296913792259 -0.178122041766277 -0.887352846029015 0.598959511859682 0.790416576181424 0.128410043417351 0 0 0 0 0 0
11.6932345750214 8.30908834982022 3.99338910216391 -0.0533487996909799 0.199387049761982 -0.978467531376869 0.598959511859682 0.790416576181424 0.128410043417351 0 0 0 0 0 0
12.2017133119931 8.43610820064502 3.8750656739575 -0.51172641222725 0.501145667511964 -0.69784604244992 0.598959511859682 0.790416576181424 0.128410043417351 0 0 0 0 0 0
12.593543997196 8.67736422214776 3.59766821841686 -0.775690605149026 0.612510667465407 -0.15210117463261 0.598959511859682 0.790416576181424 0.128410043417351 0 0 0 0 0 0
1.79786723238765 5.68958445818545 8.39261505528219 -0.266806955442821 0.902185495296971 -0.338932708075057 0.630290176552921 0.429390193884105 0.646806272957413 0 0 0 0 0 0
2.2696267739286 5.94532781414321 8.36571946146275 -0.643633360054643 0.754880481922762 0.12606171439747 0.630290176552921 0.429390193884105 0.646806272957413 0 0 0 0 0 0
2.59467007079314 6.3731461997076 8.36755963940676 -0.775932690205785 0.320783752537483 0.54316318393093 0.630290176552921 0.429390193884105 0.646806272957413 0 0 0 0 0 0
2.74283948651051 6.87408725175639 8.49321388221847 -0.613442218444984 -0.23518408765512 0.753907878684874 0.630290176552921 0.429390193884105 0.646806272957413 0 0 0 0 0 0
2.75117472923137 7.32141808362411 8.79072144969814 -0.217894791689981 -0.701801560879285 0.678230365658881 0.630290176552921 0.429390193884105 0.646806272957413 0 0 0 0 0 0
2.70984084733042 7.60877322760719 9.24283165037031 0.260434509434689 -0.901792887629033 0.34488179731207 0.630290176552921 0.429390193884105 0.646806272957413 0 0 0 0 0 0
2.72787302004969 7.69056465448027 9.77355766759148 0.639820386192324 -0.759178019195461 -0.119493131949754 0.630290176552921 0.429390193884105 0.646806272957413 0 0 0 0 0 0
2.89175226993348 7.59930142799018 10.2770452216248 0.776127801009097 -0.32813872848993 -0.538470622565238 0.630290176552921 0.429390193884105 0.646806272957413 0 0 0 0 0 0
3.2325498764782 7.43323896801591 10.6577883803015 0.61757128805767 0.2275659513559 -0.752874120919476 0.630290176552921 0.429390193884105 0.646806272957413 0 0 0 0 0 0
3.71412287756756 7.31905017381359 10.8669138594253 0.22438911753182 0.696814521581813 -0.681248153352359 0.630290176552921 0.429390193884105 0.646806272957413 0 0 0 0 0 0
4.24684538505872 7.36370027173114 10.9207488005569 -0.25404223033035 0.901331604941269 -0.350804622464953 0.630290176552921 0.429390193884105 0.646806272957413 0 0 0 0 0 0
4.72165895815262 7.6138089373555 10.8946178169596 -0.635958687530432 0.763417742122722 0.112915449637402 0.630290176552921 0.429390193884105 0.646806272957413 0 0 0 0 0 0
5.05150572841349 8.0379387013177 10.89422591366 -0.776263806675462 0.335468715407761 0.533737054576865 0.630290176552921 0.429390193884105 0.646806272957413 0 0 0 0 0 0
5.20440313951752 8.53853856951264 11.0154993887452 -0.621653327225747 -0.219930485028428 0.7517830288749 0.630290176552921 0.429390193884105 0.646806272957413 0 0 0 0 0 0
5.21559465512009 8.98900527672523 11.3081418289174 -0.230866355273601 -0.691774417160696 0.684214061361401 0.630290176552921 0.429390193884105 0.646806272957413 0 0 0 0 0 0
5.17416017777382 9.28178198377933 11.7567508859057 0.247630604926608 -0.900801682362141 0.35670073248764 0.630290176552921 0.429390193884105 0.646806272957413 0 0 0 0 0 0
5.18917310461228 9.3692209189952 12.2866698860882 0.632048558152269 -0.767599327833227 -0.106329168376392 0.630290176552921 0.429390193884105 0.646806272957413 0 0 0 0 0 0
5.34826152016898 9.28168556327895 12.7923511489937 0.776340696847521 -0.342773155084094 -0.528962840445339 0.630290176552921 0.429390193884105 0.646806272957413 0 0 0 0 0 0
5.68431682199967 9.11601505607591 13.1774553157758 0.625688025086127 0.212278270143025 -0.750634685642028 0.630290176552921 0.429390193884105 0.646806272957413 0 0 0 0 0 0
6.16299772883605 8.99873338723131 13.391452282347 0.237326011648593 0.686681631439398 -0.687127863820627 0.630290176552921 0.429390193884105 0.646806272957413 0 0 0 0 0 0
3.36371708784065 3.13130065465449 10.1675646740963 0.845569141806084 -0.529767533300687 0.0660241401748434 0.364657947651327 0.663459598794011 0.653334479407609 0 0 0 0 0 0
3.46503807097065 3.14362173757213 10.6950751966565 0.913584374626987 -0.119316159014158 -0.388750877343738 0.364657947651327 0.663459598794011 0.653334479407609 0 0 0 0 0 0
3.77461064104285 3.12874469828822 11.133969944494 0.634513629210897 0.336465418941647 -0.695832936991371 0.364657947651327 0.663459598794011 0.653334479407609 0 0 0 0 0 0
4.22882061285867 3.19056496183895 11.41424955245 0.114380547555435 0.664418158839706 -0.738556430169675 0.364657947651327 0.663459598794011 0.653334479407609 0 0 0 0 0 0
4.70910363408874 3.40383936560313 11.5261751989101 -0.449207616457111 0.739947331715334 -0.500689987521498 0.364657947651327 0.663459598794011 0.653334479407609 0 0 0 0 0 0
5.08698976501307 3.78578478691431 11.5239685469604 -0.842134296626764 0.534358142012652 -0.0726030475237237 0.364657947651327 0.663459598794011 0.653334479407609 0 0 0 0 0 0
5.27291135652354 4.28953716351087 11.5052120280432 -0.91512007777331 0.125757360167659 0.383067004086536 0.364657947651327 0.663459598794011 0.653334479407609 0 0 0 0 0 0
5.25023129751129 4.82195593431461 11.5737756447608 -0.640436441381988 -0.330620745355966 0.693203496305551 0.364657947651327 0.663459598794011 0.653334479407609 0 0 0 0 0 0
5.08156373153465 5.27900969581146 11.8003550202729 -0.122440293383358 -0.661390502034776 0.739980390533685 0.364657947651327 0.663459598794011 0.653334479407609 0 0 0 0 0 0
4.88498589682869 5.5852994715588 12.1956129490907 0.442072969164149 -0.740886949131071 0.505626362585702 0.364657947651327 0.663459598794011 0.653334479407609 0 0 0 0 0 0
4.78917860935354 5.72270404393968 12.7061284231694 0.8386353196603 -0.538908057283251 0.079176425869441 0.364657947651327 0.663459598794011 0.653334479407609 0 0 0 0 0 0
4.88453826938265 5.73726450770607 13.2346921660164 0.916586090982678 -0.132188984411293 -0.377353958793868 0.364657947651327 0.663459598794011 0.653334479407609 0 0 0 0 0 0
5.18883375769169 5.72169248831657 13.6772380620829 0.646310481838517 0.324750893720476 -0.690521265489641 0.364657947651327 0.663459598794011 0.653334479407609 0 0 0 0 0 0
5.64045574067201 5.78014744536896 13.9623796139537 0.130490714908892 0.658312477782439 -0.741347998526004 0.364657947651327 0.663459598794011 0.653334479407609 0 0 0 0 0 0
6.1218230862217 5.98866475244569 14.0785308662339 -0.43490465630303 0.741770145137171 -0.510524232244782 0.364657947651327 0.663459598794011 0.653334479407609 0 0 0 0 0 0
6.50405390168282 6.36626858744626 14.0783081037103 -0.835072477367335 0.543416932618821 -0.0857437746237843 0.364657947651327 0.663459598794011 0.653334479407609 0 0 0 0 0 0
6.69592991965247 6.86774432933593 14.0585400450633 -0.917982302612512 0.138610541951974 0.371612176536253 0.364657947651327 0.663459598794011 0.653334479407609 0 0 0 0 0 0
6.67855184285724 7.40081634862495 14.1234809937505 -0.652135303249562 -0.318856311047105 0.687786448805902 0.364657947651327 0.663459598794011 0.653334479407609 0 0 0 0 0 0
6.51251950316681 7.86120506177794 14.3452028850842 -0.138531199061271 -0.655184320486158 0.74265914999799 0.364657947651327 0.663459598794011 0.653334479407609 0 0 0 0 0 0
6.31490897229147 8.17224448846072 14.7362139530278 0.427703223768531 -0.742596852474838 0.515383223507003 0.364657947651327 0.663459598794011 0.653334479407609 0 0 0 0 0 0
10.0096661800185 11.6178956084093 5.61054442677536 0.610197944837939 0.178891958096817 -0.771787623277183 0.572468358471442 0.573865847851643 0.585626132629452 0 0 0 0 0 0
10.4950222523201 11.5807890425578 5.83800362744463 0.173149327451379 0.613522220050003 -0.770460768571671 0.572468358471442 0.573865847851643 0.585626132629452 0 0 0 0 0 0
11.0198477192623 11.6835348860712 5.8898362716754 -0.329681614336336 0.815065133061686 -0.476422986468668 0.572468358471442 0.573865847851643 0.585626132629452 0 0 0 0 0 0
11.4695222518431 11.9720748523121 5.83306828114997 -0.707260998855026 0.706951174860914 -0.00138414643865876 0.572468358471442 0.573865847851643 0.585626132629452 0 0 0 0 0 0
11.7579766174809 12.4217643611068 5.7759847744003 -0.81614010513538 0.33025464573715 0.474180553965091 0.572468358471442 0.573865847851643 0.585626132629452 0 0 0 0 0 0
11.8603918204732 12.9467354267888 5.82699073984708 -0.614953940339909 -0.171911144865382 0.769596134041416 0.572468358471442 0.573865847851643 0.585626132629452 0 0 0 0 0 0
11.8226282534155 13.4325193415895 6.05342616826398 -0.180136492127712 -0.608765017332488 0.772629275834212 0.572468358471442 0.573865847851643 0.585626132629452 0 0 0 0 0 0
11.7438025673093 13.7795352515344 6.45598246441811 0.323117821165343 -0.814338881706662 0.482127638064969 0.572468358471442 0.573865847851643 0.585626132629452 0 0 0 0 0 0
11.7386315987046 13.9409225877711 6.96843977083931 0.703614271955803 -0.710531789900431 0.00845764985059631 0.572468358471442 0.573865847851643 0.585626132629452 0 0 0 0 0 0
11.8938495255315 13.9403441801431 7.48282499881007 0.816795897026964 -0.336781791653003 -0.468425540946382 0.572468358471442 0.573865847851643 0.585626132629452 0 0 0 0 0 0
12.2352561027862 13.8629963525109 7.89043260998308 0.619663104718431 0.164917239934684 -0.76734603708043 0.572468358471442 0.573865847851643 0.585626132629452 0 0 0 0 0 0
12.7179149042592 13.823241414911 8.12312366785902 0.187109938712742 0.603961454801973 -0.774738944386042 0.572468358471442 0.573865847851643 0.585626132629452 0 0 0 0 0 0
13.2432254221492 13.9211595099368 8.17921295898497 -0.316529421321267 0.813550615292954 -0.487795573774997 0.572468358471442 0.573865847851643 0.585626132629452 0 0 0 0 0 0
13.6963830484894 14.2045264933171 8.12410923372041 -0.699913962105618 0.71405829519321 -0.0155305091797524 0.572468358471442 0.573865847851643 0.585626132629452 0 0 0 0 0 0
13.9899952651448 14.6506630875545 8.06546532839964 -0.817389486748635 0.343283290331519 0.462634855509147 0.572468358471442 0.573865847851643 0.585626132629452 0 0 0 0 0 0
14.0972835225766 15.1750511186245 8.11227905294902 -0.624325079352406 -0.157910775917663 0.765037503747819 0.572468358471442 0.573865847851643 0.585626132629452 0 0 0 0 0 0
14.0622568585257 15.6634433833553 8.33348310054965 -0.194069136151514 -0.599111898268343 0.776789613567733 0.572468358471442 0.573865847851643 0.585626132629452 0 0 0 0 0 0
13.9829921287826 16.0152680720248 8.73175636500476 0.309916916536264 -0.812700393850104 0.493426361963506 0.572468358471442 0.573865847851643 0.585626132629452 0 0 0 0 0 0
13.9743729699155 16.1818376803445 9.24250618419514 0.69616035109739 -0.717530422182222 0.0226021858005058 0.572468358471442 0.573865847851643 0.585626132629452 0 0 0 0 0 0
14.1244435849858 16.1848462063506 9.75840817234993 0.817920829096239 -0.3497586466584 -0.456808938636501 0.572468358471442 0.573865847851643 0.585626132629452 0 0 0 0 0 0
3.18905732892072 8.49865601457247 10.1337088383535 0.151196200989159 0.240760551976842 -0.958735659824048 0.596154482023898 0.751444477081066 0.28272076582236 0 0 0 0 0 0
3.71606318018959 8.60285641906065 10.124106205838 -0.339882096105021 0.555235119261579 -0.759074517478908 0.596154482023898 0.751444477081066 0.28272076582236 0 0 0 0 0 0
4.16559289695692 8.833622686455 9.9414725131788 -0.701833502363292 0.658766581702691 -0.271028274894385 0.596154482023898 0.751444477081066 0.28272076582236 0 0 0 0 0 0
4.45513964477732 9.2145548168766 9.69705791672954 -0.797146627043339 0.512021605765056 0.319986140673626 0.596154482023898 0.751444477081066 0.28272076582236 0 0 0 0 0 0
4.56297679388093 9.71220228844313 9.52558417111522 -0.589610420528747 0.170751061252542 0.789432471516751 0.596154482023898 0.751444477081066 0.28272076582236 0 0 0 0 0 0
4.53641222907289 10.2487724697949 9.53406158222267 -0.158071357494744 -0.235390666235317 0.95896020782359 0.596154482023898 0.751444477081066 0.28272076582236 0 0 0 0 0 0
4.47381529335021 10.7316853413717 9.76113400287723 0.333521657063674 -0.552103544098311 0.764162928218574 0.596154482023898 0.751444477081066 0.28272076582236 0 0 0 0 0 0
4.48724462984946 11.0887461926993 10.1623973870636 0.698404217918861 -0.659063054879351 0.279047376060483 0.596154482023898 0.751444477081066 0.28272076582236 0 0 0 0 0 0
4.65987522979864 11.2955735999298 10.6272696294033 0.797951339690841 -0.515633492165064 -0.312082939686316 0.596154482023898 0.751444477081066 0.28272076582236 0 0 0 0 0 0
5.01439886273792 11.3848623363968 11.0210025558217 0.594343406479318 -0.176306144845014 -0.784647728897783 0.596154482023898 0.751444477081066 0.28272076582236 0 0 0 0 0 0
5.5044030938852 11.4339620815989 11.2358750077489 0.164934476254458 0.230002854583205 -0.959111727290541 0.596154482023898 0.751444477081066 0.28272076582236 0 0 0 0 0 0
6.03200414408436 11.5354909847402 11.2321179112617 -0.32713581905686 0.548929924112605 -0.769193144992678 0.596154482023898 0.751444477081066 0.28272076582236 0 0 0 0 0 0
6.48503457403617 11.7621484813552 11.0530232131708 -0.694921747289254 0.659309337852716 -0.287045226688519 0.596154482023898 0.751444477081066 0.28272076582236 0 0 0 0 0 0
6.77965756982764 12.1390955622789 10.8084965466243 -0.798695285254432 0.519206111078287 0.304155972374871 0.596154482023898 0.751444477081066 0.28272076582236 0 0 0 0 0 0
6.89221795021438 12.6343956925597 10.633302243551 -0.599031130878392 0.181847802041959 0.779803232316373 0.596154482023898 0.751444477081066 0.28272076582236 0 0 0 0 0 0
6.86822916546885 13.1711480350378 10.6358641118207 -0.171785034615235 -0.224597527323225 0.959190206686107 0.596154482023898 0.751444477081066 0.28272076582236 0 0 0 0 0 0
6.80508197667756 13.6567033640957 10.8570734178854 0.320725068390867 -0.545714500987909 0.774164784730739 0.596154482023898 0.751444477081066 0.28272076582236 0 0 0 0 0 0
6.81504407731759 14.0178630554824 11.2547536109887 0.691386355678091 -0.659505411867384 0.295021217711202 0.596154482023898 0.751444477081066 0.28272076582236 0 0 0 0 0 0
6.98260771948895 14.2286884674825 11.7196838999521 0.799378407079776 -0.522739190435963 -0.296205842408542 0.596154482023898 0.751444477081066 0.28272076582236 0 0 0 0 0 0
7.33238969470662 14.3203554645748 12.1170940578183 0.603673236737607 -0.187375610824726 -0.774899350699691 0.596154482023898 0.751444477081066 0.28272076582236 0 0 0 0 0 0
9.52486150228408 11.6952479047425 12.5391648151886 0.555687519777425 0.374571961159105 -0.742231248518301 0.687839075002541 0.294340617392268 0.663506599705525 0 0 0 0 0 0
10.020591572059 11.5433262771657 12.6800783316225 0.176294273057934 0.818979739479829 -0.546070064743094 0.687839075002541 0.294340617392268 0.663506599705525 0 0 0 0 0 0
10.5565079269245 11.5780911069726 12.6965151596161 -0.270076115479329 0.952243422161117 -0.142447733567375 0.687839075002541 0.294340617392268 0.663506599705525 0 0 0 0 0 0
11.0308604227686 11.8299198548235 12.6804810222609 -0.613840072314142 0.72373390810239 0.31529287318969 0.687839075002541 0.294340617392268 0.663506599705525 0 0 0 0 0 0
11.3652880548141 12.2467237697986 12.73631790527 -0.724395922818098 0.220265782169898 0.653248446006264 0.687839075002541 0.294340617392268 0.663506599705525 0 0 0 0 0 0
11.5345896134602 12.71373727675 12.9410627921007 -0.559741650989495 -0.366884997056429 0.743024012453473 0.687839075002541 0.294340617392268 0.663506599705525 0 0 0 0 0 0
11.5762980451508 13.0971193370784 13.3151800259494 -0.182432167568639 -0.81465003191098 0.550512333870593 0.687839075002541 0.294340617392268 0.663506599705525 0 0 0 0 0 0
11.576421058504 13.2948018969996 13.8147865636259 0.264186346414729 -0.952915899420351 0.148851815574885 0.687839075002541 0.294340617392268 0.663506599705525 0 0 0 0 0 0
11.636765357835 13.2752672476645 14.3483238773462 0.610436050434977 -0.729153084835705 -0.309359996127363 0.687839075002541 0.294340617392268 0.663506599705525 0 0 0 0 0 0
11.8362585740701 13.0895221296982 14.8113425702154 0.724770892948473 -0.228372822532503 -0.650040773077514 0.687839075002541 0.294340617392268 0.663506599705525 0 0 0 0 0 0
12.2009633381577 12.8517194196498 15.1261844484079 0.563753155707714 0.359170093240774 -0.743760192233362 0.687839075002541 0.294340617392268 0.663506599705525 0 0 0 0 0 0
12.6941756518275 12.695789543657 15.2714861673784 0.188556169163469 0.810258285588156 -0.554912679352473 0.687839075002541 0.294340617392268 0.663506599705525 0 0 0 0 0 0
13.230369350191 12.7245580693589 15.2902955236302 -0.258276458537011 0.953515808444481 -0.155244561940336 0.687839075002541 0.294340617392268 0.663506599705525 0 0 0 0 0 0
13.7076889217042 12.970680553598 15.2737168771028 -0.606985541487171 0.734516733738579 0.303403560103595 0.687839075002541 0.294340617392268 0.663506599705525 0 0 0 0 0 0
14.0466461199367 13.3842361504045 15.3262990816477 -0.725090668969285 0.236462471420491 0.646783597027158 0.687839075002541 0.294340617392268 0.663506599705525 0 0 0 0 0 0
14.2203188773626 13.8516933750116 15.526315627486 -0.567721728440467 -0.351427837231935 0.744439731795028 0.687839075002541 0.294340617392268 0.663506599705525 0 0 0 0 0 0
14.2645794489271 14.239042613064 15.8960272336108 -0.194665811475992 -0.805804834959841 0.559270766085388 0.687839075002541 0.294340617392268 0.663506599705525 0 0 0 0 0 0
14.2644659426405 14.4427086136326 16.3932246284623 0.252346901907017 -0.954043103548112 0.161625485831341 0.687839075002541 0.294340617392268 0.663506599705525 0 0 0 0 0 0
14.3218749205836 14.4289004587284 16.9272645578946 0.603488808240341 -0.739824446348381 -0.297424018724051 0.687839075002541 0.294340617392268 0.663506599705525 0 0 0 0 0 0
14.516849191354 14.2464492980004 17.3935066729002 0.725355226528352 -0.244534112775778 -0.643477165901764 0.687839075002541 0.294340617392268 0.663506599705525 0 0 0 0 0 0
10.5686076526702 0.626029285040206 11.7123058029761 0.304611244653824 -0.317603716059883 0.897964291703964 0.576907171729215 0.811681501451085 0.0913852034495262 0 0 0 0 0 0
10.5615409221384 1.07865932053863 12.0017211004341 0.691150772870791 -0.544714942787199 0.474969725629379 0.576907171729215 0.811681501451085 0.0913852034495262 0 0 0 0 0 0
10.7120220320295 1.40712156768923 12.3994057617941 0.815110567049446 -0.564879855601478 -0.12847378028214 0.576907171729215 0.811681501451085 0.0913852034495262 0 0 0 0 0 0
11.0483076213271 1.6068194339815 12.7678048208964 0.629396228884083 -0.370437466985212 -0.683107949097414 0.576907171729215 0.811681501451085 0.0913852034495262 0 0 0 0 0 0
11.5280641008027 1.72207606801867 12.980489401508 0.204563740421873 -0.0352596912770956 -0.978217987094725 0.576907171729215 0.811681501451085 0.0913852034495262 0 0 0 0 0 0
12.0544508913441 1.82929525431977 12.9701891611816 -0.297985933149958 0.313313830657791 -0.901686656862178 0.576907171729215 0.811681501451085 0.0913852034495262 0 0 0 0 0 0
12.5129117790479 2.00793433817775 12.7543494190519 -0.687325768659 0.542854189997882 -0.482589490290722 0.576907171729215 0.811681501451085 0.0913852034495262 0 0 0 0 0 0
12.8146967361591 2.31031705172668 12.4285033874257 -0.81553905318045 0.566155166519725 0.119851492108183 0.576907171729215 0.811681501451085 0.0913852034495262 0 0 0 0 0 0
12.9305795404369 2.74175485329787 12.1299775071967 -0.633915416312806 0.37436432967112 0.6767588888451 0.576907171729215 0.811681501451085 0.0913852034495262 0 0 0 0 0 0
12.9019613056199 3.25852901559699 11.9857188369742 -0.21145671428736 0.0403462249426451 0.976554268904535 0.576907171729215 0.811681501451085 0.0913852034495262 0 0 0 0 0 0
12.8251415061277 3.78450010114128 12.0640657430758 0.291337928863583 -0.30900008519445 0.905340355090449 0.576907171729215 0.811681501451085 0.0913852034495262 0 0 0 0 0 0
12.8147321966869 4.24003460754279 12.3487850116068 0.683448421928836 -0.540952096760251 0.490172503893959 0.576907171729215 0.811681501451085 0.0913852034495262 0 0 0 0 0 0
12.9601149765295 4.57225906646673 12.7452391178238 0.815905432855066 -0.567387362530083 -0.111220076779078 0.576907171729215 0.811681501451085 0.0913852034495262 0 0 0 0 0 0
13.2914834254639 4.77514755824906 13.1163406040394 0.638386328628274 -0.378262683063913 -0.670358290783222 0.576907171729215 0.811681501451085 0.0913852034495262 0 0 0 0 0 0
13.7683720580959 4.89181105952492 13.3346338967782 0.218333584905366 -0.0454296860869584 -0.974816182325884 0.576907171729215 0.811681501451085 0.0913852034495262 0 0 0 0 0 0
14.2950298382771 4.99811886242781 13.3307178100831 -0.284667738065965 0.304662808178279 -0.908925108145513 0.576907171729215 0.811681501451085 0.0913852034495262 0 0 0 0 0 0
14.756797598609 5.17387456204117 13.1196122163869 -0.679519027955263 0.53900880792607 -0.497718188963243 0.576907171729215 0.811681501451085 0.0913852034495262 0 0 0 0 0 0
15.0636689751374 5.47249733638121 12.7950517458558 -0.816209678172063 0.568576349796055 0.10258019161052 0.576907171729215 0.811681501451085 0.0913852034495262 0 0 0 0 0 0
15.1844853298444 5.90072710754755 12.49387443323 -0.642808625353203 0.382132230288888 0.663906642342103 0.576907171729215 0.811681501451085 0.0913852034495262 0 0 0 0 0 0
15.1587734381762 6.41606393263204 12.3440346606159 -0.225193828575569 0.0505096875847879 0.973003859720795 0.576907171729215 0.811681501451085 0.0913852034495262 0 0 0 0 0 0
6.40835116542189 9.12070024454736 2.46869166883005 0.0402784134278963 -0.338631179727523 0.940056686337626 0.509882992191912 0.816069494098213 0.272121140442468 0 0 0 0 0 0
6.30935338829448 9.56495774552251 2.75420841977386 0.536497126672086 -0.548937721345324 0.640966622498239 0.509882992191912 0.816069494098213 0.272121140442468 0 0 0 0 0 0
6.33265014807288 9.88408487564464 3.18583353248418 0.828891611739929 -0.550693644874763 0.0983626223813229 0.509882992191912 0.816069494098213 0.272121140442468 0 0 0 0 0 0
6.54489277682851 10.07768137209 3.63988040806131 0.806376315179058 -0.343231845609532 -0.481610982513604 0.509882992191912 0.816069494098213 0.272121140442468 0 0 0 0 0 0
6.94094891200187 10.1930381585288 3.98414404502055 0.477505174588631 -0.00537052966680386 -0.878612523045386 0.509882992191912 0.816069494098213 0.272121140442468 0 0 0 0 0 0
7.44585236674744 10.3071707325611 4.12812792970601 -0.0327781652887955 0.334531140286811 -0.941814476454204 0.509882992191912 0.816069494098213 0.272121140442468 0 0 0 0 0 0
7.94328403768405 10.4975596905478 4.05742517484951 -0.53060853215131 0.547338836983066 -0.647205363959738 0.509882992191912 0.816069494098213 0.272121140442468 0 0 0 0 0 0
8.31976347702115 10.8127145536469 3.83919193691403 -0.826851846347971 0.552203358492103 -0.106712113000325 0.509882992191912 0.816069494098213 0.272121140442468 0 0 0 0 0 0
8.5077620119663 11.2537441896893 3.59663366946243 -0.808960319891381 0.347276591762176 0.474322853819297 0.509882992191912 0.816069494098213 0.272121140442468 0 0 0 0 0 0
8.51135801653824 11.773935535751 3.46219731146353 -0.483731242812769 0.0104136416668132 0.875154638217755 0.509882992191912 0.816069494098213 0.272121140442468 0 0 0 0 0 0
8.40468746909039 12.2965006717583 3.52725248078315 0.0252754209655022 -0.330405625004576 0.943500543752017 0.509882992191912 0.816069494098213 0.272121140442468 0 0 0 0 0 0
8.30377845464691 12.7437498351496 3.80737862873832 0.524679529736476 -0.545698270649263 0.653394818227015 0.509882992191912 0.816069494098213 0.272121140442468 0 0 0 0 0 0
8.32247015551592 13.0666070605759 4.23644614606744 0.824749112986626 -0.553671019685751 0.11505347707877 0.509882992191912 0.816069494098213 0.272121140442468 0 0 0 0 0 0
8.52916344264101 13.2632549596436 4.69174010711683 0.811482719143327 -0.351294891457821 -0.466998603603255 0.509882992191912 0.816069494098213 0.272121140442468 0 0 0 0 0 0
8.92083424112815 13.37982517715 5.04058172178072 0.489920473029926 -0.0154559606276915 -0.871630106976124 0.509882992191912 0.816069494098213 0.272121140442468 0 0 0 0 0 0
9.42418242685784 13.492872207945 5.19073522613353 -0.0177707518210444 0.326254948054779 -0.945114759830513 0.509882992191912 0.816069494098213 0.272121140442468 0 0 0 0 0 0
9.92347976915076 13.6802890644147 5.12544979124489 -0.518710570944073 0.544016147279394 -0.659534513949163 0.509882992191912 0.816069494098213 0.272121140442468 0 0 0 0 0 0
10.3045370204757 13.9917144187742 4.90982344314926 -0.822583571787181 0.555096516687625 -0.123386079389488 0.509882992191912 0.816069494098213 0.272121140442468 0 0 0 0 0 0
10.4980863207292 14.4296740415789 4.66607123437445 -0.813943320844427 0.355286438687388 0.459638789635491 0.509882992191912 0.816069494098213 0.272121140442468 0 0 0 0 0 0
10.5060972153854 14.9486212192614 4.5270937021596 -0.496072393906256 0.0204971025573277 0.868039197727194 0.509882992191912 0.816069494098213 0.272121140442468 0 0 0 0 0 0
4.81285850482445 9.52484628672062 3.75295295941613 -0.60605629458587 0.029140355198092 0.794887795535807 0.672582984567092 0.552283830839481 0.492559335577035 0 0 0 0 0 0
4.85652916714591 10.0365477953847 3.91087553982095 -0.241927624493413 -0.464929287991462 0.851652383120441 0.672582984567092 0.552283830839481 0.492559335577035 0 0 0 0 0 0
4.84505241985183 10.442268658222 4.26293230775535 0.214113394958272 -0.782364521469892 0.5848599914891 0.672582984567092 0.552283830839481 0.492559335577035 0 0 0 0 0 0
4.88238282767559 10.6696495037732 4.74830792915233 0.588809155880248 -0.80256639280466 0.0958695107534491 0.672582984567092 0.552283830839481 0.492559335577035 0 0 0 0 0 0
5.05393230110915 10.7140853148317 5.25553700854211 0.739806474119208 -0.517859873318413 -0.429543399970181 0.672582984567092 0.552283830839481 0.492559335577035 0 0 0 0 0 0
5.39412068359622 10.6404749514729 5.66485165639307 0.60973894393564 -0.0364097298031378 -0.791765591462469 0.672582984567092 0.552283830839481 0.492559335577035 0 0 0 0 0 0
5.8732990775389 10.5585649890597 5.89368331275723 0.248021394659418 0.458873078802569 -0.853182797143408 0.672582984567092 0.552283830839481 0.492559335577035 0 0 0 0 0 0
6.40901395619818 10.5812551593981 5.92803192366712 -0.207923629144502 0.779822332822429 -0.590461593733889 0.672582984567092 0.552283830839481 0.492559335577035 0 0 0 0 0 0
6.89733263705166 10.7817058550405 5.82778479570646 -0.58487498993873 0.804504044668928 -0.103414158873469 0.672582984567092 0.552283830839481 0.492559335577035 0 0 0 0 0 0
7.25232904554548 11.165543272979 5.70396440697666 -0.739622563466871 0.523541219355363 0.422922043935515 0.672582984567092 0.552283830839481 0.492559335577035 0 0 0 0 0 0
7.43872846742477 11.6687219283427 5.67654911146923 -0.613375159304129 0.0436763316662931 0.788583091373896 0.672582984567092 0.552283830839481 0.492559335577035 0 0 0 0 0 0
7.48530900244081 12.1818566048841 5.82889135645328 -0.254096277035965 -0.452781924652125 0.85464823799314 0.672582984567092 0.552283830839481 0.492559335577035 0 0 0 0 0 0
7.47396828311135 12.5917796274542 6.17605069417941 0.201718029141364 -0.777220757685118 0.596018230042249 0.672582984567092 0.552283830839481 0.492559335577035 0 0 0 0 0 0
7.50860919487173 12.8245351538547 6.65907240619741 0.580896283502292 -0.806380430435429 0.110950931604906 0.672582984567092 0.552283830839481 0.492559335577035 0 0 0 0 0 0
7.67566543273438 12.8734762357646 7.16738538656582 0.739382327692761 -0.529182695701487 -0.416268480749794 0.672582984567092 0.552283830839481 0.492559335577035 0 0 0 0 0 0
8.0112638954593 12.8017901055386 7.58080995364942 0.616964663779459 -0.0509396074076921 -0.785340537629791 0.672582984567092 0.552283830839481 0.492559335577035 0 0 0 0 0 0
8.48749947270557 12.7184922902012 7.81521612046952 0.260151808997243 0.446656289405103 -0.856048594070644 0.672582984567092 0.552283830839481 0.492559335577035 0 0 0 0 0 0
9.02303666299844 12.7370097900878 7.85448598333562 -0.195497067529323 0.774559994177976 -0.601529477254813 0.672582984567092 0.552283830839481 0.492559335577035 0 0 0 0 0 0
9.51401029059669 12.9320882650188 7.75663718293433 -0.576873339564834 0.808195407210125 -0.118479254993337 0.672582984567092 0.552283830839481 0.492559335577035 0 0 0 0 0 0
9.87348562228978 13.3113949084533 7.63178103262935 -0.739085785091762 0.534783872736519 0.409583217107615 0.672582984567092 0.552283830839481 0.492559335577035 0 0 0 0 0 0
0.444185973954406 6.47194404527995 4.64839426156453 -0.579225954284276 -0.0726765458451245 0.811920817301473 0.808731494006008 0.0736751907989789 0.583545488255667 0 0 0 0 0 0
0.657415805927412 6.84231093075782 4.97404209437867 -0.409253180676645 -0.642094933778105 0.648248355279473 0.808731494006008 0.0736751907989789 0.583545488255667 0 0 0 0 0 0
0.777356362488007 7.06631225587742 5.44745816017593 -0.0837982813816621 -0.967570721113977 0.238295504952274 0.808731494006008 0.0736751907989789 0.583545488255667 0 0 0 0 0 0
0.878195098170935 7.06975580467444 5.97519369382504 0.273492986042765 -0.92545021457887 -0.262189791794675 0.808731494006008 0.0736751907989789 0.583545488255667 0 0 0 0 0 0
1.04137656862778 6.86224294793887 6.44316305618474 0.526879695510663 -0.531735698822788 -0.663064803059274 0.808731494006008 0.0736751907989789 0.583545488255667 0 0 0 0 0 0
1.32466028225458 6.53352092192556 6.75998677582372 0.580095999695313 0.0639940990628654 -0.81203040978933 0.808731494006008 0.0736751907989789 0.583545488255667 0 0 0 0 0 0
1.74017689726466 6.2193863528072 6.89170813800064 0.412924134907807 0.635411468790256 -0.652492087415969 0.808731494006008 0.0736751907989789 0.583545488255667 0 0 0 0 0 0
2.24981958181966 6.05009384799284 6.8746939083204 0.0888754875454504 0.965425398010998 -0.245061111947336 0.808731494006008 0.0736751907989789 0.583545488255667 0 0 0 0 0 0
2.77972143655712 6.10087009303223 6.80181799046091 -0.268938443454334 0.928658077475473 0.255472677153387 0.808731494006008 0.0736751907989789 0.583545488255667 0 0 0 0 0 0
3.248318764647 6.36333397605243 6.78717707739699 -0.524578163374826 0.539078026971944 0.658948124928154 0.808731494006008 0.0736751907989789 0.583545488255667 0 0 0 0 0 0
3.59733848388971 6.748680712283 6.92274341014427 -0.58092186855004 -0.0553067788821994 0.812078163017579 0.808731494006008 0.0736751907989789 0.583545488255667 0 0 0 0 0 0
3.81393704491771 7.12142026652713 7.24342298570349 -0.416563643367396 -0.628679614758964 0.656686129753783 0.808731494006008 0.0736751907989789 0.583545488255667 0 0 0 0 0 0
3.93557991033291 7.35085228280554 7.71379418520274 -0.0939459254967667 -0.963206554026164 0.251808056589931 0.808731494006008 0.0736751907989789 0.583545488255667 0 0 0 0 0 0
4.03580779907512 7.36072133478633 8.24156503912482 0.264363420162197 -0.931795219464029 -0.248736107278632 0.808731494006008 0.0736751907989789 0.583545488255667 0 0 0 0 0 0
4.19629733776151 7.15818763717133 8.71263648956625 0.522236682580862 -0.546379302242221 -0.6547812653461 0.808731494006008 0.0736751907989789 0.583545488255667 0 0 0 0 0 0
4.4758307446744 6.83110676041836 9.0344505299693 0.581703497955347 0.0466152468761926 -0.812064073349625 0.808731494006008 0.0736751907989789 0.583545488255667 0 0 0 0 0 0
4.88796348224954 6.51465183065757 9.17115453930068 0.420171428892751 0.621899884340975 -0.660830162900352 0.808731494006008 0.0736751907989789 0.583545488255667 0 0 0 0 0 0
5.3958743102615 6.33995899910042 9.15722229220587 0.0990092091021301 0.960914358133036 -0.258535825074102 0.808731494006008 0.0736751907989789 0.583545488255667 0 0 0 0 0 0
5.92635429060361 6.3843066257149 9.08435679565058 -0.259768264572091 0.934861401639032 0.241980595186286 0.808731494006008 0.0736751907989789 0.583545488255667 0 0 0 0 0 0
6.3976200868629 6.64175593824845 9.06665078338193 -0.519855431441598 0.553638968613239 0.650564541635601 0.808731494006008 0.0736751907989789 0.583545488255667 0 0 0 0 0 0
4.34672323818945 1.44048495488576 7.1068825371504 0.504267411500686 0.651252467123347 -0.567084298640115 0.471335767146703 0.342674524604931 0.812660300983759 0 0 0 0 0 0
4.84247599963203 1.41005883269621 7.31179362208462 -0.0158052336900622 0.924565672589997 -0.380694774926331 0.471335767146703 0.342674524604931 0.812660300983759 0 0 0 0 0 0
5.33462595755766 1.59038748466506 7.4299253210958 -0.529873206352541 0.846620921125996 -0.0496729413408218 0.471335767146703 0.342674524604931 0.812660300983759 0 0 0 0 0 0
5.70599130142273 1.96370340224353 7.53673407156538 -0.842633488914109 0.447030726979268 0.300220473147357 0.471335767146703 0.342674524604931 0.812660300983759 0 0 0 0 0 0
5.88527831497634 2.43891998810277 7.71197808833536 -0.835263220956558 -0.122393914302069 0.536055110468218 0.471335767146703 0.342674524604931 0.812660300983759 0 0 0 0 0 0
5.8741670510313 2.88623687734573 8.00941588440356 -0.510562490501271 -0.645319061222929 0.568233448958698 0.471335767146703 0.342674524604931 0.812660300983759 0 0 0 0 0 0
5.74667305131163 3.18645326627793 8.43638251304138 0.0081094662450778 -0.923076707625856 0.384530399833135 0.471335767146703 0.342674524604931 0.812660300983759 0 0 0 0 0 0
5.62102760467768 3.27625429066216 8.95100285842044 0.523700501181876 -0.850142079782176 0.0547378228055226 0.471335767146703 0.342674524604931 0.812660300983759 0 0 0 0 0 0
5.61475970376641 3.17226540121028 9.47810069223034 0.840328959914227 -0.454224262211653 -0.295850568273501 0.471335767146703 0.342674524604931 0.812660300983759 0 0 0 0 0 0
5.80004481570857 2.96473607689508 9.93775937969335 0.837702397224183 0.114260946797758 -0.534040382107699 0.471335767146703 0.342674524604931 0.812660300983759 0 0 0 0 0 0
6.17628421545633 2.78325253899765 10.2756835452513 0.51681868819148 0.639336511777544 -0.569339326100138 0.471335767146703 0.342674524604931 0.812660300983759 0 0 0 0 0 0
6.67033245143906 2.74750577907666 10.4838267935104 -0.000413081232841814 0.921517446796592 -0.388336741261221 0.471335767146703 0.342674524604931 0.812660300983759 0 0 0 0 0 0
7.16428652554176 2.92181895014854 10.6034486693801 -0.517487914190457 0.853598496827522 -0.0597985357730906 0.471335767146703 0.342674524604931 0.812660300983759 0 0 0 0 0 0
7.54027921332197 3.29070992543077 10.7094394671386 -0.83796043661058 0.46138320650787 0.29145813323344 0.471335767146703 0.342674524604931 0.812660300983759 0 0 0 0 0 0
7.72525879321033 3.76477321715391 10.8818681555385 -0.840077779210963 -0.106119277879968 0.53198498450446 0.471335767146703 0.342674524604931 0.812660300983759 0 0 0 0 0 0
7.71874261689448 4.21464661614527 11.1755628378951 -0.523035528137639 -0.633305274381496 0.570401845847609 0.471335767146703 0.342674524604931 0.812660300983759 0 0 0 0 0 0
7.59300047548231 4.52015805791439 11.5992806389604 -0.00728333523712943 -0.919888008845956 0.392113509342954 0.471335767146703 0.342674524604931 0.812660300983759 0 0 0 0 0 0
7.46559809757366 4.61598099912275 12.1123807268183 0.511235918490837 -0.856989909042493 0.0648546948506401 0.471335767146703 0.342674524604931 0.812660300983759 0 0 0 0 0 0
7.45473196337106 4.51645306359965 12.640264444408 0.835528099375391 -0.468507014686594 -0.287043502528106 0.471335767146703 0.342674524604931 0.812660300983759 0 0 0 0 0 0
7.63432448571102 4.31012893933715 13.1027165865646 0.842389186022362 0.0979695275683109 -0.529889074184988 0.471335767146703 0.342674524604931 0.812660300983759 0 0 0 0 0 0
10.6954183153248 6.87625259377456 12.2562024581004 -0.619598228675519 0.316734106766788 0.718176538625987 0.586302292951916 0.795092518341539 0.155169289992044 0 0 0 0 0 0
10.669712583981 7.40421689772266 12.1598800243114 -0.195890583651902 -0.04671051641079 0.979512637434125 0.586302292951916 0.795092518341539 0.155169289992044 0 0 0 0 0 0
10.5993535879301 7.92153353798517 12.2868375270458 0.302239169216977 -0.392409033445722 0.868715508703066 0.586302292951916 0.795092518341539 0.155169289992044 0 0 0 0 0 0
10.5978900200121 8.34940052672655 12.6118187573234 0.685543208530891 -0.589024797945453 0.427878834066946 0.586302292951916 0.795092518341539 0.155169289992044 0 0 0 0 0 0
10.7526960480494 8.64299929424258 13.0343349812897 0.808397921252698 -0.561860193736255 -0.175516163383818 0.586302292951916 0.795092518341539 0.155169289992044 0 0 0 0 0 0
11.0917764076726 8.80852201291748 13.41684229029 0.624128747998122 -0.321235508125165 -0.712229635891307 0.586302292951916 0.795092518341539 0.155169289992044 0 0 0 0 0 0
11.5731269350401 8.90081908740755 13.6369968313786 0.202742628502862 0.0414319177939607 -0.978355161879195 0.586302292951916 0.795092518341539 0.155169289992044 0 0 0 0 0 0
12.1006926509542 9.00256056886241 13.6341352825328 -0.295668805236621 0.388358665438435 -0.872787204643163 0.586302292951916 0.795092518341539 0.155169289992044 0 0 0 0 0 0
12.5608606534114 9.19282842032369 13.4323218629263 -0.681750716547903 0.58774146307222 -0.435632796139303 0.586302292951916 0.795092518341539 0.155169289992044 0 0 0 0 0 0
12.8656235585801 9.51707195678559 13.1312059337327 -0.8088241323785 0.563831452371631 0.167025795009824 0.586302292951916 0.795092518341539 0.155169289992044 0 0 0 0 0 0
12.9860149773235 9.96984089055659 12.868163539767 -0.628611737500153 0.325712446155884 0.706228494112344 0.586302292951916 0.795092518341539 0.155169289992044 0 0 0 0 0 0
12.9631143307244 10.4968559866774 12.7661059532558 -0.209579233717712 -0.0361501639761812 0.977123180790831 0.586302292951916 0.795092518341539 0.155169289992044 0 0 0 0 0 0
12.8924400912049 11.0156306517823 12.886783626551 0.289075924932017 -0.384278722415184 0.876792434458494 0.586302292951916 0.795092518341539 0.155169289992044 0 0 0 0 0 0
12.8876607178695 11.4468089700214 13.2073261628694 0.677906306608345 -0.58641336941104 0.443353583087612 0.586302292951916 0.795092518341539 0.155169289992044 0 0 0 0 0 0
13.0374101084559 11.7443143422517 13.6289311624027 0.809188748415133 -0.565759773058946 -0.158522706974873 0.586302292951916 0.795092518341539 0.155169289992044 0 0 0 0 0 0
13.3716140997046 11.9128547564115 14.0144009058932 0.633046855784604 -0.33016457992278 -0.70017357029928 0.586302292951916 0.795092518341539 0.155169289992044 0 0 0 0 0 0
13.8501211416482 12.0061341441893 14.240266062003 0.216399878662495 0.0308656571834538 -0.975816787989165 0.586302292951916 0.795092518341539 0.155169289992044 0 0 0 0 0 0
14.377956542742 12.1064493594933 14.2436937505865 -0.282461030376527 0.380169515079425 -0.880730893135301 0.586302292951916 0.795092518341539 0.155169289992044 0 0 0 0 0 0
14.8414049430738 12.2934242277217 14.0463588043676 -0.674010271478918 0.585040618101387 -0.451040606944056 0.586302292951916 0.795092518341539 0.155169289992044 0 0 0 0 0 0
15.1512126808143 12.6137591232546 13.7462091376038 -0.809491741595671 0.567645008949115 0.15000754682204 0.586302292951916 0.795092518341539 0.155169289992044 0 0 0 0 0 0
0.0592648181624493 5.58749405979863 0.695933304183814 0.230035956611084 -0.357520748020227 0.905131136024543 0.305557088221826 0.90957426210892 0.281619472953155 0 0 0 0 0 0
-0.120495881044309 5.97577538331752 1.02090839083735 0.728128460473421 -0.413792518297356 0.546447341332848 0.305557088221826 0.90957426210892 0.281619472953155 0 0 0 0 0 0
-0.134279674775557 6.26973268927054 1.47044616614169 0.94959278854324 -0.312857592631346 -0.0198409344435353 0.305557088221826 0.90957426210892 0.281619472953155 0 0 0 0 0 0
0.068396237520607 6.49237409713916 1.91546119981534 0.810290939900706 -0.0930628368246811 -0.578591307502086 0.305557088221826 0.90957426210892 0.281619472953155 0 0 0 0 0 0
0.455777995062977 6.69380182842537 2.22858632673848 0.363146015847828 0.162088046619338 -0.9175251693098 0.305557088221826 0.90957426210892 0.281619472953155 0 0 0 0 0 0
0.925938898344266 6.93217753503856 2.33256156244749 -0.221964151103247 0.355658971185048 -0.907875879093948 0.305557088221826 0.90957426210892 0.281619472953155 0 0 0 0 0 0
1.34550306639746 7.25162571532421 2.22958646295067 -0.722746426007493 0.414109106296662 -0.553309363535062 0.305557088221826 0.90957426210892 0.281619472953155 0 0 0 0 0 0
1.60031716390099 7.66547007942015 2.00048447662613 -0.948945249995645 0.315232268391134 0.0114686300700265 0.305557088221826 0.90957426210892 0.281619472953155 0 0 0 0 0 0
1.63881916180941 8.15117164901464 1.77399676488692 -0.814623907991943 0.0965934213213446 0.571889499366242 0.305557088221826 0.90957426210892 0.281619472953155 0 0 0 0 0 0
1.4916276142589 8.65889169203865 1.67787128252277 -0.370813323556673 -0.158742881464306 0.915039986370685 0.305557088221826 0.90957426210892 0.281619472953155 0 0 0 0 0 0
1.25990915793598 9.13042629023802 1.79032919384359 0.213875442165933 -0.353770109542222 0.910551483900175 0.305557088221826 0.90957426210892 0.281619472953155 0 0 0 0 0 0
1.07694361538438 9.52131898083585 2.11034734457 0.717309351602998 -0.414394158284235 0.560129249087018 0.305557088221826 0.90957426210892 0.281619472953155 0 0 0 0 0 0
1.05748876210086 9.81775051001386 2.55804697525029 0.948225445593272 -0.317582937993212 -0.00309545231593523 0.305557088221826 0.90957426210892 0.281619472953155 0 0 0 0 0 0
1.25418192897628 10.0417889984835 3.00504099747776 0.818894839318642 -0.100116649854998 -0.565144139630862 0.305557088221826 0.90957426210892 0.281619472953155 0 0 0 0 0 0
1.63754220024095 10.2430058934686 3.32321039529409 0.378452392395267 0.155385627424252 -0.912485119593887 0.305557088221826 0.90957426210892 0.281619472953155 0 0 0 0 0 0
2.10717070626014 10.4796429471143 3.43337878138761 -0.205770445785647 0.351854306935878 -0.91315774668556 0.305557088221826 0.90957426210892 0.281619472953155 0 0 0 0 0 0
2.52989383268792 10.7964852010971 3.3353928303916 -0.711817651314202 0.414647652552263 -0.566906478628028 0.305557088221826 0.90957426210892 0.281619472953155 0 0 0 0 0 0
2.79035810310125 11.207846400526 3.1081805297546 -0.947433430152013 0.319909422424989 -0.00527796116883423 0.305557088221826 0.90957426210892 0.281619472953155 0 0 0 0 0 0
2.83485489330039 11.6921309628628 2.8797651177031 -0.823103408632847 0.103632254118147 0.558355741981204 0.305557088221826 0.90957426210892 0.281619472953155 0 0 0 0 0 0
2.69172523560269 12.2000385007865 2.77862691460489 -0.386062640618941 -0.15201654016707 0.909860763542403 0.305557088221826 0.90957426210892 0.281619472953155 0 0 0 0 0 0
11.5816230609887 10.579312247434 5.09245647454052 -0.195416719097631 0.975495613971827 0.101097047527841 0.980609473109524 0.192804000436862 0.0350952797880824 0 0 0 0 0 0
11.9467426503495 10.8029337101418 4.76785482790308 -0.166940788020735 0.728039572276865 0.664897852676586 0.980609473109524 0.192804000436862 0.0350952797880824 0 0 0 0 0 0
12.2738080818283 11.1925118162579 4.5948166677043 -0.0750412604736291 0.203989124901388 0.976092847094217 0.980609473109524 0.192804000436862 0.0350952797880824 0 0 0 0 0 0
12.5837678556209 11.6285892498138 4.64427890271345 0.0453676965503774 -0.397560201540419 0.916453849498628 0.980609473109524 0.192804000436862 0.0350952797880824 0 0 0 0 0 0
12.9040691972696 11.9740428229193 4.90264682155208 0.148540707147459 -0.848069760564913 0.50863871218725 0.980609473109524 0.192804000436862 0.0350952797880824 0 0 0 0 0 0
13.2582303977865 12.1261788674195 5.27695895083813 0.195280619631035 -0.976383438580532 -0.0924167758698343 0.980609473109524 0.192804000436862 0.0350952797880824 0 0 0 0 0 0
13.6569058216927 12.0557482763733 5.63020467315675 0.167830159798931 -0.73375272401885 -0.658361585647874 0.980609473109524 0.192804000436862 0.0350952797880824 0 0 0 0 0 0
14.0938381358059 11.8180587287995 5.83337685131157 0.0766182162885775 -0.212357081911069 -0.974183821819564 0.980609473109524 0.192804000436862 0.0350952797880824 0 0 0 0 0 0
14.5482355747329 11.5319623777222 5.81448379662987 -0.0437022685780706 0.389716566035801 -0.919897336597076 0.980609473109524 0.192804000436862 0.0350952797880824 0 0 0 0 0 0
14.9926710801625 11.3347019301352 5.58590011512626 -0.147419530948944 0.843730374832154 -0.516126473338063 0.980609473109524 0.192804000436862 0.0350952797880824 0 0 0 0 0 0
15.4035022988736 11.3297698480392 5.2396653877853 -0.195129648789194 0.977196907810168 0.0837294663165391 0.980609473109524 0.192804000436862 0.0350952797880824 0 0 0 0 0 0
15.7698537080035 11.5475898318261 4.91251679492575 -0.168706750660677 0.739409997650061 0.651775181835464 0.980609473109524 0.192804000436862 0.0350952797880824 0 0 0 0 0 0
16.0977484080119 11.9339583478428 4.73394037527372 -0.0781893373297161 0.220708867106788 0.972200608675174 0.980609473109524 0.192804000436862 0.0350952797880824 0 0 0 0 0 0
16.4078198461158 12.3706374570612 4.77697711495954 0.0420335125088113 -0.38184325210583 0.923270769951814 0.980609473109524 0.192804000436862 0.0350952797880824 0 0 0 0 0 0
16.7274728247186 12.7202753849474 5.03047345570663 0.146287128182389 -0.839326735764716 0.523574929459668 0.980609473109524 0.192804000436862 0.0350952797880824 0 0 0 0 0 0
17.0804719587936 12.8785887570065 5.40331871809835 0.194963818069122 -0.977935959711902 -0.075035780440212 0.980609473109524 0.192804000436862 0.0350952797880824 0 0 0 0 0 0
17.477913101332 12.8139815962785 5.75905957197773 0.169570493850186 -0.74501096234721 -0.645139142819507 0.980609473109524 0.192804000436862 0.0350952797880824 0 0 0 0 0 0
17.914007843279 12.5795491632417 5.96774093795207 0.0797545039500947 -0.229043844467768 -0.970143358690405 0.980609473109524 0.192804000436862 0.0350952797880824 0 0 0 0 0 0
18.368282626911 12.2929061786515 5.95527809478732 -0.0403615554248351 0.373940859333845 -0.926573892662832 0.980609473109524 0.192804000436862 0.0350952797880824 0 0 0 0 0 0
18.8133569927139 12.0915030247126 5.7316027036354 -0.14514358508465 0.834859178716764 -0.53098351332329 0.980609473109524 0.192804000436862 0.0350952797880824 0 0 0 0 0 0
10.9178967099653 3.829307766768 10.6951029937683 -0.720142423251178 0.631611344789435 0.287161974096855 0.689330352251568 0.698360058264585 0.192657453749952 0 0 0 0 0 0
11.0767498048815 4.2919460103374 10.4728044289036 -0.537105304408975 0.314205622537383 0.782810780930895 0.689330352251568 0.698360058264585 0.192657453749952 0 0 0 0 0 0
11.1131697287577 4.8262074354507 10.4289476061832 -0.150012900499992 -0.122572068954485 0.981056684190978 0.689330352251568 0.698360058264585 0.192657453749952 0 0 0 0 0 0
11.1153942072447 5.33252855358909 10.6087226854932 0.294071912390884 -0.512782582154837 0.806582750733851 0.689330352251568 0.698360058264585 0.192657453749952 0 0 0 0 0 0
11.1846523874142 5.72196086599055 10.9723583282122 0.626433889144281 -0.708178419126985 0.325674544928485 0.689330352251568 0.698360058264585 0.192657453749952 0 0 0 0 0 0
11.3967061923249 5.94996388546916 11.4102314936949 0.720803157995662 -0.63452543456103 -0.278962865483235 0.689330352251568 0.698360058264585 0.192657453749952 0 0 0 0 0 0
11.7730670997809 6.0333268121742 11.7845150652132 0.541327255938352 -0.319805628705811 -0.777617619287484 0.689330352251568 0.698360058264585 0.192657453749952 0 0 0 0 0 0
12.2728235722608 6.04379003575306 11.9815406759471 0.156192078840986 0.11641368235972 -0.980842438451142 0.689330352251568 0.698360058264585 0.192657453749952 0 0 0 0 0 0
12.8081840340272 6.08078976188877 11.9549832219738 -0.28828308040037 0.508405489163819 -0.811428816436151 0.689330352251568 0.698360058264585 0.192657453749952 0 0 0 0 0 0
13.2778303585455 6.23368053527638 11.7434605437623 -0.623234677561551 0.707245550548094 -0.333739820690719 0.689330352251568 0.698360058264585 0.192657453749952 0 0 0 0 0 0
13.6054103187035 6.54778795416495 11.4558618629232 -0.721409000788961 0.637391202764118 0.27074251276736 0.689330352251568 0.698360058264585 0.192657453749952 0 0 0 0 0 0
13.7685450744325 7.00718871777913 11.2299789463883 -0.545507983301355 0.325381280437436 0.772365239051696 0.689330352251568 0.698360058264585 0.192657453749952 0 0 0 0 0 0
13.8073312682035 7.54076015450717 11.1801567103977 -0.162359362550453 -0.11024643041233 0.980553497762131 0.689330352251568 0.698360058264585 0.192657453749952 0 0 0 0 0 0
13.8091076401725 8.0492009139538 11.3538516750752 0.282472294537149 -0.50398967912643 0.816213088692504 0.689330352251568 0.698360058264585 0.192657453749952 0 0 0 0 0 0
13.8752735805692 8.44275721018551 11.7136024390024 0.619988004245174 -0.706258822482317 0.34177968087348 0.689330352251568 0.698360058264585 0.192657453749952 0 0 0 0 0 0
14.0827658060416 8.67532178560991 12.1512618919387 0.721959905493802 -0.640208431159355 -0.262501541960915 0.689330352251568 0.698360058264585 0.192657453749952 0 0 0 0 0 0
14.4548288146878 8.76195082900735 12.5290841101254 0.549647168119409 -0.33093215312479 -0.767054040212621 0.689330352251568 0.698360058264585 0.192657453749952 0 0 0 0 0 0
14.9521839126015 8.77314387768719 12.7320563357103 0.168514281965862 0.104070782772427 -0.980189884127899 0.689330352251568 0.698360058264585 0.192657453749952 0 0 0 0 0 0
15.4879518463916 8.80805986457461 12.7115942463665 -0.276639997315064 0.499535488323699 -0.820935203162055 0.689330352251568 0.698360058264585 0.192657453749952 0 0 0 0 0 0
15.9606596840892 8.95684498174331 12.5039999516312 -0.616694116441892 0.705218310072815 -0.349793513210289 0.689330352251568 0.698360058264585 0.192657453749952 0 0 0 0 0 0
8.56325824304215 4.23958647882749 7.592480132609 0.355957238473765 -0.312517081441774 0.88069717734602 0.269610173293531 0.936693662887349 0.223417403895294 0 0 0 0 0 0
8.39411315136348 4.62461494242635 7.92688725319418 0.813005776129992 -0.345750526724139 0.468484985084101 0.269610173293531 0.936693662887349 0.223417403895294 0 0 0 0 0 0
8.4102927519349 4.93082956257939 8.36808554087019 0.961179826702727 -0.247627566263464 -0.121712485662521 0.269610173293531 0.936693662887349 0.223417403895294 0 0 0 0 0 0
8.64557332424678 5.18059747121106 8.78153946360973 0.744185591041374 -0.0554267532671749 -0.665669348181708 0.269610173293531 0.936693662887349 0.223417403895294 0 0 0 0 0 0
9.05049102545237 5.41773084969147 9.04325403748594 0.244462807223831 0.157831609981211 -0.956727295928669 0.269610173293531 0.936693662887349 0.223417403895294 0 0 0 0 0 0
9.51113403125666 5.69084194863328 9.08688259415174 -0.348135484258221 0.311127105793938 -0.884308548324951 0.269610173293531 0.936693662887349 0.223417403895294 0 0 0 0 0 0
9.8924195424702 6.03487448113044 8.92893298940207 -0.808471284755673 0.346220212347737 -0.475926198362098 0.269610173293531 0.936693662887349 0.223417403895294 0 0 0 0 0 0
10.0894139988851 6.45782792192611 8.66249599276071 -0.961655327255391 0.249778471737367 0.11326847142022 0.269610173293531 0.936693662887349 0.223417403895294 0 0 0 0 0 0
10.0671990931936 6.9377183732136 8.42187854774359 -0.749490432911117 0.0584417136406251 0.659430555162144 0.269610173293531 0.936693662887349 0.223417403895294 0 0 0 0 0 0
9.87413781973725 7.43093061496434 8.33157831852469 -0.252581592292112 -0.155098028561536 0.95506394590703 0.269610173293531 0.936693662887349 0.223417403895294 0 0 0 0 0 0
9.62350056437043 7.88878825622431 8.45898494582643 0.34028721817769 -0.309713436612417 0.887852575784187 0.269610173293531 0.936693662887349 0.223417403895294 0 0 0 0 0 0
9.45043179109437 8.27604670986333 8.78877759571449 0.803875225162897 -0.346663531961718 0.483331168017467 0.269610173293531 0.936693662887349 0.223417403895294 0 0 0 0 0 0
9.46060640068817 8.5842832004839 9.22874560056017 0.962057594031683 -0.251910355613591 -0.104815831345284 0.269610173293531 0.936693662887349 0.223417403895294 0 0 0 0 0 0
9.69008206911267 8.83509671761598 9.64482083335267 0.754738198182624 -0.0614522234513155 -0.653141543952715 0.269610173293531 0.936693662887349 0.223417403895294 0 0 0 0 0 0
10.0916003335608 9.07190219847873 9.91201243065001 0.260681142294231 0.1523526358265 -0.95332786406823 0.269610173293531 0.936693662887349 0.223417403895294 0 0 0 0 0 0
10.5525408725972 9.34343646747192 9.96189291133649 -0.332413037908019 0.308276181553594 -0.891328989832317 0.269610173293531 0.936693662887349 0.223417403895294 0 0 0 0 0 0
10.9377078491831 9.68524230175017 9.80859492074499 -0.799217947359395 0.347080451805578 -0.490699330133098 0.269610173293531 0.936693662887349 0.223417403895294 0 0 0 0 0 0
11.140693069521 10.1061651359384 9.54344200240978 -0.962386596397433 0.254023055540923 0.0963552091389804 0.269610173293531 0.936693662887349 0.223417403895294 0 0 0 0 0 0
11.1243022349285 10.58499253363 9.30025325702962 -0.759928487218251 0.064458053437268 0.646802793485973 0.269610173293531 0.936693662887349 0.223417403895294 0 0 0 0 0 0
10.9346856777635 11.0785131466309 9.20450322877626 -0.268760840418095 -0.149595640848389 0.951519182621622 0.269610173293531 0.936693662887349 0.223417403895294 0 0 0 0 0 0
0.863974989679905 3.32821726175965 2.2968408760896 0.597795622632122 0.758956036792427 -0.258120374589464 0.351608416988965 0.0411293391108677 0.935243229628965 0 0 0 0 0 0
1.32261497378688 3.20212048455273 2.54670898104648 0.0618021499429502 0.995835146539749 -0.0670287638151406 0.351608416988965 0.0411293391108677 0.935243229628965 0 0 0 0 0 0
1.79534275991795 3.30302436033355 2.78129787718264 -0.497670992786394 0.854379834640849 0.149528194993724 0.351608416988965 0.0411293391108677 0.935243229628965 0 0 0 0 0 0
2.15462642758413 3.59868414630384 3.04997173007254 -0.868070604740907 0.388331339092813 0.30927689254637 0.351608416988965 0.0411293391108677 0.935243229628965 0 0 0 0 0 0
2.31603337358573 3.98286407323921 3.38914526034978 -0.908675680587803 -0.225250724730338 0.351526127786756 0.351608416988965 0.0411293391108677 0.935243229628965 0 0 0 0 0 0
2.27030766960583 4.31569809038477 3.80844918251681 -0.604059673132181 -0.753256272237149 0.260224709877515 0.351608416988965 0.0411293391108677 0.935243229628965 0 0 0 0 0 0
2.08688654412868 4.47682731657263 4.28707133548839 -0.0699512965144839 -0.995087168147792 0.0700595739606705 0.351608416988965 0.0411293391108677 0.935243229628965 0 0 0 0 0 0
1.88752001841003 4.41112639147074 4.78166357054874 0.490732747172376 -0.858867811908849 -0.146722365437444 0.351608416988965 0.0411293391108677 0.935243229628965 0 0 0 0 0 0
1.80001603785025 4.14964652161991 5.242810437791 0.86497921559445 -0.396350214421679 -0.307762025138741 0.351608416988965 0.0411293391108677 0.935243229628965 0 0 0 0 0 0
1.90968409670184 3.79781860792049 5.63380294171913 0.910605618330917 0.216747456146489 -0.351877745983167 0.351608416988965 0.0411293391108677 0.935243229628965 0 0 0 0 0 0
2.22692473490421 3.49539828366962 5.94458490237856 0.610277722149419 0.74749914430039 -0.262309228046407 0.351608416988965 0.0411293391108677 0.935243229628965 0 0 0 0 0 0
2.68327819907295 3.36337041288212 6.19557346625123 0.0780951160239608 0.994263410015344 -0.0730850487983967 0.351608416988965 0.0411293391108677 0.935243229628965 0 0 0 0 0 0
3.15743344739662 3.45798491769217 6.42990229095069 -0.483757130359711 0.863290383067731 0.143905362404978 0.351608416988965 0.0411293391108677 0.935243229628965 0 0 0 0 0 0
3.52131624263336 3.74938649248597 6.69703434753835 -0.861821954931823 0.404338906147185 0.306223720461347 0.351608416988965 0.0411293391108677 0.935243229628965 0 0 0 0 0 0
3.68874669612612 4.13295713365856 7.03397011084051 -0.912466209930642 -0.208227681404682 0.352202567326871 0.351608416988965 0.0411293391108677 0.935243229628965 0 0 0 0 0 0
3.6481804483544 4.46906226830307 7.45119046044691 -0.616449296155328 -0.741685091409732 0.264373770352012 0.351608416988965 0.0411293391108677 0.935243229628965 0 0 0 0 0 0
3.46709456412747 4.63610026302357 7.92867481932357 -0.0862329882879947 -0.993363934874776 0.0761049579266966 0.351608416988965 0.0411293391108677 0.935243229628965 0 0 0 0 0 0
3.26635186750696 4.57670091753312 8.42350730575428 0.476744673568628 -0.867647211321577 -0.141077400422013 0.351608416988965 0.0411293391108677 0.935243229628965 0 0 0 0 0 0
3.17428313422722 4.31952136292136 8.88618119431978 0.858599063190648 -0.412296805899525 -0.304662095662048 0.351608416988965 0.0411293391108677 0.935243229628965 0 0 0 0 0 0
3.27793208441764 3.96835873843187 9.27940734859291 0.914257313695725 0.19969204931875 -0.352500567081466 0.351608416988965 0.0411293391108677 0.935243229628965 0 0 0 0 0 0
7.06602433228707 7.62787922143026 10.6702075289501 0.478694891457212 0.84751397719869 -0.229284232658127 0.296005013886653 0.0900718995975397 0.950930115548379 0 0 0 0 0 0
7.52676506522624 7.57555140454825 10.9416202749835 -0.0969200645324826 0.993238139925627 -0.0639100812712702 0.296005013886653 0.0900718995975397 0.950930115548379 0 0 0 0 0 0
7.96541286640563 7.74963225291456 11.1984647159802 -0.635713467589221 0.761614527238682 0.125744578510119 0.296005013886653 0.0900718995975397 0.950930115548379 0 0 0 0 0 0
8.25914976264531 8.09732315672917 11.4839726376048 -0.932988695746434 0.240640822137915 0.267626770578275 0.296005013886653 0.0900718995975397 0.950930115548379 0 0 0 0 0 0
8.34021185633306 8.49986814352189 11.8304860900037 -0.875805919650429 -0.371756354593038 0.307833078022753 0.296005013886653 0.0900718995975397 0.950930115548379 0 0 0 0 0 0
8.22163396307922 8.81767125758779 12.2471701022238 -0.485889831985111 -0.842917076779302 0.231088452431785 0.296005013886653 0.0900718995975397 0.950930115548379 0 0 0 0 0 0
7.99229746733582 8.94333139747943 12.7165307344469 0.0886239264961264 -0.993839508675124 0.0665494601690935 0.296005013886653 0.0900718995975397 0.950930115548379 0 0 0 0 0 0
7.78316279842578 8.84244579009737 13.2010613182096 0.62946797358845 -0.76718569511478 -0.123272784659476 0.296005013886653 0.0900718995975397 0.950930115548379 0 0 0 0 0 0
7.71751537390146 8.56668017937437 13.6574918668304 0.931166613371232 -0.249065209319526 -0.266261637584859 0.296005013886653 0.0900718995975397 0.950930115548379 0 0 0 0 0 0
7.86412740819431 8.23414014635013 14.0532280667857 0.879099488458728 0.363679313644451 -0.308093242734572 0.296005013886653 0.0900718995975397 0.950930115548379 0 0 0 0 0 0
8.21113019854223 7.98450082431433 14.3787344023656 0.493047770121104 0.838255984961031 -0.232875073925095 0.296005013886653 0.0900718995975397 0.950930115548379 0 0 0 0 0 0
8.67052324360303 7.92594198042616 14.6511568575168 -0.080321039404646 0.994365192698229 -0.0691837710678681 0.296005013886653 0.0900718995975397 0.950930115548379 0 0 0 0 0 0
9.11160710520424 8.09404871350129 14.9078088698762 -0.623174543164406 0.772698438829916 0.12079160310901 0.296005013886653 0.0900718995975397 0.950930115548379 0 0 0 0 0 0
9.4106383100829 8.4382920800207 15.191995331965 -0.929273619053264 0.257470629221152 0.264876227736868 0.296005013886653 0.0900718995975397 0.950930115548379 0 0 0 0 0 0
9.49784156425874 8.84122588457239 15.5365603385008 -0.882326110437409 -0.355574577108089 0.308329944953124 0.296005013886653 0.0900718995975397 0.950930115548379 0 0 0 0 0 0
9.38391855379794 9.16310645308412 15.9514091656903 -0.500168160760491 -0.833531056704065 0.234643961079913 0.296005013886653 0.0900718995975397 0.950930115548379 0 0 0 0 0 0
9.15598219535397 9.29498359099307 16.419745091191 0.0720120355550392 -0.994815151962069 0.0718128133546202 0.296005013886653 0.0900718995975397 0.950930115548379 0 0 0 0 0 0
8.94446098268063 9.20009258371036 16.9044507497555 0.616833655586181 -0.778152338567311 -0.118301222810304 0.296005013886653 0.0900718995975397 0.950930115548379 0 0 0 0 0 0
8.87354702120686 8.92782172636664 17.362189640858 0.927309856951376 -0.265856441737525 -0.263470646538625 0.296005013886653 0.0900718995975397 0.950930115548379 0 0 0 0 0 0
9.01401337080301 8.59494888476366 17.7598703897919 0.885485539866716 0.347442762191017 -0.308543166652621 0.296005013886653 0.0900718995975397 0.950930115548379 0 0 0 0 0 0
10.2894419810226 4.29682738012065 5.64264421607016 -0.331783690709945 0.114729004072778 0.936352945316752 0.648250770562889 0.748826831465419 0.137946783007368 0 0 0 0 0 0
10.263172443524 4.83142475965279 5.6895553588332 0.133105657079467 -0.289825155430548 0.94777859404668 0.648250770562889 0.748826831465419 0.137946783007368 0 0 0 0 0 0
10.2672443447448 5.29995648588518 5.95251266193107 0.54742594033648 -0.584269892767617 0.599127308885214 0.648250770562889 0.748826831465419 0.137946783007368 0 0 0 0 0 0
10.3961020062901 5.63530387167711 6.35204105394089 0.753769956386022 -0.656740729370591 0.0228575422038279 0.648250770562889 0.748826831465419 0.137946783007368 0 0 0 0 0 0
10.696781553111 5.82094718754463 6.75677982341529 0.673744163642898 -0.479704782766227 -0.562096186918519 0.648250770562889 0.748826831465419 0.137946783007368 0 0 0 0 0 0
11.1510411032337 5.89724178308667 7.03338874939524 0.337751698730127 -0.120420968952707 -0.933500176883435 0.648250770562889 0.748826831465419 0.137946783007368 0 0 0 0 0 0
11.6822911637093 5.94608641496688 7.09720628068198 -0.126558283437486 0.284612784297181 -0.950251842359679 0.648250770562889 0.748826831465419 0.137946783007368 0 0 0 0 0 0
12.1846922594931 6.05980853998299 6.94441387460311 -0.542786657785537 0.581517382320575 -0.605986945559913 0.648250770562889 0.748826831465419 0.137946783007368 0 0 0 0 0 0
12.563365119556 6.30608757059655 6.65348672521645 -0.752801305931889 0.657493804348226 -0.0314974765804994 0.648250770562889 0.748826831465419 0.137946783007368 0 0 0 0 0 0
12.7704368982447 6.70224233459935 6.35537972505221 -0.676814151788073 0.483677337393794 0.554958410361571 0.648250770562889 0.748826831465419 0.137946783007368 0 0 0 0 0 0
12.8232288697373 7.20865136288 6.18377551199167 -0.343693985650792 0.126103763309621 0.930576318797456 0.648250770562889 0.748826831465419 0.137946783007368 0 0 0 0 0 0
12.7976757863865 7.74380574797494 6.22429620008164 0.12000127189223 -0.279378738798367 0.952652725315832 0.648250770562889 0.748826831465419 0.137946783007368 0 0 0 0 0 0
12.7994769967394 8.21527574077013 6.48197410688261 0.53810603992912 -0.578720587073434 0.612800433982533 0.648250770562889 0.748826831465419 0.137946783007368 0 0 0 0 0 0
12.9239394958257 8.55482635753246 6.87933989189169 0.75177532674372 -0.65819680862707 0.0401350123023816 0.648250770562889 0.748826831465419 0.137946783007368 0 0 0 0 0 0
13.2197692042978 8.74434099105805 7.28585445421795 0.679832597915195 -0.487613058119485 -0.547778371573066 0.648250770562889 0.748826831465419 0.137946783007368 0 0 0 0 0 0
13.6705667748557 8.82270421264255 7.56750291950826 0.349610098943784 -0.131776954376728 -0.927581593721928 0.648250770562889 0.748826831465419 0.137946783007368 0 0 0 0 0 0
14.2010579784683 8.8710288733305 7.63770913132326 -0.113435121785516 0.274123417526934 -0.954981060078607 0.648250770562889 0.748826831465419 0.137946783007368 0 0 0 0 0 0
14.7056916425006 8.98183997566902 7.49022738044482 -0.5333844432144 0.575879720012979 -0.619567255279552 0.648250770562889 0.748826831465419 0.137946783007368 0 0 0 0 0 0
15.0887403059193 9.22392287830458 7.2015152542307 -0.750692096953804 0.658849688670625 -0.0487694915876882 0.648250770562889 0.748826831465419 0.137946783007368 0 0 0 0 0 0
15.3006686822168 9.61619058820334 6.90168612087463 -0.682799272157908 0.49151164522293 0.540556617340755 0.648250770562889 0.748826831465419 0.137946783007368 0 0 0 0 0 0
