t = 0
b = 13 13 13
E = -0.991307002545799 -0.991307002545799 0
3.7668642777352 13.151280424294 8.9623667714364 0.822690553139854 -0.528678819773174 -0.208995117880022 0.563635478510711 0.710607217149568 0.421132319228705 0 0 0 0 0 0
4.05423384516816 13.2046554842217 9.41320480977108 0.709881563013387 -0.156023423265307 -0.686822289887453 0.563635478510711 0.710607217149568 0.421132319228705 0 0 0 0 0 0
4.50342093722647 13.2224649999068 9.70748168551503 0.327376698511326 0.275907880313578 -0.903714190910319 0.563635478510711 0.710607217149568 0.421132319228705 0 0 0 0 0 0
5.02723355801136 13.3031677255908 9.79575688300557 -0.179504047201701 0.603017167227573 -0.777269961510827 0.563635478510711 0.710607217149568 0.421132319228705 0 0 0 0 0 0
5.51012822558852 13.5213282335183 9.70685336831287 -0.618188204235177 0.701030150402422 -0.355527878472623 0.563635478510711 0.710607217149568 0.421132319228705 0 0 0 0 0 0
5.85210687255895 13.899288586288 9.53690726253565 -0.822012326924106 0.53271005884031 0.201285189706473 0.563635478510711 0.710607217149568 0.421132319228705 0 0 0 0 0 0
6.00670778374238 14.3986802137321 9.41284412208546 -0.71354022330136 0.16200450948754 0.681626649007172 0.563635478510711 0.710607217149568 0.421132319228705 0 0 0 0 0 0
5.99865717857269 14.9350007742113 9.44415779772386 -0.333982259090081 -0.270249261590503 0.903006748160208 0.563635478510711 0.710607217149568 0.421132319228705 0 0 0 0 0 0
5.91447530693464 15.4097180070076 9.68131189001854 0.172461149235116 -0.599830819863612 0.781319486219466 0.563635478510711 0.710607217149568 0.421132319228705 0 0 0 0 0 0
5.86960595969124 15.7477037855423 10.0965677837812 0.613383683569242 -0.701526621034031 0.362795888498757 0.563635478510711 0.710607217149568 0.421132319228705 0 0 0 0 0 0
5.96455744241759 15.9257765487387 10.5945230117425 0.821271501287112 -0.536700729973993 -0.19355993288642 0.563635478510711 0.710607217149568 0.421132319228705 0 0 0 0 0 0
6.24671778970369 15.9815083636502 11.048356246912 0.717144544738746 -0.167973258439149 -0.676379099618544 0.563635478510711 0.710607217149568 0.421132319228705 0 0 0 0 0 0
6.69235125852796 15.9989506690152 11.3480088450412 0.340562385626742 0.264570062339846 -0.902230537950092 0.563635478510711 0.710607217149568 0.421132319228705 0 0 0 0 0 0
7.21561593387167 16.0767017284153 11.4419979636559 -0.165405117684306 0.59659879306038 -0.785309510424227 0.563635478510711 0.710607217149568 0.421132319228705 0 0 0 0 0 0
7.70117650743475 16.2904475014655 11.3569757546596 -0.608532451360992 0.701969667697378 -0.370036270213359 0.563635478510711 0.710607217149568 0.421132319228705 0 0 0 0 0 0
8.0480220895626 16.6642072823549 11.187603766225 -0.820468132645614 0.540650529269169 0.18581993572808 0.563635478510711 0.710607217149568 0.421132319228705 0 0 0 0 0 0
8.20784193503781 17.1612083684027 11.0605894379864 -0.720694252842511 0.173929215576792 0.671080041342772 0.563635478510711 0.710607217149568 0.421132319228705 0 0 0 0 0 0
8.2033795029009 17.697856624614 11.0865478262875 -0.347116577019197 -0.258870715054618 0.901385619391383 0.563635478510711 0.710607217149568 0.421132319228705 0 0 0 0 0 0
8.11979183611042 18.1754952931832 11.3179770948909 0.158336489893392 -0.59332133294923 0.78923973026932 0.563635478510711 0.710607217149568 0.421132319228705 0 0 0 0 0 0
8.07229697717321 18.5178863452377 11.7293135848427 0.603634877050542 -0.702359256652743 0.377248472233332 0.563635478510711 0.710607217149568 0.421132319228705 0 0 0 0 0 0
8.03763977825477 9.57426290825334 4.55674136228741 -0.219197503336721 0.928882294968831 0.298546707609354 0.975665541971336 0.210375382347791 0.061797643254418 0 0 0 0 0 0
8.39103362329248 9.86937428761855 4.27978077632438 -0.174390266247883 0.573690845481825 0.800291727339687 0.975665541971336 0.210375382347791 0.061797643254418 0 0 0 0 0 0
8.70467520165178 10.2952585132626 4.18524671478964 -0.0633292513617081 0.000544652196835852 0.997992539689526 0.975665541971336 0.210375382347791 0.061797643254418 0 0 0 0 0 0
9.00388087517053 10.721266892392 4.31820508407901 0.0717916049253988 -0.572808463563831 0.816539300665852 0.975665541971336 0.210375382347791 0.061797643254418 0 0 0 0 0 0
9.31945144729095 11.0167035642285 4.63729361264761 0.179637630209721 -0.928542067169799 0.324869129510134 0.975665541971336 0.210375382347791 0.061797643254418 0 0 0 0 0 0
9.67597042286998 11.1004790426372 5.03043606951007 0.219236316396357 -0.931507015062478 -0.290224255468679 0.975665541971336 0.210375382347791 0.061797643254418 0 0 0 0 0 0
10.0824643236698 10.9719174676524 5.35742189820652 0.175543460548276 -0.580576873966154 -0.795056593504151 0.975665541971336 0.210375382347791 0.061797643254418 0 0 0 0 0 0
10.5289733618252 10.7110133759791 5.5031745513972 0.0651587091077575 -0.00907587172239331 -0.997833639030019 0.975665541971336 0.210375382347791 0.061797643254418 0 0 0 0 0 0
10.9903353297718 10.4480404390612 5.42147099517412 -0.0699809253183191 0.565873205929188 -0.821517002199598 0.975665541971336 0.210375382347791 0.061797643254418 0 0 0 0 0 0
11.4357451435902 10.31405831724 5.15250261245057 -0.178533636197289 0.925837591752796 -0.333092321201732 0.975665541971336 0.210375382347791 0.061797643254418 0 0 0 0 0 0
11.8404582094199 10.3911209035904 4.80760582462831 -0.219258433761691 0.934060797290452 0.2818797016273 0.975665541971336 0.210375382347791 0.061797643254418 0 0 0 0 0 0
12.1951913083746 10.6811026780735 4.52696352366136 -0.176683286534503 0.587418689273736 0.789760913030832 0.975665541971336 0.210375382347791 0.061797643254418 0 0 0 0 0 0
12.5096494466044 11.1049865612596 4.42634724766965 -0.0669832047658361 0.0176064000851805 0.997598749475629 0.975665541971336 0.210375382347791 0.061797643254418 0 0 0 0 0 0
12.8088387612002 11.5328838238992 4.5531336380104 0.0681649163928343 -0.558894854859046 0.826432142032995 0.975665541971336 0.210375382347791 0.061797643254418 0 0 0 0 0 0
13.1235662706326 11.8333809867879 4.86830526113129 0.17741604615724 -0.923062610218654 0.341290146623451 0.975665541971336 0.210375382347791 0.061797643254418 0 0 0 0 0 0
13.4787357733689 11.9234659986331 5.26127398391371 0.219263853748402 -0.936543447172348 -0.273513681555301 0.975665541971336 0.210375382347791 0.061797643254418 0 0 0 0 0 0
13.8838864784663 11.800065902227 5.59189525437947 0.177809657404404 -0.594215770373845 -0.784405089206302 0.975665541971336 0.210375382347791 0.061797643254418 0 0 0 0 0 0
14.3295689005638 11.5412143022672 5.74371136007932 0.0688025993935358 -0.0261355876524352 -0.997287888914106 0.975665541971336 0.210375382347791 0.061797643254418 0 0 0 0 0 0
14.790934877358 11.2764050942796 5.6681956601215 -0.0663437164450549 0.551873941781858 -0.831284345859113 0.975665541971336 0.210375382347791 0.061797643254418 0 0 0 0 0 0
15.237177801901 11.137395568686 5.40318866736868 -0.176284945198382 0.920217333892963 -0.349461981479146 0.975665541971336 0.210375382347791 0.061797643254418 0 0 0 0 0 0
0.488462988441879 2.15164413354054 12.3815784590168 -0.0771900984874101 0.776989501664024 0.624763157524029 0.996675036665053 0.0765310108363049 0.0279620397876967 0 0 0 0 0 0
0.858953944668441 2.48986530169715 12.1891518629251 -0.0472301789855475 0.263002463552275 0.963638425115161 0.996675036665053 0.0765310108363049 0.0279620397876967 0 0 0 0 0 0
1.21867878010915 2.8880378896959 12.2163866761592 0.000673275159407249 -0.350903607629683 0.936411343829747 0.996675036665053 0.0765310108363049 0.0279620397876967 0 0 0 0 0 0
1.57855708864363 3.20622198929425 12.4570764846836 0.0483209408147428 -0.831495531477668 0.55342593706064 0.996675036665053 0.0765310108363049 0.0279620397876967 0 0 0 0 0 0
1.94945015715725 3.33486665632923 12.8239197529746 0.0776106731715096 -0.996188401053355 -0.039815235986041 0.996675036665053 0.0765310108363049 0.0279620397876967 0 0 0 0 0 0
2.33803458106233 3.23643014599899 13.1816871369697 0.0774148132091616 -0.782412641687001 -0.617929935206379 0.996675036665053 0.0765310108363049 0.0279620397876967 0 0 0 0 0 0
2.74426571407431 2.95964264937754 13.3985973727913 0.0478077714019987 -0.271385238501978 -0.961282720804238 0.996675036665053 0.0765310108363049 0.0279620397876967 0 0 0 0 0 0
3.16139463008165 2.62099287910042 13.3963831821588 3.7757935903637e-05 0.342745954109168 -0.939428128978547 0.996675036665053 0.0765310108363049 0.0279620397876967 0 0 0 0 0 0
3.57853215301166 2.360472059847 13.1800263199665 -0.0477466004013202 0.826662228347479 -0.560669084553177 0.996675036665053 0.0765310108363049 0.0279620397876967 0 0 0 0 0 0
3.98478583687785 2.28838892155636 12.8358649223088 -0.0773912269654943 0.99651570098117 0.0310975189811516 0.996675036665053 0.0765310108363049 0.0279620397876967 0 0 0 0 0 0
4.37339818812213 2.44346156865978 12.4987922050814 -0.0776336324931637 0.787776197958079 0.611049655131749 0.996675036665053 0.0765310108363049 0.0279620397876967 0 0 0 0 0 0
4.74431395039685 2.77810782487516 12.3010082759679 -0.0483817230715623 0.279747346415059 0.958853811092369 0.996675036665053 0.0765310108363049 0.0279620397876967 0 0 0 0 0 0
5.10420109737507 3.17652249750811 12.3217951032634 -0.000748788155801502 -0.334562199157253 0.942373373038182 0.996675036665053 0.0765310108363049 0.0279620397876967 0 0 0 0 0 0
5.46391755806962 3.49867370631615 12.5573959705947 0.0471686238994187 -0.821765971688048 0.567869534924205 0.996675036665053 0.0765310108363049 0.0279620397876967 0 0 0 0 0 0
5.8343861080662 3.633503336021 12.92244271628 0.0771658871179133 -0.996767112380187 -0.0223774337797928 0.996675036665053 0.0765310108363049 0.0279620397876967 0 0 0 0 0 0
6.22244462445934 3.54111987109547 13.2823885252311 0.0778465396754805 -0.793079762021684 -0.604122841260106 0.996675036665053 0.0765310108363049 0.0279620397876967 0 0 0 0 0 0
6.62824826202095 3.2679538494628 13.5046245135082 0.0489519902855967 -0.288088150484625 -0.956351880950431 0.996675036665053 0.0765310108363049 0.0279620397876967 0 0 0 0 0 0
7.04521050730844 2.92911812486246 13.508860060431 0.00145976135258228 0.326352965998562 -0.945246851716913 0.996675036665053 0.0765310108363049 0.0279620397876967 0 0 0 0 0 0
7.46250550524218 2.6646745691302 13.2976265577627 -0.0465870553241864 0.816807134368277 -0.575026739831553 0.996675036665053 0.0765310108363049 0.0279620397876967 0 0 0 0 0 0
7.86918098244891 2.58642222537806 12.9553156916566 -0.0769346707892683 0.996942616104456 0.013655644450214 0.996675036665053 0.0765310108363049 0.0279620397876967 0 0 0 0 0 0
9.57176411249872 2.58041836933756 11.911292262144 0.837362115804355 -0.385606370534684 0.387469242674463 0.0439635342429692 0.754017009829556 0.655381992844297 0 0 0 0 0 0
9.49263703252013 2.64327194839714 12.4389980844842 0.997799503482261 -0.000549298020670334 -0.0663012000060127 0.0439635342429692 0.754017009829556 0.655381992844297 0 0 0 0 0 0
9.64095838075614 2.70600031495563 12.951590546197 0.779156177469188 0.384716461995169 -0.494882708307254 0.0439635342429692 0.754017009829556 0.655381992844297 0 0 0 0 0 0
9.96688840416243 2.85642481113103 13.3513744789795 0.264498392838973 0.623822005982809 -0.73545000172492 0.0439635342429692 0.754017009829556 0.655381992844297 0 0 0 0 0 0
10.3531108445388 3.14904955319881 13.583512560728 -0.350646753408072 0.625927140149835 -0.696607543418981 0.0439635342429692 0.754017009829556 0.655381992844297 0 0 0 0 0 0
10.6594033464427 3.58435440655856 13.6568589310352 -0.832575335534307 0.390232088830227 -0.393112232711135 0.0439635342429692 0.754017009829556 0.655381992844297 0 0 0 0 0 0
10.7759102744145 4.10861267684583 13.6405953555267 -0.998194627773767 0.00628134263141785 0.0597329876897059 0.0439635342429692 0.754017009829556 0.655381992844297 0 0 0 0 0 0
10.6648787055771 4.63430277938358 13.6379479164416 -0.784583091997778 -0.380055790651515 0.489884647384931 0.0439635342429692 0.754017009829556 0.655381992844297 0 0 0 0 0 0
10.3750013962318 5.07335915248385 13.7469696981421 -0.272895322042063 -0.622003374871972 0.733920939104094 0.0439635342429692 0.754017009829556 0.655381992844297 0 0 0 0 0 0
10.0229175896404 5.37062983671068 14.0232887810042 0.342469943323905 -0.627641477636713 0.699128395553868 0.0439635342429692 0.754017009829556 0.655381992844297 0 0 0 0 0 0
9.74889981740552 5.52482962636146 14.4589742036309 0.827725151429012 -0.39482808944136 0.398725285729291 0.0439635342429692 0.754017009829556 0.655381992844297 0 0 0 0 0 0
9.66356201948326 5.58902834060079 14.9855490676856 0.998513735679699 -0.0120129088936047 -0.0531602264751208 0.0439635342429692 0.754017009829556 0.655381992844297 0 0 0 0 0 0
9.80583545902748 5.65048871187984 15.5000060564425 0.789950257486275 0.375366176587957 -0.484849279850045 0.0439635342429692 0.754017009829556 0.655381992844297 0 0 0 0 0 0
10.1281780846215 5.79751381492303 15.9039416366018 0.281271469209823 0.620137375795955 -0.732335985562266 0.0439635342429692 0.754017009829556 0.655381992844297 0 0 0 0 0 0
10.5146365504721 6.08589925229156 16.1409412058092 -0.334267052827627 0.629308017795056 -0.701596006354648 0.0439635342429692 0.754017009829556 0.655381992844297 0 0 0 0 0 0
10.824898831113 6.51773547211768 16.2180119432924 -0.822811932848767 0.399394022364843 -0.40430797427321 0.0439635342429692 0.754017009829556 0.655381992844297 0 0 0 0 0 0
10.9476011057711 7.04061357190881 16.2029206653183 -0.998756802898756 0.0177435603262695 0.0465834169034715 0.0439635342429692 0.754017009829556 0.655381992844297 0 0 0 0 0 0
10.8426367357826 7.56753631683462 16.1984480786932 -0.795257265204247 -0.370647976936763 0.479776989165327 0.0439635342429692 0.754017009829556 0.655381992844297 0 0 0 0 0 0
10.5563934471679 8.00996984375523 16.3033406718445 -0.289626196466215 -0.618224150857811 0.730695261799782 0.0439635342429692 0.754017009829556 0.655381992844297 0 0 0 0 0 0
10.2041298579557 8.31147915603536 16.5747952729145 0.326038706601108 -0.630926633711378 0.704010187903204 0.0439635342429692 0.754017009829556 0.655381992844297 0 0 0 0 0 0
7.14367152259226 13.3134675135602 5.11559163261254 0.55942149671749 -0.57847534139453 -0.593644564035455 0.794871444937266 0.577454235942385 0.186349111657499 0 0 0 0 0 0
7.59992294104071 13.2699139020294 5.39598925778929 0.315354739037247 -0.130768969329882 -0.939920669645663 0.794871444937266 0.577454235942385 0.186349111657499 0 0 0 0 0 0
8.12805948217535 13.1965514998252 5.46213193674566 -0.0485205564533154 0.366618720523764 -0.929105198221912 0.794871444937266 0.577454235942385 0.186349111657499 0 0 0 0 0 0
8.64513576093976 13.2067598465001 5.31648505653302 -0.39396208132682 0.724721828912299 -0.565307128183126 0.794871444937266 0.577454235942385 0.186349111657499 0 0 0 0 0 0
9.07240837086968 13.3821685568789 5.04197639866361 -0.589730824809519 0.807490997794228 0.0132605712835894 0.794871444937266 0.577454235942385 0.186349111657499 0 0 0 0 0 0
9.36525182072837 13.7416448656127 4.77049048843555 -0.56145096817349 0.5834808360846 0.586790358014741 0.794871444937266 0.577454235942385 0.186349111657499 0 0 0 0 0 0
9.53011250472583 14.2341256492912 4.63276345878032 -0.31986650176875 0.137796549467079 0.937388677124483 0.794871444937266 0.577454235942385 0.186349111657499 0 0 0 0 0 0
9.62205960958049 14.7580171607565 4.70871420757061 0.0432405965406574 -0.360238950128433 0.931857365491722 0.794871444937266 0.577454235942385 0.186349111657499 0 0 0 0 0 0
9.72386340977716 15.1997921922051 4.99708187214566 0.389919869280048 -0.721413649696094 0.572297860884341 0.794871444937266 0.577454235942385 0.186349111657499 0 0 0 0 0 0
9.91454945644507 15.4771209595061 5.41590485211668 0.588462064567383 -0.808511242351192 -0.00468716938297946 0.794871444937266 0.577454235942385 0.186349111657499 0 0 0 0 0 0
10.2393754492471 15.5701495636734 5.83365939167936 0.563437682964518 -0.588441896449963 -0.579891465636413 0.794871444937266 0.577454235942385 0.186349111657499 0 0 0 0 0 0
10.6926370796095 15.5290428190295 6.11922765340391 0.32435390542773 -0.144813635863534 -0.934785298826294 0.794871444937266 0.577454235942385 0.186349111657499 0 0 0 0 0 0
11.2198351929199 15.454925801534 6.19171157684795 -0.0379573436891601 0.353831746142329 -0.934538568215316 0.794871444937266 0.577454235942385 0.186349111657499 0 0 0 0 0 0
11.7383809285421 15.461464741705 6.05116740426201 -0.385847963325594 0.718050532037398 -0.579245010887707 0.794871444937266 0.577454235942385 0.186349111657499 0 0 0 0 0 0
12.1689726087834 15.6316833232473 5.77858431321825 -0.587148490660707 0.809469915646773 -0.00388658946372611 0.794871444937266 0.577454235942385 0.186349111657499 0 0 0 0 0 0
12.4657237721041 15.9864205975314 5.50511527398393 -0.565381489794551 0.593358144686666 0.572948412277835 0.794871444937266 0.577454235942385 0.186349111657499 0 0 0 0 0 0
12.6335962070363 16.4764138795668 5.3622498433562 -0.328816608281025 0.151819694140949 0.93211073300843 0.794871444937266 0.577454235942385 0.186349111657499 0 0 0 0 0 0
12.7265148857646 17.0010144656587 5.43185908364665 0.032671200238983 -0.34739759649884 0.937148602208729 0.794871444937266 0.577454235942385 0.186349111657499 0 0 0 0 0 0
12.8268809656153 17.4464257586978 5.71509137729799 0.381746673554862 -0.714632732050642 0.586148049140857 0.794871444937266 0.577454235942385 0.186349111657499 0 0 0 0 0 0
13.0142662117146 17.72893649798 6.13193613719417 0.58579020312323 -0.810366944674287 0.0124600523315965 0.794871444937266 0.577454235942385 0.186349111657499 0 0 0 0 0 0
-0.00951005251590142 0.752721867823726 12.3842040174529 0.846595731729115 -0.405886343490022 -0.344284683345549 0.515005481730809 0.46145391321037 0.72237776804803 0 0 0 0 0 0
0.240449659106993 0.60877547072238 12.8375081972762 0.76454622396956 0.13378697621877 -0.630531614122659 0.515005481730809 0.46145391321037 0.72237776804803 0 0 0 0 0 0
0.664687706540231 0.495325819059716 13.1470826758206 0.392032823192768 0.622632386863091 -0.67722904276816 0.515005481730809 0.46145391321037 0.72237776804803 0 0 0 0 0 0
1.17828964835559 0.523805239573649 13.3022827727569 -0.129420401554227 0.87492934387975 -0.466635835400253 0.515005481730809 0.46145391321037 0.72237776804803 0 0 0 0 0 0
1.66239020556444 0.751724831554663 13.351113216331 -0.601704651957047 0.794826015117943 -0.0787598724286715 0.515005481730809 0.46145391321037 0.72237776804803 0 0 0 0 0 0
2.00933216842703 1.16082503869105 13.3819903445069 -0.84539124511608 0.412754994430516 0.339038282873408 0.515005481730809 0.46145391321037 0.72237776804803 0 0 0 0 0 0
2.16356717036512 1.66401275979522 13.4901512599315 -0.767899570067639 -0.126128549536561 0.628030126094074 0.515005481730809 0.46145391321037 0.72237776804803 0 0 0 0 0 0
2.14275944114431 2.1384494740639 13.7414716623603 -0.398670009754344 -0.617093748777806 0.678422824307839 0.515005481730809 0.46145391321037 0.72237776804803 0 0 0 0 0 0
2.03107487065582 2.47221964888179 14.1474385689367 0.122020952671738 -0.873614715601079 0.471071348942311 0.515005481730809 0.46145391321037 0.72237776804803 0 0 0 0 0 0
1.94720498016825 2.60684932179009 14.6607862043268 0.596354115096292 -0.798234845908364 0.0847519922206474 0.515005481730809 0.46145391321037 0.72237776804803 0 0 0 0 0 0
1.99927402898119 2.55952133645709 15.1934530590102 0.844122378686664 -0.419592212480139 -0.333766063323386 0.515005481730809 0.46145391321037 0.72237776804803 0 0 0 0 0 0
2.2437608005761 2.41654729308675 15.6500379290572 0.771194437640414 0.118460517676979 -0.625480811139869 0.515005481730809 0.46145391321037 0.72237776804803 0 0 0 0 0 0
2.66404136849681 2.30057632844824 15.964044428524 0.405276836051164 0.611508116614375 -0.679564941322827 0.515005481730809 0.46145391321037 0.72237776804803 0 0 0 0 0 0
3.17670480394744 2.3239986582331 16.1231440782338 -0.11461221142128 0.872233558179477 -0.475470988577319 0.515005481730809 0.46145391321037 0.72237776804803 0 0 0 0 0 0
3.66324238219831 2.54624665504985 16.1738601011366 -0.590958163560793 0.801582888024778 -0.090737657820285 0.515005481730809 0.46145391321037 0.72237776804803 0 0 0 0 0 0
4.01507102847097 2.95121549641369 16.2038924720843 -0.842789229069959 0.426397476958264 0.328468426195413 0.515005481730809 0.46145391321037 0.72237776804803 0 0 0 0 0 0
4.17478584345874 3.45338165606678 16.3087992311184 -0.774430575770961 -0.110783464590337 0.622883863400248 0.515005481730809 0.46145391321037 0.72237776804803 0 0 0 0 0 0
4.15796918433202 3.93029472148069 16.5556923864138 -0.411852798947825 -0.605875915740315 0.680655306836491 0.515005481730809 0.46145391321037 0.72237776804803 0 0 0 0 0 0
4.04727066672617 4.26909835283769 16.9577409403193 0.107194742007184 -0.87078597679543 0.479834419255687 0.515005481730809 0.46145391321037 0.72237776804803 0 0 0 0 0 0
3.96100719393376 4.40940629338485 17.4691677651922 0.585517208273151 -0.804869886500815 0.0967164133959746 0.515005481730809 0.46145391321037 0.72237776804803 0 0 0 0 0 0
9.90100286568361 11.668145300506 8.95960011130011 0.754452905987932 0.244321830299218 -0.609186060153715 0.124635631728903 0.857920343961808 0.498436197240921 0 0 0 0 0 0
10.2622892023912 11.8713627094968 9.30144798639926 0.233272910931277 0.462935286542758 -0.855145993090784 0.124635631728903 0.857920343961808 0.498436197240921 0 0 0 0 0 0
10.6767501064856 12.1801062316213 9.44836530546617 -0.376531363103256 0.505671887563462 -0.776221665974101 0.124635631728903 0.857920343961808 0.498436197240921 0 0 0 0 0 0
11.005380674513 12.6041176764269 9.41834287135043 -0.843285077026184 0.356295284115701 -0.402397750219675 0.124635631728903 0.857920343961808 0.498436197240921 0 0 0 0 0 0
11.1417843826982 13.1093466424575 9.29659385741065 -0.989660691212242 0.0715561452929036 0.124303798574814 0.124635631728903 0.857920343961808 0.498436197240921 0 0 0 0 0 0
11.0525949051819 13.6308868340592 9.20317989826723 -0.760047662562387 -0.240368369481618 0.603780256042048 0.124635631728903 0.857920343961808 0.498436197240921 0 0 0 0 0 0
10.7901525390696 14.0976350482743 9.24739766748656 -0.241679819585815 -0.460972921945245 0.853870499571352 0.124635631728903 0.857920343961808 0.498436197240921 0 0 0 0 0 0
10.4726192504783 14.4593044704275 9.48625524395026 0.368506227522512 -0.506446154305619 0.779561064360051 0.124635631728903 0.857920343961808 0.498436197240921 0 0 0 0 0 0
10.2390869680457 14.7055294757713 9.90281378956375 0.838690597699469 -0.359512025317132 0.409083347232421 0.124635631728903 0.857920343961808 0.498436197240921 0 0 0 0 0 0
10.1967342337482 14.869803703632 10.4126228970507 0.990242387651375 -0.0759932671901405 -0.116811973017636 0.124635631728903 0.857920343961808 0.498436197240921 0 0 0 0 0 0
10.3801072828738 15.0167552638456 10.8958047116128 0.765584538564694 0.236396603682057 -0.598328471726253 0.124635631728903 0.857920343961808 0.498436197240921 0 0 0 0 0 0
10.7379953516544 15.2175934373068 11.2425975322184 0.25006832338639 0.458975452474997 -0.852529980507484 0.124635631728903 0.857920343961808 0.498436197240921 0 0 0 0 0 0
11.1528865026194 15.5230550796013 11.3950561169425 -0.360453028765811 0.507181853212339 -0.782841096152757 0.124635631728903 0.857920343961808 0.498436197240921 0 0 0 0 0 0
11.4856123743355 15.9441288412941 11.3690660491665 -0.834032248836617 0.362701388285927 -0.415737790964445 0.124635631728903 0.857920343961808 0.498436197240921 0 0 0 0 0 0
11.6282205686864 16.4478803958591 11.2483085388588 -0.990748673298808 0.080424601905861 0.109311251776457 0.124635631728903 0.857920343961808 0.498436197240921 0 0 0 0 0 0
11.544987571785 16.9699647409591 11.1524685318331 -0.771063112340308 -0.23240683536588 0.592831122380813 0.124635631728903 0.857920343961808 0.498436197240921 0 0 0 0 0 0
11.285990714164 17.4390719406247 11.1917643978076 -0.25843778351596 -0.456943030247048 0.851124537984896 0.124635631728903 0.857920343961808 0.498436197240921 0 0 0 0 0 0
10.9680829556588 17.8040189621678 11.4250741289964 0.35237238011542 -0.507878928257303 0.786061511565098 0.124635631728903 0.857920343961808 0.498436197240921 0 0 0 0 0 0
10.7304984922883 18.0531949660342 11.8375666064799 0.829310385188929 -0.36586313013975 0.422360574654092 0.124635631728903 0.857920343961808 0.498436197240921 0 0 0 0 0 0
10.6819553573159 18.2189724578734 12.3463361902454 0.99117950959893 -0.0848498119767698 -0.101802206060239 0.124635631728903 0.857920343961808 0.498436197240921 0 0 0 0 0 0
1.52953465463692 4.3840653175498 -0.166754264912519 -0.402124693395842 -0.410352219266862 0.818478336368203 0.829651479504348 0.214798784358576 0.515305642113808 0 0 0 0 0 0
1.67082093348825 4.73282614962206 0.216767796433336 -0.0986562757902208 -0.852085960270418 0.51401989801684 0.829651479504348 0.214798784358576 0.515305642113808 0 0 0 0 0 0
1.78961851116897 4.88735396023975 0.717460709705789 0.242293310433075 -0.970097998849701 0.0142767064544804 0.829651479504348 0.214798784358576 0.515305642113808 0 0 0 0 0 0
1.96364685658669 4.82074790149547 1.22140799866376 0.491191617094722 -0.719553588492373 -0.490890444583739 0.829651479504348 0.214798784358576 0.515305642113808 0 0 0 0 0 0
2.24964234657651 4.59011957961357 1.61345679533297 0.553478016136189 -0.195638739572341 -0.809560108474037 0.829651479504348 0.214798784358576 0.515305642113808 0 0 0 0 0 0
2.66180316775978 4.31489540089037 1.82096633980269 0.405488863188564 0.402602537416519 -0.820664352031832 0.829651479504348 0.214798784358576 0.515305642113808 0 0 0 0 0 0
3.16639518806562 4.13144448323918 1.8414054194045 0.103447711703342 0.847888379285375 -0.519984487476465 0.829651479504348 0.214798784358576 0.515305642113808 0 0 0 0 0 0
3.69456811750922 4.14126974832493 1.74331401872472 -0.237894955011486 0.971047249925986 -0.0217538224517732 0.829651479504348 0.214798784358576 0.515305642113808 0 0 0 0 0 0
4.16851288447257 4.37244526458536 1.64026383353258 -0.488857350925908 0.725289035275474 0.484741483426863 0.829651479504348 0.214798784358576 0.515305642113808 0 0 0 0 0 0
4.53102260291045 4.76895043925808 1.64771048474 -0.554094665964532 0.203981389937801 0.807075395306223 0.829651479504348 0.214798784358576 0.515305642113808 0 0 0 0 0 0
4.7672264248071 5.21195317818541 1.83912999770214 -0.408822153434441 -0.394822195824213 0.822787870927721 0.829651479504348 0.214798784358576 0.515305642113808 0 0 0 0 0 0
4.91023922396476 5.56495618515151 2.21810403173131 -0.108231269672703 -0.843626228317516 0.525909478104167 0.829651479504348 0.214798784358576 0.515305642113808 0 0 0 0 0 0
5.02858070179503 5.72565456682789 2.71695914784209 0.233478482968025 -0.971922551994627 0.029229281811263 0.829651479504348 0.214798784358576 0.515305642113808 0 0 0 0 0 0
5.20014360716426 5.66480317219552 3.22247707966144 0.486485856377133 -0.730969248490468 -0.478555607329272 0.829651479504348 0.214798784358576 0.515305642113808 0 0 0 0 0 0
5.48260097880197 5.43732731436976 3.61890824573232 0.554669119338797 -0.212308506330672 -0.804529220222338 0.829651479504348 0.214798784358576 0.515305642113808 0 0 0 0 0 0
5.89149519364564 5.16145572584563 3.83194695073897 0.412124310290514 0.387011786993079 -0.824848731341687 0.829651479504348 0.214798784358576 0.515305642113808 0 0 0 0 0 0
6.39433315798755 4.97380348634391 3.85696136148237 0.113006585411845 0.839299831946138 -0.531794418688971 0.829651479504348 0.214798784358576 0.515305642113808 0 0 0 0 0 0
6.92293097702984 4.97746966994293 3.76075321775269 -0.229044230634137 0.972723838397982 -0.0367025152477771 0.829651479504348 0.214798784358576 0.515305642113808 0 0 0 0 0 0
7.39931815649219 5.20286828311156 3.65617873451744 -0.484077314046889 0.736593795567127 0.472333287369378 0.829651479504348 0.214798784358576 0.515305642113808 0 0 0 0 0 0
7.76535989698604 5.59617347515667 3.65927263900002 -0.555201332512135 0.2206194546088 0.801921777123471 0.829651479504348 0.214798784358576 0.515305642113808 0 0 0 0 0 0
0.922735587059614 7.54388301252559 9.23989723499332 0.872041139952314 -0.11739521011945 -0.475144835678216 0.451107781491132 0.569378971362281 0.687247667474092 0 0 0 0 0 0
1.26474799885016 7.46616462448616 9.64692606009067 0.595062215110549 0.382006725828469 -0.707086855746548 0.451107781491132 0.569378971362281 0.687247667474092 0 0 0 0 0 0
1.74240486129881 7.47552468161919 9.89277441417207 0.0920092058386022 0.736277919822291 -0.670394757454972 0.451107781491132 0.569378971362281 0.687247667474092 0 0 0 0 0 0
2.24103522511345 7.65271931374273 9.98580626219761 -0.445999639043316 0.810824822165264 -0.379008482403625 0.451107781491132 0.569378971362281 0.687247667474092 0 0 0 0 0 0
2.63799995717476 8.01474148959148 9.99244311473373 -0.814565764336364 0.577325818299552 0.0563694517967634 0.451107781491132 0.569378971362281 0.687247667474092 0 0 0 0 0 0
2.84928439762525 8.5083651038872 10.0119293855806 -0.873664736944707 0.124491083688897 0.470331688812586 0.451107781491132 0.569378971362281 0.687247667474092 0 0 0 0 0 0
2.86141693379929 9.03036646462691 10.1386277796913 -0.600843869092307 -0.375639894995094 0.705607053722014 0.451107781491132 0.569378971362281 0.687247667474092 0 0 0 0 0 0
2.73658709110817 9.46674069948297 10.4261693238999 -0.0997523697979561 -0.733058997206322 0.672810501801625 0.451107781491132 0.569378971362281 0.687247667474092 0 0 0 0 0 0
2.58901869258288 9.73601411286012 10.8670780431641 0.439236722553323 -0.811976730286025 0.38440199145508 0.451107781491132 0.569378971362281 0.687247667474092 0 0 0 0 0 0
2.54157431878423 9.82019740501968 11.3956112084758 0.811352440360214 -0.582410928003088 -0.0500472623038167 0.451107781491132 0.569378971362281 0.687247667474092 0 0 0 0 0 0
2.67907775929494 9.77162010781535 11.9127360987706 0.875221800984852 -0.131577476780335 -0.46548272436789 0.451107781491132 0.569378971362281 0.687247667474092 0 0 0 0 0 0
3.01608803687903 9.69304972063886 12.3237541873993 0.606579766487173 0.369244457729365 -0.70407351698847 0.451107781491132 0.569378971362281 0.687247667474092 0 0 0 0 0 0
3.49136819131993 9.69864861922006 12.5742786956768 0.107487937228143 0.729784249309562 -0.675175009023674 0.451107781491132 0.569378971362281 0.687247667474092 0 0 0 0 0 0
3.9911502244341 9.87060186039407 12.6708970394029 -0.432440356486334 0.813066803235078 -0.389766226806613 0.451107781491132 0.569378971362281 0.687247667474092 0 0 0 0 0 0
4.39235746468046 10.2278937049487 12.6786681594644 -0.808077328754452 0.587451684859561 0.0437212615180797 0.451107781491132 0.569378971362281 0.687247667474092 0 0 0 0 0 0
4.60936345241104 10.7190951795513 12.6964055424647 -0.876712213496292 0.138653849737493 0.460598311611543 0.451107781491132 0.569378971362281 0.687247667474092 0 0 0 0 0 0
4.62652286348936 11.2419028035642 12.8191363250896 -0.612269470484351 -0.362820901068593 0.702486362330677 0.451107781491132 0.569378971362281 0.687247667474092 0 0 0 0 0 0
4.50411542950569 11.6820053917625 13.1019988961115 -0.115215319035753 -0.726453925516743 0.677488099054739 0.451107781491132 0.569378971362281 0.687247667474092 0 0 0 0 0 0
4.35544465992256 11.9565127847812 13.5392949006301 0.425611058411937 -0.814094957999148 0.395100779950933 0.451107781491132 0.569378971362281 0.687247667474092 0 0 0 0 0 0
4.3037919444963 12.0454472065086 14.0666541403704 0.804740678931507 -0.59244770499582 -0.0373919311890044 0.451107781491132 0.569378971362281 0.687247667474092 0 0 0 0 0 0
11.4092703148653 4.49682780357259 3.14572359137842 0.983761197809364 -0.122475181605759 -0.131201126425508 0.178331066708265 0.74965583070996 0.637349328178239 0 0 0 0 0 0
11.5980420221312 4.546231875783 3.64633280254349 0.784986395230646 0.282164692947885 -0.551524655257063 0.178331066708265 0.74965583070996 0.637349328178239 0 0 0 0 0 0
11.9657514028896 4.65995539862921 4.02122195118896 0.287982136831165 0.579605483108537 -0.762314746555959 0.178331066708265 0.74965583070996 0.637349328178239 0 0 0 0 0 0
12.3991063207999 4.90580000958732 4.22234142937074 -0.318431350155041 0.65684445974935 -0.683488720415358 0.178331066708265 0.74965583070996 0.637349328178239 0 0 0 0 0 0
12.759874802423 5.30137233581294 4.26765963222783 -0.803867443329083 0.484537244277655 -0.34499390206695 0.178331066708265 0.74965583070996 0.637349328178239 0 0 0 0 0 0
12.9374016750455 5.80739494211763 4.23433646425351 -0.983900854835476 0.128146228674165 0.124569867667141 0.178331066708265 0.74965583070996 0.637349328178239 0 0 0 0 0 0
12.8906483168497 6.34262848528073 4.22940900153352 -0.790133881644817 -0.27692968169333 0.546807461977363 0.178331066708265 0.74965583070996 0.637349328178239 0 0 0 0 0 0
12.6637839154715 6.81473589878823 4.34912631697658 -0.296181836483268 -0.57679537596816 0.76130375934915 0.178331066708265 0.74965583070996 0.637349328178239 0 0 0 0 0 0
12.3694048551474 7.15536278819489 4.64238284831774 0.310294640254507 -0.657526863408265 0.686568030224111 0.178331066708265 0.74965583070996 0.637349328178239 0 0 0 0 0 0
12.1457574678329 7.34610640839853 5.09214258375138 0.798884995309866 -0.48845290217666 0.350993627611605 0.178331066708265 0.74965583070996 0.637349328178239 0 0 0 0 0 0
12.1042159403361 7.4255071741818 5.62191132764312 0.983965584002165 -0.133807516911118 -0.11792912243106 0.178331066708265 0.74965583070996 0.637349328178239 0 0 0 0 0 0
12.2869693986732 7.47440651227493 6.12479812436605 0.795221196304772 0.271673581171339 -0.542048627192383 0.178331066708265 0.74965583070996 0.637349328178239 0 0 0 0 0 0
12.6509935537297 7.58523385174428 6.50412491946489 0.304358980741808 0.573941343626748 -0.760234795913559 0.178331066708265 0.74965583070996 0.637349328178239 0 0 0 0 0 0
13.0843963480228 7.82689113855244 6.71015616891441 -0.302134300215764 0.658159193850813 -0.689595055219206 0.178331066708265 0.74965583070996 0.637349328178239 0 0 0 0 0 0
13.4489276190752 8.21857583430791 6.75899420382858 -0.793841709105247 0.492331362496041 -0.35696662363259 0.178331066708265 0.74965583070996 0.637349328178239 0 0 0 0 0 0
13.6325026475587 8.72248747963557 6.72646168565373 -0.983955380380054 0.139458615187602 0.111279396435725 0.178331066708265 0.74965583070996 0.637349328178239 0 0 0 0 0 0
13.5917850161244 9.25818872068332 6.71929530939781 -0.800247951791805 -0.266396791654313 0.537248513305815 0.178331066708265 0.74965583070996 0.637349328178239 0 0 0 0 0 0
13.3686508388993 9.73316480469128 6.8345947486545 -0.31251294688559 -0.571043603429916 0.759107937654891 0.178331066708265 0.74965583070996 0.637349328178239 0 0 0 0 0 0
13.0742793255984 10.0779714813295 7.12293286618499 0.293950951480298 -0.658741402922582 0.69256956488097 0.178331066708265 0.74965583070996 0.637349328178239 0 0 0 0 0 0
12.8469139409367 10.2726180344441 7.56914223782183 0.788737968780997 -0.496172329876031 0.362912435263134 0.178331066708265 0.74965583070996 0.637349328178239 0 0 0 0 0 0
6.75477780922926 6.15029610008258 7.22005085549075 0.000537562533814315 0.97923389389468 -0.202733056195544 0.177152892697944 0.199433271662143 0.963765128422317 0 0 0 0 0 0
7.17014538730096 6.32681805679852 7.51158966251717 -0.576662372164769 0.814583434986471 -0.0625646543580574 0.177152892697944 0.199433271662143 0.963765128422317 0 0 0 0 0 0
7.45406275949298 6.68902433315053 7.78886685461408 -0.934778630397242 0.340459110018145 0.101373105695294 0.177152892697944 0.199433271662143 0.963765128422317 0 0 0 0 0 0
7.52489731347311 7.12883827434374 8.08925204934393 -0.937756858276544 -0.263011323018843 0.226797528027059 0.177152892697944 0.199433271662143 0.963765128422317 0 0 0 0 0 0
7.38197016210254 7.50869877617914 8.44133574772375 -0.584465577238012 -0.766559357126151 0.266057777608887 0.177152892697944 0.199433271662143 0.963765128422317 0 0 0 0 0 0
7.10581406401032 7.71382204843781 8.85406732488103 -0.00912605166341356 -0.978878675272241 0.204238229228272 0.177152892697944 0.199433271662143 0.963765128422317 0 0 0 0 0 0
6.82757768215428 7.69580989586771 9.31335501281726 0.569680613517563 -0.819305618703716 0.064825162882741 0.177152892697944 0.199433271662143 0.963765128422317 0 0 0 0 0 0
6.67920001407459 7.49103700173461 9.78741959867234 0.932056089071282 -0.348464659530192 -0.099216066660869 0.177152892697944 0.199433271662143 0.963765128422317 0 0 0 0 0 0
6.74328456082589 7.20683157749715 10.2388678790102 0.940327873240026 0.254763849817272 -0.225563453675841 0.177152892697944 0.199433271662143 0.963765128422317 0 0 0 0 0 0
7.02171687586971 6.98069958084169 10.6388989629854 0.591353376921232 0.76120331319473 -0.266215513419525 0.177152892697944 0.199433271662143 0.963765128422317 0 0 0 0 0 0
7.43494821178969 6.92808390338026 10.9782462123 0.0177138458088458 0.978448911248797 -0.205727848729104 0.177152892697944 0.199433271662143 0.963765128422317 0 0 0 0 0 0
7.85221741941916 7.09850568602494 11.2706977920237 -0.562655471486029 0.823965409126027 -0.0670807347202902 0.177152892697944 0.199433271662143 0.963765128422317 0 0 0 0 0 0
8.14122929461941 7.456750409606 11.5478583161571 -0.929262568065538 0.35644367210928 0.0970514719388374 0.177152892697944 0.199433271662143 0.963765128422317 0 0 0 0 0 0
8.21841573818983 7.89624647945989 11.8471417263727 -0.942827278595333 -0.246496975362178 0.22431220179432 0.177152892697944 0.199433271662143 0.963765128422317 0 0 0 0 0 0
8.08068467393834 8.27955355602394 12.1975571100454 -0.598196142755281 -0.755789300683891 0.266352975888122 0.177152892697944 0.199433271662143 0.963765128422317 0 0 0 0 0 0
7.80659478012352 8.49057843771614 12.6086876629525 -0.0263002909763378 -0.977944634552542 0.207201801257747 0.177152892697944 0.199433271662143 0.963765128422317 0 0 0 0 0 0
7.5265097341531 8.47868080919103 13.0670498729759 0.555587481061932 -0.82856245139232 0.069331198100177 0.177152892697944 0.199433271662143 0.963765128422317 0 0 0 0 0 0
7.37307087197234 8.27791234380027 13.5412161317878 0.926398280117448 -0.364395540122709 -0.0948794863714677 0.177152892697944 0.199433271662143 0.963765128422317 0 0 0 0 0 0
7.43080452689351 7.99407990357283 13.993754608696 0.945254884003072 0.238211329208059 -0.223043867670173 0.177152892697944 0.199433271662143 0.963765128422317 0 0 0 0 0 0
7.70400906236567 7.7645477433337 14.3954502289506 0.604993353637049 0.750317731891648 -0.266470154546377 0.177152892697944 0.199433271662143 0.963765128422317 0 0 0 0 0 0
12.3129328691818 9.54412004131293 12.5070047212473 -0.675068591579558 -0.236929347385643 0.698675089730703 0.453272875113558 0.614004980712121 0.646174577298579 0 0 0 0 0 0
12.2078687618353 10.0213211227648 12.7304454590885 -0.205513529406488 -0.633403925894436 0.746031940262885 0.453272875113558 0.614004980712121 0.646174577298579 0 0 0 0 0 0
12.0559578389941 10.3541377593789 13.1239442011866 0.342119558591085 -0.78923776300703 0.509958783700312 0.453272875113558 0.614004980712121 0.646174577298579 0 0 0 0 0 0
11.9820330802986 10.5070476230822 13.633688064075 0.759775706345915 -0.645226978601533 0.0801437591538021 0.453272875113558 0.614004980712121 0.646174577298579 0 0 0 0 0 0
12.081299217771 10.5128779767112 14.1617006993843 0.888780360487533 -0.256083677405511 -0.380119219427434 0.453272875113558 0.614004980712121 0.646174577298579 0 0 0 0 0 0
12.3831628663821 10.4603340480179 14.6030651466646 0.680122496064738 0.230350094327629 -0.695968551293751 0.453272875113558 0.614004980712121 0.646174577298579 0 0 0 0 0 0
12.8400604593712 10.4602984305746 14.8857835407788 0.213074724345208 0.629270013977503 -0.747407794549914 0.453272875113558 0.614004980712121 0.646174577298579 0 0 0 0 0 0
13.3455284424792 10.6037049326174 14.9981303046081 -0.334923697572483 0.789119734483743 -0.514894320664623 0.453272875113558 0.614004980712121 0.646174577298579 0 0 0 0 0 0
13.7746505581872 10.9269913029655 14.9931068918408 -0.755679007156779 0.649169674481221 -0.0867638857848752 0.453272875113558 0.614004980712121 0.646174577298579 0 0 0 0 0 0
14.0315156204363 11.3982559210378 14.9683056485788 -0.889339227642972 0.26258920160512 0.374329599919359 0.453272875113558 0.614004980712121 0.646174577298579 0 0 0 0 0 0
14.0856557777611 11.9293777558783 15.0288328493967 -0.685124606588642 -0.223753299218094 0.693209012157067 0.453272875113558 0.614004980712121 0.646174577298579 0 0 0 0 0 0
13.9836217594565 12.4094950191216 15.2473770663476 -0.220619692818716 -0.625088180712688 0.748726730839682 0.453272875113558 0.614004980712121 0.646174577298579 0 0 0 0 0 0
13.8312974752321 12.7471234119031 15.6365935651522 0.327702330817601 -0.788941611437474 0.519790646432921 0.453272875113558 0.614004980712121 0.646174577298579 0 0 0 0 0 0
13.7536729476287 12.9049125395333 16.1442963581664 0.751524760085517 -0.653062933576834 0.0933774050101257 0.453272875113558 0.614004980712121 0.646174577298579 0 0 0 0 0 0
13.8473585127336 12.913835950906 16.6732845335908 0.88983036817301 -0.269074728620372 -0.368511473762973 0.453272875113558 0.614004980712121 0.646174577298579 0 0 0 0 0 0
14.1438809382621 12.8614237694233 17.1182705069756 0.690074542221187 0.217139464428528 -0.690396682470239 0.453272875113558 0.614004980712121 0.646174577298579 0 0 0 0 0 0
14.5977058774031 12.8585085356893 17.4058805348681 0.228147860248453 0.620858744562784 -0.749988648690082 0.453272875113558 0.614004980712121 0.646174577298579 0 0 0 0 0 0
15.1035371284665 12.9971180723138 17.5225306266932 -0.320456008261476 0.788703407432983 -0.524647388131041 0.453272875113558 0.614004980712121 0.646174577298579 0 0 0 0 0 0
15.5363204223634 13.3155125754792 17.5195873298857 -0.747313281494129 0.65690645940162 -0.0999838131844594 0.453272875113558 0.614004980712121 0.646174577298579 0 0 0 0 0 0
15.7987536302296 13.7836489267348 17.4938527197169 -0.890253744675394 0.275539764553273 0.36266528403111 0.453272875113558 0.614004980712121 0.646174577298579 0 0 0 0 0 0
6.65443572330768 6.67349108094783 1.5305606530628 0.924196685724007 0.0216356992468305 -0.381303530818771 0.319372765627632 0.503706529843116 0.802671021258874 0 0 0 0 0 0
6.95793357578739 6.56844704665897 1.96130408774159 0.625832999894311 0.523919248427322 -0.57779034032306 0.319372765627632 0.503706529843116 0.802671021258874 0 0 0 0 0 0
7.40409008028487 6.58283042153426 2.26034019616355 0.0897048940349949 0.827157115667563 -0.554764939399282 0.319372765627632 0.503706529843116 0.802671021258874 0 0 0 0 0 0
7.8706948182002 6.78576428695251 2.43291761919373 -0.480503600854063 0.816144165336209 -0.320975062822553 0.319372765627632 0.503706529843116 0.802671021258874 0 0 0 0 0 0
8.22776874518177 7.17473824053916 2.53232876655402 -0.86816074418687 0.495064401390852 0.0347586065373349 0.319372765627632 0.503706529843116 0.802671021258874 0 0 0 0 0 0
8.38694540320923 7.67656214000007 2.63966313936818 -0.925989105929487 -0.0140986056782847 0.377286900140779 0.319372765627632 0.503706529843116 0.802671021258874 0 0 0 0 0 0
8.33504281540377 8.17517226185301 2.83300007294077 -0.632018724617245 -0.517905316734125 0.576477592480156 0.319372765627632 0.503706529843116 0.802671021258874 0 0 0 0 0 0
8.13907153943532 8.55572585046049 3.15774509185811 -0.0979338630333393 -0.824951139047535 0.556654809244959 0.319372765627632 0.503706529843116 0.802671021258874 0 0 0 0 0 0
7.92077623630692 8.74823180096496 3.60937959205801 0.473357710483805 -0.818584231189262 0.3253495572055 0.319372765627632 0.503706529843116 0.802671021258874 0 0 0 0 0 0
7.81038283817753 8.75414145021306 4.13517753406004 0.864812775669275 -0.501223487903686 -0.0295614311708454 0.319372765627632 0.503706529843116 0.802671021258874 0 0 0 0 0 0
7.89712353947333 8.64579718962248 4.65423694689652 0.927711008479438 0.00656043844633135 -0.373241537604614 0.319372765627632 0.503706529843116 0.802671021258874 0 0 0 0 0 0
8.19533599434248 8.53894838118217 5.08821593949197 0.63815631866734 0.511851944545906 -0.575120943636661 0.319372765627632 0.503706529843116 0.802671021258874 0 0 0 0 0 0
8.63901620213146 8.54877623960654 5.39109609488924 0.106155373988847 0.822682339204341 -0.558502287671735 0.319372765627632 0.503706529843116 0.802671021258874 0 0 0 0 0 0
9.10689453076139 8.74613456313828 5.56666563623844 -0.466175772091215 0.820961958683832 -0.329699274960024 0.319372765627632 0.503706529843116 0.802671021258874 0 0 0 0 0 0
9.46850807747488 9.13063119098361 5.66708021748649 -0.861398948310553 0.50734440430735 0.0243620045869205 0.319372765627632 0.503706529843116 0.802671021258874 0 0 0 0 0 0
9.63376570681703 9.63077699175441 5.77304811844669 -0.929362262244314 0.000978228388409316 0.369167751280298 0.319372765627632 0.503706529843116 0.802671021258874 0 0 0 0 0 0
9.58717517923816 10.1311457797171 5.96316781992711 -0.644245314643046 -0.505759592850394 0.573720497106636 0.319372765627632 0.503706529843116 0.802671021258874 0 0 0 0 0 0
9.3937289119152 10.5162266525758 6.28406712677513 -0.114368800801629 -0.820350888915872 0.560307233986976 0.319372765627632 0.503706529843116 0.802671021258874 0 0 0 0 0 0
9.17421227285089 10.7143085144938 6.73268848524057 0.458958332608707 -0.823277166746766 0.334023884838277 0.319372765627632 0.503706529843116 0.802671021258874 0 0 0 0 0 0
9.05931520014588 10.7247243203474 7.25745059876497 0.857919522086876 -0.513426684470362 -0.0191607227420251 0.319372765627632 0.503706529843116 0.802671021258874 0 0 0 0 0 0
5.45619887698908 13.465471383154 5.18583723479135 0.374457549744967 -0.789145859435352 0.486857634196113 0.485210238065928 0.614197602608618 0.622360289403037 0 0 0 0 0 0
5.40999787827928 13.6160389623785 5.69952972444156 0.766654093806344 -0.641106139464714 0.0349916903081773 0.485210238065928 0.614197602608618 0.622360289403037 0 0 0 0 0 0
5.53855570437545 13.6204663769396 6.22119857099855 0.867585929857786 -0.249499478388385 -0.430168181757699 0.485210238065928 0.614197602608618 0.622360289403037 0 0 0 0 0 0
5.86487977048134 13.5680203775516 6.6448105669886 0.63890736589304 0.236896205936518 -0.73189996954536 0.485210238065928 0.614197602608618 0.622360289403037 0 0 0 0 0 0
6.33684279074579 13.5695748757608 6.90158594189152 0.167497211664016 0.63329106093279 -0.755570722187805 0.485210238065928 0.614197602608618 0.622360289403037 0 0 0 0 0 0
6.84698680567936 13.7154880912361 6.98612894689767 -0.367547933680209 0.789088053818793 -0.492187525002288 0.485210238065928 0.614197602608618 0.622360289403037 0 0 0 0 0 0
7.27334825756561 14.0412739534081 6.95847779009284 -0.762955473945573 0.645097302210322 -0.0418140581318148 0.485210238065928 0.614197602608618 0.622360289403037 0 0 0 0 0 0
7.52579398515954 14.514109765917 6.92129511742118 -0.868503473723735 0.256023300040419 0.424445268516706 0.485210238065928 0.614197602608618 0.622360289403037 0 0 0 0 0 0
7.58026431859065 15.0453060977259 6.9808647570631 -0.64409248323052 -0.230318234296146 0.729450741309273 0.485210238065928 0.614197602608618 0.622360289403037 0 0 0 0 0 0
7.48791375020296 15.5240013807799 7.20671271613866 -0.174979989705979 -0.629158020708079 0.757325681712424 0.485210238065928 0.614197602608618 0.622360289403037 0 0 0 0 0 0
7.35567648765604 15.8592800732171 7.60519308818986 0.360610327417281 -0.788970156091858 0.497479933822853 0.485210238065928 0.614197602608618 0.622360289403037 0 0 0 0 0 0
7.30564036059051 16.0147129937482 8.1170740268092 0.759198752071559 -0.64903933829877 0.0486332416530359 0.485210238065928 0.614197602608618 0.622360289403037 0 0 0 0 0 0
7.42866361294791 16.022197376692 8.64004091439361 0.869354877687612 -0.262527624526921 -0.418690032125209 0.485210238065928 0.614197602608618 0.622360289403037 0 0 0 0 0 0
7.74985633702849 15.9698385793645 9.06756739598097 0.649228550431696 0.22372272303052 -0.726945962575051 0.485210238065928 0.614197602608618 0.622360289403037 0 0 0 0 0 0
8.21904072960799 15.9684773837912 9.32938652252596 0.182449442344263 0.624977067664206 -0.759022967954276 0.485210238065928 0.614197602608618 0.622360289403037 0 0 0 0 0 0
8.72981447831064 16.1095797304569 9.41818633964308 -0.353645259281761 0.788792175232914 -0.502734457620386 0.485210238065928 0.614197602608618 0.622360289403037 0 0 0 0 0 0
9.15997477903255 16.4304872782863 9.39238782132707 -0.755384214273217 0.652931947528749 -0.0554487215646139 0.485210238065928 0.614197602608618 0.622360289403037 0 0 0 0 0 0
9.41794522434268 16.9002306840995 9.35394976518571 -0.870140076911709 0.269011956518398 0.412902910866742 0.485210238065928 0.614197602608618 0.622360289403037 0 0 0 0 0 0
9.47756721174179 17.4312953738655 9.40963294056844 -0.654315176365167 -0.217110174413356 0.724385824091294 0.485210238065928 0.614197602608618 0.622360289403037 0 0 0 0 0 0
9.3880380341004 17.9128697925425 9.6304398873456 -0.189905000751131 -0.620748520196934 0.760662451658441 0.485210238065928 0.614197602608618 0.622360289403037 0 0 0 0 0 0
13.0709807223043 2.43864023577129 2.59725724466797 -0.538720881584655 0.723632772583908 -0.431434145828977 0.635794600398893 0.685192453579423 0.355354087722967 0 0 0 0 0 0
13.4518634824065 2.7590243673587 2.39485311081132 -0.760510283875162 0.63476349830633 0.136745783620669 0.635794600398893 0.685192453579423 0.355354087722967 0 0 0 0 0 0
13.6593878993699 3.22410285835789 2.2236201826337 -0.693369114267613 0.304736958342436 0.652973703605242 0.635794600398893 0.685192453579423 0.355354087722967 0 0 0 0 0 0
13.7088588049191 3.75864614859981 2.20123263073875 -0.36280542563641 -0.141064247025992 0.921125996452045 0.635794600398893 0.685192453579423 0.355354087722967 0 0 0 0 0 0
13.6756282022788 4.26103383929356 2.38881577871832 0.105594109977307 -0.533272786480807 0.839327122841324 0.635794600398893 0.685192453579423 0.355354087722967 0 0 0 0 0 0
13.6664677803303 4.64186198152956 2.76772357075903 0.533876677771274 -0.722882078506035 0.438653842462028 0.635794600398893 0.685192453579423 0.355354087722967 0 0 0 0 0 0
13.7790045638782 4.85790913122459 3.24662251999122 0.759330569737881 -0.637856382962984 -0.128671366569739 0.635794600398893 0.685192453579423 0.355354087722967 0 0 0 0 0 0
14.0646307746903 4.92855689835302 3.69619082716518 0.696302082930955 -0.310498383142279 -0.647112172171135 0.635794600398893 0.685192453579423 0.355354087722967 0 0 0 0 0 0
14.5089790672157 4.92842654927433 3.99824989433133 0.368736793268549 0.134823143690305 -0.919704244426158 0.635794600398893 0.685192453579423 0.355354087722967 0 0 0 0 0 0
15.0373809233689 4.95902914004206 4.090662350042 -0.0989177691069991 0.528923104112188 -0.842885297588718 0.635794600398893 0.685192453579423 0.355354087722967 0 0 0 0 0 0
15.5432344709417 5.11019976903475 3.99093907564589 -0.528991817181893 0.722076334159133 -0.445840133906658 0.635794600398893 0.685192453579423 0.355354087722967 0 0 0 0 0 0
15.9285043171432 5.42596772111919 3.78958652869738 -0.758093029637847 0.640900692386514 0.120587150696072 0.635794600398893 0.685192453579423 0.355354087722967 0 0 0 0 0 0
16.1409668333853 5.88782900619909 3.61572182654432 -0.699182025494838 0.316236162288103 0.64120136063972 0.635794600398893 0.685192453579423 0.355354087722967 0 0 0 0 0 0
16.1940507849161 6.42177633442296 3.58801899472452 -0.374640080166258 -0.128571773050237 0.918212453361279 0.635794600398893 0.685192453579423 0.355354087722967 0 0 0 0 0 0
16.1617355183849 6.9264157229345 3.76962272054002 0.0922338952655975 -0.524533142201381 0.846379283357338 0.635794600398893 0.685192453579423 0.355354087722967 0 0 0 0 0 0
16.1504449711816 7.31148776517678 4.14415863062818 0.524066671817559 -0.721215600903752 0.452992472898952 0.635794600398893 0.685192453579423 0.355354087722967 0 0 0 0 0 0
16.2586154383089 7.53215868849997 4.62195418916708 0.75679775781853 -0.64389619474097 -0.112493751644009 0.635794600398893 0.685192453579423 0.355354087722967 0 0 0 0 0 0
16.5392979781437 7.60605345397174 5.07410679347912 0.702008722640486 -0.321949858825811 -0.635241719142181 0.635794600398893 0.685192453579423 0.355354087722967 0 0 0 0 0 0
16.980003428393 7.60655973899399 5.38145602792478 0.380514836771384 0.122310611171866 -0.916650736863071 0.635794600398893 0.685192453579423 0.355354087722967 0 0 0 0 0 0
17.5074472476574 7.63494673168138 5.47985469806005 -0.0855429974559733 0.520103235060983 -0.849808814066639 0.635794600398893 0.685192453579423 0.355354087722967 0 0 0 0 0 0
5.45571975512808 11.1393250416111 10.2295339965215 -0.665693351836629 0.699996221865159 0.258568464231462 0.611242363391923 0.31273226358186 0.72703597195051 0 0 0 0 0 0
5.76868835008378 11.5668800846058 10.3185982761153 -0.790241728875731 0.190556850115605 0.582414025258248 0.611242363391923 0.31273226358186 0.72703597195051 0 0 0 0 0 0
5.90152131807726 12.0378725675803 10.5404238510924 -0.614564060977808 -0.391278254933502 0.684990760646199 0.611242363391923 0.31273226358186 0.72703597195051 0 0 0 0 0 0
5.89426438903357 12.4196731600311 10.9183930915121 -0.205403231351258 -0.82446020910981 0.527328053629873 0.611242363391923 0.31273226358186 0.72703597195051 0 0 0 0 0 0
5.84018578694033 12.6135380218737 11.4165667783491 0.281793720024528 -0.944415945605687 0.169324602584663 0.611242363391923 0.31273226358186 0.72703597195051 0 0 0 0 0 0
5.85034207219334 12.5921232391993 11.9533380136731 0.661932525823242 -0.705572274573386 -0.253008095938847 0.611242363391923 0.31273226358186 0.72703597195051 0 0 0 0 0 0
6.01138589753549 12.4098732343351 12.4324360455669 0.790592098140048 -0.198669899891308 -0.579218788745405 0.611242363391923 0.31273226358186 0.72703597195051 0 0 0 0 0 0
6.35264521652468 12.1823364195395 12.779501136341 0.618892514378455 0.383710491343072 -0.685374579685863 0.611242363391923 0.31273226358186 0.72703597195051 0 0 0 0 0 0
6.83498110363992 12.042266423319 12.9703350701104 0.212065317073446 0.820312851618917 -0.531145108951763 0.611242363391923 0.31273226358186 0.72703597195051 0 0 0 0 0 0
7.3656572864547 12.0891867674363 13.0400944595818 -0.275329039730791 0.94526464466524 -0.175124731054232 0.611242363391923 0.31273226358186 0.72703597195051 0 0 0 0 0 0
7.8335722059996 12.3515802170478 13.069934161099 -0.658121291085238 0.711094595221171 0.247428460100165 0.611242363391923 0.31273226358186 0.72703597195051 0 0 0 0 0 0
8.15146835653381 12.7760677020145 13.1561751878814 -0.790882260755191 0.206767820184953 0.575979442479262 0.611242363391923 0.31273226358186 0.72703597195051 0 0 0 0 0 0
8.28908287084373 13.2476879180984 13.3737107467002 -0.623173836717992 -0.37611350671313 0.685706204797748 0.611242363391923 0.31273226358186 0.72703597195051 0 0 0 0 0 0
8.28464488946559 13.6335730484926 13.7475530564784 -0.218711253200694 -0.816103024128402 0.534921715517195 0.611242363391923 0.31273226358186 0.72703597195051 0 0 0 0 0 0
8.23035167103859 13.833427468858 14.2433307881401 0.268843392064699 -0.946041358162362 0.180911523097509 0.611242363391923 0.31273226358186 0.72703597195051 0 0 0 0 0 0
8.2373413122919 13.8176317318631 14.7803473071842 0.654259937862897 -0.716562763262415 -0.241829981626288 0.611242363391923 0.31273226358186 0.72703597195051 0 0 0 0 0 0
8.39346952696739 13.6384954904358 15.2622386743075 0.791112194624152 -0.214849994308557 -0.572696233148579 0.611242363391923 0.31273226358186 0.72703597195051 0 0 0 0 0 0
8.72993179129983 13.4103841860456 15.6135839170646 0.627407701957147 0.368487879583469 -0.685985610727318 0.611242363391923 0.31273226358186 0.72703597195051 0 0 0 0 0 0
9.20941166103481 13.266269705401 15.8085587182718 0.225340533619237 0.811831047232929 -0.538657585722957 0.611242363391923 0.31273226358186 0.72703597195051 0 0 0 0 0 0
9.74025791249865 13.3072121375174 15.8807465058647 -0.262337270933432 0.946746026947311 -0.186684538027874 0.611242363391923 0.31273226358186 0.72703597195051 0 0 0 0 0 0
7.77368483619238 9.42175964804749 10.6150001154921 -0.334888542895268 0.658353893849442 0.674106678716924 0.92459878073477 0.36745741928446 0.100459642028936 0 0 0 0 0 0
8.03201047074746 9.87113698403258 10.4735328805823 -0.164807499438426 0.14809375533951 0.97514446507084 0.92459878073477 0.36745741928446 0.100459642028936 0 0 0 0 0 0
8.25276823061988 10.3542722962071 10.5543498571684 0.0678866684895224 -0.418429676819451 0.905708565598318 0.92459878073477 0.36745741928446 0.100459642028936 0 0 0 0 0 0
8.48900075871055 10.7420265503847 10.8416231297808 0.274789556053732 -0.825984678983575 0.492178839415301 0.92459878073477 0.36745741928446 0.100459642028936 0 0 0 0 0 0
8.78787157474992 10.9414975709983 11.2410885843243 0.377295297036751 -0.919734291874448 -0.108337856652961 0.92459878073477 0.36745741928446 0.100459642028936 0 0 0 0 0 0
9.17274686562044 10.9313151308397 11.6158584210349 0.336460246634536 -0.664061470144885 -0.667695189666393 0.92459878073477 0.36745741928446 0.100459642028936 0 0 0 0 0 0
9.63431828029804 10.7697598576669 11.838427118252 0.167798323220522 -0.156100593391572 -0.973383956857303 0.92459878073477 0.36745741928446 0.100459642028936 0 0 0 0 0 0
10.1341393280335 10.5726214493187 11.839112911876 -0.0646129886233247 0.411165508653943 -0.909267884726227 0.92459878073477 0.36745741928446 0.100459642028936 0 0 0 0 0 0
10.6192318429793 10.4692082316055 11.6325310625664 -0.272476745817609 0.822222959641112 -0.49970574103932 0.92459878073477 0.36745741928446 0.100459642028936 0 0 0 0 0 0
11.0422132751424 10.5532207634138 11.3120412738636 -0.376822031707532 0.920904161425825 0.099702968302881 0.92459878073477 0.36745741928446 0.100459642028936 0 0 0 0 0 0
11.3792981133211 10.8471534277954 11.0142787799227 -0.338006327623365 0.669718475588359 0.661232853042082 0.92459878073477 0.36745741928446 0.100459642028936 0 0 0 0 0 0
11.6393343984827 11.2937484397601 10.8672443356384 -0.170776368510647 0.164095543779079 0.971549321686843 0.92459878073477 0.36745741928446 0.100459642028936 0 0 0 0 0 0
11.8604422050688 11.7777490360925 10.9416745898024 0.0613343882278839 -0.403870028643059 0.912757959584339 0.92459878073477 0.36745741928446 0.100459642028936 0 0 0 0 0 0
12.0955311873813 12.169687446688 11.2241680495737 0.270143185422356 -0.818398624836907 0.507194588136469 0.92459878073477 0.36745741928446 0.100459642028936 0 0 0 0 0 0
12.3921993173109 12.3750718650009 11.6222765316696 0.376320069921672 -0.922003900559885 -0.0910604871857491 0.92459878073477 0.36745741928446 0.100459642028936 0 0 0 0 0 0
12.77464961902 12.3702854651703 11.9996277728463 0.3395266681217 -0.675324479376996 -0.654720160975944 0.92459878073477 0.36745741928446 0.100459642028936 0 0 0 0 0 0
13.2344950354108 12.2115588290166 12.2277355327277 0.173741408519123 -0.172077997655606 -0.969640699274029 0.92459878073477 0.36745741928446 0.100459642028936 0 0 0 0 0 0
13.7339448113402 12.0136070078828 12.2348136646999 -0.0580511169813138 0.396543792365847 -0.916178524389943 0.92459878073477 0.36745741928446 0.100459642028936 0 0 0 0 0 0
14.2201618333272 11.9060473566961 12.0330488732097 -0.267789052577631 0.814511965808861 -0.514644810402047 0.92459878073477 0.36745741928446 0.100459642028936 0 0 0 0 0 0
14.6453363323531 11.9841557337442 11.713970780995 -0.375789449905506 0.923033425527233 0.082411071459963 0.92459878073477 0.36745741928446 0.100459642028936 0 0 0 0 0 0
3.0486620353489 6.54146137623869 1.41804996450913 0.410248555684359 0.139831798886457 -0.90118987487603 0.472176802120915 0.812845786185511 0.34107300599626 0 0 0 0 0 0
3.55395720134471 6.67527877910199 1.54236730051077 -0.125181756773748 0.444831284788127 -0.88682278717046 0.472176802120915 0.812845786185511 0.34107300599626 0 0 0 0 0 0
4.0307171819451 6.91049548732939 1.46453335427298 -0.613053426906145 0.580831928416314 -0.535536895732514 0.472176802120915 0.812845786185511 0.34107300599626 0 0 0 0 0 0
4.36773161459247 7.27811285191518 1.26462375580228 -0.868015850450193 0.496164811447166 0.0192084160936298 0.472176802120915 0.812845786185511 0.34107300599626 0 0 0 0 0 0
4.50688180681757 7.75883100088221 1.06909271638451 -0.79320453995711 0.222996387175968 0.566656129498213 0.472176802120915 0.812845786185511 0.34107300599626 0 0 0 0 0 0
4.46522099920123 8.29038118332259 1.00273095951572 -0.417041563061627 -0.134892092884152 0.898821705321166 0.472176802120915 0.812845786185511 0.34107300599626 0 0 0 0 0 0
4.32849555416276 8.79118270894564 1.14125563865635 0.117562476204071 -0.441532811582058 0.889509887795077 0.472176802120915 0.812845786185511 0.34107300599626 0 0 0 0 0 0
4.21856847927412 9.19133681627572 1.48254412470834 0.607502565220059 -0.580427833124998 0.542258392083394 0.472176802120915 0.812845786185511 0.34107300599626 0 0 0 0 0 0
4.24712163324248 9.45918238078176 1.94744042829792 0.8666422728077 -0.498808616627886 -0.011006132857612 0.472176802120915 0.812845786185511 0.34107300599626 0 0 0 0 0 0
4.4732259205663 9.61332450543244 2.40982788355631 0.796530091469586 -0.227683667038504 -0.560089243913283 0.472176802120915 0.812845786185511 0.34107300599626 0 0 0 0 0 0
4.88089926730346 9.71556613101761 2.74454297804142 0.423802811109226 0.129942114326717 -0.896385087013511 0.472176802120915 0.812845786185511 0.34107300599626 0 0 0 0 0 0
5.38517847816795 9.8474280656522 2.87492706373701 -0.109934242796671 0.438200713942923 -0.892129248797861 0.472176802120915 0.812845786185511 0.34107300599626 0 0 0 0 0 0
5.86439817492785 10.0791778668181 2.80195025909825 -0.601905439861589 0.579979536006971 -0.548938593358279 0.472176802120915 0.812845786185511 0.34107300599626 0 0 0 0 0 0
6.20641350773232 10.4431340214658 2.60384288483108 -0.86520269700079 0.501414435601234 0.00280301146196509 0.472176802120915 0.812845786185511 0.34107300599626 0 0 0 0 0 0
6.35120585853181 10.9213876124859 2.40637445711487 -0.799794984131704 0.232353607908282 0.553479705363956 0.472176802120915 0.812845786185511 0.34107300599626 0 0 0 0 0 0
6.3136849175329 11.4526062157397 2.33507174565163 -0.43053178493194 -0.124982240174186 0.893880205510984 0.472176802120915 0.812845786185511 0.34107300599626 0 0 0 0 0 0
6.17802424261206 11.9553351134132 2.4675290551606 0.102297637471053 -0.434835245622858 0.89468067070433 0.472176802120915 0.812845786185511 0.34107300599626 0 0 0 0 0 0
6.06568231737154 12.3589433031649 2.80392885170779 0.596262477073503 -0.579487071201795 0.555576990833977 0.472176802120915 0.812845786185511 0.34107300599626 0 0 0 0 0 0
6.08925844254134 12.6304573968025 3.26697244079685 0.863697232658735 -0.503982069924006 0.00540032339385691 0.472176802120915 0.812845786185511 0.34107300599626 0 0 0 0 0 0
6.30971437907198 12.7870887617432 3.73124703377345 0.802998969309249 -0.237005854151224 -0.546828017192181 0.472176802120915 0.812845786185511 0.34107300599626 0 0 0 0 0 0
1.44366015377405 7.5834341063441 5.31668825772457 -0.6447349487194 0.763674179103965 0.0334453893635258 0.764216114511205 0.642981644201963 0.0504810413991016 0 0 0 0 0 0
1.67403681877754 7.9415274353839 4.98899806556524 -0.532257632511093 0.584535899771863 0.61238843433852 0.764216114511205 0.642981644201963 0.0504810413991016 0 0 0 0 0 0
1.78308533970262 8.43286574116914 4.80090183628221 -0.217566742838763 0.183322659197354 0.958674874519689 0.764216114511205 0.642981644201963 0.0504810413991016 0 0 0 0 0 0
1.84253951475186 8.96599245288668 4.83133557481068 0.179781389959973 -0.287537924597642 0.940744701681673 0.764216114511205 0.642981644201963 0.0504810413991016 0 0 0 0 0 0
1.94297486329931 9.43357488564479 5.07621209768807 0.508827566928367 -0.649158043460262 0.565409888262138 0.764216114511205 0.642981644201963 0.0504810413991016 0 0 0 0 0 0
2.15939747173836 9.75318172197035 5.44997382238545 0.644561644077421 -0.764152168268625 -0.0247335948574002 0.764216114511205 0.642981644201963 0.0504810413991016 0 0 0 0 0 0
2.52274792722601 9.89860004749499 5.81809752335685 0.535415976145461 -0.588832108408797 -0.605480371766959 0.764216114511205 0.642981644201963 0.0504810413991016 0 0 0 0 0 0
3.00814647132292 9.90979407538022 6.04820195453251 0.222856827198091 -0.189804885816612 -0.956195032350275 0.764216114511205 0.642981644201963 0.0504810413991016 0 0 0 0 0 0
3.54434523619182 9.87772207357133 6.0603416979972 -0.174369356369286 0.281332386265767 -0.943635213415317 0.764216114511205 0.642981644201963 0.0504810413991016 0 0 0 0 0 0
4.04079650078981 9.90977979806386 5.85737976487234 -0.5053497061518 0.645586781179115 -0.572572600164449 0.764216114511205 0.642981644201963 0.0504810413991016 0 0 0 0 0 0
4.42205328396965 10.0889990496396 5.52389988952398 -0.644339253570724 0.764571964287137 0.0160199167922662 0.764216114511205 0.642981644201963 0.0504810413991016 0 0 0 0 0 0
4.65643291402387 10.4425025045319 5.19407175471248 -0.538533545780298 0.593083475200919 0.598526199520874 0.764216114511205 0.642981644201963 0.0504810413991016 0 0 0 0 0 0
4.7680538053725 10.9311993562576 5.00067768591442 -0.228129940147203 0.196272658058955 0.953642372227087 0.764216114511205 0.642981644201963 0.0504810413991016 0 0 0 0 0 0
4.82767246968645 11.4646365665636 5.02466642587192 0.168944043877014 -0.275105423383454 0.946453863674026 0.764216114511205 0.642981644201963 0.0504810413991016 0 0 0 0 0 0
4.92580193411799 11.9353634869531 5.26439935383413 0.501833361038569 -0.641966354965091 0.579691708446453 0.764216114511205 0.642981644201963 0.0504810413991016 0 0 0 0 0 0
5.13832432898849 12.2597541565288 5.63627302497673 0.644067794135206 -0.764933535190408 -0.00730501874844482 0.764216114511205 0.642981644201963 0.0504810413991016 0 0 0 0 0 0
5.49766199779773 12.4097782026892 6.00648151686578 0.541610104000606 -0.597289676390188 -0.591526447187408 0.764216114511205 0.642981644201963 0.0504810413991016 0 0 0 0 0 0
5.9804597068557 12.4236500483227 6.24185153650604 0.233385680118132 -0.202725483378486 -0.951017088545078 0.764216114511205 0.642981644201963 0.0504810413991016 0 0 0 0 0 0
6.51645768904008 12.3913106136414 6.26043718088867 -0.163505865641707 0.268857510158037 -0.949200437806672 0.764216114511205 0.642981644201963 0.0504810413991016 0 0 0 0 0 0
7.01518450400672 12.4202572568601 6.06265255560662 -0.498278799371969 0.638297040527663 -0.58676667096049 0.764216114511205 0.642981644201963 0.0504810413991016 0 0 0 0 0 0
12.8051049910236 1.11846291481038 3.5866091646804 -0.368774431750126 0.879872133592911 0.299717278470946 0.727821764710648 0.0727679024039629 0.6818946481629 0 0 0 0 0 0
13.2501656577022 1.41232699125616 3.65180126288791 -0.637745727814987 0.437369048521298 0.634025789735171 0.727821764710648 0.0727679024039629 0.6818946481629 0 0 0 0 0 0
13.5498521656586 1.80588935607421 3.86151955981521 -0.664426759342975 -0.171297850504092 0.727457303133091 0.727821764710648 0.0727679024039629 0.6818946481629 0 0 0 0 0 0
13.6980825729165 2.16040437047995 4.23706177188118 -0.438680956373547 -0.714885832175645 0.544515624633238 0.727821764710648 0.0727679024039629 0.6818946481629 0 0 0 0 0 0
13.746315642366 2.35196113694735 4.73672633771549 -0.0462729237233434 -0.986876733949943 0.154703356519459 0.727821764710648 0.0727679024039629 0.6818946481629 0 0 0 0 0 0
13.7840007973968 2.31855932085873 5.27165553853617 0.363714966291387 -0.883936664797558 -0.293883303238251 0.727821764710648 0.0727679024039629 0.6818946481629 0 0 0 0 0 0
13.904594790438 2.0836641142164 5.73959403113664 0.635521459622068 -0.445174278055655 -0.630818782628944 0.727821764710648 0.0727679024039629 0.6818946481629 0 0 0 0 0 0
14.1700559201967 1.74729141688385 6.0637373623881 0.665882725090147 0.162717259836606 -0.728095659771288 0.727821764710648 0.0727679024039629 0.6818946481629 0 0 0 0 0 0
14.5873050380918 1.44801012405097 6.22191126508512 0.443264010331011 0.708789790229433 -0.548756822656252 0.727821764710648 0.0727679024039629 0.6818946481629 0 0 0 0 0 0
15.1055962010892 1.31029748620299 6.254996032791 0.0522418870680818 0.985581228980758 -0.160936093889299 0.727821764710648 0.0727679024039629 0.6818946481629 0 0 0 0 0 0
15.6357959038875 1.39724812051253 6.25139541283096 -0.358627802529785 0.88793388080288 0.288026947654199 0.727821764710648 0.0727679024039629 0.6818946481629 0 0 0 0 0 0
16.0842463878149 1.68660331088996 6.31345054465146 -0.633248794009478 0.452945605845176 0.627563736230105 0.727821764710648 0.0727679024039629 0.6818946481629 0 0 0 0 0 0
16.3883477892227 2.07920746637176 6.51855884989195 -0.667287981289734 -0.154124277619798 0.728678569106055 0.727821764710648 0.0727679024039629 0.6818946481629 0 0 0 0 0 0
16.5403408742992 2.43667898792059 6.88976945788806 -0.447813308017921 -0.702639771196504 0.552956230722623 0.727821764710648 0.0727679024039629 0.6818946481629 0 0 0 0 0 0
16.5902549017226 2.6339837515166 7.38702645607618 -0.0582068719908572 -0.984210668185152 0.167156575352501 0.727821764710648 0.0727679024039629 0.6818946481629 0 0 0 0 0 0
16.6269006708441 2.60693766233156 7.9223868008755 0.353513327872536 -0.891863477205403 -0.282148657702941 0.727821764710648 0.0727679024039629 0.6818946481629 0 0 0 0 0 0
16.7441298141776 2.37659126545503 8.39343135027361 0.630927904049501 -0.460682440073161 -0.624260898423041 0.727821764710648 0.0727679024039629 0.6818946481629 0 0 0 0 0 0
17.0051789930912 2.04123229186842 8.72217560823379 0.668642420926035 0.145519558242532 -0.729205986746591 0.727821764710648 0.0727679024039629 0.6818946481629 0 0 0 0 0 0
17.4186452328939 1.73904450616198 8.88469733857059 0.452328502987646 0.696436243424618 -0.557113529031168 0.727821764710648 0.0727679024039629 0.6818946481629 0 0 0 0 0 0
17.9352197691851 1.59560938405758 8.92022502243513 0.0641674242349734 0.982765155936638 -0.173364327195316 0.727821764710648 0.0727679024039629 0.6818946481629 0 0 0 0 0 0
9.32386643672671 5.10281647219999 11.4995345023777 -0.218620790951746 0.887505100201799 0.405634868914679 0.969880029581311 0.151870962776282 0.190441431639128 0 0 0 0 0 0
9.71476295186605 5.41622488452195 11.3054721833766 -0.240076300411519 0.463813846437 0.852783727467893 0.969880029581311 0.151870962776282 0.190441431639128 0 0 0 0 0 0
10.0509340667726 5.83535967773313 11.3058019418846 -0.170322809483263 -0.136088042143195 0.975945790172467 0.969880029581311 0.151870962776282 0.190441431639128 0 0 0 0 0 0
10.3482800918982 6.22347319745577 11.5285985739706 -0.0358608355867988 -0.68428780824246 0.728329730247054 0.969880029581311 0.151870962776282 0.190441431639128 0 0 0 0 0 0
10.6374516384234 6.45560328975838 11.9174179909834 0.112225269310287 -0.972515195308367 0.204009028777069 0.969880029581311 0.151870962776282 0.190441431639128 0 0 0 0 0 0
10.9522049386191 6.46604851269022 12.352741272525 0.217675118089952 -0.891267800089646 -0.397818113574393 0.969880029581311 0.151870962776282 0.190441431639128 0 0 0 0 0 0
11.3165772888326 6.27332921254785 12.69738190256 0.240426550173346 -0.471412866413898 -0.848507503414776 0.969880029581311 0.151870962776282 0.190441431639128 0 0 0 0 0 0
11.735754878723 5.9731513346734 12.8486052204933 0.17183591612833 0.127539696815308 -0.97683470641895 0.969880029581311 0.151870962776282 0.190441431639128 0 0 0 0 0 0
12.1941024711018 5.70204613470104 12.7771590363622 0.0379619446028512 0.678037796874361 -0.734046072649212 0.969880029581311 0.151870962776282 0.190441431639128 0 0 0 0 0 0
12.6611034899473 5.58549967186068 12.538387026874 -0.110334404367118 0.970938001713414 -0.212381063284174 0.969880029581311 0.151870962776282 0.190441431639128 0 0 0 0 0 0
13.1029537778456 5.6902785570615 12.2512027473275 -0.216712868425152 0.894962626483833 0.389971062844544 0.969880029581311 0.151870962776282 0.190441431639128 0 0 0 0 0 0
13.4954043605675 5.99906420112935 12.0529123838269 -0.240758490522529 0.47897598647587 0.844166662230143 0.969880029581311 0.151870962776282 0.190441431639128 0 0 0 0 0 0
13.8329740377993 6.41703243638538 12.0470498375435 -0.173335936803095 -0.118981638845718 0.977649232920571 0.969880029581311 0.151870962776282 0.190441431639128 0 0 0 0 0 0
14.1310317827829 6.80787880332276 12.264042464666 -0.0400601626698465 -0.6717361503029 0.739706514600964 0.969880029581311 0.151870962776282 0.190441431639128 0 0 0 0 0 0
14.4199578124253 7.04560289366239 12.6496512150667 0.108435137031879 -0.969286867430491 0.220736924151043 0.969880029581311 0.151870962776282 0.190441431639128 0 0 0 0 0 0
14.7336016349661 7.06237801207258 13.0855769542732 0.215734115236383 -0.898589298009024 -0.382094314308424 0.969880029581311 0.151870962776282 0.190441431639128 0 0 0 0 0 0
15.0964220558631 6.87431967172747 13.4344042825104 0.241072096180525 -0.486502630662041 -0.839761534485857 0.969880029581311 0.151870962776282 0.190441431639128 0 0 0 0 0 0
15.5141948686698 6.57536304141511 13.5918079425384 0.174822757275175 0.110414519963674 -0.978389307647981 0.969880029581311 0.151870962776282 0.190441431639128 0 0 0 0 0 0
15.9718185344981 6.30157540440267 13.5261877291031 0.0421553300003552 0.665383348422861 -0.745310625037738 0.969880029581311 0.151870962776282 0.190441431639128 0 0 0 0 0 0
16.4390515091265 6.17946192259954 13.2906739352391 -0.106527611941132 0.967561918199867 -0.22907597504652 0.969880029581311 0.151870962776282 0.190441431639128 0 0 0 0 0 0
0.677872358676223 3.97210550160068 6.66962250060197 -0.648711475212994 0.61956778340693 0.441937986250566 0.693058744013991 0.241054636780534 0.679383720317431 0 0 0 0 0 0
0.984674854375637 4.39949155732524 6.7787027010197 -0.709834709978815 0.0638479296559619 0.701468549820974 0.693058744013991 0.241054636780534 0.679383720317431 0 0 0 0 0 0
1.1296705056004 4.84143175062385 7.04768267944086 -0.501279870620216 -0.516128820051763 0.694499483385664 0.693058744013991 0.241054636780534 0.679383720317431 0 0 0 0 0 0
1.16039939454449 5.16572036315165 7.47497383695224 -0.102280427460497 -0.900019601808129 0.423678451799989 0.693058744013991 0.241054636780534 0.679383720317431 0 0 0 0 0 0
1.1678134568307 5.28484947912813 7.99884251088249 0.335577060129019 -0.941977889312294 -0.00810510715046781 0.693058744013991 0.241054636780534 0.679383720317431 0 0 0 0 0 0
1.25172232053227 5.1892547055965 8.52086362538277 0.645943212026273 -0.626063027636269 -0.436809400384297 0.693058744013991 0.241054636780534 0.679383720317431 0 0 0 0 0 0
1.48287395973986 4.95094884521608 8.94331402332121 0.710904738080159 -0.0722963545455968 -0.699562499348413 0.693058744013991 0.241054636780534 0.679383720317431 0 0 0 0 0 0
1.87607635636147 4.69616302854218 9.20629912752142 0.505781668444009 0.508936912367537 -0.696540108748802 0.693058744013991 0.241054636780534 0.679383720317431 0 0 0 0 0 0
2.38457170021934 4.55738939705618 9.31050789201567 0.108503686747434 0.896816537300833 -0.428890485305932 0.693058744013991 0.241054636780534 0.679383720317431 0 0 0 0 0 0
2.91780046288535 4.62304512346629 9.31695105688938 -0.329996659629392 0.943980565740633 0.00170180417117967 0.693058744013991 0.241054636780534 0.679383720317431 0 0 0 0 0 0
3.37580647660549 4.90388124953935 9.32378214807746 -0.643125757763086 0.632510594742153 0.431647549791012 0.693058744013991 0.241054636780534 0.679383720317431 0 0 0 0 0 0
3.68721195360755 5.32889818558587 9.42900731182221 -0.711920628033319 0.0807392737879264 0.69760317448306 0.693058744013991 0.241054636780534 0.679383720317431 0 0 0 0 0 0
3.8363351010488 5.77231964163281 9.69325114114048 -0.510244949035536 -0.501706247167005 0.698527689885894 0.693058744013991 0.241054636780534 0.679383720317431 0 0 0 0 0 0
3.86914789630253 6.10137714285182 10.1167243793475 -0.114718683058536 -0.893545176742056 0.434069857140903 0.693058744013991 0.241054636780534 0.679383720317431 0 0 0 0 0 0
3.87581056414343 6.22675099291704 10.6391438551477 0.324391128606501 -0.945911354394122 0.00470162840708507 0.693058744013991 0.241054636780534 0.679383720317431 0 0 0 0 0 0
3.95641819995716 6.13650431998498 11.1626350672913 0.640259326983482 -0.638909993717383 -0.426452827565619 0.693058744013991 0.241054636780534 0.679383720317431 0 0 0 0 0 0
4.18297296950256 5.90061809388171 11.588916343973 0.712882302474342 -0.0891760444219624 -0.69559072443509 0.693058744013991 0.241054636780534 0.679383720317431 0 0 0 0 0 0
4.57202928232787 5.64440418564653 11.8566376931329 0.514669372498701 0.494437375093316 -0.700462075434941 0.693058744013991 0.241054636780534 0.679383720317431 0 0 0 0 0 0
5.07840449480835 5.50089729262135 11.9646886901573 0.120924943097771 0.890205769258568 -0.439216172875682 0.693058744013991 0.241054636780534 0.679383720317431 0 0 0 0 0 0
5.61234455187287 5.56031283270904 11.9726203467547 -0.318760893943235 0.947770108235729 -0.0111047029381435 0.693058744013991 0.241054636780534 0.679383720317431 0 0 0 0 0 0
10.8761831213006 3.64111966646192 5.62352739402222 -0.717051160796107 0.580391786815366 -0.385983168801727 0.27665233433403 0.745256499052979 0.60667638533804 0 0 0 0 0 0
11.127370826549 4.11322384001127 5.57149386475807 -0.955982663362641 0.277673665691974 0.0948392467876765 0.27665233433403 0.745256499052979 0.60667638533804 0 0 0 0 0 0
11.1606422536039 4.64862373439211 5.54107894478329 -0.831720368939923 -0.130537323483919 0.539630646894793 0.27665233433403 0.745256499052979 0.60667638533804 0 0 0 0 0 0
11.0043229963888 5.15426764177743 5.63367284774768 -0.391473600733915 -0.489155001000608 0.779407342103293 0.27665233433403 0.745256499052979 0.60667638533804 0 0 0 0 0 0
10.7587673195686 5.54840865129339 5.90393267886861 0.197500533480477 -0.661934515401676 0.723074157050904 0.27665233433403 0.745256499052979 0.60667638533804 0 0 0 0 0 0
10.5582318955697 5.79166166719572 6.33901728684084 0.711440912992806 -0.583234040446725 0.392033010579659 0.27665233433403 0.745256499052979 0.60667638533804 0 0 0 0 0 0
10.5198694500731 5.90196646522675 6.86346583191005 0.955092995001418 -0.282953202372914 -0.0879480310532026 0.27665233433403 0.745256499052979 0.60667638533804 0 0 0 0 0 0
10.699220482839 5.94777207187373 7.36786662053339 0.835889279905668 0.124826288007632 -0.534516145276287 0.27665233433403 0.745256499052979 0.60667638533804 0 0 0 0 0 0
11.0691125032608 6.02203183479972 7.75042443702243 0.399117252050267 0.485182184589837 -0.778012639275531 0.27665233433403 0.745256499052979 0.60667638533804 0 0 0 0 0 0
11.5299833138456 6.20688889196924 7.95563424790841 -0.189286092743635 0.661209257432821 -0.725929123936342 0.27665233433403 0.745256499052979 0.60667638533804 0 0 0 0 0 0
11.9477063536336 6.54246862017555 7.99536849215171 -0.705776486209525 0.586031878547822 -0.398052997526017 0.27665233433403 0.745256499052979 0.60667638533804 0 0 0 0 0 0
12.2045476211829 7.01163433353635 7.94436654308419 -0.954130592610832 0.288211191071996 0.0810501177356592 0.27665233433403 0.745256499052979 0.60667638533804 0 0 0 0 0 0
12.2438947901248 7.5464977969706 7.91183997090477 -0.83999453466647 -0.119105746526228 0.529360938183854 0.27665233433403 0.745256499052979 0.60667638533804 0 0 0 0 0 0
12.091765178459 8.05421110173652 7.99998124124072 -0.40673050904263 -0.48117241967725 0.77655868777309 0.27665233433403 0.745256499052979 0.60667638533804 0 0 0 0 0 0
11.8469213344591 8.4522411382969 8.265139088889 0.18105723713798 -0.660433645819038 0.728728808508443 0.27665233433403 0.745256499052979 0.60667638533804 0 0 0 0 0 0
11.6433494933618 8.69972530451226 8.69641069136627 0.700058311814295 -0.588785088052452 0.404042671195489 0.27665233433403 0.745256499052979 0.60667638533804 0 0 0 0 0 0
11.59935596647 8.81299589137991 9.21978383345576 0.953095529481552 -0.293447231373023 -0.0741460321378522 0.27665233433403 0.745256499052979 0.60667638533804 0 0 0 0 0 0
11.7726205955126 8.85937517262275 9.72625538518643 0.844035820591287 0.11337613468109 -0.524165418206474 0.27665233433403 0.745256499052979 0.60667638533804 0 0 0 0 0 0
12.1382832164167 8.93159854733353 10.113243413344 0.414312791932008 0.477126011621971 -0.775045598320006 0.27665233433403 0.745256499052979 0.60667638533804 0 0 0 0 0 0
12.598388451278 9.11258281140633 10.3235597729778 -0.172814593322725 0.659607739626152 -0.731472997560388 0.27665233433403 0.745256499052979 0.60667638533804 0 0 0 0 0 0
10.9994197125292 10.3617782196009 7.77476432215031 0.868810259884072 -0.477983756281538 -0.12922948986653 0.494308092365261 0.822110362812555 0.28247842604069 0 0 0 0 0 0
11.2809801138501 10.5189093468724 8.20455339991838 0.720647813339685 -0.205822164664059 -0.662045289736082 0.494308092365261 0.822110362812555 0.28247842604069 0 0 0 0 0 0
11.726812206897 10.6291233052326 8.48342923305982 0.298699213918636 0.14453470847238 -0.943339015227926 0.494308092365261 0.822110362812555 0.28247842604069 0 0 0 0 0 0
12.2407327951553 10.7722839549368 8.54727090799785 -0.236730210854641 0.439980429368702 -0.86624247704742 0.494308092365261 0.822110362812555 0.28247842604069 0 0 0 0 0 0
12.7006907244005 11.0157381573597 8.41365258303657 -0.682221870606181 0.568270229067358 -0.460045939034718 0.494308092365261 0.822110362812555 0.28247842604069 0 0 0 0 0 0
13.0051361567749 11.3887295763791 8.17516677179695 -0.86852603557302 0.48066466777176 0.120929742775201 0.494308092365261 0.822110362812555 0.28247842604069 0 0 0 0 0 0
13.1116010520123 11.8712885215412 7.964246899228 -0.724862638644725 0.210446562904982 0.655962193467342 0.494308092365261 0.822110362812555 0.28247842604069 0 0 0 0 0 0
13.0528334859627 12.4018187673392 7.90285362929982 -0.305811806238262 -0.139723709688298 0.941783639758215 0.494308092365261 0.822110362812555 0.28247842604069 0 0 0 0 0 0
12.9243561090587 12.9004989891173 8.05613996968778 0.229422044258857 -0.436810608915144 0.869805735522173 0.494308092365261 0.822110362812555 0.28247842604069 0 0 0 0 0 0
12.8481754943623 13.299608218849 8.40769855485649 0.677494624410008 -0.567945854731203 0.467374089984871 0.494308092365261 0.822110362812555 0.28247842604069 0 0 0 0 0 0
12.9264298006176 13.5692541731243 8.86579507854321 0.868175669641725 -0.483308974786563 -0.112620786415761 0.494308092365261 0.822110362812555 0.28247842604069 0 0 0 0 0 0
13.2025847780849 13.7287298313896 9.29821969042283 0.729022262853413 -0.215054934825363 -0.649829143137908 0.494308092365261 0.822110362812555 0.28247842604069 0 0 0 0 0 0
13.6449204033083 13.8391837104947 9.58251572867727 0.312901109804845 0.134902070402761 -0.940156543818073 0.494308092365261 0.822110362812555 0.28247842604069 0 0 0 0 0 0
14.1585818463572 13.9803885207929 9.6525030531863 -0.222096406286159 0.433607523642537 -0.873302754922576 0.494308092365261 0.822110362812555 0.28247842604069 0 0 0 0 0 0
14.6216164066049 14.2204341797489 9.52342098723223 -0.672715784375158 0.567578229119318 -0.474666648588559 0.494308092365261 0.822110362812555 0.28247842604069 0 0 0 0 0 0
14.9313053826373 14.5898593138915 9.28613864379699 -0.867759188771908 0.485916475951728 0.104303253547407 0.494308092365261 0.822110362812555 0.28247842604069 0 0 0 0 0 0
15.043188624285 15.0700491240166 9.07263223028978 -0.73312636919426 0.219646929479838 0.643646605803309 0.494308092365261 0.822110362812555 0.28247842604069 0 0 0 0 0 0
14.987955687007 15.6003074586279 9.00584508082781 -0.31996658474047 -0.130070157802268 0.938457851317156 0.494308092365261 0.822110362812555 0.28247842604069 0 0 0 0 0 0
14.8597863566697 16.1009162966756 9.1529794281022 0.214753854812242 -0.430371417478224 0.876733268937062 0.494308092365261 0.822110362812555 0.28247842604069 0 0 0 0 0 0
14.7805701742941 16.5034219565674 9.49996515161725 0.667885714428804 -0.567167380227818 0.48192305948921 0.494308092365261 0.822110362812555 0.28247842604069 0 0 0 0 0 0
2.83351603006705 8.55588107930677 8.25973104436592 -0.386983996539871 0.894597583494451 0.223469349191153 0.608230383709917 0.0655035210983369 0.79105315185252 0 0 0 0 0 0
3.27030149895108 8.83889574017151 8.39317113588919 -0.719850426460281 0.465457881060523 0.514941088362154 0.608230383709917 0.0655035210983369 0.79105315185252 0 0 0 0 0 0
3.54299704047336 9.22801153966964 8.64399206470726 -0.779233644111113 -0.140517052429071 0.610778098708493 0.608230383709917 0.0655035210983369 0.79105315185252 0 0 0 0 0 0
3.63806624830189 9.58509647264519 9.03403988034408 -0.542572972272362 -0.693107208381028 0.47457029769023 0.608230383709917 0.0655035210983369 0.79105315185252 0 0 0 0 0 0
3.60945593002886 9.78418759566164 9.53226601027178 -0.0997797569309977 -0.982374347734477 0.158065306187194 0.608230383709917 0.0655035210983369 0.79105315185252 0 0 0 0 0 0
3.55810081302383 9.75934645520156 10.0665231317184 0.380921456297025 -0.898421047960382 -0.218491337847347 0.608230383709917 0.0655035210983369 0.79105315185252 0 0 0 0 0 0
3.59357675396741 9.52971020859005 10.5509751458278 0.716904239610686 -0.47314257126724 -0.512039469653316 0.608230383709917 0.0655035210983369 0.79105315185252 0 0 0 0 0 0
3.79247103888768 9.19222109797072 10.9187077467185 0.780523116296546 0.131890678772268 -0.611055246094589 0.608230383709917 0.0655035210983369 0.79105315185252 0 0 0 0 0 0
4.16928559272694 8.88479647172748 11.147150285035 0.547608211450753 0.686816454851634 -0.477920918245624 0.608230383709917 0.0655035210983369 0.79105315185252 0 0 0 0 0 0
4.67092745559691 8.73393167797838 11.2666507349996 0.106647791553766 0.9808091767741 -0.163216443143505 0.608230383709917 0.0655035210983369 0.79105315185252 0 0 0 0 0 0
5.19687968590725 8.80664236693614 11.348945991614 -0.374829907410485 0.902176094185131 0.21349668754224 0.608230383709917 0.0655035210983369 0.79105315185252 0 0 0 0 0 0
5.63738942702932 9.08500412495041 11.4799078248713 -0.713903457727636 0.480791229835309 0.509098857156423 0.608230383709917 0.0655035210983369 0.79105315185252 0 0 0 0 0 0
5.91516485249937 9.47296225893375 11.7269187586363 -0.781753148624756 -0.12325426112964 0.611285859257898 0.608230383709917 0.0655035210983369 0.79105315185252 0 0 0 0 0 0
6.01473962314252 9.8328245802144 12.1132723232533 -0.55260174814369 -0.680473397590086 0.481235143272749 0.608230383709917 0.0655035210983369 0.79105315185252 0 0 0 0 0 0
5.98834880790867 10.0375729691033 12.6093234539214 -0.113507704534303 -0.979169313397554 0.168355150535752 0.608230383709917 0.0655035210983369 0.79105315185252 0 0 0 0 0 0
5.9360839078547 10.0191196821935 13.1437511464513 0.368709813775283 -0.905862436207392 -0.20848577863779 0.608230383709917 0.0655035210983369 0.79105315185252 0 0 0 0 0 0
5.96786642145228 9.79417502444734 13.6306544991808 0.710848309332291 -0.488403274289767 -0.506119474810501 0.608230383709917 0.0655035210983369 0.79105315185252 0 0 0 0 0 0
6.16168682952903 9.45789882495916 14.0021879017022 0.782923647424017 0.11460845719783 -0.611469920636336 0.608230383709917 0.0655035210983369 0.79105315185252 0 0 0 0 0 0
6.53397470767081 9.14774762689538 14.2343367165746 0.557553202074022 0.67407851964475 -0.484512720380535 0.608230383709917 0.0655035210983369 0.79105315185252 0 0 0 0 0 0
7.03335685576879 8.99125264859454 14.356040841591 0.120358973463677 0.977454882486785 -0.173481037031472 0.608230383709917 0.0655035210983369 0.79105315185252 0 0 0 0 0 0
