t = 20
b = 13 13 13
E = -1.00802207884945 -1.00802207884945 0
9.70764123088399 -1.04812124589644 7.12498060078372 0.684907246702733 -0.546835895134307 0.481531481013176 0.0899245146477485 0.71925828867718 0.688898465548111 0 0 0 0 0 0
9.64801130475545 -0.910407210334329 7.64089165749549 0.96434545499361 -0.26322709002596 -0.027374121166407 0.2310027840509 0.786763906221251 0.57239869813637 0 0 0 0 0 0
9.80886592631702 -0.829743456921529 8.14715665897793 0.856857701996455 0.132503287312137 -0.498234640888038 0.204196754616022 0.800149984070839 0.56397135423328 0 0 0 0 0 0
10.1629872493573 -0.720097163808785 8.53607937764216 0.405878785105034 0.456270280644975 -0.79188373060811 0.227049175357682 0.788958289909275 0.570958394940322 0 0 0 0 0 0
10.6097321765263 -0.506446460541071 8.74454388100033 -0.235156982106368 0.677174492764786 -0.697234465668028 0.179089687712024 0.735256490054435 0.653700831870391 0 0 0 0 0 0
10.976466831919 -0.110872840419305 8.93818942515036 -0.759084375900542 0.452710526999939 -0.467807747912668 0.241605731064576 0.863198009505764 0.443301102076273 0 0 0 0 0 0
11.185050400278 0.382758672930215 8.8993831607429 -0.982022512047217 0.184822357819569 -0.0383729316379231 0.129992391609033 0.809550689263038 0.572476776504954 0 0 0 0 0 0
11.143880046281 0.906128227747715 8.80055386446269 -0.804982475072491 -0.191142244866678 0.561665253557217 0.123833540990032 0.871702326042809 0.474131109396364 0 0 0 0 0 0
11.0063841369238 1.41011210331615 8.8412905647664 -0.30359586757131 -0.462570734674836 0.832981311084472 0.149129739469726 0.840400744159228 0.521044057659529 0 0 0 0 0 0
10.8167387555781 1.84794977814913 9.05484621669386 0.273977649509124 -0.563824374399787 0.779126640798622 0.112895390879052 0.823379073605772 0.556148839670071 0 0 0 0 0 0
10.7068400534473 2.17678771721164 9.46530082712168 0.857518768408206 -0.477430891511597 0.191628039853554 0.338826528194431 0.804422501560385 0.487955963971177 0 0 0 0 0 0
10.8200050442565 2.28173649768861 9.98921671323923 0.879003399707191 -0.00695899694061391 -0.476764717302759 0.38343527684999 0.604667919404312 0.698107510137394 0 0 0 0 0 0
11.2023017282363 2.27065516749227 10.3665912641266 0.302975770502059 0.696190592038092 -0.650787478403154 0.426708456097292 0.511503529078026 0.745844510092948 0 0 0 0 0 0
11.6102801110658 2.54729685474449 10.6682327262823 0.118086848006103 0.596056539821558 -0.79421162020203 0.585336459924223 0.604299854549921 0.54055796587815 0 0 0 0 0 0
12.1326393674417 2.64823586656109 10.7627023355932 -0.481872931151705 0.825110105414231 -0.294943710166162 0.676554599116141 0.564254541527047 0.473170885390151 0 0 0 0 0 0
12.5444070354995 2.97852458039871 10.793902683642 -0.705118614904128 0.686302609866763 0.178315637580536 0.677084118933762 0.576958514105819 0.456810648834391 0 0 0 0 0 0
12.7887842339982 3.4532288850414 10.7337303467588 -0.631752166572958 0.2223281141206 0.742603130684184 0.684279889717599 0.610056262570228 0.399490161364352 0 0 0 0 0 0
12.8761715802237 3.97413572247739 10.8322423792749 -0.401351094659699 -0.307639374096876 0.862713923801363 0.673478463227886 0.539247096911009 0.50560787972623 0 0 0 0 0 0
12.8728460229857 4.4232404939544 11.127164313054 0.0803046617720349 -0.766302521697281 0.637441453419894 0.61470492731541 0.541493385083153 0.573517886595827 0 0 0 0 0 0
12.905478817773 4.67197086608279 11.5173635344336 0.744394873014975 -0.665629560687764 -0.0530430105445859 0.611904113084856 0.648194824731849 0.453229330009305 0 0 0 0 0 0
12.1527355532501 -3.01173352815784 9.25238338408177 -0.935304615096373 0.35381932694859 -0.00414256648382018 0.329209610632967 0.865838900931455 -0.376754601698108 0 0 0 0 0 0
12.1096637943792 -2.66141773471987 8.87074394212391 -0.520984347410839 0.389443930196372 0.759545084235364 0.134861103180516 0.916228352158327 -0.377277205182306 0 0 0 0 0 0
12.3481239255277 -2.13161977294666 8.73205187983974 -0.514333308659276 0.209239041075927 0.831673175768721 0.262705854374045 0.961598453849601 -0.0794609818191345 0 0 0 0 0 0
12.2007596940078 -1.7041199036204 8.65523609805784 0.226359183890812 0.0872519497080697 0.970128144700702 0.406088372071994 0.896840332252088 -0.175412806014502 0 0 0 0 0 0
12.3466318501847 -1.17634330282787 8.73654217777812 0.479139908542779 -0.349564105458544 0.80512724722033 0.669953663035263 0.738277447867308 -0.0781568893711066 0 0 0 0 0 0
12.4704915241231 -0.714435934828759 8.90533451606763 0.754135507440142 -0.65394070967652 0.0603422293735323 0.656274212064793 0.747056256662111 -0.105882519618346 0 0 0 0 0 0
12.8051234292691 -0.407771570585609 9.16701462455792 0.706727938771063 -0.467506939420854 -0.53101118835082 0.483188564428585 0.867197100629155 -0.120407640396403 0 0 0 0 0 0
13.2511314981205 -0.192338153688982 9.37522208725346 0.288399097512429 -0.214249799482771 -0.933232545497428 0.411935358380747 0.907600090956398 -0.0810637737319411 0 0 0 0 0 0
13.7080342080599 -0.0418213668363035 9.42997490552796 -0.283091007942381 0.113898219200877 -0.95230597860406 0.413534753858313 0.910379965254401 -0.0140472849597465 0 0 0 0 0 0
14.1259173101569 0.277773358544961 9.24671722417903 -0.867594036811354 0.216577387716035 -0.447632463545124 0.34976945069909 0.905640520188188 -0.239742736179692 0 0 0 0 0 0
14.3836860553654 0.678480633314461 8.91262034340626 -0.99911842988981 0.0417521446450376 -0.00437281054479635 0.0410403389675787 0.949508492395401 -0.311045516679536 0 0 0 0 0 0
14.3548456403389 1.06285543382578 8.54115919705408 -0.781470854645166 0.0746753120286436 0.619456940483823 -0.224409055828531 0.892736299678574 -0.390720456206676 0 0 0 0 0 0
14.015192034283 1.42909266901142 8.42403893040709 -0.259120435670987 0.0902242491933267 0.961621643202345 -0.308751021578217 0.935648066238479 -0.170983925614668 0 0 0 0 0 0
13.639389404053 1.81200125069044 8.45299585198286 0.471765246364343 0.125428768380718 0.872757226487004 0.0139204417528711 0.988647300938688 -0.149608608201709 0 0 0 0 0 0
13.4894039451729 2.23745915259745 8.74484347994611 0.990914499402536 0.0999854583566338 0.0899520038189049 -0.0966238256093892 0.994476524196762 -0.0409912081565473 0 0 0 0 0 0
13.4307374705624 2.69663179631509 8.90572371722649 0.933681725719585 -0.161039555675168 -0.319851053719136 0.103605974388833 0.976458862527569 -0.189192737340276 0 0 0 0 0 0
13.6990631303543 3.11000106499345 9.11976177488885 0.552357516809559 -0.239934683078468 -0.798331085126974 0.182449732355853 0.969259307451954 -0.165071166716166 0 0 0 0 0 0
13.9133496455665 3.50328938400267 9.18604491034767 -0.0526919897637171 -0.242282374527189 -0.968773866910234 0.164729123905236 0.954722568368914 -0.247727941872688 0 0 0 0 0 0
14.3287542152395 3.76893024461073 8.93686392399215 -0.709390356155542 0.0880513235350896 -0.699294134836859 0.470283488990995 0.798137738195541 -0.37657614216857 0 0 0 0 0 0
14.6080666052829 4.02454535238474 8.4940518235911 -0.943130250363761 0.318339143834221 0.0957367241537087 0.279956498537675 0.915914107415021 -0.287620769007857 0 0 0 0 0 0
0.425221519268083 -1.38104660993649 15.9991461116793 -0.391897396969678 -0.235950960709513 -0.889237636624006 0.413024966656847 0.818555412865182 -0.399221007697769 0 0 0 0 0 0
0.901256644882048 -1.2257299462659 15.7610098266127 -0.706720724976118 0.37693180621983 -0.59872216457142 0.675468009260837 0.611203554769943 -0.412520524461252 0 0 0 0 0 0
1.14707099885426 -1.03278420757832 15.3372721222601 -0.686285817588989 0.726591288895745 -0.0328157809145598 0.699947515865922 0.647510461991545 -0.30133648409149 0 0 0 0 0 0
1.28879466892021 -0.770569933809368 14.8902338933655 -0.252271543062765 0.699694056617257 0.668421495536475 0.791764968007277 0.546369647912894 -0.273108848769088 0 0 0 0 0 0
1.39009385290079 -0.280163466916932 14.6954902807019 0.23203217542108 0.167205727682499 0.958229259728342 0.789022080263343 0.543765230049988 -0.285943231158896 0 0 0 0 0 0
1.60529830880022 0.209360307811112 14.6844637324363 0.406322544608754 -0.377563093905791 0.832074575902277 0.855593592217251 0.476848762113239 -0.201432030789175 0 0 0 0 0 0
1.95295307454319 0.63050681579803 14.7689803344813 0.248457383500976 -0.903319349561456 0.349689978826556 0.967451414100165 0.249316782461145 -0.0433463186304448 0 0 0 0 0 0
2.29506936915018 0.762929310547171 15.1935298634778 0.339095448829362 -0.860970846479885 -0.379135171271307 0.932625417415151 0.254799531497728 0.255513266856642 0 0 0 0 0 0
2.65381043656831 0.60922673877387 15.5628068165853 0.365755433522571 -0.39464177491878 -0.842900250526521 0.930710712328466 0.155798520463088 0.33091447683435 0 0 0 0 0 0
3.13807094569281 0.422519632893725 15.7017935714747 0.21966896172664 0.42378043135752 -0.878723900467248 0.803098467389146 0.432828223539294 0.409502845637272 0 0 0 0 0 0
3.66489751557281 0.336442614914116 15.6407230027646 -0.191885727995446 0.862295499669041 -0.468643082358181 0.874452179342106 0.367005067029866 0.317239131915097 0 0 0 0 0 0
4.16727800663477 0.340403727938006 15.5580020392672 -0.398951124988738 0.916359366727818 -0.0335188138276573 0.798982175566191 0.36532145548953 0.47766904576969 0 0 0 0 0 0
4.61291563501416 0.641996862983653 15.6375932439252 -0.634718611419768 0.593404522846833 0.494978137479105 0.772695692541921 0.494496457764102 0.398013341467239 0 0 0 0 0 0
4.85744366072371 1.10854760810488 15.5402049940265 -0.374805973357689 0.196822419173316 0.90596987678739 0.804856276395004 0.55408274704525 0.212599820729838 0 0 0 0 0 0
5.13230299062723 1.52619670190396 15.557955111272 -0.229732405602293 -0.417293661141083 0.879254810727615 0.806415060912219 0.424186988113812 0.412019597408758 0 0 0 0 0 0
5.26466447911895 1.91272005945854 15.9069038647407 0.138232127002024 -0.820678296471946 0.554417724071302 0.846075869125677 0.388841930160628 0.364633483147375 0 0 0 0 0 0
5.54898473740794 2.20916506194313 16.3007608792244 0.438150742334714 -0.85321265758402 -0.282934776812524 0.898675793591971 0.408722996220051 0.159145626307306 0 0 0 0 0 0
5.96084262009802 2.3187051113275 16.5397481608465 0.345455079688409 -0.522852708141023 -0.779285463425999 0.90290210061325 0.411529184673014 0.124143170857462 0 0 0 0 0 0
6.44212652158088 2.15687403931693 16.71542289558 -0.0258646833591549 0.239496908025156 -0.970552548397623 0.952662160128502 0.300110314314748 0.048668345987915 0 0 0 0 0 0
6.95653582763665 2.11835731321924 16.6418222540711 -0.248531909175703 0.696938850544057 -0.672687244359374 0.873891558305388 0.460875033714406 0.154621303905142 0 0 0 0 0 0
11.1642982641245 6.31333876409517 3.55247607390169 -0.0094884688403722 0.101956073456456 -0.994743649411449 0.989472540217278 -0.142705911677298 -0.0240648068415015 0 0 0 0 0 0
11.55182936667 6.07262400806129 3.38676937031556 0.12719499992757 0.824949665365217 -0.550708163737602 0.98425396324384 -0.0362690785564576 0.17299910340652 0 0 0 0 0 0
11.9504566954404 6.02293541156408 3.14894755710105 0.198027902358216 0.968421467741165 0.151475445883659 0.97683971474493 -0.207757233425256 0.0511967152904089 0 0 0 0 0 0
12.3822780940803 6.100826628802 2.83886959904504 0.314349599273407 0.508192298757274 0.801825989177481 0.94675485227123 -0.229725284444575 -0.225569375997145 0 0 0 0 0 0
12.8513632707551 6.28079181183583 2.68039751277463 0.0662761344033662 0.0796326374890597 0.994618578679829 0.916618326461285 -0.398698745816843 -0.0291573949349045 0 0 0 0 0 0
13.3139594960293 6.39655361801242 2.70340144935085 -0.161265458723634 -0.451332657015191 0.87766296750761 0.918196148368292 -0.394644307571551 -0.0342301566313281 0 0 0 0 0 0
13.7849203052695 6.45467878389039 2.87960431685795 -0.329891149820625 -0.833490741558239 0.443243739952098 0.936252872391566 -0.348973055478719 0.0406000675909379 0 0 0 0 0 0
14.3186358684952 6.32508889695942 3.20935421754662 -0.421403569246107 -0.871429197127076 -0.251058133150674 0.899113453170904 -0.365330791588173 -0.241098343098103 0 0 0 0 0 0
14.6543420114785 6.03848984375925 3.34707321023364 -0.364080859741685 -0.516465887611784 -0.775053620405148 0.914187543333875 -0.357264759660166 -0.191371437571382 0 0 0 0 0 0
14.99222326725 5.67908940772245 3.20215781319383 -0.439292992131028 0.134311994221649 -0.888246562207123 0.78495558728919 -0.423464783036598 -0.45224142171107 0 0 0 0 0 0
15.0697312927928 5.24326216671536 2.90969683124368 -0.0234973241446602 0.754728416046948 -0.65561642274222 0.759723847281807 -0.412788323318564 -0.502419621435288 0 0 0 0 0 0
15.2071026223979 5.00201477785021 2.44968170400694 0.316376665514826 0.933873368316232 -0.166692343757642 0.774162664242882 -0.355725973520367 -0.523575401499489 0 0 0 0 0 0
15.4628402165787 4.90368474945051 1.99704588846643 0.57805511516447 0.697041353270402 0.42424713984087 0.812023455908072 -0.440130455134438 -0.383279388329537 0 0 0 0 0 0
15.8516779481442 4.96731560895636 1.72963047495045 0.488030955058066 0.324444406093812 0.810284896971149 0.829565128483119 -0.461060953639084 -0.31503094234409 0 0 0 0 0 0
16.3531835317385 5.00069493995572 1.5293253030209 0.224057299819617 -0.298153262621423 0.927848564360447 0.819301404002452 -0.457950461803895 -0.34500229554774 0 0 0 0 0 0
16.8759885531426 5.12398945291222 1.54191397999117 -0.0451845320349851 -0.755198288177166 0.653937232155395 0.901243043878595 -0.313208165020794 -0.299435504282228 0 0 0 0 0 0
17.3723047794572 5.04596711410997 1.69597483917122 -0.401215429683659 -0.914416380268665 0.0535617632281582 0.914549362817781 -0.403172836738507 -0.0324210839703906 0 0 0 0 0 0
17.8093425574527 4.836216489809 1.92768102883492 -0.324259030805513 -0.698264093548824 -0.638187540305754 0.945175047382431 -0.21152722619577 -0.248797834362646 0 0 0 0 0 0
18.2436129233656 4.45322135462078 1.87359309528632 -0.552749131305081 -0.153232864703204 -0.819138625030176 0.807846150880747 -0.3398332402196 -0.481557852546305 0 0 0 0 0 0
18.3521966466033 4.0648203411145 1.58012020554454 -0.237780372847962 0.655454659496691 -0.716826118129327 0.877820297217485 -0.170909460976806 -0.447461151321121 0 0 0 0 0 0
5.63480263389865 0.82251070247281 16.2782722631058 -0.518998757900647 0.379780396655695 -0.765772250485501 0.591131271684103 0.806575126643889 -0.000620255213666768 0 0 0 0 0 0
6.01727077478999 1.14644805477392 16.0433689629238 -0.80601391364249 0.560495343701358 -0.190227602370983 0.586759108813535 0.798880836092954 -0.132299500935452 0 0 0 0 0 0
6.22470091828733 1.54162913792324 15.7105694152206 -0.812052110273705 0.43705633681214 0.386720995877358 0.472288309759552 0.881432996845417 -0.00442995898082259 0 0 0 0 0 0
6.22496303171886 2.02485286667185 15.4756654744507 -0.383622762468828 0.200216030983439 0.901524884322682 0.448727019075049 0.893637245393553 -0.00751904232215383 0 0 0 0 0 0
6.16396775276589 2.55699673861138 15.4333857201821 0.147734558110804 -0.128060432391782 0.980701292950833 0.631582336600133 0.775284857648192 0.00609439054682557 0 0 0 0 0 0
6.2345224861502 3.24325183014737 15.4292397352524 0.345237804218321 -0.193175740916231 0.918419289681993 0.50645671563137 0.862218157813873 -0.00902460680235095 0 0 0 0 0 0
6.19328118501501 3.72203839453579 15.6695472111248 0.68436418603231 -0.514216231307659 0.516940352783648 0.565881127228598 0.82166316852767 0.068177616059532 0 0 0 0 0 0
6.3213999184347 4.10256656673633 16.0265752246293 0.854809605523476 -0.493415204903137 -0.160754389909559 0.490877041644703 0.869298262966827 -0.0579677495595653 0 0 0 0 0 0
6.73911246074004 4.38748633323517 16.1346715605377 0.604789583912074 -0.524439750479235 -0.599326711659624 0.597292289765176 0.796470778627924 -0.0942136899760408 0 0 0 0 0 0
7.20856771861307 4.64030578952001 16.3165800733682 0.359975791133963 -0.433698748571164 -0.82602834411737 0.722282855362206 0.68996496836302 -0.0474954659060723 0 0 0 0 0 0
7.70733655304787 4.7373918536483 16.3644543786107 -0.274130390897358 -0.0502918652381455 -0.960376622517089 0.630094708404061 0.745034720728732 -0.218869649220403 0 0 0 0 0 0
8.17394543134356 4.77570439429993 16.1008383585307 -0.629718627015657 0.481610880056198 -0.609512437117578 0.734040267925002 0.625703098563137 -0.263970675479453 0 0 0 0 0 0
8.56015624641767 5.04662265060866 15.8089967511411 -0.836734386157357 0.546534378551809 -0.0342890665206589 0.539088898336675 0.81109707599635 -0.22694645403778 0 0 0 0 0 0
8.60460957019131 5.52198055497552 15.4895046884764 -0.628085370403075 0.346192653509334 0.696892684810078 0.447250605400051 0.893479501698087 -0.0407587538404258 0 0 0 0 0 0
8.54912559618867 6.0548749478654 15.4159337931686 -0.196895165706186 0.131466507693553 0.971570301664473 0.505773179210246 0.862549355265984 -0.0142162203765761 0 0 0 0 0 0
8.42868752811666 6.57792219047398 15.4404563517015 0.318227668325042 -0.21909643297667 0.922349122712927 0.54529832743283 0.838170365015904 0.0109623586907123 0 0 0 0 0 0
8.38379106904743 7.05880457242936 15.6758741607269 0.706579950861763 -0.5148621938916 0.485449991596784 0.499756847843115 0.848758290932389 0.172778634696082 0 0 0 0 0 0
8.5064879408115 7.44250188162991 16.0314117180818 0.855302190773181 -0.510006104867166 -0.0913889241473918 0.51490323633612 0.856303021681595 0.0402466429601213 0 0 0 0 0 0
8.74654577458561 7.73625607035193 16.3089088703198 0.571005397419102 -0.332742217702585 -0.750490141625203 0.383687937869011 0.916355037116112 -0.114354765033008 0 0 0 0 0 0
9.20514719246142 7.96642554735728 16.4385256248486 0.000843948749038555 0.00184821367505435 -0.99999793592623 0.477354351470811 0.878708549392828 0.00202690794883457 0 0 0 0 0 0
11.3780354738447 5.25918193168752 10.4817143118306 0.313584918165884 0.143699966470077 -0.938623896315982 0.390709885564992 0.881402557860556 0.265471874816638 0 0 0 0 0 0
11.8462658445839 5.5225409386778 10.4910660749158 -0.295834343976192 0.280132486923271 -0.913240291869757 0.460224947064513 0.879557152759555 0.120715422084224 0 0 0 0 0 0
12.2454915070303 5.77440915906354 10.3292905715861 -0.779744778922925 0.451874778317301 -0.433367355096262 0.38991812057898 0.892033509339047 0.228560883487139 0 0 0 0 0 0
12.4750340435562 6.21984228498859 10.1309933005444 -0.833517303193389 0.372371089970244 0.408152761391607 0.519573596724464 0.77949675964531 0.349897241042661 0 0 0 0 0 0
12.5665195176174 6.71152142825874 10.18367384998 -0.383856827179049 -0.0484414027670332 0.922121123674107 0.512820752935309 0.819277485961521 0.256513696233619 0 0 0 0 0 0
12.6138950318811 7.22679400836846 10.3828652531462 0.152826388529509 -0.560201489863262 0.814136589107755 0.36251213755185 0.798165204650441 0.48116240107983 0 0 0 0 0 0
12.4503746407504 7.57814610693875 10.7550182950968 0.613591326592443 -0.606096978455845 0.50611474651231 0.260120321904032 0.760331384752485 0.595175271237735 0 0 0 0 0 0
12.4636039917946 7.7473000011185 11.2648192822214 0.969672925807104 -0.228923728173294 -0.0856057453441668 0.21785086146783 0.650782913834886 0.727339398917933 0 0 0 0 0 0
12.6191227176355 7.76815862538258 11.7547703572443 0.857465322241461 0.0826319478033179 -0.50786335008108 0.444525545287255 0.378118418709206 0.812048952354425 0 0 0 0 0 0
12.9608759417252 7.75112653804083 12.1690163517251 0.443657080695479 0.592653691046243 -0.672257389128621 0.333192202340594 0.587275228913131 0.737625082141635 0 0 0 0 0 0
13.3069267925793 7.98969474989892 12.5323815717808 -0.129381290578539 0.658940011722711 -0.740984846403154 0.528004407166385 0.678298626367283 0.511001291075798 0 0 0 0 0 0
13.7290662798612 8.28260690854946 12.5868647022935 -0.681305423338162 0.627919382483351 -0.376218246808599 0.416712525972006 0.755255166586639 0.505905429939449 0 0 0 0 0 0
14.0540930782592 8.6742813079915 12.6142866085298 -0.935482466477652 0.234612389881565 0.264252874018334 0.351948392681642 0.551501142727556 0.756292812645346 0 0 0 0 0 0
14.0767811624743 9.16110103468294 12.8410741798268 -0.855258452079578 -0.335621945764639 0.394830203590863 0.232143640094689 0.433047581691829 0.87096447823918 0 0 0 0 0 0
13.9031720953328 9.4203877381596 13.2802387838621 -0.512642543383724 -0.783051354285595 0.352176375222078 0.0332976568291196 0.391734019513955 0.91947578761223 0 0 0 0 0 0
13.5855303424739 9.59470771182105 13.6345284106701 0.176208768744088 -0.920843282522291 0.347847838646821 0.207535880271504 0.380187880484011 0.90132459964932 0 0 0 0 0 0
13.3835262426774 9.57636470116141 14.132065323616 0.698280695476461 -0.705436739121315 0.121503404984369 0.127087344852575 0.289216393159141 0.948790116256667 0 0 0 0 0 0
13.2946541144328 9.47686488818902 14.6525330307392 0.990476817324085 -0.0805975291116889 -0.111623082938265 0.133181083811884 0.355326712413003 0.925205775144351 0 0 0 0 0 0
13.4334729264017 9.37870753519416 15.1622187904137 0.770140885438571 0.428573928811903 -0.472448308409103 0.282698184519002 0.434625804409595 0.855091893664637 0 0 0 0 0 0
13.8084621357796 9.4531720797267 15.5046270170694 0.249698233506394 0.78498743148431 -0.566961660604536 0.440203742466129 0.42948683616407 0.788518688859428 0 0 0 0 0 0
9.91061864944631 -3.54099712358137 4.13569324563967 -0.24509867161206 -0.603488955649274 -0.758767238079868 0.512203373797292 0.583892695735876 -0.629854764002752 0 0 0 0 0 0
10.3512504585095 -3.51936366933421 3.82900006896731 -0.747790403104185 -0.00587486528653197 -0.663908878524113 0.583951028703036 0.470003984973777 -0.66188930357382 0 0 0 0 0 0
10.6248368001273 -3.47892012173581 3.36834842699022 -0.916558968250926 0.391084410494032 -0.0835023448014094 0.328012879142078 0.615781509396131 -0.716394223736308 0 0 0 0 0 0
10.6871247509496 -3.15350680493002 2.89640989146205 -0.723920078814577 0.583215220290604 0.368510144107971 0.289793321170235 0.74182300152213 -0.604746612572425 0 0 0 0 0 0
10.6617596774358 -2.95766530550315 2.46237159543052 -0.295820696981926 0.591436577831848 0.750128582070888 0.453769185567961 0.778022830040797 -0.434481302433486 0 0 0 0 0 0
10.5846852794555 -2.47074232240946 2.17736294968505 0.307993654240714 0.244957648749149 0.919312601494584 0.475807954372085 0.797101234504761 -0.371801576794987 0 0 0 0 0 0
10.629655852325 -1.93759937341765 2.13411643100869 0.706929956651786 -0.16468332584415 0.687844051058969 0.496070081721483 0.808649610295889 -0.316228211564288 0 0 0 0 0 0
10.7586284560037 -1.51399910405472 2.26878773572579 0.915051795319159 -0.374430678507477 -0.149939584085107 0.342868632018446 0.917903108118048 -0.199737290672088 0 0 0 0 0 0
11.1414926069471 -1.14572741868817 2.27376770619114 0.618540699184998 -0.622895963637921 -0.478965574895859 0.594305139716045 0.769624754543853 -0.233407665042103 0 0 0 0 0 0
11.66496894122 -0.832615207387051 2.36020393135903 0.204702532186317 -0.553046117183699 -0.807611828531841 0.63528079810536 0.702762461799535 -0.320223718428342 0 0 0 0 0 0
12.1543849023082 -0.721487086818577 2.40429371278103 -0.373712887081926 -0.222401527555791 -0.900486667624647 0.497248707157349 0.771497082030941 -0.396908019127969 0 0 0 0 0 0
12.6757030856051 -0.522476118005805 2.1977582267617 -0.777830786820563 0.0588614551606164 -0.625711272209857 0.411823443742365 0.799806396975573 -0.436704910140855 0 0 0 0 0 0
12.9273550767191 -0.358032150167733 1.7610164555611 -0.841742841673224 0.539877769818918 -0.000991033418950051 0.457986398674896 0.713088683387427 -0.530804095927665 0 0 0 0 0 0
13.0063767624343 -0.173601376484599 1.30890994697702 -0.317358799998417 0.751310842643963 0.578632361512198 0.627036692996908 0.624001419737368 -0.466312356474982 0 0 0 0 0 0
12.9379689165342 0.28331005760059 1.03461556107043 0.368132610388479 0.341247035059392 0.864886606574375 0.542411821091442 0.676695245689751 -0.49786841715573 0 0 0 0 0 0
13.2574256477506 0.710838791474208 0.854334309714416 0.366322537764294 -0.0746911821291757 0.927485323677994 0.726633596090148 0.645582404697811 -0.235004203744721 0 0 0 0 0 0
13.5096680801341 1.14533706177103 0.914090103375103 0.593769379626352 -0.638945563472015 0.489066959359928 0.792536979247956 0.569416154160198 -0.21828966971878 0 0 0 0 0 0
13.8283205946843 1.419731211051 1.0888001694162 0.478109344073127 -0.805856125778852 -0.349295519087581 0.763529513992548 0.577906836291883 -0.288177670594739 0 0 0 0 0 0
14.3550497147294 1.522704984811 1.06354273224425 -0.166697584332183 -0.566768006310559 -0.806836998656215 0.607777272257557 0.585281286804668 -0.536705321981658 0 0 0 0 0 0
14.8292292837851 1.60592709101504 0.945499191728636 -0.648976317162486 0.033247069402005 -0.760081819371043 0.646678010269626 0.55040486499089 -0.528073892204564 0 0 0 0 0 0
0.141026201387385 6.55403384817996 8.95767289938518 0.428846731540563 0.485790890947867 -0.761641445247732 0.768021950408881 0.247845966200434 0.590520669179591 0 0 0 0 0 0
0.580997940029004 6.62467498729938 9.01461776441762 -0.0471693771753805 0.899545074822727 -0.434273771046631 0.808721651625846 0.289572608890954 0.511973626636813 0 0 0 0 0 0
1.10806587567182 6.69717255141252 8.92554106671572 -0.370305245268459 0.90348085470914 0.215861924620135 0.754226524159166 0.156789291532876 0.637620159903529 0 0 0 0 0 0
1.5514344605323 6.98915746604114 8.94927928945665 -0.593464665593198 0.317938062751425 0.739401838614311 0.793451137166538 0.076977109583355 0.603746484486097 0 0 0 0 0 0
1.93141430563966 7.22476358848016 9.22716333632297 -0.66247089956154 -0.257586450327045 0.703407085436333 0.745716998716131 -0.137797153491133 0.651857424837324 0 0 0 0 0 0
2.16821850681245 7.30442866336046 9.72169905070347 -0.727587350322391 -0.575665766081692 0.373129432519628 0.582836880413944 -0.2318484617008 0.778811570045229 0 0 0 0 0 0
2.17964268424019 7.45312172181757 10.237882123513 -0.21241552372945 -0.977152494093733 -0.0072559330991591 0.571046240924138 -0.130153963725511 0.810534475795416 0 0 0 0 0 0
2.26364257316357 7.30601535113328 10.7235597234233 0.185423430392224 -0.811600146690696 -0.554006636560629 0.644316145081856 -0.325259742582071 0.692143630355942 0 0 0 0 0 0
2.39242669328082 6.8975026061009 11.0574348298233 0.516336901981278 -0.286099505794436 -0.807182306815849 0.688841430944293 -0.421257999302797 0.58994845625531 0 0 0 0 0 0
2.62949991810892 6.50706986471928 11.2358357277525 0.700839058666427 0.525089151165582 -0.482810518915822 0.694030695619022 -0.34561474289236 0.631563015885211 0 0 0 0 0 0
3.06186111873647 6.32239985773238 11.4377609936915 0.432986926199267 0.875190401785625 -0.215787122791943 0.811842801039625 -0.274601038733221 0.515272292993494 0 0 0 0 0 0
3.56782983122466 6.16405080476378 11.3505466512624 0.0510491860820522 0.842821350622499 0.535766881708106 0.650616536981221 -0.435071294106399 0.622423562255757 0 0 0 0 0 0
4.08068560295036 6.23342637073572 11.5813553921168 -0.427988043697485 0.699255542646141 0.57259752054183 0.752352172820488 -0.0754058190508688 0.654431180878141 0 0 0 0 0 0
4.52183258998683 6.46676260288461 11.7804248290316 -0.634734785144882 0.186086384178636 0.749989073354007 0.764359904382033 0.00873157611195711 0.644730715998308 0 0 0 0 0 0
4.78860045527808 6.82382179880496 12.0804727231669 -0.545145468151454 -0.507315883205502 0.667418169666779 0.722922236267568 0.118646405434766 0.680666196301321 0 0 0 0 0 0
4.96623881392244 6.98748118335544 12.5604157630217 -0.434152174489774 -0.888740285906716 0.147148202816921 0.700203558062948 -0.230154979668241 0.675828130969627 0 0 0 0 0 0
5.04352574821886 6.9528299795015 13.090991983726 -0.0694445583096534 -0.962669870368423 -0.261618374748451 0.772221926004844 -0.217899674587169 0.596819092198109 0 0 0 0 0 0
5.01987874858826 6.83030751940849 13.5665036563707 0.565638405003851 -0.552777486775191 -0.611956080858098 0.633034206253717 -0.184532045800233 0.751808232054895 0 0 0 0 0 0
5.26979319811529 6.55663185940976 13.9317884154614 0.674299231812643 0.036862918932902 -0.737537572727401 0.720138240353708 -0.253911708300382 0.645700982784018 0 0 0 0 0 0
5.50429274350062 6.18404352609715 14.088471855334 0.764932746248474 0.639991182868634 -0.0727267458860529 0.420708668828678 -0.410932684568306 0.808788318860929 0 0 0 0 0 0
8.72667833302467 6.21537350439059 5.73933966185358 0.973555528382103 0.0923742370447178 -0.208941698775161 -0.0178620153057081 0.942583113565196 0.333493661755303 0 0 0 0 0 0
8.87972931281675 6.55043833820111 6.13048165249965 0.600732981561045 0.143510176488081 -0.786463421977867 0.255412076526441 0.897745944409386 0.35891069984183 0 0 0 0 0 0
9.08089859809884 7.04513385823919 6.4495120816362 0.389929785793867 0.0441408494055068 -0.919786033577652 -0.0693981595841065 0.997418485821057 0.0184461266603314 0 0 0 0 0 0
9.42999408008355 7.45327709801501 6.43413214660658 -0.542181095823292 0.0161208869397453 -0.840107002908635 -0.0471417162541668 0.997657589667883 0.0495680579272809 0 0 0 0 0 0
9.66213200336081 7.89051057009986 6.22526860842073 -0.91772255402555 0.0401198275512095 -0.395190730243111 -0.0288833937338955 0.985512850647833 0.167123220332771 0 0 0 0 0 0
9.66039598258804 8.40525771674854 6.00638345508767 -0.994325574255094 -0.104158190337037 0.0216269222958822 -0.104270163610372 0.994540505150395 -0.00411297895239285 0 0 0 0 0 0
9.46083346938238 8.83684917420746 5.75620607943216 -0.720454398058216 -0.16351893357043 0.673948824973056 -0.117562770211066 0.986536570602524 0.113686366483015 0 0 0 0 0 0
9.1105382918675 9.23585188041728 5.67389428704845 -0.033296301231144 -0.177571320206667 0.983544499534407 -0.0433578461826346 0.983420330214149 0.17608109295406 0 0 0 0 0 0
8.92600093289893 9.70856221602223 5.81690020389447 0.644431015761117 -0.18717683060395 0.741399689782883 -0.0788238906436685 0.948151550690858 0.307888666868914 0 0 0 0 0 0
8.73505446452018 10.1402310759267 6.14962060170396 0.961122695139373 -0.251498710904961 0.113980539133531 0.213836091610655 0.939103019139355 0.268997482084924 0 0 0 0 0 0
8.89673926637456 10.5168244220658 6.55538544349359 0.887345298483731 -0.305911937038608 -0.345016243148211 0.434305104494282 0.805851063079622 0.402471291328529 0 0 0 0 0 0
9.25637612409909 10.6775193313921 6.81366574815676 0.413245884485528 0.30634278054728 -0.857544132836517 0.352877942111557 0.814260570465282 0.460930451756734 0 0 0 0 0 0
9.60984075443594 10.9758225871255 7.0117440122892 -0.16496481536769 0.483429568605487 -0.859699053092777 0.252182139627476 0.86334160035222 0.437087462133353 0 0 0 0 0 0
10.0213568470599 11.3212641844746 7.00862785267129 -0.608588367974625 0.528383832146342 -0.591971894850024 0.3945035485734 0.848786425149723 0.352034877028611 0 0 0 0 0 0
10.2760366430634 11.7772208387592 6.88242629547192 -0.87408407251527 0.473634571223579 0.107922783122829 0.474644199412264 0.785426633343481 0.397262995506774 0 0 0 0 0 0
10.3912584472411 12.2778794019374 6.72510483769608 -0.75585715835246 0.161006481355726 0.634631285967523 0.473623090565362 0.803705357352384 0.360192818704637 0 0 0 0 0 0
10.3605207692384 12.8661611986572 6.77692894623113 -0.43229639640096 -0.210107653297665 0.876911968035841 0.327192294438919 0.869650751166836 0.369665759105107 0 0 0 0 0 0
10.1443036191131 13.3022530435214 6.98496359750196 0.0762158897368783 -0.554815758294371 0.828474871375022 0.263747680415286 0.812514065342372 0.519863496214505 0 0 0 0 0 0
9.94234094905026 13.6492660482007 7.33786711059274 0.868564117780348 -0.48084335294217 0.119941832718101 0.389311078346875 0.81179183691171 0.435236599793613 0 0 0 0 0 0
10.2758144115903 13.7683408063681 7.71316810618273 0.80735796279406 -0.125245140564885 -0.576616661810867 0.404993956209708 0.828311668481321 0.387142964925491 0 0 0 0 0 0
-0.803177643532956 1.61823599143568 -0.549166806938581 -0.046207547634971 -0.441515760576976 0.896062886020672 0.632396931834476 0.681447422829457 0.368379601125567 0 0 0 0 0 0
-0.815029725917954 2.04839256534135 -0.227437181030059 0.74858053277073 -0.583983047139779 0.313992016793467 0.442210402698029 0.792583145524076 0.419835583504791 0 0 0 0 0 0
-0.498081971572149 2.41423602803117 0.10304129869618 0.800218909038013 -0.555005380637713 -0.227197546380237 0.584657837017646 0.806325623247813 0.0895220805604652 0 0 0 0 0 0
-0.0702729829121819 2.57520359594889 0.385448829436335 0.454863537290423 -0.343178449360805 -0.821783252651183 0.668963958058601 0.740794184862429 0.0609196067992857 0 0 0 0 0 0
0.453533660156102 2.64630585876192 0.481657825994666 -0.0662292278236915 0.0549966579681677 -0.996287637680108 0.710705958877973 0.703438871095283 -0.00841395552248593 0 0 0 0 0 0
0.94073801863877 2.77098394382904 0.292521921688138 -0.464096019433953 0.361152302331316 -0.808816356947823 0.773512713524334 0.610167622081636 -0.171387149400015 0 0 0 0 0 0
1.32187236443313 3.03101310424345 0.0147967024677187 -0.807507461300233 0.523974756538707 -0.27089140712591 0.572109535082559 0.807539605039971 -0.143424078032615 0 0 0 0 0 0
1.46351780407344 3.50529376655243 -0.192562187976814 -0.852708870479508 0.385362195376445 0.352680536151638 0.309978759336092 0.916690868544939 -0.252172600190391 0 0 0 0 0 0
1.2895009632185 3.9534438083396 -0.432488804389786 -0.104707809434098 0.342375487314014 0.933710501349323 0.41469851951274 0.868381843283315 -0.271915634287204 0 0 0 0 0 0
1.27457420082697 4.45773305884865 -0.494279774747858 0.420931547780287 -0.198087904288576 0.885199307646505 0.322576122746444 0.944763325065759 0.0580250346364587 0 0 0 0 0 0
1.16234936359588 4.90347653294105 -0.216065031553219 0.878788972697491 -0.298940148255069 0.37197409752095 0.275357083021192 0.954271850102858 0.116377458862651 0 0 0 0 0 0
1.34796929013902 5.3650567027829 -0.0286327770163415 0.816113558493068 -0.555871080703991 0.158006333040032 0.455397792115041 0.786943916431855 0.416331746720856 0 0 0 0 0 0
1.47926120813033 5.70503261448081 0.367565313266222 0.832912765968168 -0.372657611206426 -0.409124222085635 0.542827393692164 0.694003417242432 0.472966888389875 0 0 0 0 0 0
1.85175241397079 5.7985841843639 0.743309251956234 0.442304219478338 0.216397785891027 -0.870367149939104 0.54389818340428 0.706914552023846 0.452157696192875 0 0 0 0 0 0
2.32271210143797 6.02674893888542 0.801905696468694 -0.050437362163739 0.557837889314397 -0.828415935230137 0.738912857832564 0.57888404856209 0.344820310959312 0 0 0 0 0 0
2.8343476583495 6.24088367820483 0.685679268968188 -0.663159199554138 0.72367586443611 -0.191084063384063 0.607379684139258 0.669499981364657 0.427620970308543 0 0 0 0 0 0
3.15918060248183 6.65357921831461 0.625246837640427 -0.856599268969696 0.503362047875002 0.113421078991816 0.449638423835308 0.620375225760555 0.642619535241063 0 0 0 0 0 0
3.30960845848493 7.1675927819535 0.58227453665574 -0.761621076519736 0.116365069245399 0.637489220662148 0.565243761745292 0.600388000003302 0.565715245737702 0 0 0 0 0 0
3.39239532346019 7.66281118463034 0.620720094045274 -0.394519670513651 -0.393387737328148 0.830421770968006 0.490878821329441 0.673738223641368 0.55237196595663 0 0 0 0 0 0
3.38083495748184 8.14008635650444 0.813686792980389 0.235279768036239 -0.674507676750812 0.699773409581299 0.488667858595558 0.704459691083437 0.514723486557842 0 0 0 0 0 0
16.7312221934693 14.0055307353537 5.59063770930024 -0.0642222787680055 0.935998556359334 -0.346095653545501 0.462748088169549 0.335203330823029 0.820672245114074 0 0 0 0 0 0
17.1566575507484 14.3053112198801 5.78643979790978 -0.670307157001267 0.732092280572246 -0.121363948516045 0.298036522385789 0.415360161137815 0.859447594600016 0 0 0 0 0 0
17.4475998867094 14.7393243892154 5.91162057961148 -0.894910511478659 0.275722208208316 0.350873823967727 0.440951104355537 0.425617639508157 0.790197284548066 0 0 0 0 0 0
17.4953113427076 15.2095893890351 6.13895938384617 -0.756531771509971 -0.423999712885516 0.497879425332062 0.3991625235587 0.303664027380498 0.865134346943471 0 0 0 0 0 0
17.4471312721375 15.5657716217253 6.54756959661742 -0.400634382966982 -0.847355383746168 0.348541166608839 0.112113754621937 0.33220867777866 0.936519033673703 0 0 0 0 0 0
17.2177147709107 15.7992323374944 6.96755975334646 0.0694692065925848 -0.952506710650521 0.296487766191324 -0.159933356904204 0.282727333120385 0.945773004719413 0 0 0 0 0 0
16.9808559249529 15.8456730961514 7.4556597749524 0.697746580580995 -0.714011616770203 0.0577678146092476 0.154113201373572 0.228377260474274 0.961297533576704 0 0 0 0 0 0
16.9601726531008 15.7070858815921 7.93623934318943 0.966500911248782 -0.10312403343152 -0.235034938432756 0.247395780061669 0.1304552228034 0.960092059570849 0 0 0 0 0 0
17.1081567355956 15.58338113082 8.42011893416002 0.806484468011606 0.405202271322434 -0.430573945067717 0.411839546717019 0.137528389526382 0.900818588748145 0 0 0 0 0 0
17.5764339537858 15.3785249236315 8.58575553464056 0.221371293148133 0.960619103093163 -0.167945495153669 0.550736587546978 0.0189743263475432 0.834463412065962 0 0 0 0 0 0
18.0618182071116 15.3892539705262 8.91055218183677 -0.378669617045016 0.906537250128296 -0.186546335415114 0.502529417457042 0.370641778702437 0.78108185004555 0 0 0 0 0 0
18.4474365572457 15.7424586039094 9.03396238042189 -0.770834413497169 0.447592124084485 0.453294162135377 0.607342088090546 0.301642877284117 0.734947047492249 0 0 0 0 0 0
18.6262434992483 16.2052751884583 9.20717308876299 -0.688296135898124 -0.34129486579082 0.640129864865355 0.39216690169039 0.567298593267887 0.724139093886553 0 0 0 0 0 0
18.5781035161049 16.6151363749838 9.55123914625959 -0.264382806234964 -0.795880762890242 0.544679302919224 0.470135005796616 0.386765568692617 0.793338182113083 0 0 0 0 0 0
18.4847071744645 16.845092260973 10.0277709038429 0.321704648543816 -0.884543529088196 0.337770431289508 0.450436782037932 0.456755227878301 0.767125392092554 0 0 0 0 0 0
18.4630434247312 16.8671278285719 10.5641758048519 0.719146942003986 -0.683793331155263 -0.123508526320669 0.514945922629374 0.405117742804944 0.755453712170382 0 0 0 0 0 0
18.7433615292317 16.8226743427083 11.0046182737306 0.785757113728495 -0.200887481305489 -0.585004254753588 0.618405196093634 0.274532185717334 0.736347127684801 0 0 0 0 0 0
19.1011544358304 16.7145908412902 11.4251631318485 0.654950953298501 0.439361063629545 -0.614817944223899 0.604054264652917 0.184458342607385 0.775302241191886 0 0 0 0 0 0
19.5689578613487 16.620446989467 11.7097058665177 0.248124313567674 0.817681889799729 -0.519452261627683 0.658925263679252 0.250608298558174 0.709234078128657 0 0 0 0 0 0
20.0501303812642 16.8189483377597 11.8575023266966 -0.33742445608669 0.922387688499412 -0.188004490742413 0.6664783752605 0.375126604007684 0.644272152336096 0 0 0 0 0 0
9.73593343438592 4.58731464910007 7.57217095273227 0.232843271502368 0.965518369718045 -0.11644006463878 0.872550806689491 -0.154533432547313 0.463437706677676 0 0 0 0 0 0
10.2288188250613 4.59151553909442 7.52113610815389 -0.231716580343969 0.860144888093001 0.454376713621172 0.920135354778159 0.0422179384570817 0.389318089176068 0 0 0 0 0 0
10.7021474592983 4.76145629756651 7.40647714561077 -0.475197380276722 0.416751073791993 0.774923217016603 0.876719438907738 0.149694633031631 0.4571154583722 0 0 0 0 0 0
11.0148064347238 5.18193259117463 7.52534326238845 -0.426862593541714 -0.282730571689719 0.858982974259004 0.858075017508971 0.173222080684493 0.483426700845448 0 0 0 0 0 0
11.311632214607 5.4705939229062 7.7911041509025 -0.0728458949525286 -0.931454645489519 0.356490839972865 0.862079263496287 0.120931277303111 0.492133081208262 0 0 0 0 0 0
11.5944128363768 5.51823485336058 8.24587736210569 0.150249520571153 -0.958630125258397 -0.241771306228031 0.758109491025245 -0.0452520998428332 0.650555337444294 0 0 0 0 0 0
11.7889029025111 5.33442539082083 8.71178808077859 0.397312356477439 -0.61091323934415 -0.684783108279097 0.852635351682381 -0.0301896715371338 0.521633531125006 0 0 0 0 0 0
12.0181230295205 5.07713521490988 9.08685517043307 0.453565840566457 0.30406849184333 -0.837747205629101 0.873899521465011 0.0326944328936632 0.485005876707681 0 0 0 0 0 0
12.4460487223997 4.71829752448625 9.10740804172033 0.352429350966233 0.701930319982117 -0.618940529023041 0.895573263681258 -0.0610547065490967 0.440704949129805 0 0 0 0 0 0
13.0232236238873 4.53843192328689 9.12999606084597 0.00541924842240317 0.997997553933745 -0.0630199499269763 0.953462571627739 0.0138418666345783 0.301193504632968 0 0 0 0 0 0
13.5725562662765 4.59781845835754 8.95328946135849 -0.176033660915256 0.946274073848281 0.271251778588365 0.937552891194391 0.0771871847005019 0.339170627754011 0 0 0 0 0 0
14.0461067558882 4.84781990145328 8.90930862056512 -0.395145025734314 0.434927548555396 0.809134374591157 0.888363282732887 -0.0432736813358398 0.457097436435267 0 0 0 0 0 0
14.4295839244505 5.19696309292723 9.04976998591926 -0.413240412596886 -0.211999182290701 0.885600761124803 0.904468323615679 0.0173144326200775 0.426189232617259 0 0 0 0 0 0
14.7500729826296 5.33211982268949 9.45675151897499 -0.398203401626883 -0.707784571827524 0.583502400008525 0.888681271642191 -0.140022123022198 0.43662272329412 0 0 0 0 0 0
15.1085754256483 5.40208944915869 9.87258996859209 -0.148574230740074 -0.988711136109752 -0.0193903917587889 0.796582580336283 -0.131275949588332 0.590104073672154 0 0 0 0 0 0
15.2092304221082 5.27801082987609 10.3855794129698 0.133274260382393 -0.820240736087859 -0.556276106247224 0.85549418536517 -0.188164651537974 0.482414513378254 0 0 0 0 0 0
15.4733017191499 4.95966023571356 10.7382064018882 0.299009067015303 -0.411386242151227 -0.861019708027249 0.88241730560583 -0.224249706723525 0.413584051677238 0 0 0 0 0 0
15.723523286908 4.51455196672195 10.9053976038767 0.455195601500701 0.184787196243617 -0.871005543311199 0.88241730560583 -0.224249706723525 0.413584051677238 0 0 0 0 0 0
16.0900636046626 4.14510390550432 10.7718257968166 0.496308447738927 0.830188866886178 -0.253898345802449 0.773978444945346 -0.290654572205716 0.562563139937107 0 0 0 0 0 0
16.6183237225652 4.13047229528885 10.9510151636439 -0.062574158012033 0.953594711308676 0.294519271548075 0.819277578557279 -0.119449000537131 0.560817426212848 0 0 0 0 0 0
4.67467031731884 5.87479620923392 5.39815534219424 0.160317761888409 -0.0963195882205359 -0.982354697727922 0.985692252147191 0.0681007596089379 0.154185182808475 0 0 0 0 0 0
5.03924526443066 5.45960430482734 5.28149610489018 0.22517459694035 0.590475471018546 -0.775006528371327 0.967682948005813 -0.228210732862077 0.107282680546916 0 0 0 0 0 0
5.45907638927187 5.27225553539722 5.09410759669016 0.183530159446165 0.975975758799954 -0.117422309671199 0.982887690712975 -0.184108097159314 0.00599966709836241 0 0 0 0 0 0
5.90841922277698 5.24637910214202 4.77176085690883 0.265694708192591 0.851608796214768 0.451850395870236 0.958437032634616 -0.182800058182247 -0.219049294002786 0 0 0 0 0 0
6.20348261101925 5.43610032468003 4.47586641984415 0.441021503326686 0.0836399343639364 0.893590731254004 0.895641720790938 -0.104992913320953 -0.432206427683609 0 0 0 0 0 0
6.74179760083199 5.50374176173299 4.43541298041087 0.080417670797847 -0.567419358724747 0.819492690368771 0.901494502744299 -0.309357180482143 -0.302664494789111 0 0 0 0 0 0
7.25651078271065 5.45559269563202 4.50128973661201 -0.219791478713712 -0.86852640813948 0.444244959734124 0.954328886456168 -0.285882608556103 -0.0867612275183353 0 0 0 0 0 0
7.69213981857874 5.20959750347977 4.63090937484855 -0.492769575316977 -0.862400287947292 -0.115947785620741 0.867931550491698 -0.496654594232914 0.00538866295260243 0 0 0 0 0 0
8.03791958043011 4.85137199016099 4.83288942341738 -0.351766584851961 -0.559442036409587 -0.750523069385267 0.873219245352547 -0.484980830119147 -0.0477676036961387 0 0 0 0 0 0
8.29822607965227 4.500518553477 4.76253543417268 0.0165211013030096 0.262311917282753 -0.964841702696967 0.915540434962216 -0.391831472511846 -0.0908504765997095 0 0 0 0 0 0
8.5960255253171 4.10920756128742 4.5460260817842 0.0197036908664024 0.836420926265207 -0.547733328063844 0.980020567608342 -0.124605852996046 -0.155026025117557 0 0 0 0 0 0
8.91061475570493 3.96819132620325 4.13391791675341 0.220581407500772 0.917016868885442 0.332300925133409 0.967619670474481 -0.162877780222411 -0.192828944976311 0 0 0 0 0 0
9.57722146383897 4.03461902526958 3.96297831916945 0.185457896540948 0.770587660690545 0.609754069934822 0.98108799797754 -0.110204879729033 -0.159126442517681 0 0 0 0 0 0
10.0792944221613 4.19407555867658 3.70187275915796 0.18255808162012 0.254169487255448 0.949773877606393 0.980020567608342 -0.124605852996046 -0.155026025117557 0 0 0 0 0 0
10.5751480992631 4.34938431887878 3.64828510518188 -0.0890138794139814 -0.367978103943061 0.925563960129252 0.99498293606489 -0.0754565456836751 0.0656906892426825 0 0 0 0 0 0
10.9168286986083 4.62522708973787 3.90785047887778 0.0274889652562913 -0.97325526585404 0.228075742411421 0.976406200986831 -0.0227450721659921 -0.214740756184353 0 0 0 0 0 0
11.3879818108971 4.56729647268497 4.15953260082294 -0.144768635333265 -0.834364352440048 -0.531862923694672 0.943506596399308 0.0455127978310653 -0.328213174300763 0 0 0 0 0 0
11.8545660833318 4.32697753238863 4.27455879683822 -0.292789496104263 -0.235041048516174 -0.926838721937872 0.956133072394123 -0.0626849710413824 -0.2861470640767 0 0 0 0 0 0
12.2803658230627 3.948311185493 4.13093083551898 -0.235589311957541 0.576866577073212 -0.78212698991098 0.971840185495172 0.143922484620269 -0.186582347175284 0 0 0 0 0 0
12.55099594929 3.89343749515364 3.78663427415218 0.0358803331065306 0.999354920916885 0.00153092631133789 0.870382736464108 -0.0304969517462704 -0.491430389780117 0 0 0 0 0 0
13.1857117720136 2.72366902784772 6.63102380175571 0.855977812620817 0.165987303914307 0.489642930348373 -0.171652181846996 0.984581287104296 -0.0336929896449249 0 0 0 0 0 0
13.0380454340708 3.09279379242888 6.99244690966364 0.975730477011981 0.203833877712928 -0.080011165011406 -0.201712316237647 0.978859887469919 0.0338446772834425 0 0 0 0 0 0
13.1109597034794 3.51025521866376 7.32274157967954 0.687539743934008 0.157121550943088 -0.708944228229835 -0.197442958489427 0.979977228298261 0.0257081730155911 0 0 0 0 0 0
13.2673591917457 4.04513085459607 7.32467539354215 0.189713632362031 -0.0402793499689483 -0.981012900864246 -0.0518038718359567 0.997355790158023 -0.05096848733355 0 0 0 0 0 0
13.5416500688247 4.50425042244092 7.27311145952272 -0.595481647051419 -0.161175805326815 -0.787034921590003 -0.275536977915468 0.961220140888132 0.0116281792301991 0 0 0 0 0 0
13.3970258948497 5.04072444665065 7.090644686844 -0.786538746201092 -0.573454386173581 -0.229143770813642 -0.544269393053948 0.819038617620544 -0.181511902174251 0 0 0 0 0 0
13.1659774161491 5.33493979232814 6.82823176899938 -0.789153707881917 -0.458312979044038 0.408883404622884 -0.519446938710987 0.853256209043522 -0.0461380492918908 0 0 0 0 0 0
12.6923597577594 5.69274789782406 6.65416432226393 -0.341184314439397 -0.421101514132301 0.84039679817096 -0.631199605584987 0.765130236811742 0.127132917160597 0 0 0 0 0 0
12.1907512700099 5.83625522073158 6.52579113422227 -0.0216296374428043 -0.0747925060740996 0.99696451281841 -0.612492167933502 0.789142137231004 0.0459133038083936 0 0 0 0 0 0
11.682842489599 5.98053210419519 6.62527959484894 0.425651001650396 0.328060851039785 0.843325146553254 -0.57531102974427 0.817468062310696 -0.0276258240887755 0 0 0 0 0 0
11.3111185971018 6.24709954547763 6.88819286307058 0.823201459375762 0.52932816075273 0.20530722226884 -0.561721761447378 0.811898295911004 0.159027732843245 0 0 0 0 0 0
11.1219081611365 6.52284136381242 7.30872938070208 0.757869389411914 0.536628240238756 -0.3710311582208 -0.465066088550754 0.843220093994481 0.269617147755925 0 0 0 0 0 0
11.0327729752718 6.97291494742963 7.57329091968458 0.492606967705382 0.271354610053032 -0.826864590468764 -0.417705595986738 0.907266066986453 0.0488908864339475 0 0 0 0 0 0
11.0651256154489 7.47845885311487 7.64396087202658 -0.0146170441886215 -0.00619596340995991 -0.999873968086284 -0.341836517388715 0.939759071682922 -0.00082617746709693 0 0 0 0 0 0
11.057181297481 8.02965315167346 7.5779259403349 -0.382294628790047 -0.305837090125911 -0.871960143069392 -0.492170435866929 0.866041620284196 -0.0879782586442821 0 0 0 0 0 0
11.0592978534459 8.42641776203337 7.33778689222359 -0.918571226461071 -0.378452583973363 -0.114019926336089 -0.32509675961845 0.887477805661458 -0.32664237530349 0 0 0 0 0 0
10.8989919247752 8.74217250978709 6.96416191549527 -0.844079942143866 -0.286470804150109 0.453280850731639 -0.468398637887071 0.805401876424078 -0.363222429756353 0 0 0 0 0 0
10.5063501159651 9.00853595880962 6.61639099448857 -0.455508657092755 -0.113135124233612 0.883013197510773 -0.57238016605002 0.796912198811425 -0.193162866250456 0 0 0 0 0 0
10.0430221120437 9.24653968748411 6.57833689933287 0.24280980807734 0.225500791086996 0.943500286338369 -0.426489446463991 0.898381934437482 -0.104960239763478 0 0 0 0 0 0
9.82683976134523 9.62106601812655 6.73323446498874 0.792911133820591 0.362871362053077 0.489506188382832 -0.369392002827221 0.925148298707037 -0.0874652710895541 0 0 0 0 0 0
1.36383021758929 8.32575644767807 4.33837594489438 0.799158615434131 -0.578477621866832 -0.163429337564272 0.329467498273822 0.194110188102474 0.923998053275012 0 0 0 0 0 0
1.59039507320584 8.30271601112815 4.87962985566114 0.805270631225724 -0.186829278478144 -0.562702435740828 0.587721514547186 0.126278051040762 0.799147843120225 0 0 0 0 0 0
1.9177194676382 8.07879821974488 5.24212767031646 0.606522597285632 0.524379664444278 -0.597625557100093 0.656176683409854 0.0943041168560693 0.748691454267538 0 0 0 0 0 0
2.33815703380462 7.9605842239163 5.57529552325949 0.181664850787851 0.851831896535981 -0.491304693680146 0.6563353972898 0.267013977835059 0.70563969694536 0 0 0 0 0 0
2.77453765884387 8.01244404012579 5.73677397681284 -0.393272632210974 0.91677043104757 -0.0697754506306227 0.641766616313817 0.328061239173413 0.693189320126269 0 0 0 0 0 0
3.1552407448466 8.30682498652055 5.90049781268083 -0.834168122156662 0.449649550479268 0.319341237129533 0.507916128627302 0.400713375964586 0.76252868575767 0 0 0 0 0 0
3.33962998120369 8.73472255267065 6.15838794886132 -0.870567429134247 -0.0887382506926218 0.483981274632192 0.340303363432577 0.601850519065991 0.722474617918493 0 0 0 0 0 0
3.39111428486404 9.0672804486844 6.53675067690911 -0.517076320854007 -0.660495925159548 0.544405374018036 0.327735782897014 0.434782880703484 0.838780724180081 0 0 0 0 0 0
3.29731542889314 9.32744366332198 6.94011472430874 0.359038478647056 -0.919866847164698 0.157912489493666 0.492577251456187 0.330468286604669 0.805082829835814 0 0 0 0 0 0
3.35443819838052 9.28613223285438 7.49537348249447 0.798349214860951 -0.452321353247009 -0.39754738651851 0.552783464408627 0.288566444340174 0.781767132001126 0 0 0 0 0 0
3.74448231252207 9.23200984576184 7.90369964022403 0.743617512607754 0.00572559345322213 -0.668580744953567 0.662705194452337 0.126239050878932 0.738163618230455 0 0 0 0 0 0
4.16258407977474 9.0999508567024 8.18413749073693 0.355321090805841 0.456741188944558 -0.815557728643447 0.841993616958984 0.222520914636341 0.491458229710047 0 0 0 0 0 0
4.74159997879892 9.09402755977206 8.23034515597929 -0.0789199886169255 0.778091282424216 -0.623173805300049 0.794875036715937 0.426379648365749 0.431710633949798 0 0 0 0 0 0
5.25604344725497 9.18760071486962 8.1067446522329 -0.417581790075705 0.898443822386246 -0.135735576077762 0.785511257302183 0.432032500184306 0.443080109501704 0 0 0 0 0 0
5.67529913352403 9.48597416754968 7.95220321964864 -0.580717171187808 0.69426067328553 0.425170183122893 0.813290637884185 0.51809319292492 0.264835386183186 0 0 0 0 0 0
6.01883160118444 9.89906775141162 7.94728013589919 -0.416285318945184 0.0467426590101146 0.908031748926969 0.845105003724708 0.388303334077995 0.367448028193613 0 0 0 0 0 0
6.23773061638036 10.2881631684315 8.10879013710508 -0.131104402503081 -0.526703797064688 0.839877815995845 0.813762153080224 0.426695238633424 0.394616689385794 0 0 0 0 0 0
6.45171026960233 10.6686773661833 8.46239709208582 0.298258625933553 -0.889835825807078 0.345302758700918 0.77207317994092 0.437623027304935 0.460856909233635 0 0 0 0 0 0
6.72191853724509 10.8482944860475 8.92032888541829 0.464628157051209 -0.797008151180265 -0.385873920636538 0.868346638744441 0.324718797379897 0.374875736223865 0 0 0 0 0 0
7.12240630436785 10.748895594354 9.25861307001156 0.342973831398236 -0.323486137927636 -0.881887560602074 0.907101333488231 0.357924210986313 0.221489119312212 0 0 0 0 0 0
4.9302387396296 3.10650509885431 4.31316051729175 0.636827315342077 0.68896178031251 -0.346096280972244 0.0343198629874346 0.423113360636524 0.905426546471546 0 0 0 0 0 0
5.32585622706352 3.15002422136545 4.67410094413625 -0.0899821037577512 0.964824538316581 -0.24701585225553 0.235144998794144 0.261591138282278 0.936096632786533 0 0 0 0 0 0
5.70157175598625 3.40753864128731 4.95907334100476 -0.734836832898815 0.677623557815079 -0.029002463848316 0.110661161096554 0.161973208460819 0.980570643638525 0 0 0 0 0 0
5.86882757939807 3.78810956789375 5.38713157266423 -0.938388024373267 0.333430326670472 0.0908412514734335 0.157926725566601 0.179939167377651 0.970917630592446 0 0 0 0 0 0
5.92808912643403 4.18117586892612 5.75075708287304 -0.932448781999004 -0.30967483786186 0.186120293745215 0.0588584162392483 0.378059828775946 0.923908249072228 0 0 0 0 0 0
5.79884935681824 4.53771415155573 6.13136532908895 -0.62091092022683 -0.741935336680025 0.252985346074768 -0.152082216363606 0.430620094393711 0.889627637705959 0 0 0 0 0 0
5.43024566434396 4.78619457455048 6.49550886556588 -0.0884734334130819 -0.926053125484741 0.366876083112602 -0.103496612625166 0.374873328171844 0.921280868682554 0 0 0 0 0 0
5.18798130570611 4.89729168148868 6.96879218432271 0.412612093286961 -0.886927609618764 0.207631105013912 -0.0585317515320138 0.201652752586858 0.97770660294218 0 0 0 0 0 0
4.98519792786834 4.85227292055688 7.37123997555588 0.936482889337337 -0.350088190530095 0.0209298072078533 -0.0337559890472743 -0.0305746311699775 0.998962324180577 0 0 0 0 0 0
5.01605066619558 4.61179470988607 7.82046594274559 0.885081549441764 0.45476952972876 -0.099072325439793 0.00404915575491907 0.20532764663943 0.978684914496584 0 0 0 0 0 0
5.14073203008568 4.49966622488185 8.3762738112396 0.258576852934146 0.853380803307231 -0.452635853278747 0.110270865782656 0.439432290090661 0.891481687184443 0 0 0 0 0 0
5.35203528593623 4.85637210420702 8.74504163182188 0.0256796619180923 0.677782114687256 -0.734814235010349 -0.0485743166837848 0.735034389100614 0.676287647823166 0 0 0 0 0 0
5.47010979386381 5.3212195449546 9.05805566094814 -0.360085168765075 0.382689534422 -0.850815721222464 -0.21675267841272 0.852717638641982 0.475279817738723 0 0 0 0 0 0
5.54539879852894 5.82378620951424 9.03624521022277 -0.955447874724347 -0.0858935445536388 -0.282385654183671 -0.237156193502151 0.792963573539418 0.561218060047221 0 0 0 0 0 0
5.3999108787481 6.32633871480216 8.88635839549716 -0.841963535651238 -0.278536535920389 0.462076620043838 -0.0867302903658132 0.91517074512608 0.393624648616468 0 0 0 0 0 0
5.09003896857395 6.76766828173762 8.99489680564226 -0.192612206969267 -0.555627660302288 0.808812982606878 -0.16650832430915 0.830800415928122 0.531079699131325 0 0 0 0 0 0
4.75430648020794 7.10015253081944 9.21662869474109 0.401819398646865 -0.42111519542226 0.813143998966692 -0.0522140807322616 0.876003081877478 0.479470844071301 0 0 0 0 0 0
4.53201999922348 7.35483206669295 9.62876204684959 0.910957970865077 -0.247678949636227 0.329864689265884 -0.0517254331931532 0.724774063213938 0.687042238041693 0 0 0 0 0 0
4.59247505071253 7.55050908172137 10.1020975204864 0.937413651898608 0.108037034027714 -0.331034204445114 0.108406313577826 0.812867567768888 0.572271254254447 0 0 0 0 0 0
4.77440009291857 7.79993913260446 10.5100336824056 0.392190331949914 0.378504366547118 -0.838403952775619 0.256865349433373 0.830107506738148 0.494915871151297 0 0 0 0 0 0
9.45150980783311 4.50579575846477 12.4610674758886 0.629347431529045 0.0800429027083426 0.77299090819609 -0.502548035662441 0.800626347034347 0.326255918392694 0 0 0 0 0 0
9.10630446375163 4.68067453760081 12.8338083847568 0.786729166399289 0.573792668720514 0.227638292163838 -0.60932886136427 0.780905838560613 0.137493308966175 0 0 0 0 0 0
8.81447589033936 5.09430426971793 13.0697944488555 0.875897564082859 0.357464023226295 -0.324072413717345 -0.364687122157371 0.930251862386296 0.040432356589779 0 0 0 0 0 0
8.81184825650939 5.61575550493981 13.2864131775093 0.574336031293846 0.111289708999686 -0.811019558228036 -0.269170580161322 0.961301644837395 -0.0587055909478519 0 0 0 0 0 0
9.04282112888274 6.09713280162682 13.3465175249416 -0.115075369543086 -0.0117189181257112 -0.993287635220778 -0.315354569725864 0.948635464417671 0.0253426715656767 0 0 0 0 0 0
9.18276762032104 6.59833592106814 13.2246394764544 -0.791711736175091 -0.140357359255754 -0.594552216803011 -0.0759146177450651 0.988308588360413 -0.132223692981507 0 0 0 0 0 0
9.21843075666965 7.06998605530378 12.9294171285866 -0.978414466323933 -0.206628453037862 -0.0031328075640485 -0.199481890322902 0.948316159324555 -0.246786218004829 0 0 0 0 0 0
9.03248130279773 7.40176558101688 12.5672360873144 -0.780933338558485 -0.0882404016038577 0.618350024058128 -0.234845397993055 0.958812706813251 -0.159768057805465 0 0 0 0 0 0
8.7368859194557 7.73999643410746 12.2316171804576 -0.458900468989809 0.0256756860470628 0.888116613236655 -0.250117558669206 0.95542453946884 -0.15686030800082 0 0 0 0 0 0
8.41499117247817 8.10550780563376 12.0864865756011 0.230462947746444 0.269211287696288 0.935100054696248 -0.119340544139923 0.961533493881508 -0.247408921966058 0 0 0 0 0 0
8.08866511280172 8.51016786443269 12.2368234715041 0.794611182945243 0.347660505124153 0.497720042910852 -0.250291312876865 0.934487553004869 -0.253154640442059 0 0 0 0 0 0
8.13597278320786 8.98602687282097 12.2899609877991 0.984297211082102 -0.117597475516204 -0.131642827408909 0.070852873991105 0.946264703589171 -0.315536021697206 0 0 0 0 0 0
8.29084373790067 9.44220736464962 12.3354316059821 0.663539850175855 -0.362583414322468 -0.654406704494128 0.202207950156949 0.9290724591352 -0.309735872268288 0 0 0 0 0 0
8.64532733567248 9.84516522215701 12.3609550481905 -0.0297008052361296 -0.292289205281279 -0.955868653447933 0.188405533772527 0.937512338812638 -0.292530288035183 0 0 0 0 0 0
8.80389137091869 10.1898512469758 12.0077744236633 -0.558557772518852 -0.357361989262711 -0.748535652717342 0.104015852179658 0.865130306976942 -0.490642695293959 0 0 0 0 0 0
9.05220784684427 10.4905493958284 11.6381737564847 -0.936451188799302 -0.143272632589641 -0.320206376805972 0.0652984317321631 0.825648313469629 -0.560393591396331 0 0 0 0 0 0
9.09952384447477 10.7492022400455 11.1696174581971 -0.980781173646034 0.0842471203780861 0.175984976999483 -0.0368587187252741 0.805730344656155 -0.591134541838154 0 0 0 0 0 0
9.00678717560617 11.148579066564 10.8413015097294 -0.683317611206793 0.174423080139894 0.708980698841058 -0.123088591106041 0.929626067136486 -0.347339277997578 0 0 0 0 0 0
8.70582767114009 11.5384384131872 10.6607438955769 0.300966758560843 0.277908906652262 0.912242100456191 -0.127333341583508 0.959740332868044 -0.250369154624755 0 0 0 0 0 0
8.36057413355602 11.936994316577 10.7638859761124 0.847537417304474 0.3992767199641 0.3496547256417 -0.219195204200733 0.863333540444771 -0.454542253699805 0 0 0 0 0 0
6.88706328284524 11.5761133661371 11.9461060886661 -0.0333992126357061 0.490145351623591 0.87100058948149 0.53271848121733 0.746100148975848 -0.399431580458679 0 0 0 0 0 0
6.89581236799392 12.010357510034 11.8028097471887 0.691599750307239 -0.0472727948235056 0.72073231386177 0.395577140998317 0.859685953153401 -0.323200846951748 0 0 0 0 0 0
6.94430794218488 12.5332866699241 11.9508151212202 0.894695115252823 -0.394919828153119 0.208707882156497 0.422461406609462 0.899896666686348 -0.108223607463222 0 0 0 0 0 0
7.24860997458292 12.9531349772547 12.1455439552515 0.781667705434241 -0.444173855430248 -0.437841506065149 0.484691409762353 0.874414678139073 -0.0217533435941247 0 0 0 0 0 0
7.68236050847675 13.1703131516379 12.3765833827023 0.401349977567278 -0.23423020651911 -0.88546846689239 0.576540609220968 0.815799317964391 0.0455236062713577 0 0 0 0 0 0
8.22426292393622 13.4070539743974 12.3341801625271 -0.251346342907603 0.0319000998122724 -0.967371386562028 0.676614316858187 0.720469408301899 -0.152042421460727 0 0 0 0 0 0
8.56416821953918 13.6477345032635 12.0840529122659 -0.701853023591241 0.401078039679217 -0.588675410869954 0.634798053762956 0.7270992956343 -0.261453715266905 0 0 0 0 0 0
8.83357105512859 13.8710080585085 11.7052328208523 -0.850510830849456 0.427129061542717 -0.306907300977685 0.525666925421204 0.670921516556477 -0.523009179785379 0 0 0 0 0 0
9.06902164156877 14.0619395977093 11.2558517816185 -0.732800286427549 0.59639418365766 0.327593830697429 0.460676410252545 0.789163343817133 -0.406200026849077 0 0 0 0 0 0
9.03694933522474 14.3926212622147 10.8335887048002 -0.365590485686833 0.546791475552979 0.753234810027963 0.196237562807812 0.836344828192364 -0.511877082217142 0 0 0 0 0 0
8.91478782576891 14.9206487074851 10.5534025153746 0.0887409145322204 0.436768184475176 0.89518635105672 0.245592179901473 0.86139035517671 -0.444624714989827 0 0 0 0 0 0
8.84050539923199 15.4512984132737 10.5136770453007 0.676088528891744 -0.0668012777780209 0.733785997677948 0.49124603209556 0.783113415396079 -0.3813275686035 0 0 0 0 0 0
8.96457560541329 15.9556470781815 10.7038254786892 0.88007296380043 -0.439158066441904 0.18058729486466 0.442203849317167 0.896559132894821 0.0252483043384575 0 0 0 0 0 0
9.14936667046573 16.3260101261706 11.0282111811151 0.777772849894163 -0.220836505163784 -0.588473136136697 0.220420661944282 0.972618902127279 -0.0736695528204911 0 0 0 0 0 0
9.38554062990331 16.7874276553646 11.0974258683233 0.446634323742056 -0.512164147206661 -0.733625018092724 0.406561154554892 0.846586785728799 -0.343509594969883 0 0 0 0 0 0
9.79655848403644 17.0170705440975 11.0225854621772 -0.105552551192194 -0.329943962126198 -0.938080828496823 0.406561154554892 0.846586785728799 -0.343509594969883 0 0 0 0 0 0
10.1524063909206 17.2922219649156 10.8552921422452 -0.756547189777037 -0.0683725871510198 -0.650354933068662 0.425274727599565 0.704048765637343 -0.568732574827264 0 0 0 0 0 0
10.4614461013092 17.3458482593417 10.4108488772179 -0.829846206239667 0.429857978444367 -0.355777166717251 0.55762453127617 0.662005517357394 -0.50080293240695 0 0 0 0 0 0
10.5616590467881 17.5772142827908 9.95262213059189 -0.740686021294037 0.573020047380853 0.350759523262384 0.287761847279184 0.7423437997722 -0.60507751750519 0 0 0 0 0 0
10.468338731784 17.8402094726936 9.54058530001177 -0.103269732746811 0.546222103107003 0.831250128647067 0.237768048665236 0.82504606592249 -0.512606422257611 0 0 0 0 0 0
12.3779433595956 14.2503701600397 2.67698786820732 0.782087240162749 0.618927651650957 0.0725817525032737 -0.21834870753486 0.163077740490054 0.962148373419877 0 0 0 0 0 0
12.5519671967018 14.2081816675416 3.18356553978191 0.266783193838599 0.94893162916865 -0.168390886477293 -0.290509187051096 0.245777106261885 0.924769174592474 0 0 0 0 0 0
12.7711914318906 14.384055007407 3.64148955656723 -0.418493945286462 0.79002984675817 -0.448013012076473 -0.299118383479031 0.345873233001556 0.889325530589301 0 0 0 0 0 0
12.6583257920229 14.6344609142647 4.10410944734447 -0.641626333592074 0.347347979626155 -0.683860387133822 -0.673918190569439 0.170451809297077 0.718874434882035 0 0 0 0 0 0
12.4145378364681 15.0546039875888 4.33374466411779 -0.723233533524976 -0.341287293028823 -0.60038007928481 -0.690594424835392 0.352940113357058 0.6312785571915 0 0 0 0 0 0
12.0101315362131 15.3669067093486 4.35401728907104 -0.51193072837242 -0.858955397628923 -0.011070421501585 -0.79143106450296 0.466597552292918 0.394871617534065 0 0 0 0 0 0
11.5056944839717 15.4750619856574 4.2880831051569 -0.0252551666121186 -0.770706830404663 0.636689216279805 -0.757961028683579 0.430028361742659 0.490480057794255 0 0 0 0 0 0
10.9869590826031 15.410251745558 4.44390297088211 0.405994545369081 -0.409835006007259 0.816825377287938 -0.822911895207098 0.22479385439526 0.521808140749822 0 0 0 0 0 0
10.5362613142278 15.1895698226851 4.63588242972345 0.449111177489174 0.54017902230862 0.71169219056555 -0.893475676747013 0.272063105366407 0.357327415348802 0 0 0 0 0 0
10.3423240319215 15.1892038694366 5.03230461999219 0.20976346423693 0.968873579087967 0.131465877004626 -0.903286708848646 0.140560853558587 0.405358813971354 0 0 0 0 0 0
9.77830707053318 15.2829236605775 5.36316437065858 0.263926658626857 0.954792881737657 -0.136796461391232 -0.768221872662122 0.2938428093041 0.568763182514284 0 0 0 0 0 0
9.51580851649694 15.4925299554564 5.76257047961837 0.0805453671185346 0.811061451890353 -0.579389130976112 -0.802798711902936 0.397316527323457 0.444582731651394 0 0 0 0 0 0
9.3989733468737 15.8234556771704 6.11213438681509 -0.331054780354529 0.437043672227994 -0.836298727112439 -0.738210072600586 0.432080136366842 0.518027648362758 0 0 0 0 0 0
9.08624495952222 16.1828336226905 6.42136288063144 -0.388378720161626 -0.0885519594459112 -0.917235258918838 -0.872782613961591 0.354705705184108 0.335312349125733 0 0 0 0 0 0
8.70932152047221 16.5650353010399 6.4445080805655 -0.466862016276376 -0.660388352086389 -0.58815566152761 -0.863509239087929 0.196957555687002 0.464283873581226 0 0 0 0 0 0
8.16811113487682 16.7077506385629 6.42206009657345 -0.0842820931158017 -0.986512153546532 -0.140322128279907 -0.876564438463146 0.00643667493062928 0.48124147206743 0 0 0 0 0 0
7.6477627369423 16.609917621387 6.41407305811837 0.45270415627382 -0.805986026969501 0.381373139093891 -0.752460477771068 -0.115847408081498 0.648369190687941 0 0 0 0 0 0
7.2339926429689 16.3505793106046 6.58037088098692 0.642724946982299 -0.218708627844222 0.734214667950116 -0.741593061288017 0.0628338012849543 0.667900924438311 0 0 0 0 0 0
6.98012427360981 15.9913840072632 6.88893965324822 0.615052681931591 0.505107346834402 0.605455833750628 -0.649026208112225 -0.111721048749466 0.752518031976501 0 0 0 0 0 0
6.8913996599093 15.6690345315778 7.28365234598159 0.14933745303377 0.956612020829617 0.250183466131684 -0.608838455868907 -0.110405489597007 0.78557390646712 0 0 0 0 0 0
6.37877809321568 9.38618466496584 -2.06023444584737 -0.878607405491323 -0.340949080822879 0.334369184139089 0.428289829058045 -0.252888009000523 0.867534136059892 0 0 0 0 0 0
6.31433546189603 9.59645606767317 -1.57001185702628 -0.470120793722027 -0.876398994310987 0.104456891016642 0.413855267385951 -0.114358518344429 0.903131190325619 0 0 0 0 0 0
6.27288665268228 9.62051470924582 -0.975069207170753 -0.00907141729860771 -0.971693389211152 -0.23607131708774 0.372670303666149 -0.222358424045345 0.900929284695226 0 0 0 0 0 0
6.15400495830091 9.41846732393003 -0.495056724801835 0.622622810334695 -0.616878604684394 -0.481457810336027 0.242288731243292 -0.433056833386978 0.868192346067022 0 0 0 0 0 0
6.2074227423494 8.99527348377117 -0.168347961348339 0.932842347421958 0.0745482620809767 -0.352487888411784 0.350964096092714 -0.409125024072292 0.842283157810764 0 0 0 0 0 0
6.45985957782989 8.60275770603464 0.0742107119898289 0.781970441822301 0.598330502992995 -0.174707862743455 0.519104556992178 -0.469975014204272 0.713900514731324 0 0 0 0 0 0
6.90341922020388 8.4693590614365 0.487830486527189 0.484539968758553 0.641409314585551 -0.594823595562881 0.831494291839942 -0.126481414062714 0.540943337637399 0 0 0 0 0 0
7.40181031797533 8.25208198090964 0.393022928171478 0.169163010780058 0.978225611346872 -0.120243623901078 0.847231214331013 -0.0819947151435318 0.524858205758211 0 0 0 0 0 0
7.9287163842106 8.26809886928152 0.289106814071139 -0.191447138597803 0.911026495789997 0.365210510652845 0.817315229413918 -0.058052641480091 0.573258847803729 0 0 0 0 0 0
8.41830840356952 8.48912474747813 0.277603863760741 -0.460595723178187 0.438878215634595 0.771516358628486 0.874980354367851 0.0783932083555525 0.47776969802828 0 0 0 0 0 0
8.80986858387963 8.8188486547779 0.440845623947437 -0.496817091845103 -0.208343387115966 0.842475999833599 0.866348810389215 -0.0618891540759285 0.495590023451802 0 0 0 0 0 0
9.07992306762807 9.11966343186883 0.794775204244781 -0.554961216889285 -0.692121935032978 0.461503277122678 0.651841667099374 -0.0171252110104885 0.758161703188018 0 0 0 0 0 0
9.23076610313088 9.16276602264291 1.30865617044923 -0.0214765499221607 -0.994908415718621 -0.0984682798453668 0.667327507653655 -0.0876044981393947 0.73959411127625 0 0 0 0 0 0
9.57878521306464 9.07939761108236 1.73419230966289 0.250983546863923 -0.727638826457294 -0.638395643339972 0.854639377201666 -0.14310671462123 0.499111213224735 0 0 0 0 0 0
10.12216555118 8.84985854528941 2.14745136097282 0.314345407384974 -0.509850558776374 -0.800774233208958 0.812908887765652 -0.291074461759169 0.504435127546865 0 0 0 0 0 0
10.3454025505261 8.36129411163006 2.30249497178064 0.578045897682889 0.11891218964104 -0.807293522410998 0.801969481177162 -0.265485434199135 0.535128428966851 0 0 0 0 0 0
10.6947434689325 8.00251667952861 2.41600356677077 0.401643028404139 0.68907552100172 -0.603206269936379 0.885689100625147 -0.124772773370579 0.447198582353781 0 0 0 0 0 0
11.190555481374 7.74427877385611 2.46712725057627 0.0657729386930201 0.991645577521021 -0.110963818962246 0.884154725685845 -0.00636983689352723 0.467150774617081 0 0 0 0 0 0
11.6928613954767 7.78540960793721 2.28089587496064 -0.115231835796919 0.888190921682266 0.444790412059523 0.924346279214915 -0.068086531547682 0.375430659807306 0 0 0 0 0 0
12.1956961537807 7.97978206851002 2.38988828948541 -0.373435798150027 0.532180633766306 0.75982200396155 0.831514689679526 -0.17108650075812 0.528500454215041 0 0 0 0 0 0
3.30410757124727 9.50911247478236 9.88012924848445 -0.868077116373551 -0.47285006359783 -0.151178495111271 -0.0123240040007278 -0.283911197663788 0.95877137565037 0 0 0 0 0 0
3.07673930466078 9.67985091446981 10.3405145170623 -0.414365437288871 -0.882421158416118 -0.222787305652633 -0.121732834072606 -0.188854169131947 0.974430715808022 0 0 0 0 0 0
2.8647388504675 9.63116142421668 10.8512535147565 0.135294343800847 -0.91945383562771 -0.36918841353026 -0.0336315748708711 -0.376661387249758 0.92574030728212 0 0 0 0 0 0
2.51723832785119 9.35018495328444 11.1349333489403 0.681503110891191 -0.707717285431924 -0.186251855686051 -0.0794163424337137 -0.324524811157961 0.942537368753802 0 0 0 0 0 0
2.43455079900036 9.06039416155453 11.4635995635442 0.999262209955181 -0.0346355164145484 -0.0165956849267042 0.00525424621887935 -0.304762112554163 0.952414010632033 0 0 0 0 0 0
2.65095006578148 8.791526590018 11.8661813080546 0.730163712865584 0.677847519104084 -0.0859284193895387 0.25919582847851 -0.158424553028276 0.952742978718358 0 0 0 0 0 0
3.09646485412151 8.59856504458517 12.1234869872668 0.193732660769058 0.972288347342581 0.13085497993265 0.235360690847963 -0.175549030096505 0.955922529934171 0 0 0 0 0 0
3.50108274452713 8.53718953416165 12.4779648064907 -0.591912434513305 0.74644160428844 0.30407992576925 0.305785084785151 -0.141095999977006 0.941587702082725 0 0 0 0 0 0
3.76574143814299 8.6795539612875 12.9296653825674 -0.924880559139706 0.380052120512448 -0.0125034802921766 0.0555269145133868 0.167511246709557 0.98430520875917 0 0 0 0 0 0
3.78231629187616 9.12802670242231 13.2251016308531 -0.949023351054723 -0.305412115181153 0.0779622925101455 -0.0307737903417787 0.335931247589052 0.941383646937455 0 0 0 0 0 0
3.57948834788929 9.51658981293184 13.5358501407571 -0.620015087454363 -0.76068690877259 0.192189276888595 -0.00765529562245679 0.25080864364824 0.968006415640032 0 0 0 0 0 0
3.23518512879396 9.73129127161261 13.8880484926546 -0.0429871848654836 -0.972847967010143 0.227417974271106 0.00587392431843408 0.227378352057653 0.97378877690629 0 0 0 0 0 0
2.86460063288906 9.58695814733364 14.3187814804997 0.583092491606716 -0.801385367594971 0.133359059821761 0.0562544393898732 0.203587358415839 0.977439320644608 0 0 0 0 0 0
2.7771092206342 9.4400385480783 14.8518632686336 0.985954602855579 -0.127811591113327 -0.107506829015542 0.107652420638587 -0.0057886112224285 0.99417173984718 0 0 0 0 0 0
2.91247377890426 9.11887513104004 15.2607833073197 0.869677923710717 0.464379348177274 -0.16736824667979 0.212355425178773 -0.0458897913813347 0.976114389016021 0 0 0 0 0 0
3.20531709070616 8.98679909304388 15.6569944537525 0.436986642394015 0.874933379512185 -0.208648641942845 0.0122425833036393 0.22616190531923 0.974012788281771 0 0 0 0 0 0
3.59351755235622 9.02326023215156 16.026664697386 -0.199673200840942 0.960147287683564 -0.195570444648032 0.0520439666727167 0.209699913142505 0.976379727340237 0 0 0 0 0 0
3.81297768539408 9.23945942823437 16.3743460069585 -0.753221683295528 0.657013605591141 0.0314677276202213 0.238253202862084 0.22792442128773 0.944079376698068 0 0 0 0 0 0
4.03160588001757 9.62974417708628 16.6581889435445 -0.956960707255019 0.0566357702666796 0.284637654389355 0.289490448057717 0.255662764853691 0.9224054591939 0 0 0 0 0 0
4.08079693550703 10.0280088762009 17.0154711451965 -0.733255245065233 -0.590012309727561 0.337967779461702 0.358661822006717 0.086657387764365 0.929436493032568 0 0 0 0 0 0
10.5411559275403 10.0643687592763 6.47207913759939 0.0951030559310233 -0.97520677967472 0.199817781063252 -0.298657958457859 0.163528905936101 0.940245564080536 0 0 0 0 0 0
10.2116004136257 10.0814248189628 6.91488200237828 0.79131443104843 -0.529720870701782 0.30531503460761 -0.0389460075471607 0.454677372111095 0.889804301959866 0 0 0 0 0 0
10.0368494217585 9.96714394963636 7.40401222361553 0.994071819834701 0.0856765330532583 0.0669383947708688 -0.0931711958568494 0.353949734013523 0.930612010482543 0 0 0 0 0 0
10.1137212788967 9.77723936727428 7.90071341074555 0.786902964537035 0.590988796136611 -0.177527370407565 -0.0768155599942646 0.379267947790917 0.922092833461595 0 0 0 0 0 0
10.2704709868634 10.0717856120699 8.4781333332306 0.447409835702859 0.739758898824244 -0.50257458205393 0.270977636876026 0.423407373796835 0.864463600232856 0 0 0 0 0 0
10.661393320819 10.1998557549379 8.82376734405546 -0.328428281125595 0.912013833245775 -0.245694184150203 0.0853852546138604 0.28772625521955 0.953898820814797 0 0 0 0 0 0
10.882079404104 10.5884739599123 9.19700552497449 -0.719679044068247 0.644136724389639 -0.259133081295308 0.065396961401474 0.434454818952358 0.898316340566355 0 0 0 0 0 0
10.924869630498 10.8878182426656 9.51740416162464 -0.999819263203091 -0.00931148254495377 -0.0165751989684645 -0.0189913847518939 0.529364423778696 0.848181958156772 0 0 0 0 0 0
10.8171684826083 11.3977849493989 9.64786305509367 -0.809034391754163 -0.446239678970337 0.382535621702637 -0.0123865780401789 0.66363492344628 0.747954050103951 0 0 0 0 0 0
10.5553005639484 11.7765453257839 9.9247219949453 -0.379718685825057 -0.792913994570294 0.476551274103711 -0.00266891696148275 0.516070569126977 0.856541910570179 0 0 0 0 0 0
10.2619341371517 11.9723246585723 10.3299565805256 0.20500376259028 -0.900127480208462 0.384374786760776 -0.0591035511773853 0.38061411795788 0.922843249663434 0 0 0 0 0 0
9.91880891519976 11.9461189969564 10.7425864964044 0.802393909931597 -0.551703874071178 0.22756723982054 -0.0160037748629753 0.361287171630933 0.932317252229656 0 0 0 0 0 0
9.96096455566841 11.9859744950551 11.241741317746 0.913644474748496 -0.323565610001166 -0.246087524645438 0.363602676813564 0.379742617577698 0.850640134139725 0 0 0 0 0 0
10.2034063364498 11.9089074929238 11.6246295380548 0.688352478066671 0.553812243120008 -0.468468638555302 0.369353371699404 0.288233802725281 0.883458749337402 0 0 0 0 0 0
10.5800956966304 11.9284896128543 12.007260912388 0.161626294586661 0.816207816797179 -0.55469067118293 0.246681875529377 0.510821717170066 0.823534592808787 0 0 0 0 0 0
10.8356527932939 12.3096351603961 12.1699307597135 -0.4627920878948 0.780508547781246 -0.420273589727431 0.284152448274924 0.579697022959505 0.763681051035872 0 0 0 0 0 0
11.121837727999 12.6548463869932 12.378332453489 -0.862612718504188 0.485482300053764 -0.14214863421546 0.145975114133332 0.507938000848265 0.848934775673626 0 0 0 0 0 0
11.263990116552 13.0569740782753 12.5816427910173 -0.972520040942501 -0.0382066641892553 0.229662841523667 0.170796900873502 0.553285661010883 0.815293441634212 0 0 0 0 0 0
11.01644194564 13.4389829330424 12.9076525801796 -0.719455888184839 -0.545251181994657 0.430214334360901 0.0925424186680125 0.538644455105022 0.837435401527597 0 0 0 0 0 0
10.830735794299 13.8613631909448 13.1862766318759 -0.221920279883898 -0.832658748445581 0.507376386929163 0.359819577302435 0.413692601351766 0.836294387985897 0 0 0 0 0 0
6.22577815205274 7.03362100132559 2.97100104515992 -0.119010384750433 -0.563549109262357 0.817464941004297 0.174828543019301 0.798558748164052 0.57596779968711 0 0 0 0 0 0
6.1560340130398 7.35779708168758 3.2856601743139 0.723148952899047 -0.532242641754318 0.440196958439512 0.174153449489769 0.757243036616444 0.629486742931669 0 0 0 0 0 0
6.024916782188 7.58876106052322 3.78345824145916 0.977128237389381 -0.0701165484059185 -0.200758754070554 0.16341832413868 0.851681025677449 0.49792959526093 0 0 0 0 0 0
6.32277047459763 7.76996434312338 4.19227806780231 0.550342365858294 0.28402354963588 -0.785145784930245 0.206619317601495 0.864785822735393 0.457661379613531 0 0 0 0 0 0
6.74214289531771 8.01701284697523 4.41982786807097 -0.104282366464396 0.474070214086706 -0.874289780427732 0.193097675713848 0.872005526298536 0.449799566183342 0 0 0 0 0 0
7.02397074388769 8.44333294730234 4.29788896592706 -0.83520944684286 0.308008372409083 -0.455583167413317 0.15695630646443 0.927488564578195 0.339307648657857 0 0 0 0 0 0
7.17484649106135 8.91502794141895 4.08950124182012 -0.977710693122718 0.186027206982924 0.0973430984488678 0.209748639204304 0.88605306635548 0.413419244779431 0 0 0 0 0 0
7.14978549352872 9.39610062349963 4.15802790252658 -0.927004325635558 -0.209607143810399 0.311010973305783 -0.0861612231638025 0.926091358753516 0.367329605211701 0 0 0 0 0 0
6.85881056405521 9.85470104426415 4.20819461935501 -0.456444702531953 -0.525072935848424 0.718301222030168 -0.30073623167954 0.850837029314302 0.430852722519893 0 0 0 0 0 0
6.42643534059604 10.1771237958942 4.29919154349665 0.257532766751184 -0.301159319174399 0.918139389485003 -0.308911098236476 0.874663839025783 0.373546653159967 0 0 0 0 0 0
6.13548018190917 10.441952092827 4.54976462352226 0.900231658504042 0.0751735024641934 0.428872831448121 -0.30539035746021 0.8110924714856 0.498864442779505 0 0 0 0 0 0
5.96908345052104 10.6459201076472 4.97126015776183 0.986323368083973 0.159357411762018 -0.0420883462255204 -0.094496390063547 0.755957013445092 0.647764946634298 0 0 0 0 0 0
6.09183551799874 10.735787280672 5.48656678809064 0.611510641848757 0.542214288933985 -0.576245086557391 0.0923711360313528 0.674383239743729 0.732580930123784 0 0 0 0 0 0
6.32297044065426 10.9649436289468 5.94340119775055 0.0901377826916453 0.589787219288595 -0.802512439838324 0.0613525218074466 0.800973798133561 0.595547515124834 0 0 0 0 0 0
6.65364791214159 11.3302583719183 6.11525306860483 -0.581386541553144 0.429588239494042 -0.690972961691906 -0.00826538419343055 0.846087572713067 0.532979833318903 0 0 0 0 0 0
6.99740232694425 11.711419803683 6.04570000485223 -0.972675523625854 0.229300865960232 -0.0363790957702271 0.167816604231624 0.802666163090152 0.572332611314696 0 0 0 0 0 0
6.93692642873101 12.2251179247311 5.93440977903551 -0.793146515526206 -0.0969915343009047 0.60125805373616 0.193907315128183 0.895646114090223 0.400272396568715 0 0 0 0 0 0
6.83373466313383 12.698223501102 6.09686930816819 -0.320248720753492 -0.44015055414869 0.83887320051266 0.307086449874826 0.789461845188304 0.531458283682881 0 0 0 0 0 0
6.8004779490166 13.0777667297815 6.48155888224109 0.258519518742396 -0.607767897356751 0.750856738247553 0.372111785440875 0.77995063731242 0.503199585146842 0 0 0 0 0 0
6.75156534833192 13.4227641930404 6.89508326458545 0.778499298159856 -0.626956632115163 0.029397690579769 0.494932522477159 0.642018973465029 0.585536878347818 0 0 0 0 0 0
0.0848936460793945 10.1188035629849 6.05840668168745 -0.473159554331941 0.850419913794873 0.23001305694573 0.558451249473701 0.087602672912894 0.824898765703877 0 0 0 0 0 0
0.376334612313187 10.5296977508147 6.32472623180526 -0.817997823632088 0.208892568100642 0.535950982390634 0.575132832023081 0.313353340455812 0.75566653330308 0 0 0 0 0 0
0.588806336458846 10.9680649060481 6.5513870042594 -0.654150798013576 -0.410448676807549 0.635309859175138 0.490609282906467 0.40902685498813 0.769415078760821 0 0 0 0 0 0
0.562798114427662 11.2985292885031 6.97423681971849 -0.302906315718737 -0.843251831047526 0.444042918345395 0.469982642712287 0.273161818417558 0.839344349184522 0 0 0 0 0 0
0.637965270165507 11.3354748934697 7.53392071462677 -0.155049938152526 -0.984076495672968 -0.0869078094471893 0.461338873930521 -0.14991571844982 0.874466534958424 0 0 0 0 0 0
0.617536081546893 11.1962675360545 8.05246585442873 0.35937569085537 -0.855599306237739 -0.372557297590217 0.608735238026549 -0.0876609208153807 0.788515677045523 0 0 0 0 0 0
0.662135959943717 10.9865782871503 8.50745804989212 0.696728471551823 -0.149026827384136 -0.70168400412784 0.690684326126328 -0.124784862394917 0.712308851384356 0 0 0 0 0 0
1.08919513964618 10.7283004704847 8.69028158881597 0.644429697810831 0.45010150626091 -0.618157745758395 0.621471502305025 0.162704878978128 0.766355201051998 0 0 0 0 0 0
1.62086587594831 10.6067254181239 8.84890255906862 0.393458067550226 0.884943594269607 -0.249129653074122 0.472358152187302 0.0378876779187418 0.880592016727454 0 0 0 0 0 0
2.08486854674329 10.5808302261327 9.18369481293715 -0.108715919115792 0.993476673084198 0.0344230877226656 0.603354757275913 0.0384253335511275 0.796546628022496 0 0 0 0 0 0
2.50363520683903 10.7191047636115 9.4797599009184 -0.522415501889597 0.835246896809284 -0.171594477638129 0.228953114063081 0.331251146278593 0.915343186815708 0 0 0 0 0 0
2.72326901038736 11.0730259849899 9.77498104665944 -0.917786686387416 0.353426396160019 0.18099000189886 0.234073639906159 0.113370799528603 0.96558613956256 0 0 0 0 0 0
2.84690897592613 11.4362618308791 10.1528964317492 -0.816937765970909 -0.489106476175121 0.305593752380536 0.292335682146744 0.105575586021451 0.950470222879194 0 0 0 0 0 0
2.69274569303148 11.5156892967976 10.6126127836804 -0.344210661421518 -0.936812304818611 0.0624637983491424 0.192465416583942 -0.00528769552107845 0.981289510641608 0 0 0 0 0 0
2.53904402520397 11.500435613972 11.1272274206522 0.521391941762686 -0.814746348160994 -0.253651002803579 0.484158492469344 0.0376836671115147 0.874168459396037 0 0 0 0 0 0
2.63066188553285 11.4015920747161 11.7020548795997 0.734803095847951 -0.447015658312646 -0.510138619941264 0.623416972911517 0.148772312972261 0.767605417371923 0 0 0 0 0 0
2.83335195193628 11.1678348986755 12.0314600887963 0.755581858969332 0.322179714572588 -0.5703475132885 0.594590918297792 0.028041777477879 0.803539232765687 0 0 0 0 0 0
3.32986128313164 11.0118841566523 12.3172650013908 0.496683209912135 0.648203049301574 -0.577181596958461 0.723095674923998 0.0587656237300248 0.688243595229065 0 0 0 0 0 0
3.82564902319484 10.9879754159235 12.4905412359213 0.0901064894367588 0.90867303284324 -0.407669155007895 0.903802819386323 0.0973399662117438 0.416731801818904 0 0 0 0 0 0
4.30118078602361 10.980930560486 12.3655754401594 -0.210638153338723 0.922244924150234 0.324184929071637 0.916681504940518 0.0711383662843762 0.393235745250068 0 0 0 0 0 0
10.1286579990095 5.571046947516 8.04049621432676 -0.644862390467667 -0.107065312604474 0.756762522986724 0.266715793371569 0.896370476232098 0.354094132831393 0 0 0 0 0 0
9.99644538888896 6.07886633458358 8.14579482096118 0.120341452823546 -0.44436859624494 0.887724329622445 0.162373173199078 0.89099127203632 0.423992341652963 0 0 0 0 0 0
9.99011266410823 6.50225129182517 8.53576402036915 0.395215193528529 -0.728335029662006 0.559761587974248 0.134372975816347 0.648655290679645 0.749126302597609 0 0 0 0 0 0
9.90137610432835 6.66878884216997 9.03883078472746 0.866903838714019 -0.49391660127701 0.0672616191142033 0.275186914257393 0.586712984559787 0.761603595035134 0 0 0 0 0 0
10.0753970161 6.75752986964588 9.5496418236215 0.800804083329477 -0.277449898436485 -0.530786561604964 0.556981654327062 0.670805416089007 0.489685134028738 0 0 0 0 0 0
10.4181405568947 7.04836488442442 9.93071388978126 0.284561961424523 -0.0267804244865229 -0.95828351701078 0.626986264855009 0.76137659569098 0.164905740400929 0 0 0 0 0 0
10.9087984951286 7.26707736225964 9.92047954536852 -0.321454623821749 0.379986231632427 -0.867339258072298 0.587241581016907 0.798542464584401 0.132201580097346 0 0 0 0 0 0
11.1923036860131 7.71858367772039 9.89730422592117 -0.702444664280171 0.249996824959583 -0.666388085978767 0.436764742635444 0.890671088270118 -0.126259938659564 0 0 0 0 0 0
11.3545999220434 8.11882970597987 9.5776979826291 -0.875109770917289 0.342822235875498 0.341549123018071 0.402713553425388 0.907270162495284 0.121171969255589 0 0 0 0 0 0
11.3286069274628 8.60126621441945 9.60369316307613 -0.292756502771781 -0.140428478381077 0.945818942792124 0.231827508891818 0.949220115554501 0.212690334401247 0 0 0 0 0 0
11.1309612199493 9.05165153011766 9.81245018701669 0.276355368451898 -0.378937834153374 0.883195237857953 0.134986334268014 0.925179444349135 0.354713525700262 0 0 0 0 0 0
10.994909107784 9.42221564563975 10.176945949929 0.793515646218645 -0.447368786060685 0.412545862256302 0.276275385726433 0.868860468702158 0.410796053009733 0 0 0 0 0 0
11.0570484443206 9.73963581942339 10.6023829125673 0.891721060652257 -0.406828504207726 -0.198303096681113 0.45216712301452 0.819659619267898 0.351714374750843 0 0 0 0 0 0
11.487273380748 10.0968580202225 10.6856366720944 0.624384569819999 -0.603153021028467 -0.496336924069656 0.745351715972968 0.650126487267892 0.147602066546723 0 0 0 0 0 0
11.9719507498013 10.2275762726784 10.8014261127408 0.248493192371628 -0.170575016848229 -0.953496353937541 0.743174581790077 0.664911032419397 0.0747319205434749 0 0 0 0 0 0
12.5103703744018 10.3759551637272 10.7587504325674 -0.366321225186737 0.194274459802014 -0.909981425220495 0.656839947553855 0.746682753870238 -0.105005468287164 0 0 0 0 0 0
12.9221934369923 10.595977173786 10.4936587243826 -0.782829785996685 0.303778045802517 -0.543043667714474 0.582997345429228 0.663091932465372 -0.469492475255793 0 0 0 0 0 0
13.2044875636413 10.7683074437084 10.0183822611615 -0.735299533121456 0.664982977924064 0.13089016640914 0.612341653761496 0.734608606436818 -0.292212070964894 0 0 0 0 0 0
13.3302882857359 11.2760856479026 9.75709667239832 -0.669180037625553 0.481732062527054 0.565802348154277 0.51263159949037 0.850486294083935 -0.11782150389177 0 0 0 0 0 0
13.3237219763676 11.7492858938675 9.50268851034685 0.0749211579938958 0.162828009281622 0.983805803742912 0.695618716701126 0.698357136973485 -0.168558328816097 0 0 0 0 0 0
