t = 0
b = 13 13 13
E = -0.991307002545798 -0.991307002545798 0
8.3994815546077 2.1449749571183 9.05425638326698 0.719210348367671 -0.64786659747689 -0.251008658564942 0.653442337110728 0.507950981056564 0.561247639562914 0 0 0 0 0 0
8.6530708571994 2.06939349172882 9.52187268946149 0.721040762340336 -0.19193011408966 -0.665780031503797 0.653442337110728 0.507950981056564 0.561247639562914 0 0 0 0 0 0
9.07102142425417 1.9500615507935 9.8377244165259 0.448935735541235 0.336923828540616 -0.827610439225838 0.653442337110728 0.507950981056564 0.561247639562914 0 0 0 0 0 0
9.59130690635133 1.90753140717534 9.96492231792798 0.00627251700478903 0.737774775642297 -0.675017804177329 0.653442337110728 0.507950981056564 0.561247639562914 0 0 0 0 0 0
10.1130222088971 2.03317704687896 9.93824988962838 -0.438773735612669 0.858332750541015 -0.265974619626008 0.653442337110728 0.507950981056564 0.561247639562914 0 0 0 0 0 0
10.5347190246039 2.35447966407588 9.85094853841612 -0.717122510165221 0.652795762950895 0.244116769779733 0.653442337110728 0.507950981056564 0.561247639562914 0 0 0 0 0 0
10.7929477415543 2.82458709597771 9.8192936125563 -0.723024453457017 0.199250750852601 0.661464116931415 0.653442337110728 0.507950981056564 0.561247639562914 0 0 0 0 0 0
10.8863630115892 3.34011374280582 9.938419452964 -0.454237318556273 -0.3299929527895 0.827510186970574 0.653442337110728 0.507950981056564 0.561247639562914 0 0 0 0 0 0
10.8762348705665 3.78041848566232 10.2461762665293 -0.0128778318930291 -0.733866816478919 0.679171301747087 0.653442337110728 0.507950981056564 0.561247639562914 0 0 0 0 0 0
10.8631712273587 4.0534382646113 10.708750199698 0.433374158412244 -0.858932406989134 0.27280388385126 0.653442337110728 0.507950981056564 0.561247639562914 0 0 0 0 0 0
10.948895237197 4.13066437436076 11.2335097867743 0.71498006030717 -0.65767521550015 -0.237206290557369 0.653442337110728 0.507950981056564 0.561247639562914 0 0 0 0 0 0
11.1975989742793 4.05797339804318 11.7041981924544 0.724953083462264 -0.206556213899434 -0.657097829305566 0.653442337110728 0.507950981056564 0.561247639562914 0 0 0 0 0 0
11.6115557895474 3.93819792626792 12.0251011272687 0.459504309640851 0.32303694679741 -0.827346916610736 0.653442337110728 0.507950981056564 0.561247639562914 0 0 0 0 0 0
12.1302566266565 3.89205873667951 12.1574103064091 0.0194821660845119 0.729902970516184 -0.683273077792698 0.653442337110728 0.507950981056564 0.561247639562914 0 0 0 0 0 0
12.6533984241376 4.01230095218668 12.1339673659674 -0.42794157809178 0.859466652408969 -0.279612373004553 0.653442337110728 0.507950981056564 0.561247639562914 0 0 0 0 0 0
13.0789909254274 4.32845861815365 12.0467867763013 -0.712783161949369 0.662504583535452 0.230277747157597 0.653442337110728 0.507950981056564 0.561247639562914 0 0 0 0 0 0
13.3421044825232 4.79563422478325 12.0120980063455 -0.726826505483436 0.213845946890863 0.652681501135958 0.653442337110728 0.507950981056564 0.561247639562914 0 0 0 0 0 0
13.4395379148244 5.31155602173529 12.1261880051102 -0.464736307693207 -0.316056340291133 0.827120640579995 0.653442337110728 0.507950981056564 0.561247639562914 0 0 0 0 0 0
13.4310346911639 5.75543276597325 12.4288201799206 -0.0260850166336191 -0.725883539616311 0.687322819948035 0.653442337110728 0.507950981056564 0.561247639562914 0 0 0 0 0 0
13.4165853871411 6.03384433451571 12.8881276131648 0.422476408363301 -0.859935446115662 0.286399568593079 0.653442337110728 0.507950981056564 0.561247639562914 0 0 0 0 0 0
12.8244266425157 0.323412541025153 8.73438048362529 -0.499789759800464 0.696650838203074 0.514672522706963 0.863880163336077 0.357974499987065 0.354351972978061 0 0 0 0 0 0
13.1262026638535 0.761073046373682 8.65647273611615 -0.441569130442977 0.199758601253533 0.874707496403835 0.863880163336077 0.357974499987065 0.354351972978061 0 0 0 0 0 0
13.3273229880128 1.24426853116337 8.77795458993498 -0.215589005788041 -0.373025268097935 0.902426467887433 0.863880163336077 0.357974499987065 0.354351972978061 0 0 0 0 0 0
13.4792997915193 1.64243289435287 9.10514458550364 0.0922969866217304 -0.804090601449101 0.587298536454648 0.863880163336077 0.357974499987065 0.354351972978061 0 0 0 0 0 0
13.6523156960303 1.85730477964131 9.56620930093652 0.365117810690582 -0.929668471631818 0.0490460719148432 0.863880163336077 0.357974499987065 0.354351972978061 0 0 0 0 0 0
13.9085602169767 1.86025870756921 10.0384540700056 0.499224274033822 -0.702049746213647 -0.507839815352004 0.863880163336077 0.357974499987065 0.354351972978061 0 0 0 0 0 0
14.2786029268971 1.70318037375768 10.394936737186 0.443667089086856 -0.207710584563096 -0.871788866137698 0.863880163336077 0.357974499987065 0.354351972978061 0 0 0 0 0 0
14.749779563735 1.49875440565937 10.5526951048995 0.219553359277634 0.365541300898755 -0.904530751145118 0.863880163336077 0.357974499987065 0.354351972978061 0 0 0 0 0 0
15.2710033957284 1.37765358860271 10.5042656594283 -0.0879723624575763 0.799917934624532 -0.593626280844822 0.863880163336077 0.357974499987065 0.354351972978061 0 0 0 0 0 0
15.7721739249316 1.43889408991317 10.32051908456 -0.362075912875689 0.930392371071783 -0.0571932615494343 0.863880163336077 0.357974499987065 0.354351972978061 0 0 0 0 0 0
16.190809238402 1.71221756148427 10.123735303922 -0.498620770405888 0.70739519041795 0.500968434028924 0.863880163336077 0.357974499987065 0.354351972978061 0 0 0 0 0 0
16.4957839315693 2.14679178896937 10.0411472935839 -0.445731260764175 0.215646749907461 0.868803845774136 0.863880163336077 0.357974499987065 0.354351972978061 0 0 0 0 0 0
16.6991541698204 2.63052269988121 10.1566031472269 -0.223500992928883 -0.358029496314261 0.906566150884071 0.863880163336077 0.357974499987065 0.354351972978061 0 0 0 0 0 0
16.851577349701 3.03264077584279 10.4787107834891 0.0836410388574222 -0.795684350952234 0.599908818295392 0.863880163336077 0.357974499987065 0.354351972978061 0 0 0 0 0 0
17.0230665070208 3.25338257896858 10.9375676537579 0.359006441578196 -0.931045417530531 0.0653360956957256 0.863880163336077 0.357974499987065 0.354351972978061 0 0 0 0 0 0
17.2763911939946 3.26189254987289 11.4113178890963 0.497979294875798 -0.71268676373971 -0.494058902020014 0.863880163336077 0.357974499987065 0.354351972978061 0 0 0 0 0 0
17.6432302769042 3.10794555055801 11.7724473821737 0.447761488280268 -0.22356649291691 -0.865752662634007 0.863880163336077 0.357974499987065 0.354351972978061 0 0 0 0 0 0
18.1121366051562 2.9030365621482 11.9362285285627 0.2274316061142 0.350490426397456 -0.90853251210072 0.863880163336077 0.357974499987065 0.354351972978061 0 0 0 0 0 0
18.632885975178 2.77802187746388 11.8929096602314 -0.0793033456683297 0.791390172835993 -0.606145670366807 0.863880163336077 0.357974499987065 0.354351972978061 0 0 0 0 0 0
19.1355581450594 2.83340460757865 11.7114198672675 -0.355909630550228 0.931627561276044 -0.0734739542453707 0.863880163336077 0.357974499987065 0.354351972978061 0 0 0 0 0 0
2.65018899487528 -0.429381871703066 12.6374398536164 -0.0371911799960806 0.90807725784223 -0.417148067141914 0.899588973440982 0.212197292311352 0.381722396512349 0 0 0 0 0 0
3.14967284803771 -0.370208283913865 12.4484968223701 -0.285286990713282 0.947298982363886 0.145725670154942 0.899588973440982 0.212197292311352 0.381722396512349 0 0 0 0 0 0
3.58412552269047 -0.0950978632880116 12.2927719622209 -0.424997503914382 0.62662598549112 0.653235788956658 0.899588973440982 0.212197292311352 0.381722396512349 0 0 0 0 0 0
3.92170000295339 0.322851970447357 12.2859522207185 -0.403244359799067 0.067887300102495 0.912570710013769 0.899588973440982 0.212197292311352 0.381722396512349 0 0 0 0 0 0
4.167354918712 0.756276716377167 12.4871530012778 -0.228291941509921 -0.516642905610197 0.825204760968018 0.899588973440982 0.212197292311352 0.381722396512349 0 0 0 0 0 0
4.36097067922022 1.07193269571694 12.8764592330649 0.0333924021965635 -0.904891833672829 0.42432972654266 0.899588973440982 0.212197292311352 0.381722396512349 0 0 0 0 0 0
4.56219823885983 1.18131855309853 13.3624914393689 0.282390414017381 -0.949357225138488 -0.137755265410954 0.899588973440982 0.212197292311352 0.381722396512349 0 0 0 0 0 0
4.82779670226013 1.07429840113823 13.817122328588 0.42410358623705 -0.633145934367671 -0.64750472888973 0.899588973440982 0.212197292311352 0.381722396512349 0 0 0 0 0 0
5.19006959148761 0.82295261351686 14.1241544944829 0.404692715411429 -0.0763919174950601 -0.91125632016154 0.899588973440982 0.212197292311352 0.381722396512349 0 0 0 0 0 0
5.64459219792679 0.554193285898814 14.2234657535243 0.231532315899626 0.509384666038674 -0.828806400010777 0.899588973440982 0.212197292311352 0.381722396512349 0 0 0 0 0 0
6.15189260306047 0.401548208932095 14.1338505676048 -0.0295910814363352 0.901637498486862 -0.431479071591869 0.899588973440982 0.212197292311352 0.381722396512349 0 0 0 0 0 0
6.65244772024965 0.45443142811552 13.9458797137394 -0.279472332198134 0.95134317068481 0.129774370070164 0.899588973440982 0.212197292311352 0.381722396512349 0 0 0 0 0 0
7.08929711052066 0.724173352990603 13.7874909316149 -0.423177371429643 0.639617666729995 0.64172435883078 0.899588973440982 0.212197292311352 0.381722396512349 0 0 0 0 0 0
7.42968320565899 1.13971614512239 13.7753832372777 -0.406110252106681 0.0848907173473447 0.909872534612459 0.899588973440982 0.212197292311352 0.381722396512349 0 0 0 0 0 0
7.67749645605132 1.57460977894459 13.9706810158346 -0.234755058207061 -0.502087634852668 0.832344922237322 0.899588973440982 0.212197292311352 0.381722396512349 0 0 0 0 0 0
7.87179728353877 1.89505252060391 14.3557118456053 0.025787507200689 -0.898314500114555 0.438595557839238 0.899588973440982 0.212197292311352 0.381722396512349 0 0 0 0 0 0
8.07197637410403 2.01072444369662 14.8407205465859 0.276532967478769 -0.95325666776541 -0.121783591908651 0.899588973440982 0.212197292311352 0.381722396512349 0 0 0 0 0 0
8.33519116330719 1.90910147937794 15.2979686739589 0.422218930027003 -0.646040689730617 -0.635895118977368 0.899588973440982 0.212197292311352 0.381722396512349 0 0 0 0 0 0
8.69465077089515 1.66021351950747 15.6102644889526 0.407496861933915 -0.0933830524428354 -0.908419458747153 0.899588973440982 0.212197292311352 0.381722396512349 0 0 0 0 0 0
9.14699930098285 1.39003888989434 15.7154860597415 0.237959923007923 0.494752367749357 -0.835820058175483 0.899588973440982 0.212197292311352 0.381722396512349 0 0 0 0 0 0
9.00223208461871 3.50132088893737 2.84608285985164 -0.31075198978893 0.610811409642231 -0.728246265141877 0.546408082467966 0.741722405384379 0.388955114074222 0 0 0 0 0 0
9.45340900607767 3.76256091820484 2.7161669841108 -0.707764235072208 0.657237764924351 -0.259052712608643 0.546408082467966 0.741722405384379 0.388955114074222 0 0 0 0 0 0
9.74325104788209 4.17361831666683 2.52720003437972 -0.835885014264581 0.453968504882269 0.308559296575 0.546408082467966 0.741722405384379 0.388955114074222 0 0 0 0 0 0
9.84255307438374 4.68815785010087 2.40856918601175 -0.646439101285669 0.0782290198867661 0.75894447015347 0.546408082467966 0.741722405384379 0.388955114074222 0 0 0 0 0 0
9.79449928740708 5.22052969107957 2.46293975349548 -0.211400165842919 -0.327230977683183 0.920993950645765 0.546408082467966 0.741722405384379 0.388955114074222 0 0 0 0 0 0
9.69825682597481 5.67830922039906 2.72725092100802 0.303953227025847 -0.608370455821101 0.73314243109003 0.546408082467966 0.741722405384379 0.388955114074222 0 0 0 0 0 0
9.67130051220699 5.99741068517173 3.1586819287559 0.70382970712054 -0.65837982638098 0.266757844475408 0.546408082467966 0.741722405384379 0.388955114074222 0 0 0 0 0 0
9.80478220232333 6.1664344478049 3.65092039554549 0.836309514074966 -0.458259693375033 -0.300972507208742 0.546408082467966 0.741722405384379 0.388955114074222 0 0 0 0 0 0
10.1289006724876 6.23099789891407 4.07455216984674 0.651061354282883 -0.0840390411624185 -0.754358371412315 0.546408082467966 0.741722405384379 0.388955114074222 0 0 0 0 0 0
10.6014285988463 6.27640464794598 4.32622792964864 0.218464100833371 0.322109447845638 -0.921150878116959 0.546408082467966 0.741722405384379 0.388955114074222 0 0 0 0 0 0
11.1237554238639 6.39523625574948 4.36792731779971 -0.297131317047724 0.60588317223436 -0.737982765403579 0.546408082467966 0.741722405384379 0.388955114074222 0 0 0 0 0 0
11.5783511558113 6.65217895172795 4.24140351135638 -0.699841579811688 0.659471749664808 -0.274442661699522 0.546408082467966 0.741722405384379 0.388955114074222 0 0 0 0 0 0
11.8734179776201 7.05944825379282 4.0523204915433 -0.83667032567795 0.462515983617922 0.293362797620797 0.546408082467966 0.741722405384379 0.388955114074222 0 0 0 0 0 0
11.9777657723646 7.57214808887648 3.93010953067854 -0.655634026437282 0.089842662539716 0.749714825360558 0.546408082467966 0.741722405384379 0.388955114074222 0 0 0 0 0 0
11.9326617701533 8.10532756171298 3.97879608784454 -0.225511398936727 -0.316963388126542 0.921237656382404 0.546408082467966 0.741722405384379 0.388955114074222 0 0 0 0 0 0
11.8361524374586 8.56625522025276 4.23747879776969 0.290286779369417 -0.60334974829828 0.742766899472327 0.546408082467966 0.741722405384379 0.388955114074222 0 0 0 0 0 0
11.8058139852551 8.88964928468352 4.66547524580075 0.695800156856986 -0.660513451621651 0.282106579052399 0.546408082467966 0.741722405384379 0.388955114074222 0 0 0 0 0 0
11.9340832007005 9.06247928703404 5.15777789740331 0.836967421596332 -0.466737051477954 -0.285730747320013 0.546408082467966 0.741722405384379 0.388955114074222 0 0 0 0 0 0
12.2531391662339 9.12891656381426 5.58494821616373 0.660156769522177 -0.095639442050421 -0.745014185622212 0.546408082467966 0.741722405384379 0.388955114074222 0 0 0 0 0 0
12.7226778881519 9.17355282676978 5.84229252786967 0.23254152347395 0.311793190418267 -0.921254278833598 0.546408082467966 0.741722405384379 0.388955114074222 0 0 0 0 0 0
8.98645646113731 -0.370825271367086 13.3133327317423 0.112332016287803 0.667976337030389 -0.735655579251718 0.638827966363079 0.518519298460058 0.568363058719426 0 0 0 0 0 0
9.51602536666958 -0.280397393125382 13.3213748240331 -0.355297139421378 0.854095810307481 -0.379847718874542 0.638827966363079 0.518519298460058 0.568363058719426 0 0 0 0 0 0
9.96460427809131 0.00472165195007473 13.2428306168545 -0.687942971612987 0.715730005528318 0.120270640618264 0.638827966363079 0.518519298460058 0.568363058719426 0 0 0 0 0 0
10.2563665674877 0.452991374306188 13.1917021059891 -0.759227767095701 0.305446405281393 0.574696172922312 0.638827966363079 0.518519298460058 0.568363058719426 0 0 0 0 0 0
10.3750628634855 0.97088761435708 13.2715756058243 -0.542069240247413 -0.220881391123495 0.810785020725557 0.638827966363079 0.518519298460058 0.568363058719426 0 0 0 0 0 0
10.3701944591127 1.43843393435133 13.5362675766452 -0.118969546114741 -0.663292654100645 0.738843083552506 0.638827966363079 0.518519298460058 0.568363058719426 0 0 0 0 0 0
10.3382069429596 1.7547826729728 13.9693788516096 0.34932866765166 -0.853707948123169 0.386202306140248 0.638827966363079 0.518519298460058 0.568363058719426 0 0 0 0 0 0
10.3858489075893 1.87652865795764 14.4905249544106 0.684911080113331 -0.719785319417968 -0.113163184332915 0.638827966363079 0.518519298460058 0.568363058719426 0 0 0 0 0 0
10.5896163744817 1.83419955673307 14.9858755057822 0.760284322137349 -0.312404213697095 -0.569536089090456 0.638827966363079 0.518519298460058 0.568363058719426 0 0 0 0 0 0
10.9666906765276 1.72065790516644 15.3514002877251 0.546812838905386 0.21366447592722 -0.809532711466917 0.638827966363079 0.518519298460058 0.568363058719426 0 0 0 0 0 0
11.4684109824076 1.65582107761039 15.5323920626172 0.125598015950134 0.658558458867248 -0.741974322091934 0.638827966363079 0.518519298460058 0.568363058719426 0 0 0 0 0 0
11.9987613599753 1.74110267147469 15.5442507674422 -0.343333593151418 0.853255072773342 -0.392527482605098 0.638827966363079 0.518519298460058 0.568363058719426 0 0 0 0 0 0
12.4508488341811 2.02088378602538 15.4666328202565 -0.681827029983183 0.723785818868782 0.10604711023295 0.638827966363079 0.518519298460058 0.568363058719426 0 0 0 0 0 0
12.7475138154485 2.46565190076117 15.4131883151851 -0.761282978584306 0.319338231322401 0.564332632880367 0.638827966363079 0.518519298460058 0.568363058719426 0 0 0 0 0 0
12.8706443177939 2.98321317537489 15.4883834515356 -0.551514795648604 -0.206431289353868 0.808218753158066 0.638827966363079 0.518519298460058 0.568363058719426 0 0 0 0 0 0
12.8680570051177 3.45371843108503 15.747812078099 -0.13221692101034 -0.653774111857497 0.745049056414064 0.638827966363079 0.518519298460058 0.568363058719426 0 0 0 0 0 0
12.835330841137 3.77519585742621 16.1770746605151 0.337312372468788 -0.852737218746212 0.398822766582416 0.638827966363079 0.518519298460058 0.568363058719426 0 0 0 0 0 0
12.8794950430741 3.90229180792279 16.6972489051226 0.678691056084901 -0.727731199227238 -0.0989229602349623 0.638827966363079 0.518519298460058 0.568363058719426 0 0 0 0 0 0
13.0783668926007 3.86350140865742 17.194873657832 0.762223660385017 -0.326247930105024 -0.559086200555382 0.638827966363079 0.518519298460058 0.568363058719426 0 0 0 0 0 0
13.4509876494956 3.75034278345921 17.565054693533 0.556174752404857 0.199182382238599 -0.806843245862016 0.638827966363079 0.518519298460058 0.568363058719426 0 0 0 0 0 0
10.6301718047912 7.84181924748609 10.5874609070147 -0.213047799585157 0.975115869155165 0.0613162035166056 0.507585303595376 0.056839277062448 0.859724639728912 0 0 0 0 0 0
11.0974459352167 8.05050264066447 10.7511411763358 -0.662108188375073 0.664233278710196 0.346996971659095 0.507585303595376 0.056839277062448 0.859724639728912 0 0 0 0 0 0
11.4137924832688 8.41059803062498 10.9939194162649 -0.85962260654272 0.100997360295028 0.500847788788307 0.507585303595376 0.056839277062448 0.859724639728912 0 0 0 0 0 0
11.5341880311115 8.79371577204262 11.3508659254075 -0.730552024361239 -0.500609143882037 0.464418157228365 0.507585303595376 0.056839277062448 0.859724639728912 0 0 0 0 0 0
11.4880542220141 9.06271964336066 11.8136765681032 -0.32393251394643 -0.912025864559769 0.25154830307985 0.507585303595376 0.056839277062448 0.859724639728912 0 0 0 0 0 0
11.3680799861701 9.12382719015537 12.333827654401 0.205754374379445 -0.976948711031944 -0.0568889570720494 0.507585303595376 0.056839277062448 0.859724639728912 0 0 0 0 0 0
11.2950074664399 8.96223924753061 12.8410109011442 0.657271735848878 -0.670712408471676 -0.343713151299637 0.507585303595376 0.056839277062448 0.859724639728912 0 0 0 0 0 0
11.3717600595776 8.64776239029073 13.2698447242336 0.859080575871917 -0.109661248219549 -0.499954972771054 0.507585303595376 0.056839277062448 0.859724639728912 0 0 0 0 0 0
11.6443400970164 8.30828824806872 13.5847137955488 0.734510342059936 0.493052053669481 -0.466255541285359 0.507585303595376 0.056839277062448 0.859724639728912 0 0 0 0 0 0
12.084351790039 8.08120533699456 13.7932999015573 0.330887348941349 0.908446636978739 -0.255417834288416 0.507585303595376 0.056839277062448 0.859724639728912 0 0 0 0 0 0
12.5997892646643 8.06120286540403 13.943663504203 -0.198445280181514 0.978707154481968 0.0524573783131575 0.507585303595376 0.056839277062448 0.859724639728912 0 0 0 0 0 0
13.069991131428 8.26429672047272 14.1059847678857 -0.652385229535267 0.677140460886482 0.340403155852968 0.507585303595376 0.056839277062448 0.859724639728912 0 0 0 0 0 0
13.3914817645919 8.62174476490674 14.3459009416559 -0.858473122889196 0.118316785015448 0.49902408324697 0.507585303595376 0.056839277062448 0.859724639728912 0 0 0 0 0 0
13.5172834223813 9.00616312420788 14.6995696709041 -0.738412723952313 -0.48545741563411 0.468057418177703 0.507585303595376 0.056839277062448 0.859724639728912 0 0 0 0 0 0
13.4747638765116 9.27992145034028 15.1599321033533 -0.337816985583564 -0.90479822766911 0.259267914440011 0.507585303595376 0.056839277062448 0.859724639728912 0 0 0 0 0 0
13.3552389381487 9.34743099200599 15.6793946650571 0.191121073607185 -0.980391065592959 -0.0480218047218101 0.507585303595376 0.056839277062448 0.859724639728912 0 0 0 0 0 0
13.2792800545281 9.19146035942174 16.1879106548634 0.647449041560615 -0.683516946433535 -0.337067237388056 0.507585303595376 0.056839277062448 0.859724639728912 0 0 0 0 0 0
13.3509072003033 8.87968201739107 16.6195921573013 0.857800293854454 -0.126963311530086 -0.498055191106897 0.507585303595376 0.056839277062448 0.859724639728912 0 0 0 0 0 0
13.6180699500534 8.53896238450222 16.9377419632551 0.74225887285688 0.477825808137013 -0.469823650685494 0.507585303595376 0.056839277062448 0.859724639728912 0 0 0 0 0 0
14.0544306332264 8.307163159613 17.1487954532521 0.344720896154415 0.901080914471374 -0.263098250336124 0.507585303595376 0.056839277062448 0.859724639728912 0 0 0 0 0 0
12.4955221745646 11.0723860180166 0.660265455682868 -0.121234888669148 0.991416040329103 -0.0489523926641089 0.934289375844684 0.130628370529153 0.331722159339182 0 0 0 0 0 0
12.9638112898561 11.234354908849 0.452524065920541 -0.294797923076376 0.80632470003909 0.512771550163157 0.934289375844684 0.130628370529153 0.331722159339182 0 0 0 0 0 0
13.3649012093065 11.5801255404265 0.361668967152284 -0.356362297748455 0.314897125174154 0.879685008000304 0.934289375844684 0.130628370529153 0.331722159339182 0 0 0 0 0 0
13.6847583317722 11.9976769815956 0.471338093637026 -0.282538677446007 -0.296165132343616 0.912391423749122 0.934289375844684 0.130628370529153 0.331722159339182 0 0 0 0 0 0
13.9402107538239 12.3477175715281 0.788986873873817 -0.101373889787043 -0.794709304467092 0.598465083244524 0.934289375844684 0.130628370529153 0.331722159339182 0 0 0 0 0 0
14.172554994509 12.5166041505019 1.24305578866693 0.118304533483071 -0.991330124992506 0.0571718518127262 0.934289375844684 0.130628370529153 0.331722159339182 0 0 0 0 0 0
14.431866757324 12.4595169962913 1.71015702887966 0.293037086536646 -0.811328056877438 -0.505841921985115 0.934289375844684 0.130628370529153 0.331722159339182 0 0 0 0 0 0
14.7579763332354 12.217487585987 2.06195158705955 0.356439951096132 -0.323088895272895 -0.876677892394879 0.934289375844684 0.130628370529153 0.331722159339182 0 0 0 0 0 0
15.1653364072147 11.9018100518393 2.21390739208332 0.284425318876014 0.287897139404087 -0.914449274211108 0.934289375844684 0.130628370529153 0.331722159339182 0 0 0 0 0 0
15.6375312415811 11.6517586796774 2.15741445627748 0.104352752677158 0.789506237437972 -0.604806087977987 0.934289375844684 0.130628370529153 0.331722159339182 0 0 0 0 0 0
16.1335132892038 11.5816752791814 1.96305595368681 -0.115365168948735 0.991168716028799 -0.0653869571034782 0.934289375844684 0.130628370529153 0.331722159339182 0 0 0 0 0 0
16.6031978429346 11.7375288186913 1.753792492167 -0.291253934088238 0.816269627943071 0.498873771986266 0.934289375844684 0.130628370529153 0.331722159339182 0 0 0 0 0 0
17.0064910532257 12.0794510455748 1.65824732266854 -0.35649046016152 0.331256060901371 0.873604014373752 0.934289375844684 0.130628370529153 0.331722159339182 0 0 0 0 0 0
17.328522251906 12.4968831019637 1.76184021573456 -0.286290300216792 -0.279607221982753 0.916437485820428 0.934289375844684 0.130628370529153 0.331722159339182 0 0 0 0 0 0
17.5852935676438 12.8505786833038 2.0743350625291 -0.107323668701138 -0.784243046452173 0.611101034386248 0.934289375844684 0.130628370529153 0.331722159339182 0 0 0 0 0 0
17.8176004497242 13.0255060375289 2.52613040934031 0.112417018910129 -0.990931825729901 0.0735970829242908 0.934289375844684 0.130628370529153 0.331722159339182 0 0 0 0 0 0
18.0755327948023 12.9745504508992 2.99470221351984 0.289448601525113 -0.82114903691622 -0.491867630818213 0.934289375844684 0.130628370529153 0.331722159339182 0 0 0 0 0 0
18.3994449577056 12.7364139154669 3.35115277577773 0.356513821098158 -0.339398000098299 -0.870463608024635 0.934289375844684 0.130628370529153 0.331722159339182 0 0 0 0 0 0
18.804624457346 12.420911595233 3.50918113119722 0.28813347944279 0.271296011388922 -0.918355907167071 0.934289375844684 0.130628370529153 0.331722159339182 0 0 0 0 0 0
19.2754839926915 12.1672512093316 3.45787022868187 0.110286411612226 0.778920132322067 -0.617349443084767 0.934289375844684 0.130628370529153 0.331722159339182 0 0 0 0 0 0
0.423266255240339 5.99155962201366 8.54298132432924 0.0206164871723693 0.993167258453116 -0.114864081389238 0.777973093872293 0.0562243790603845 0.625776864713011 0 0 0 0 0 0
0.949771802869032 6.0906917136624 8.50236311609799 -0.351517735071739 0.864470729889403 0.359340561437917 0.777973093872293 0.0562243790603845 0.625776864713011 0 0 0 0 0 0
1.3961488717276 6.38687993539003 8.54365660015317 -0.590104492698974 0.407347317860857 0.697025717121006 0.777973093872293 0.0562243790603845 0.625776864713011 0 0 0 0 0 0
1.70801160290777 6.77592299104125 8.74383711835804 -0.604500687528883 -0.204534150706995 0.769899149221296 0.777973093872293 0.0562243790603845 0.625776864713011 0 0 0 0 0 0
1.8820783833451 7.11834248060312 9.1195161718528 -0.389236964454042 -0.738709675792621 0.550275022505077 0.777973093872293 0.0562243790603845 0.625776864713011 0 0 0 0 0 0
1.96741858548776 7.29237307632454 9.62063043404204 -0.026095610888105 -0.992237044477479 0.121592214631424 0.777973093872293 0.0562243790603845 0.625776864713011 0 0 0 0 0 0
2.04681029230738 7.24022320653654 10.1494616453824 0.34695990154957 -0.868796970646629 -0.353285508494126 0.777973093872293 0.0562243790603845 0.625776864713011 0 0 0 0 0 0
2.20529151960234 6.9900310399529 10.5977614139454 0.588199546528357 -0.415286402156388 -0.693944160324041 0.777973093872293 0.0562243790603845 0.625776864713011 0 0 0 0 0 0
2.49785285203616 6.6451743249307 10.8878765893275 0.605972349609036 0.195998413731443 -0.770961823519208 0.777973093872293 0.0562243790603845 0.625776864713011 0 0 0 0 0 0
2.9285456006303 6.34499545448569 11.0022509927801 0.393526125755838 0.732820155323972 -0.555078200165122 0.777973093872293 0.0562243790603845 0.625776864713011 0 0 0 0 0 0
3.44894264197281 6.211862961505 10.9900953030395 0.0315727473220384 0.991231267809303 -0.128311088155702 0.777973093872293 0.0562243790603845 0.625776864713011 0 0 0 0 0 0
3.97653669206081 6.30468166721057 10.9486910967165 -0.342375645687588 0.873057049150856 0.347203551491061 0.777973093872293 0.0562243790603845 0.625776864713011 0 0 0 0 0 0
4.42608620294147 6.59651375474086 10.9864319508806 -0.586249806684964 0.423193860784548 0.690809756992554 0.777973093872293 0.0562243790603845 0.625776864713011 0 0 0 0 0 0
4.74200005194191 6.9848128961528 11.1816429108876 -0.60739786454865 -0.187447750717846 0.771965786089358 0.777973093872293 0.0562243790603845 0.625776864713011 0 0 0 0 0 0
4.91945753860668 7.33038331689056 11.5528234961235 -0.397785318519559 -0.726874827763265 0.559839106471151 0.777973093872293 0.0562243790603845 0.625776864713011 0 0 0 0 0 0
5.00623984939859 7.51026259776853 12.051619423295 -0.0370474793690244 -0.990150005042376 0.135020190293841 0.777973093872293 0.0562243790603845 0.625776864713011 0 0 0 0 0 0
5.08457718610262 7.46443715384197 12.5811932070923 0.337765316594626 -0.877250640980613 -0.341095153593298 0.777973093872293 0.0562243790603845 0.625776864713011 0 0 0 0 0 0
5.2399081373522 7.21864239870116 13.0330143398954 0.584255421649034 -0.431069091561748 -0.687622745823492 0.777973093872293 0.0562243790603845 0.625776864713011 0 0 0 0 0 0
5.52842013035031 6.87458543057524 13.3280918461521 0.608777123789241 0.178882812832298 -0.772910960476111 0.777973093872293 0.0562243790603845 0.625776864713011 0 0 0 0 0 0
5.95570288787137 6.57130480526299 13.4469842746485 0.402014218391186 0.720874145870215 -0.564557378861717 0.777973093872293 0.0562243790603845 0.625776864713011 0 0 0 0 0 0
4.5308780219642 6.6502692514119 4.56730855250503 0.889730595614802 -0.426046213493292 -0.1639026881871 0.45314203336499 0.780937325714684 0.429882764138597 0 0 0 0 0 0
4.78949917908977 6.74539527719213 5.0285582012037 0.753058554912006 -0.0772889868797063 -0.653398213481603 0.45314203336499 0.780937325714684 0.429882764138597 0 0 0 0 0 0
5.21978005750256 6.82290327598124 5.34086570658004 0.330286978730521 0.30083161805243 -0.89465683323888 0.45314203336499 0.780937325714684 0.429882764138597 0 0 0 0 0 0
5.72534986310946 6.96898585157107 5.44923615866915 -0.217966142774492 0.564661261650013 -0.796020364184124 0.45314203336499 0.780937325714684 0.429882764138597 0 0 0 0 0 0
6.1812342796126 7.24378297952112 5.37615374369568 -0.683410282439905 0.613966651313909 -0.394962450025056 0.45314203336499 0.780937325714684 0.429882764138597 0 0 0 0 0 0
6.48133530073003 7.65853382495667 5.21303962581149 -0.889215429795799 0.430015845168649 0.15614830231855 0.45314203336499 0.780937325714684 0.429882764138597 0 0 0 0 0 0
6.57873963664631 8.17130679582887 5.08551951835402 -0.7571927684831 0.0826948299622863 0.647935703950945 0.45314203336499 0.780937325714684 0.429882764138597 0 0 0 0 0 0
6.50354185716175 8.70293005579297 5.1056963749995 -0.33749991483569 -0.296043333730576 0.8935614987451 0.45314203336499 0.780937325714684 0.429882764138597 0 0 0 0 0 0
6.35141096147095 9.16707022851817 5.32956060339987 0.210414799155463 -0.562309685358602 0.799708340614425 0.45314203336499 0.780937325714684 0.429882764138597 0 0 0 0 0 0
6.24724412586836 9.50303189077278 5.73571837320616 0.678389412999618 -0.614945186202307 0.402032613473888 0.45314203336499 0.780937325714684 0.429882764138597 0 0 0 0 0 0
6.29771617830457 9.6988167784833 6.2335194899038 0.888632546779079 -0.433952729472522 -0.148382025152227 0.45314203336499 0.780937325714684 0.429882764138597 0 0 0 0 0 0
6.55075204773994 9.79568212785621 6.69749691929915 0.761269318893284 -0.0880943755133987 -0.642423851607847 0.45314203336499 0.780937325714684 0.429882764138597 0 0 0 0 0 0
6.97731928237041 9.87246636155895 7.01503381150658 0.344687149015659 0.291232504562679 -0.892398116083627 0.45314203336499 0.780937325714684 0.429882764138597 0 0 0 0 0 0
7.4824579634646 10.0156370538404 7.12914852507341 -0.202847431634825 0.55991528700758 -0.803335416158391 0.45314203336499 0.780937325714684 0.429882764138597 0 0 0 0 0 0
7.94135756613502 10.286440453413 7.06014290524995 -0.673316881579039 0.615876890633918 -0.409072160582672 0.45314203336499 0.780937325714684 0.429882764138597 0 0 0 0 0 0
8.24677456446356 10.6976330095842 6.89788927355019 -0.887981990953441 0.43785656659593 0.140604448120204 0.45314203336499 0.780937325714684 0.429882764138597 0 0 0 0 0 0
8.34977604001386 11.2086349838881 6.76768643022356 -0.765287895697459 0.0934872123367445 0.636863076201203 0.45314203336499 0.780937325714684 0.429882764138597 0 0 0 0 0 0
8.27833011566011 11.7409473711857 6.78265654515592 -0.351848133934721 -0.286399496912008 0.891166773850553 0.45314203336499 0.780937325714684 0.429882764138597 0 0 0 0 0 0
8.12668039810502 12.2079749841507 7.00076815422812 0.195264616496912 -0.557478248939652 0.806901314600177 0.45314203336499 0.780937325714684 0.429882764138597 0 0 0 0 0 0
8.01954125602442 12.5479254127288 7.40281294335261 0.668193074471076 -0.616761693655843 0.41608055526264 0.45314203336499 0.780937325714684 0.429882764138597 0 0 0 0 0 0
1.17453252120896 2.68639056076473 0.229811624304257 0.581456732265923 -0.452133928790323 0.676374880476251 0.271150047660347 0.891523392078885 0.362854920085082 0 0 0 0 0 0
1.07661753770316 2.97263611804139 0.673840045762606 0.92078873268362 -0.350072019731211 0.172039794129741 0.271150047660347 0.891523392078885 0.362854920085082 0 0 0 0 0 0
1.18859637478524 3.17908274740529 1.15708494370607 0.910297698788168 -0.115011897484163 -0.397656086358626 0.271150047660347 0.891523392078885 0.362854920085082 0 0 0 0 0 0
1.50807760094865 3.35931241111882 1.54968412425182 0.553969349757181 0.1637431675135 -0.816275771184134 0.271150047660347 0.891523392078885 0.362854920085082 0 0 0 0 0 0
1.95383615781988 3.57686733501924 1.75621321707199 -0.0128212171201726 0.380289465533016 -0.92477864313368 0.271150047660347 0.891523392078885 0.362854920085082 0 0 0 0 0 0
2.39667211784515 3.88110925455373 1.75193898909163 -0.574740789254253 0.452357437495738 -0.681942647082353 0.271150047660347 0.891523392078885 0.362854920085082 0 0 0 0 0 0
2.70849589687566 4.28846606619882 1.5922159132515 -0.918306726397081 0.352567255940793 -0.180025237931396 0.271150047660347 0.891523392078885 0.362854920085082 0 0 0 0 0 0
2.8109916287294 4.77619059492917 1.39145607876041 -0.912992584911947 0.118830879243767 0.390286768971168 0.271150047660347 0.891523392078885 0.362854920085082 0 0 0 0 0 0
2.7053706721251 5.29100262632214 1.27966212553668 -0.560817295996762 -0.160051335224318 0.812322307094784 0.271150047660347 0.891523392078885 0.362854920085082 0 0 0 0 0 0
2.47191139525221 5.76933095081472 1.35303706777497 0.0044218600327621 -0.37812737152506 0.925743019448378 0.271150047660347 0.891523392078885 0.362854920085082 0 0 0 0 0 0
2.23946008151291 6.16146512907036 1.63743516042506 0.567981077506283 -0.452546497430916 0.687458481115632 0.271150047660347 0.891523392078885 0.362854920085082 0 0 0 0 0 0
2.13648007226272 6.45044131899722 2.07853943547637 0.915754787497958 -0.355035642788816 0.187996972114186 0.271150047660347 0.891523392078885 0.362854920085082 0 0 0 0 0 0
2.24224639563696 6.65848712297917 2.56249762623644 0.915617943115592 -0.122640811571845 -0.382887729735196 0.271150047660347 0.891523392078885 0.362854920085082 0 0 0 0 0 0
2.55672785795435 6.83857695010441 2.95917654695579 0.567622533827961 0.156347314406294 -0.808306981516716 0.271150047660347 0.891523392078885 0.362854920085082 0 0 0 0 0 0
3.0005988947181 7.05430615246805 3.171601865805 0.00397783379640981 0.375936481653783 -0.926636896847985 0.271150047660347 0.891523392078885 0.362854920085082 0 0 0 0 0 0
3.4453766788209 7.35573008765352 3.17280027486103 -0.561178111800232 0.452701094198209 -0.692921962523971 0.271150047660347 0.891523392078885 0.362854920085082 0 0 0 0 0 0
3.76223389468135 7.76034725150573 3.01604710075691 -0.913133110326278 0.357476992298064 -0.195954389599691 0.271150047660347 0.891523392078885 0.362854920085082 0 0 0 0 0 0
3.87094238931114 8.24645130700032 2.81462611737782 -0.918173573467909 0.126441404327298 0.375459532116195 0.271150047660347 0.891523392078885 0.362854920085082 0 0 0 0 0 0
3.77035318897856 8.7613776845898 2.69879114615847 -0.574384545005569 -0.152631387134956 0.804230100232518 0.271150047660347 0.891523392078885 0.362854920085082 0 0 0 0 0 0
3.53883301353891 9.24151173267931 2.76628045159226 -0.0123772246981374 -0.373716962763931 0.927460207260276 0.271150047660347 0.891523392078885 0.362854920085082 0 0 0 0 0 0
13.2525157327116 12.4674834499234 5.01094393485891 -0.700316897433816 0.264789296059932 0.662904873915376 0.643029853237623 0.637237519638014 0.42478341706191 0 0 0 0 0 0
13.3142786736344 13.0006667461923 5.03515165732022 -0.385539879751909 -0.20989700597111 0.898499998889954 0.643029853237623 0.637237519638014 0.42478341706191 0 0 0 0 0 0
13.2881577868367 13.4860040133457 5.26417248279984 0.075710184130793 -0.60483992614293 0.792739952167352 0.643029853237623 0.637237519638014 0.42478341706191 0 0 0 0 0 0
13.2792950388938 13.8334680003035 5.67389840531961 0.508196683255431 -0.769994045988756 0.385804743711174 0.643029853237623 0.637237519638014 0.42478341706191 0 0 0 0 0 0
13.3862757408895 14.0054118202502 6.1715685313077 0.747610765815891 -0.642614554149525 -0.167704137192213 0.643029853237623 0.637237519638014 0.42478341706191 0 0 0 0 0 0
13.6636743404765 14.0308716323586 6.63101049394601 0.702995019057453 -0.271095049246494 -0.657499412512629 0.643029853237623 0.637237519638014 0.42478341706191 0 0 0 0 0 0
14.1013206767774 13.9945353194613 6.94057544481382 0.391299711109155 0.203417997332797 -0.897499668215541 0.643029853237623 0.637237519638014 0.42478341706191 0 0 0 0 0 0
14.6281637945379 14.0045681454566 7.04555531807203 -0.0690568992718013 0.600649145757809 -0.79652479456912 0.643029853237623 0.637237519638014 0.42478341706191 0 0 0 0 0 0
15.1392653899365 14.1515189631268 6.96896733934552 -0.503177639049615 0.769683641391246 -0.3929368342815 0.643029853237623 0.637237519638014 0.42478341706191 0 0 0 0 0 0
15.5356676266812 14.4739191910703 6.80280939688076 -0.746132781070984 0.646302453235909 0.159934398903192 0.643029853237623 0.637237519638014 0.42478341706191 0 0 0 0 0 0
15.7619888725037 14.9436440835648 6.67310850567833 -0.705619604888633 0.277380157495469 0.652043879984007 0.643029853237623 0.637237519638014 0.42478341706191 0 0 0 0 0 0
15.8274641071895 15.4765977916882 6.69204103743485 -0.397029743478421 -0.196923497626422 0.896430989466582 0.643029853237623 0.637237519638014 0.42478341706191 0 0 0 0 0 0
15.8024363993568 15.9646627823315 6.91531504144651 0.0623983554625654 -0.596412623614731 0.80024897852391 0.643029853237623 0.637237519638014 0.42478341706191 0 0 0 0 0 0
15.7916323986152 16.3167754966556 7.32100582529257 0.498120275918454 -0.769314622404493 0.400039001190578 0.643029853237623 0.637237519638014 0.42478341706191 0 0 0 0 0 0
15.8943749304426 16.4935229185961 7.81788551204727 0.744597975426028 -0.649941133888217 -0.152152480990482 0.643029853237623 0.637237519638014 0.42478341706191 0 0 0 0 0 0
16.1668485941972 16.5221162386164 8.2800820359727 0.708190455054983 -0.28364414217153 -0.646538691789434 0.643029853237623 0.637237519638014 0.42478341706191 0 0 0 0 0 0
16.6007542944647 16.4860528675038 8.59490004476136 0.402729540495558 0.190414001433283 -0.895294044027102 0.643029853237623 0.637237519638014 0.42478341706191 0 0 0 0 0 0
17.1264622061602 16.4933943740092 8.70563574804357 -0.0557350597769761 0.59213068234126 -0.803912220420695 0.643029853237623 0.637237519638014 0.42478341706191 0 0 0 0 0 0
17.6394653092258 16.6357120881858 8.63311963538576 -0.49302497899973 0.768887017130722 -0.407110703580901 0.643029853237623 0.637237519638014 0.42478341706191 0 0 0 0 0 0
18.0400833528153 16.9532976221104 8.46780262503692 -0.743006465762415 0.65353031900683 0.144358976077263 0.643029853237623 0.637237519638014 0.42478341706191 0 0 0 0 0 0
11.1439225283578 3.26975945767968 8.51874429736281 -0.148009263670639 0.986760234353002 0.0663136318360281 0.749376645421424 0.0681408073314593 0.658628479245432 0 0 0 0 0 0
11.6461955686247 3.46056454227075 8.51930539764026 -0.498332362636552 0.713016352728542 0.493226658941668 0.749376645421424 0.0681408073314593 0.658628479245432 0 0 0 0 0 0
12.0348737311487 3.81390172690139 8.63229753034286 -0.659330665364045 0.168385637704811 0.732754632005387 0.749376645421424 0.0681408073314593 0.658628479245432 0 0 0 0 0 0
12.273257447757 4.20562242294509 8.91232110446725 -0.569838224898866 -0.440217596340709 0.693896869366131 0.749376645421424 0.0681408073314593 0.658628479245432 0 0 0 0 0 0
12.3817465230696 4.49699550405147 9.35051849179715 -0.263854715607551 -0.881574805490677 0.391416084717699 0.749376645421424 0.0681408073314593 0.658628479245432 0 0 0 0 0 0
12.4300899076573 4.58741358050745 9.87793918795437 0.142371611558667 -0.988007006889994 -0.05977021464294 0.749376645421424 0.0681408073314593 0.658628479245432 0 0 0 0 0 0
12.5108869055795 4.45261542865518 10.3917352618031 0.494508583167339 -0.719078827775546 -0.488248810156028 0.749376645421424 0.0681408073314593 0.658628479245432 0 0 0 0 0 0
12.7044071505945 4.15390323538562 10.7942350040139 0.658773476288129 -0.176960579632293 -0.731233519606054 0.749376645421424 0.0681408073314593 0.658628479245432 0 0 0 0 0 0
13.0480948302577 3.81485287242081 11.0300500424223 0.572759311661892 0.432387951336383 -0.696410389385254 0.749376645421424 0.0681408073314593 0.658628479245432 0 0 0 0 0 0
13.5223430130361 3.57436535656823 11.1071183106577 0.269144308510279 0.877465070451335 -0.3970093088762 0.749376645421424 0.0681408073314593 0.658628479245432 0 0 0 0 0 0
14.057942649408 3.53389603113451 11.0936882944428 -0.13672311729726 0.989178538868187 0.053222245716597 0.749376645421424 0.0681408073314593 0.658628479245432 0 0 0 0 0 0
14.5623762468901 3.71890998476035 11.0923902908137 -0.49064714495495 0.725086542185789 0.483233779333163 0.749376645421424 0.0681408073314593 0.658628479245432 0 0 0 0 0 0
14.9549668122414 4.06920743849231 11.2012454423886 -0.658166119061449 0.185522045326506 0.729656720943117 0.749376645421424 0.0681408073314593 0.658628479245432 0 0 0 0 0 0
15.1975283900434 4.46179464829391 11.4764258664611 -0.575636780585807 -0.424525378315505 0.698870875056963 0.749376645421424 0.0681408073314593 0.658628479245432 0 0 0 0 0 0
15.3088735455985 4.75761128475078 11.9109139284929 -0.27441340503188 -0.873288513049634 0.402572299238745 0.749376645421424 0.0681408073314593 0.658628479245432 0 0 0 0 0 0
15.3576661568421 4.85436177717993 12.4371683588031 0.131064211041126 -0.990274741070885 -0.0466702237101844 0.749376645421424 0.0681408073314593 0.658628479245432 0 0 0 0 0 0
15.4363348591165 4.72537911122292 12.95278431015 0.486748342062856 -0.731039038448558 -0.478181948387085 0.749376645421424 0.0681408073314593 0.658628479245432 0 0 0 0 0 0
15.6259578612797 4.4297560734494 13.3593986713162 0.657508639936608 -0.194069382798689 -0.728024356095899 0.749376645421424 0.0681408073314593 0.658628479245432 0 0 0 0 0 0
15.965459978605 4.08989491376051 13.6000598576029 0.578470412540212 0.416630476043451 -0.701278139005747 0.749376645421424 0.0681408073314593 0.658628479245432 0 0 0 0 0 0
16.4368244446704 3.84500468419502 13.6808646700376 0.279661603910252 0.869045451346589 -0.408104632162082 0.749376645421424 0.0681408073314593 0.658628479245432 0 0 0 0 0 0
4.67860001405159 1.53908386973987 1.78406229223744 0.154070481638544 0.538589183213496 -0.828362226573065 0.564308958366692 0.640221793900032 0.521221118262224 0 0 0 0 0 0
5.20145663035379 1.65729051196105 1.82057599709154 -0.350779427550761 0.757469236690086 -0.550630682649722 0.564308958366692 0.640221793900032 0.521221118262224 0 0 0 0 0 0
5.6443530651085 1.94816229051953 1.73157342051001 -0.722362367494256 0.688574062937828 -0.0637053363336743 0.564308958366692 0.640221793900032 0.521221118262224 0 0 0 0 0 0
5.92258697546373 2.3959945483907 1.62804921050672 -0.819507766771951 0.358078090331084 0.447422732351961 0.564308958366692 0.640221793900032 0.521221118262224 0 0 0 0 0 0
6.01401406459745 2.92545071821979 1.62651502642125 -0.605308464013787 -0.10845773553885 0.78856742450792 0.564308958366692 0.640221793900032 0.521221118262224 0 0 0 0 0 0
5.96746107031316 3.43018394382017 1.80473481156466 -0.161142355558956 -0.533788654360936 0.830122167949063 0.564308958366692 0.640221793900032 0.521221118262224 0 0 0 0 0 0
5.88417567100886 3.81324002886329 2.17218097101189 0.344244427929234 -0.756324338920923 0.556299620883839 0.564308958366692 0.640221793900032 0.521221118262224 0 0 0 0 0 0
5.8793607998827 4.0238919570516 2.66643564654359 0.718846997787199 -0.691519762056238 0.0711295470111755 0.564308958366692 0.640221793900032 0.521221118262224 0 0 0 0 0 0
6.03840712452068 4.0769119337205 3.17690430455458 0.820347574704922 -0.36399526599252 -0.441063830993641 0.564308958366692 0.640221793900032 0.521221118262224 0 0 0 0 0 0
6.38445170462492 4.04695917805328 3.58683244841247 0.610184392512212 0.101817117298069 -0.785689685409968 0.564308958366692 0.640221793900032 0.521221118262224 0 0 0 0 0 0
6.8695878362018 4.04021563747782 3.8176626037594 0.168201957865105 0.528947475435699 -0.831818892308023 0.564308958366692 0.640221793900032 0.521221118262224 0 0 0 0 0 0
7.39306560936651 4.1540456905713 3.8588796164315 -0.337683212761723 0.755121844125124 -0.561926194748023 0.564308958366692 0.640221793900032 0.521221118262224 0 0 0 0 0 0
7.83956848355696 4.44000579179303 3.77200553532976 -0.715276885098131 0.69441279926744 -0.0785483408982825 0.564308958366692 0.640221793900032 0.521221118262224 0 0 0 0 0 0
8.12302396928309 4.88425731245751 3.66722635744872 -0.821124909993975 0.369884722005185 0.434671340916942 0.564308958366692 0.640221793900032 0.521221118262224 0 0 0 0 0 0
8.21930400593935 5.41282406714152 3.66153052540665 -0.615013853106721 -0.095168745289605 0.78275211300055 0.564308958366692 0.640221793900032 0.521221118262224 0 0 0 0 0 0
8.1753916154285 5.91969710334226 3.83426306215239 -0.175248750940942 -0.524066015112305 0.833452270437815 0.564308958366692 0.640221793900032 0.521221118262224 0 0 0 0 0 0
8.09153126662644 6.3071092749084 4.19698107016905 0.331096281710167 -0.753861843877321 0.567509975756892 0.564308958366692 0.640221793900032 0.521221118262224 0 0 0 0 0 0
8.08314432565819 6.5226786154424 4.68906299501621 0.711652301304956 -0.69725295425545 0.085961153025118 0.564308958366692 0.640221793900032 0.521221118262224 0 0 0 0 0 0
8.23697854916456 6.57930912311478 5.20073976740022 0.821839713442018 -0.375746009864204 -0.428245748934735 0.564308958366692 0.640221793900032 0.521221118262224 0 0 0 0 0 0
8.57815116120927 6.55028831601575 5.61479790783978 0.619796478015194 0.0885131258127263 -0.77975493098718 0.564308958366692 0.640221793900032 0.521221118262224 0 0 0 0 0 0
8.19873930162667 5.92107755077769 7.40951657398633 0.182608995471776 -0.349420640184243 0.918999004888484 0.818895294401859 0.571347671532242 0.054519125462344 0 0 0 0 0 0
8.3472936630093 6.36520940718015 7.67288627224538 0.466976673165464 -0.7184902346409 0.515465391122411 0.818895294401859 0.571347671532242 0.054519125462344 0 0 0 0 0 0
8.60229537173344 6.64556139198889 8.05375632262993 0.57393210528997 -0.814593376441356 -0.0839021428528201 0.818895294401859 0.571347671532242 0.054519125462344 0 0 0 0 0 0
8.98812492191723 6.7402267910066 8.4155008769112 0.462841134981728 -0.601218875256772 -0.651393849989243 0.818895294401859 0.571347671532242 0.054519125462344 0 0 0 0 0 0
9.47945912338343 6.69784432849215 8.62876018259128 0.175909079202817 -0.159431271518588 -0.971410142790358 0.818895294401859 0.571347671532242 0.054519125462344 0 0 0 0 0 0
10.0108918049889 6.61911950261853 8.62058651565683 -0.17785377680821 0.34292693781822 -0.92237148123393 0.818895294401859 0.571347671532242 0.054519125462344 0 0 0 0 0 0
10.5017827125747 6.61856488301078 8.40215824055265 -0.464047009453222 0.715001470045237 -0.522908472727945 0.818895294401859 0.571347671532242 0.054519125462344 0 0 0 0 0 0
10.8868940897545 6.78099487099739 8.0645329626368 -0.573941024754698 0.815434989614978 0.0752162071308292 0.818895294401859 0.571347671532242 0.054519125462344 0 0 0 0 0 0
11.1411755922823 7.12930329052444 7.7440532215031 -0.465785248969652 0.606071123283998 0.644764992352681 0.818895294401859 0.571347671532242 0.054519125462344 0 0 0 0 0 0
11.2892813326515 7.61576564167414 7.57054768066375 -0.180669869586962 0.166450704248615 0.969356777083944 0.818895294401859 0.571347671532242 0.054519125462344 0 0 0 0 0 0
11.3962033705636 8.14017043609468 7.61800704766154 0.17308501389095 -0.336407120238187 0.925673715419974 0.818895294401859 0.571347671532242 0.054519125462344 0 0 0 0 0 0
11.5425801428383 8.58789121687186 7.87647376721568 0.461082006764579 -0.711458255319389 0.530311732828759 0.818895294401859 0.571347671532242 0.054519125462344 0 0 0 0 0 0
11.7940605730629 8.87343506596292 8.25582506295442 0.573906236388289 -0.816214504257056 -0.066524543403454 0.818895294401859 0.571347671532242 0.054519125462344 0 0 0 0 0 0
12.1763629479302 8.97292279312637 8.62001208693114 0.468693891607505 -0.610877216648687 -0.638087033365641 0.818895294401859 0.571347671532242 0.054519125462344 0 0 0 0 0 0
12.6655041101369 8.93316103953346 8.83874715157473 0.185416901261046 -0.173457461113073 -0.967229591105937 0.818895294401859 0.571347671532242 0.054519125462344 0 0 0 0 0 0
13.1969110608203 8.85385965222198 8.8370022004918 -0.168303069879757 0.329861683953494 -0.928905455968698 0.818895294401859 0.571347671532242 0.054519125462344 0 0 0 0 0 0
13.6899533214288 8.84975024614682 8.62351322149275 -0.458081890895969 0.707860860292875 -0.537674607637932 0.818895294401859 0.571347671532242 0.054519125462344 0 0 0 0 0 0
14.0785758005941 9.00699774544828 8.28746129876468 -0.57382774284001 0.816931861004532 0.0578278135745384 0.818895294401859 0.571347671532242 0.054519125462344 0 0 0 0 0 0
14.3363942277235 9.35046488817053 7.96459122796048 -0.47156684139089 0.615636789348221 0.631360481580557 0.818895294401859 0.571347671532242 0.054519125462344 0 0 0 0 0 0
14.4867189785199 9.83426645639575 7.78563979879835 -0.190149812720229 0.1804510085203 0.965028746849786 0.818895294401859 0.571347671532242 0.054519125462344 0 0 0 0 0 0
4.5626026121063 6.37873424887798 6.00074390861217 0.826283254460082 -0.38830809003251 -0.408010797178407 0.563254671290746 0.570152138606008 0.59805577842886 0 0 0 0 0 0
4.87645415023983 6.30198873109971 6.43003686176948 0.669090272317145 0.109974648600815 -0.734999172894566 0.563254671290746 0.570152138606008 0.59805577842886 0 0 0 0 0 0
5.342824837001 6.25031193793036 6.69178673033869 0.257698709128126 0.566476179552618 -0.782749074297228 0.563254671290746 0.570152138606008 0.59805577842886 0 0 0 0 0 0
5.86793795261644 6.32776340771423 6.77510892279262 -0.251596902151322 0.807763938915725 -0.533119515507744 0.563254671290746 0.570152138606008 0.59805577842886 0 0 0 0 0 0
6.33569954646997 6.58934469279027 6.73690650491192 -0.665306643827601 0.742168672791885 -0.0809489394938932 0.563254671290746 0.570152138606008 0.59805577842886 0 0 0 0 0 0
6.6518044699291 7.02010335018158 6.68025177372653 -0.826255268179871 0.394611119475911 0.401975492027782 0.563254671290746 0.570152138606008 0.59805577842886 0 0 0 0 0 0
6.77956447900847 7.54081362467389 6.71522736859705 -0.673295701899208 -0.102865795675047 0.732182713456275 0.563254671290746 0.570152138606008 0.59805577842886 0 0 0 0 0 0
6.75384671165464 8.03807563780539 6.91710403603809 -0.264539841563204 -0.561262275224666 0.784221480600568 0.563254671290746 0.570152138606008 0.59805577842886 0 0 0 0 0 0
6.66782707909271 8.40739789763929 7.29774401465759 0.24471912745295 -0.806425832611609 0.538321395780755 0.563254671290746 0.570152138606008 0.59805577842886 0 0 0 0 0 0
6.63759117933378 8.59289536355514 7.80109437238362 0.661005208464107 -0.745214733468483 0.087904012450059 0.563254671290746 0.570152138606008 0.59805577842886 0 0 0 0 0 0
6.75803143764281 8.60852110752864 8.32448245251354 0.826164359362011 -0.400884097754765 -0.395909574887128 0.563254671290746 0.570152138606008 0.59805577842886 0 0 0 0 0 0
7.0667958876637 8.53276530880511 8.75762293259064 0.6774498574068 0.0957491091206781 -0.729310495469593 0.563254671290746 0.570152138606008 0.59805577842886 0 0 0 0 0 0
7.52998505399646 8.47883552251838 9.02451706227765 0.271360828265139 0.55600562860144 -0.785634165401922 0.563254671290746 0.570152138606008 0.59805577842886 0 0 0 0 0 0
8.05503092967064 8.5516472367661 9.11232585924128 -0.237822716445554 0.805026313858135 -0.543482280795281 0.563254671290746 0.570152138606008 0.59805577842886 0 0 0 0 0 0
8.52586510964796 8.80796472458796 9.07624785319693 -0.656653434994803 0.748204043157912 -0.0948523911753426 0.563254671290746 0.570152138606008 0.59805577842886 0 0 0 0 0 0
8.84701511845658 9.23483534758994 9.01854824159962 -0.82601053492956 0.407126547157489 0.38981350769952 0.563254671290746 0.570152138606008 0.59805577842886 0 0 0 0 0 0
8.97987599983755 9.75451047982673 9.04970663134792 -0.681552422484898 -0.0886251309009416 0.72638273766504 0.563254671290746 0.570152138606008 0.59805577842886 0 0 0 0 0 0
8.95737698506801 10.2539835106861 9.24644398900264 -0.278161149789386 -0.550706639996933 0.786987021119876 0.563254671290746 0.570152138606008 0.59805577842886 0 0 0 0 0 0
8.87147112745163 10.6279229456301 9.6225750628842 0.230908194317532 -0.803565489234075 0.548601777529948 0.563254671290746 0.570152138606008 0.59805577842886 0 0 0 0 0 0
8.83820079999546 10.818689602019 10.1237599292155 0.652251654824086 -0.751136374212664 0.101793546523802 0.563254671290746 0.570152138606008 0.59805577842886 0 0 0 0 0 0
3.18510117576137 1.75971484300337 4.88457766645644 -0.358964636068263 0.932983134885005 0.0262080154251899 0.791967105994426 0.28960993184682 0.537507386366452 0 0 0 0 0 0
3.62663144028587 2.0541161819834 4.80053018443556 -0.580382809606295 0.630446226436137 0.515454508066365 0.791967105994426 0.28960993184682 0.537507386366452 0 0 0 0 0 0
3.93586342509884 2.49222775811657 4.8339805737472 -0.581303850291784 0.088392256065375 0.808871215153328 0.791967105994426 0.28960993184682 0.537507386366452 0 0 0 0 0 0
4.11258717894704 2.95048835180111 5.05181318200421 -0.361377839369333 -0.487243410224335 0.794984223998007 0.791967105994426 0.28960993184682 0.537507386366452 0 0 0 0 0 0
4.20693484294024 3.29768179479387 5.45086246913579 -0.0041583453551992 -0.877767158694423 0.47906943471842 0.791967105994426 0.28960993184682 0.537507386366452 0 0 0 0 0 0
4.30033461197888 3.44478818634326 5.95911564898536 0.354640973583201 -0.934812488092217 -0.0188518424245085 0.791967105994426 0.28960993184682 0.537507386366452 0 0 0 0 0 0
4.4745748021046 3.37880404181811 6.4630715507611 0.57870625737646 -0.636706924032448 -0.509610989444369 0.791967105994426 0.28960993184682 0.537507386366452 0 0 0 0 0 0
4.78073110180831 3.16768253392575 6.85086161145806 0.582911358539748 -0.0967057543606651 -0.806760401332936 0.791967105994426 0.28960993184682 0.537507386366452 0 0 0 0 0 0
5.21976206403248 2.93451694628403 7.05475061328642 0.365658688835591 0.480035548226725 -0.797408048440511 0.791967105994426 0.28960993184682 0.537507386366452 0 0 0 0 0 0
5.74214493588219 2.81077547696493 7.0768704253823 0.00948616975553306 0.874403320276412 -0.485107045993929 0.791967105994426 0.28960993184682 0.537507386366452 0 0 0 0 0 0
6.26669018042616 2.88635427201598 6.98841007107993 -0.350290303814952 0.936570651709186 0.0114942337830387 0.791967105994426 0.28960993184682 0.537507386366452 0 0 0 0 0 0
6.71138673919361 3.17542437659337 6.90256982773008 -0.576985634424573 0.642919133931382 0.503728661972489 0.791967105994426 0.28960993184682 0.537507386366452 0 0 0 0 0 0
7.0245594044391 3.61104791797991 6.93155454872671 -0.584474475830927 0.105011888138349 0.804588149584483 0.791967105994426 0.28960993184682 0.537507386366452 0 0 0 0 0 0
7.20450109452842 4.07060892257178 7.14394516373752 -0.369911691976989 -0.472791129663585 0.799771147172835 0.791967105994426 0.28960993184682 0.537507386366452 0 0 0 0 0 0
7.30012140279229 4.42239717428044 7.53864363691121 -0.0148132717473128 -0.870972892660172 0.491107714489716 0.791967105994426 0.28960993184682 0.537507386366452 0 0 0 0 0 0
7.39236502529526 4.57564712770202 8.04529012905556 0.345912958083863 -0.938257491844947 -0.00413574981116458 0.791967105994426 0.28960993184682 0.537507386366452 0 0 0 0 0 0
7.56345951747762 4.51502125633522 8.55099387690032 0.575221071782734 -0.649082383049106 -0.497807973612734 0.791967105994426 0.28960993184682 0.537507386366452 0 0 0 0 0 0
7.86567567107221 4.30643703532898 8.94322228149651 0.585993083127886 -0.113310024854181 -0.802354625333349 0.791967105994426 0.28960993184682 0.537507386366452 0 0 0 0 0 0
8.30146896640409 4.07202379059192 9.15255392400183 0.374136524910871 0.465510706225436 -0.802073340235862 0.791967105994426 0.28960993184682 0.537507386366452 0 0 0 0 0 0
8.82254669436164 3.94372372598627 9.17905292336312 0.020139245651097 0.867476137086048 -0.497070983231644 0.791967105994426 0.28960993184682 0.537507386366452 0 0 0 0 0 0
6.86349921841785 4.42310854320839 11.8708071111391 0.819332020229729 -0.17353159453383 0.546426414373259 0.00196539973973495 0.953937176698328 0.300000000194477 0 0 0 0 0 0
6.75594266348732 4.68903933742815 12.3251170299121 0.999869678137336 0.00293254444138447 -0.0158753558901643 0.00196539973973495 0.953937176698328 0.300000000194477 0 0 0 0 0 0
6.87630643314913 4.95563860524559 12.7758081608103 0.800540128391026 0.178282560753789 -0.572145813029118 0.00196539973973495 0.953937176698328 0.300000000194477 0 0 0 0 0 0
7.17915335026672 5.26287738839654 13.096078635626 0.297071999551774 0.285900051510368 -0.911048510030437 0.00196539973973495 0.953937176698328 0.300000000194477 0 0 0 0 0 0
7.54971783902951 5.63528709728512 13.2086755739141 -0.319258748696163 0.284899332704204 -0.903828646152389 0.00196539973973495 0.953937176698328 0.300000000194477 0 0 0 0 0 0
7.84750728598152 6.07263961802801 13.1152447438727 -0.814297760592797 0.175660594140883 -0.55322916839193 0.00196539973973495 0.953937176698328 0.300000000194477 0 0 0 0 0 0
7.95967753278449 6.55003397673247 12.895705307489 -0.999971438907693 -0.000314541025074996 0.00755131993906283 0.00196539973973495 0.953937176698328 0.300000000194477 0 0 0 0 0 0
7.84390425862431 7.02735663580037 12.677887194723 -0.805739248950664 -0.176170176796762 0.56546293557387 0.00196539973973495 0.953937176698328 0.300000000194477 0 0 0 0 0 0
7.5444626973132 7.46452129752425 12.5889663759134 -0.305393247075426 -0.285095816995075 0.908545727948043 0.00196539973973495 0.953937176698328 0.300000000194477 0 0 0 0 0 0
7.17540673572203 7.83669835879354 12.707148584377 0.310976755266571 -0.285708789769088 0.906456808200235 0.00196539973973495 0.953937176698328 0.300000000194477 0 0 0 0 0 0
6.87723793527878 8.14374809244514 13.0319576507915 0.809201489028714 -0.177776216513595 0.559989791867515 0.00196539973973495 0.953937176698328 0.300000000194477 0 0 0 0 0 0
6.76352663972118 8.41027373194872 13.4844164078823 0.99999704798143 -0.00230348634475137 0.000773291074288208 0.00196539973973495 0.953937176698328 0.300000000194477 0 0 0 0 0 0
6.8777647027159 8.67627429166754 13.9370514366979 0.810877009346947 0.174044376798701 -0.558736995926798 0.00196539973973495 0.953937176698328 0.300000000194477 0 0 0 0 0 0
7.17684220550554 8.98194827255393 14.2623223497112 0.313691237720935 0.284269871329524 -0.905973756590887 0.00196539973973495 0.953937176698328 0.300000000194477 0 0 0 0 0 0
7.54742563580397 9.35242157955446 14.3810765164032 -0.302671079753071 0.286496489003465 -0.909015940052647 0.00196539973973495 0.953937176698328 0.300000000194477 0 0 0 0 0 0
7.84901518394914 9.78820177023795 14.2926204709579 -0.804043593638291 0.179878300539131 -0.56670776995236 0.00196539973973495 0.953937176698328 0.300000000194477 0 0 0 0 0 0
7.96732296962518 10.2649852251892 14.0749833715205 -0.999946503408317 0.00492133829517426 -0.00909784319852998 0.00196539973973495 0.953937176698328 0.300000000194477 0 0 0 0 0 0
7.85769291838594 10.7428904993597 13.8552724184397 -0.815953018319531 -0.171905322647507 0.551968506294248 0.00196539973973495 0.953937176698328 0.300000000194477 0 0 0 0 0 0
7.56206635094677 11.1816099498237 13.7613827037364 -0.321965339564186 -0.283422277412676 0.903332791824547 0.00196539973973495 0.953937176698328 0.300000000194477 0 0 0 0 0 0
7.19304777422328 11.5557232832336 13.873407727353 0.294342354665009 -0.287262370420987 0.911505846821826 0.00196539973973495 0.953937176698328 0.300000000194477 0 0 0 0 0 0
3.74866445725376 12.6722550798355 9.60078594042608 0.19261200782604 -0.463138495061299 0.865103085668741 0.786114957741188 0.600480616079374 0.146445563020892 0 0 0 0 0 0
3.87038915513463 13.0828546742411 9.92524883987402 0.500401528674342 -0.757396086781382 0.419463321195823 0.786114957741188 0.600480616079374 0.146445563020892 0 0 0 0 0 0
4.10618039722197 13.3208058068333 10.345328416587 0.618080142511855 -0.763906242145936 -0.185537572052128 0.786114957741188 0.600480616079374 0.146445563020892 0 0 0 0 0 0
4.48286302724281 13.3846244874921 10.7231146979127 0.500939776460207 -0.480195644287973 -0.720049639654695 0.786114957741188 0.600480616079374 0.146445563020892 0 0 0 0 0 0
4.97373489506984 13.338982555926 10.9367656412228 0.193484014064898 -0.0140506927219749 -0.981002810564458 0.786114957741188 0.600480616079374 0.146445563020892 0 0 0 0 0 0
5.50871144999096 13.2901377685118 10.9267969629973 -0.187479560153872 0.457432351924156 -0.869256612248446 0.786114957741188 0.600480616079374 0.146445563020892 0 0 0 0 0 0
6.00095203327594 13.3455647001119 10.7186812126587 -0.497216514979096 0.75512919821322 -0.427265293743715 0.786114957741188 0.600480616079374 0.146445563020892 0 0 0 0 0 0
6.3798520963265 13.5731233562048 10.4131703251672 -0.618052602746945 0.765939837014154 0.177051253349019 0.786114957741188 0.600480616079374 0.146445563020892 0 0 0 0 0 0
6.61786704913384 13.9752780222455 10.1480182764476 -0.504080173442763 0.485757125902242 0.714103069155362 0.786114957741188 0.600480616079374 0.146445563020892 0 0 0 0 0 0
6.740976910544 14.4881610404199 10.0456460448112 -0.198599258476609 0.0210271612340202 0.979855189822955 0.786114957741188 0.600480616079374 0.146445563020892 0 0 0 0 0 0
6.81881606473548 15.0058372006593 10.1666318345262 0.182332835187341 -0.451691373542394 0.873343941571665 0.786114957741188 0.600480616079374 0.146445563020892 0 0 0 0 0 0
6.93821799444502 15.4205502980871 10.4866964032022 0.493993636321182 -0.752804803633011 0.435034728385262 0.786114957741188 0.600480616079374 0.146445563020892 0 0 0 0 0 0
7.17022578909751 15.6636615168398 10.9059271519021 0.617977995883448 -0.767915102598326 -0.168551451507487 0.786114957741188 0.600480616079374 0.146445563020892 0 0 0 0 0 0
7.54310168735634 15.7317264637927 11.2867365919273 0.507182182768484 -0.491281615230688 -0.708102116942551 0.786114957741188 0.600480616079374 0.146445563020892 0 0 0 0 0 0
8.03158978013575 15.6878037510956 11.506134132115 0.203699378785877 -0.0280020284463275 -0.978632949315084 0.786114957741188 0.600480616079374 0.146445563020892 0 0 0 0 0 0
8.56651115271882 15.6374979751331 11.5024522607136 -0.177172224869481 0.445915997113742 -0.877364762372444 0.786114957741188 0.600480616079374 0.146445563020892 0 0 0 0 0 0
9.06104611106815 15.6888387647434 11.2987750641231 -0.490733138135289 0.750423080052404 -0.442771033447938 0.786114957741188 0.600480616079374 0.146445563020892 0 0 0 0 0 0
9.44371843513861 15.9112385190638 10.9941681965263 -0.617856327602965 0.76983188847433 0.160038813820348 0.786114957741188 0.600480616079374 0.146445563020892 0 0 0 0 0 0
9.68555038989109 16.3091214765846 10.7260421815755 -0.510245568207353 0.496768691562059 0.702047240012006 0.786114957741188 0.600480616079374 0.146445563020892 0 0 0 0 0 0
9.81107185131581 16.8202428729779 10.6179478570754 -0.208783986598798 0.0349747631957544 0.97733618211919 0.786114957741188 0.600480616079374 0.146445563020892 0 0 0 0 0 0
6.33509217009845 11.5986419128472 2.85345500199045 0.753595296389286 0.258259018480153 -0.604480279772311 0.418107626861958 0.521266033862555 0.74395412109959 0 0 0 0 0 0
6.76240067941435 11.54508165148 3.17473967076078 0.313019151525237 0.686143016826582 -0.656678590513302 0.418107626861958 0.521266033862555 0.74395412109959 0 0 0 0 0 0
7.2610619141696 11.6479277123881 3.34633443416119 -0.246478202404379 0.853349811381111 -0.459393725637746 0.418107626861958 0.521266033862555 0.74395412109959 0 0 0 0 0 0
7.70353843493131 11.9452948896511 3.41321038334762 -0.712334366344784 0.696354745343949 -0.0875775037389086 0.418107626861958 0.521266033862555 0.74395412109959 0 0 0 0 0 0
7.98363831447111 12.4013961530261 3.46012303780114 -0.907562794915312 0.274802869120143 0.317510876048119 0.418107626861958 0.521266033862555 0.74395412109959 0 0 0 0 0 0
8.05685922635345 12.9201387390637 3.57941230644033 -0.757992944056758 -0.251151211541365 0.601971565525709 0.418107626861958 0.521266033862555 0.74395412109959 0 0 0 0 0 0
7.95729562278777 13.381631398528 3.83592101238216 -0.320448900784838 -0.681688747913976 0.657733192832219 0.418107626861958 0.521266033862555 0.74395412109959 0 0 0 0 0 0
7.78468568220525 13.6877330864559 4.2423600203257 0.238839037515154 -0.853241331725991 0.463610983469215 0.418107626861958 0.521266033862555 0.74395412109959 0 0 0 0 0 0
7.6665191077394 13.7993383859697 4.75447916653859 0.707388032287379 -0.700633268180978 0.0933552103239643 0.418107626861958 0.521266033862555 0.74395412109959 0 0 0 0 0 0
7.70960165749144 13.7512343099561 5.28787863588225 0.90718848669643 -0.281842912090447 -0.312367768039242 0.418107626861958 0.521266033862555 0.74395412109959 0 0 0 0 0 0
7.95947785133067 13.6388841332632 5.75007386267271 0.762332867626852 0.244024278465446 -0.599417008813764 0.418107626861958 0.521266033862555 0.74395412109959 0 0 0 0 0 0
8.38312784633227 13.5821592985249 6.07563196344338 0.327854246619975 0.67718256576395 -0.658737706221984 0.418107626861958 0.521266033862555 0.74395412109959 0 0 0 0 0 0
8.88151222716684 13.67979825096 6.25103078335353 -0.231181684108521 0.853067874440001 -0.46779293552935 0.418107626861958 0.521266033862555 0.74395412109959 0 0 0 0 0 0
9.32719873583474 13.9718940522155 6.31979618889065 -0.702387827892551 0.704858435082023 -0.0991258075483146 0.418107626861958 0.521266033862555 0.74395412109959 0 0 0 0 0 0
9.61277591703386 14.4246623559263 6.36596586347813 -0.906745092561963 0.288861491631796 0.307200872015448 0.418107626861958 0.521266033862555 0.74395412109959 0 0 0 0 0 0
9.69166052585271 14.9432766457437 6.48216198650762 -0.766614736597583 -0.236878761995944 0.59681680417586 0.418107626861958 0.521266033862555 0.74395412109959 0 0 0 0 0 0
9.59579528134257 15.4078944143107 6.73440251882787 -0.335234625084894 -0.672624813539723 0.659692054185014 0.418107626861958 0.521266033862555 0.74395412109959 0 0 0 0 0 0
9.42351329349616 15.7191873354671 7.13701987565683 0.223506725321586 -0.852829452732586 0.471939263346311 0.418107626861958 0.521266033862555 0.74395412109959 0 0 0 0 0 0
9.30217967071946 15.8360777560389 7.64721580241517 0.697334133945224 -0.709029924284266 0.104888855958639 0.418107626861958 0.521266033862555 0.74395412109959 0 0 0 0 0 0
9.33980338571721 15.7913447830603 8.18132114718962 0.90623264627809 -0.295858073252185 -0.302010581455874 0.418107626861958 0.521266033862555 0.74395412109959 0 0 0 0 0 0
5.13727063806028 7.45770992474583 1.81439039002499 -0.527602997141752 0.115181335795357 0.841646206723133 0.779628728266394 0.459122294231857 0.425894077208173 0 0 0 0 0 0
5.26231502288424 7.95969882827764 1.95949774570791 -0.22955977339715 -0.423218809668012 0.876463433111183 0.779628728266394 0.459122294231857 0.425894077208173 0 0 0 0 0 0
5.33503125013922 8.36521499082903 2.30439496854648 0.155697046295767 -0.800831053497344 0.578297547573141 0.779628728266394 0.459122294231857 0.425894077208173 0 0 0 0 0 0
5.44323862399633 8.58818168953751 2.78111513555051 0.481801954985126 -0.874194190921834 0.0604267550926725 0.779628728266394 0.459122294231857 0.425894077208173 0 0 0 0 0 0
5.66127276865221 8.6118757949188 3.27160958327924 0.624862245676519 -0.615436339467673 -0.480401171928971 0.779628728266394 0.459122294231857 0.425894077208173 0 0 0 0 0 0
6.02174428187138 8.49528116735371 3.65259656875092 0.530526922095777 -0.122863933102864 -0.838716661855526 0.779628728266394 0.459122294231857 0.425894077208173 0 0 0 0 0 0
6.50314942367534 8.35067970237189 3.84239806476238 0.234635550873725 0.416386535623139 -0.878389669348373 0.779628728266394 0.459122294231857 0.425894077208173 0 0 0 0 0 0
7.03803974668378 8.300993561287 3.8319706080073 -0.150397789022466 0.797444797854283 -0.584347755563667 0.779628728266394 0.459122294231857 0.425894077208173 0 0 0 0 0 0
7.53864688895227 8.43308498696462 3.68834106198496 -0.478292494352084 0.875540448814561 -0.0683023596668507 0.779628728266394 0.459122294231857 0.425894077208173 0 0 0 0 0 0
7.93022724208372 8.76475588549844 3.52914199092742 -0.624475884453281 0.621003645014507 0.473692244621958 0.779628728266394 0.459122294231857 0.425894077208173 0 0 0 0 0 0
8.17945829770487 9.23798458445322 3.47792108193621 -0.533410445370666 0.130537173846179 0.835723245466895 0.779628728266394 0.459122294231857 0.425894077208173 0 0 0 0 0 0
8.30709842552 9.7409692362936 3.61720331304524 -0.239693459944673 -0.409522552131473 0.880249012811419 0.779628728266394 0.459122294231857 0.425894077208173 0 0 0 0 0 0
8.38010042159877 10.15060320949 3.95713833432171 0.145087078375243 -0.793997813702433 0.590353463210213 0.779628728266394 0.459122294231857 0.425894077208173 0 0 0 0 0 0
8.48617502175836 10.3792453560697 4.43164444611245 0.474746609893812 -0.876820030912317 0.076172762751897 0.779628728266394 0.459122294231857 0.425894077208173 0 0 0 0 0 0
8.70046812658116 10.4080163490138 4.92351414156926 0.624041966973685 -0.62652365872946 -0.466947243816543 0.779628728266394 0.459122294231857 0.425894077208173 0 0 0 0 0 0
9.05701161741112 10.2939712542369 5.30894319810557 0.536253347374958 -0.138200473678311 -0.832666185517488 0.779628728266394 0.459122294231857 0.425894077208173 0 0 0 0 0 0
9.53579407564843 10.1484233571365 5.50456597145329 0.244733115430636 0.40262738191193 -0.882041321904116 0.779628728266394 0.459122294231857 0.425894077208173 0 0 0 0 0 0
10.0703634552487 10.0946543844117 5.4991273977195 -0.139765318785273 0.790490363542982 -0.596314213154889 0.779628728266394 0.459122294231857 0.425894077208173 0 0 0 0 0 0
10.5730733260341 10.2210777149293 5.35775898033401 -0.47116457164314 0.878032839769972 -0.0840373649861449 0.779628728266394 0.459122294231857 0.425894077208173 0 0 0 0 0 0
10.9683812178883 10.5476486588998 5.19723424295568 -0.623560526282227 0.631995960242116 0.460166683170651 0.779628728266394 0.459122294231857 0.425894077208173 0 0 0 0 0 0
1.20662831665384 7.56203098682085 11.4095093251768 -0.284741935984603 0.166322188230054 0.944065124657249 0.78699688424899 0.602854146066334 0.131159379203368 0 0 0 0 0 0
1.28835741284999 8.09049357626499 11.4617850223153 0.0902798246610653 -0.322831872180241 0.942140719618767 0.78699688424899 0.602854146066334 0.131159379203368 0 0 0 0 0 0
1.39066579791828 8.54536663028772 11.7288217261354 0.43100277051982 -0.689336706888194 0.582281303444288 0.78699688424899 0.602854146066334 0.131159379203368 0 0 0 0 0 0
1.59122127808809 8.84310536028528 12.1285894713972 0.60798055787605 -0.79395100155419 0.00120348486708855 0.78699688424899 0.602854146066334 0.131159379203368 0 0 0 0 0 0
1.93036594555588 8.95986293449685 12.5286315510722 0.553976366402312 -0.596930036576884 -0.580331557732312 0.78699688424899 0.602854146066334 0.131159379203368 0 0 0 0 0 0
2.39578954317597 8.9405502880883 12.7963870339021 0.28950729134141 -0.173125370566025 -0.941388938922981 0.78699688424899 0.602854146066334 0.131159379203368 0 0 0 0 0 0
2.92720633696669 8.88177370801182 12.8495528784835 -0.0849504440038821 0.316452518224705 -0.944796923033086 0.78699688424899 0.602854146066334 0.131159379203368 0 0 0 0 0 0
3.43925867437376 8.89513248942186 12.6873522347316 -0.427134085376417 0.685804804537911 -0.589260759920741 0.78699688424899 0.602854146066334 0.131159379203368 0 0 0 0 0 0
3.85394578357947 9.06482049760519 12.3908295822145 -0.607042346413373 0.794608379562291 -0.00985458219998152 0.78699688424899 0.602854146066334 0.131159379203368 0 0 0 0 0 0
4.13025757081965 9.41563951091213 12.0920605773749 -0.556325070841091 0.601526946047317 0.573295516058379 0.78699688424899 0.602854146066334 0.131159379203368 0 0 0 0 0 0
4.27975504065681 9.90357661049763 11.9239743034596 -0.294250599597108 0.179915368734746 0.938641062776279 0.78699688424899 0.602854146066334 0.131159379203368 0 0 0 0 0 0
4.3621780770572 10.4325254240473 11.9698512893385 0.0796145940414889 -0.310049065184709 0.947381176503786 0.78699688424899 0.602854146066334 0.131159379203368 0 0 0 0 0 0
4.46274926267442 10.8907985434323 12.2316838442109 0.423232872318696 -0.682220675496561 0.59619534190891 0.78699688424899 0.602854146066334 0.131159379203368 0 0 0 0 0 0
4.65979639485373 11.1935594383719 12.6294191460307 0.606057906325756 -0.795205245065837 0.0185049290682864 0.78699688424899 0.602854146066334 0.131159379203368 0 0 0 0 0 0
4.99499444584964 11.3150532726775 13.0313726470139 0.558631408971824 -0.606078046911903 -0.566215815711295 0.78699688424899 0.602854146066334 0.131159379203368 0 0 0 0 0 0
5.45753254409803 11.2983915971192 13.3042572349896 0.29897149953041 -0.186691665651567 -0.93582170547855 0.78699688424899 0.602854146066334 0.131159379203368 0 0 0 0 0 0
5.98822120507153 11.2391735505014 13.3638212357559 -0.0742726811195193 0.303622000707996 -0.949893283229959 0.78699688424899 0.602854146066334 0.131159379203368 0 0 0 0 0 0
6.50197940604685 11.2491661484985 13.2068570327215 -0.419299428439135 0.678584592709447 -0.603084521313529 0.78699688424899 0.602854146066334 0.131159379203368 0 0 0 0 0 0
6.92015828911619 11.4138421257554 12.9124196940775 -0.605027312582124 0.795741552611209 -0.0271538667145979 0.78699688424899 0.602854146066334 0.131159379203368 0 0 0 0 0 0
7.20042117724522 11.7599074149681 12.6117926306616 -0.560895205157936 0.610582992586691 0.55909299583765 0.78699688424899 0.602854146066334 0.131159379203368 0 0 0 0 0 0
10.9099497491012 11.7147750467452 8.13809533567686 0.740273421215696 -0.606938981682762 -0.289171807677548 0.58231300050614 0.363869537262017 0.726987296515051 0 0 0 0 0 0
11.1030680639224 11.5388383922882 8.60760221764714 0.796682859274963 -0.0773398413574345 -0.599428870406053 0.58231300050614 0.363869537262017 0.726987296515051 0 0 0 0 0 0
11.477790261583 11.3452721185602 8.9404692697473 0.550419159268581 0.481641997752775 -0.681952883351031 0.58231300050614 0.363869537262017 0.726987296515051 0 0 0 0 0 0
11.9779805239178 11.2614961533749 9.11788514062991 0.0950420181384713 0.857639989291931 -0.505391594266767 0.58231300050614 0.363869537262017 0.726987296515051 0 0 0 0 0 0
12.4998356172778 11.3732192507344 9.18009698169725 -0.396443174700248 0.907806209923126 -0.136823588823704 0.58231300050614 0.363869537262017 0.726987296515051 0 0 0 0 0 0
12.9313214764908 11.69187680221 9.21111988138706 -0.737312977293928 0.613081673694089 0.283725985581897 0.58231300050614 0.363869537262017 0.726987296515051 0 0 0 0 0 0
13.1947368193301 12.1502863404948 9.30681812841771 -0.798065252598046 0.0854371594497015 0.596483314419425 0.58231300050614 0.363869537262017 0.726987296515051 0 0 0 0 0 0
13.2762331627284 12.6281712819645 9.53848476573865 -0.555619195500692 -0.474666360102758 0.682626659439816 0.58231300050614 0.363869537262017 0.726987296515051 0 0 0 0 0 0
13.2310760930298 12.9978560117133 9.92575617155777 -0.102084116575062 -0.854436193453848 0.509428723629899 0.58231300050614 0.363869537262017 0.726987296515051 0 0 0 0 0 0
13.1626489457459 13.1727719842795 10.4291518709575 0.390234424992846 -0.909591431500474 0.142690298518927 0.58231300050614 0.363869537262017 0.726987296515051 0 0 0 0 0 0
13.1831757479177 13.1403465614148 10.9650738283944 0.734296384134316 -0.619177677162321 -0.278258556653955 0.58231300050614 0.363869537262017 0.726987296515051 0 0 0 0 0 0
13.3710854339577 12.9667795675585 11.4375667390866 0.799386870162309 -0.0935279711714929 -0.593492333919025 0.58231300050614 0.363869537262017 0.726987296515051 0 0 0 0 0 0
13.7412153822039 12.7718928697308 11.7747730535878 0.560776919179899 0.467654574771674 -0.683248450865588 0.58231300050614 0.363869537262017 0.726987296515051 0 0 0 0 0 0
14.2391744468221 12.683608046937 11.9562328622156 0.10911844091094 0.851167328991549 -0.513427058023394 0.58231300050614 0.363869537262017 0.726987296515051 0 0 0 0 0 0
14.7620070634793 12.7893468435689 12.020656956812 -0.383995957423127 0.911307384168688 -0.14854614179547 0.58231300050614 0.363869537262017 0.726987296515051 0 0 0 0 0 0
15.1973077895595 13.1028181870964 12.0512199537122 -0.731223871462108 0.625226527853193 0.272769937259601 0.58231300050614 0.363869537262017 0.726987296515051 0 0 0 0 0 0
15.4659260111318 13.5588099373208 12.1439608663933 -0.800647611321457 0.101611660376171 0.590456156679599 0.58231300050614 0.363869537262017 0.726987296515051 0 0 0 0 0 0
15.5520365845111 14.0379640687252 12.3712962785683 -0.565891937525574 -0.460607175734123 0.683818210276523 0.58231300050614 0.363869537262017 0.726987296515051 0 0 0 0 0 0
15.5091520729256 14.4121227799279 12.7545080732923 -0.116144455455074 -0.84783364484172 0.517386292958607 0.58231300050614 0.363869537262017 0.726987296515051 0 0 0 0 0 0
15.4397924290646 14.5930177851119 13.2556580897757 0.37772824707455 -0.912953937251327 0.154390672708195 0.58231300050614 0.363869537262017 0.726987296515051 0 0 0 0 0 0
2.59144651615222 8.07272742485239 4.38802595090127 0.438447326172666 -0.535451557134725 0.721841791623371 0.443550646836219 0.827447101221161 0.344374967690552 0 0 0 0 0 0
2.53928408985461 8.39373004913435 4.81571918045396 0.813517314178316 -0.532942356535885 0.232727360106365 0.443550646836219 0.827447101221161 0.344374967690552 0 0 0 0 0 0
2.67256296092131 8.5932484464749 5.29646261906566 0.879518473243456 -0.327959444368028 -0.344804086509013 0.443550646836219 0.827447101221161 0.344374967690552 0 0 0 0 0 0
3.00632809563794 8.71800847815249 5.69860795530836 0.611375859558706 0.00162074390474661 -0.791338695842715 0.443550646836219 0.827447101221161 0.344374967690552 0 0 0 0 0 0
3.47945637677795 8.84313795845417 5.92036761093421 0.11096133516833 0.330585184470715 -0.937230504148326 0.443550646836219 0.827447101221161 0.344374967690552 0 0 0 0 0 0
3.97787829776098 9.04362434195783 5.92848554364944 -0.431609255627086 0.533954786366721 -0.727052774269586 0.443550646836219 0.827447101221161 0.344374967690552 0 0 0 0 0 0
4.37791487534321 9.36582573581469 5.77087177359318 -0.810204274087838 0.534466037674052 -0.240655539771679 0.443550646836219 0.827447101221161 0.344374967690552 0 0 0 0 0 0
4.59326536315401 9.80985867977635 5.55840056567372 -0.880989142929529 0.331924705473386 0.337170757831547 0.443550646836219 0.827447101221161 0.344374967690552 0 0 0 0 0 0
4.60779434811366 10.3295538707947 5.42278744261106 -0.617071507019305 0.00327962817824694 0.786900247340116 0.443550646836219 0.827447101221161 0.344374967690552 0 0 0 0 0 0
4.48166186363207 10.8499966531595 5.46654825568943 -0.118718088707026 -0.326611434694268 0.937673176613634 0.443550646836219 0.827447101221161 0.344374967690552 0 0 0 0 0 0
4.32846758709425 11.2959883487088 5.7240516988808 0.424738316365647 -0.532417352874446 0.732208389032141 0.443550646836219 0.827447101221161 0.344374967690552 0 0 0 0 0 0
4.27209242313639 11.6206154919179 6.14846206739102 0.806829533805055 -0.535949017154181 0.248565392585904 0.443550646836219 0.827447101221161 0.344374967690552 0 0 0 0 0 0
4.39963407679631 11.8230730398031 6.62953292496232 0.88239272188148 -0.335864689227324 -0.329511752295463 0.443550646836219 0.827447101221161 0.344374967690552 0 0 0 0 0 0
4.72831717917365 11.9489702212109 7.03549156822977 0.622720162095555 -0.00817975050485712 -0.782401873337075 0.443550646836219 0.827447101221161 0.344374967690552 0 0 0 0 0 0
5.19894936209459 12.0730028282337 7.26310167985172 0.126465801403631 0.322612812192541 -0.938044441636193 0.443550646836219 0.827447101221161 0.344374967690552 0 0 0 0 0 0
5.69840942842473 12.2705750359468 7.27688453148708 -0.417835031636976 0.530839373739411 -0.737308243291011 0.443550646836219 0.827447101221161 0.344374967690552 0 0 0 0 0 0
6.10262398614603 12.5891520956067 7.12259794586483 -0.803393350329505 0.537391182041643 -0.256456316183124 0.443550646836219 0.827447101221161 0.344374967690552 0 0 0 0 0 0
6.32370500438091 13.0302274921221 6.90985213489923 -0.883729103211337 0.339779095584824 0.321827653163684 0.443550646836219 0.827447101221161 0.344374967690552 0 0 0 0 0 0
6.34333994573219 13.5487555441672 6.7704669475986 -0.628321394620502 0.0130792499117972 0.777843916402187 0.443550646836219 0.827447101221161 0.344374967690552 0 0 0 0 0 0
6.21974900540957 14.0702650116412 6.80839130551675 -0.134203883239826 -0.318589621476119 0.938344270942736 0.443550646836219 0.827447101221161 0.344374967690552 0 0 0 0 0 0
2.33516086533813 10.0699139053384 5.87833002305945 -0.472815296104697 0.824480309638927 0.310930723453192 0.663062219749554 0.100501609811852 0.741786976945552 0 0 0 0 0 0
2.74388585938254 10.3989844311924 5.99383573883104 -0.723295246347662 0.341315757191302 0.600289547221842 0.663062219749554 0.100501609811852 0.741786976945552 0 0 0 0 0 0
2.98773567926348 10.8058578946377 6.24617747577999 -0.698983239651514 -0.271520357908445 0.661588335694897 0.663062219749554 0.100501609811852 0.741786976945552 0 0 0 0 0 0
3.07225224767232 11.1508382839544 6.6493282946675 -0.409115813835198 -0.781201349460475 0.471538654270355 0.663062219749554 0.100501609811852 0.741786976945552 0 0 0 0 0 0
3.06351085344458 11.317743801081 7.15996636463292 0.0361815497087535 -0.99409088736242 0.102343554382626 0.663062219749554 0.100501609811852 0.741786976945552 0 0 0 0 0 0
3.0630170446114 11.2580462691543 7.6939336510401 0.467732937595097 -0.829308676842069 -0.305733572908044 0.663062219749554 0.100501609811852 0.741786976945552 0 0 0 0 0 0
3.16914297362026 11.0093077982471 8.15820895988298 0.721584762411374 -0.349458234687744 -0.597657404258198 0.663062219749554 0.100501609811852 0.741786976945552 0 0 0 0 0 0
3.4397541719255 10.6809103117472 8.48624824461988 0.701294471733701 0.263157233454565 -0.66252119543173 0.663062219749554 0.100501609811852 0.741786976945552 0 0 0 0 0 0
3.87022546712869 10.4124995248935 8.66326580201186 0.414570686226097 0.77579486885317 -0.475682107697059 0.663062219749554 0.100501609811852 0.741786976945552 0 0 0 0 0 0
4.3951981633016 10.3209312028053 8.73185160798693 -0.029655434231048 0.993695062975941 -0.108123434267549 0.663062219749554 0.100501609811852 0.741786976945552 0 0 0 0 0 0
4.91341090230844 10.4558757015891 8.77579067371861 -0.462614959411398 0.834073888978669 0.300513139567622 0.663062219749554 0.100501609811852 0.741786976945552 0 0 0 0 0 0
5.32617054676125 10.7809473696098 8.88823171907039 -0.7198193270017 0.357574099586631 0.594979747369295 0.663062219749554 0.100501609811852 0.741786976945552 0 0 0 0 0 0
5.57484735297488 11.1875280648823 9.13629841655606 -0.703552297526694 -0.254774068558503 0.663403601614476 0.663062219749554 0.100501609811852 0.741786976945552 0 0 0 0 0 0
5.66314939082999 11.5360330032105 9.53558798590378 -0.419993987454164 -0.77032930846299 0.479789336089583 0.663062219749554 0.100501609811852 0.741786976945552 0 0 0 0 0 0
5.65571378602979 11.7089413514361 10.0442455495097 0.0231270603772102 -0.993223564863169 0.113895080134335 0.663062219749554 0.100501609811852 0.741786976945552 0 0 0 0 0 0
5.65354999537028 11.6554443567993 10.578865500216 0.457461751307452 -0.838775583159376 -0.295269820988139 0.663062219749554 0.100501609811852 0.741786976945552 0 0 0 0 0 0
5.75566462531535 11.4107484415891 11.0461786859373 0.717999074563381 -0.365662733833431 -0.592256780469072 0.663062219749554 0.100501609811852 0.741786976945552 0 0 0 0 0 0
6.02144716689901 11.0826996946961 11.3784869199153 0.705756545088316 0.246371501630722 -0.664235487044487 0.663062219749554 0.100501609811852 0.741786976945552 0 0 0 0 0 0
6.44810693514222 10.8108113393519 11.5593826537214 0.425385304514013 0.76480508451352 -0.483860026666585 0.663062219749554 0.100501609811852 0.741786976945552 0 0 0 0 0 0
6.97173329693417 10.7132603270872 11.6299824792241 -0.0165969253081846 0.992676428930512 -0.119658052449807 0.663062219749554 0.100501609811852 0.741786976945552 0 0 0 0 0 0
7.26353587564817 6.42262396007243 9.45738269463843 0.137544940059309 -0.208181877784163 0.96837063938677 0.787122214021254 0.61644880088876 0.0207242871310334 0 0 0 0 0 0
7.37446433899751 6.90633136023289 9.66331260787914 0.463982503599432 -0.61391280359149 0.638616712856812 0.787122214021254 0.61644880088876 0.0207242871310334 0 0 0 0 0 0
7.59115762864157 7.25009731749787 10.0148152209097 0.614145356648354 -0.786407991239694 0.0662416200104975 0.787122214021254 0.61644880088876 0.0207242871310334 0 0 0 0 0 0
7.94784537165774 7.4146015484154 10.3814176133059 0.53098412074377 -0.66013363497548 -0.531299771778631 0.787122214021254 0.61644880088876 0.0207242871310334 0 0 0 0 0 0
8.42557096170489 7.42862829646914 10.6269102060078 0.246093139787551 -0.283063473938274 -0.926991497410576 0.787122214021254 0.61644880088876 0.0207242871310334 0 0 0 0 0 0
8.95939349070994 7.37813071673204 10.6610950577071 -0.132292739431842 0.20154723341699 -0.970503654704904 0.787122214021254 0.61644880088876 0.0207242871310334 0 0 0 0 0 0
9.46305988559891 7.37357583519404 10.4740535707795 -0.460418395124426 0.609586777107094 -0.645305247621027 0.787122214021254 0.61644880088876 0.0207242871310334 0 0 0 0 0 0
9.86177389283218 7.50797627867828 10.1399147323521 -0.613623404724179 0.786034112426803 -0.0749445880375295 0.787122214021254 0.61644880088876 0.0207242871310334 0 0 0 0 0 0
10.1206124256509 7.8215532228228 9.78869227272348 -0.533702623632991 0.663853946646031 0.523888773548117 0.787122214021254 0.61644880088876 0.0207242871310334 0 0 0 0 0 0
10.2577934286195 8.28645569499348 9.5568902755093 -0.251019292791608 0.289464567488331 0.923688031109635 0.787122214021254 0.61644880088876 0.0207242871310334 0 0 0 0 0 0
10.3377545758979 8.81734162443114 9.53564299405045 0.127030464200076 -0.19489724044767 0.972562762412276 0.787122214021254 0.61644880088876 0.0207242871310334 0 0 0 0 0 0
10.4466723214877 9.30380072177631 9.7360914248852 0.456819224006049 -0.605214328229509 0.651944639892234 0.787122214021254 0.61644880088876 0.0207242871310334 0 0 0 0 0 0
10.6597220235636 9.65230119395846 10.0851506568969 0.613054723001995 -0.785600374072995 0.0836418487440228 0.787122214021254 0.61644880088876 0.0207242871310334 0 0 0 0 0 0
11.0125175690375 9.82172403615172 10.4532760509615 0.536380483001109 -0.66752370326833 -0.51643787915918 0.787122214021254 0.61644880088876 0.0207242871310334 0 0 0 0 0 0
11.4875810624888 9.8389848291813 10.7036794142221 0.255926329704659 -0.295843617190867 -0.920314222388922 0.787122214021254 0.61644880088876 0.0207242871310334 0 0 0 0 0 0
12.020982970849 9.7888080603635 10.7442971215314 -0.121758515106642 0.188232405298914 -0.974547805699859 0.787122214021254 0.61644880088876 0.0207242871310334 0 0 0 0 0 0
12.5266300218595 9.78153887425632 10.5627666258672 -0.453185264335116 0.600795789937648 -0.658534384055008 0.787122214021254 0.61644880088876 0.0207242871310334 0 0 0 0 0 0
12.9289734776053 9.91122110736949 10.2311231966369 -0.612439354789116 0.785106809209126 -0.0923327397999016 0.787122214021254 0.61644880088876 0.0207242871310334 0 0 0 0 0 0
13.1917113631565 10.2198684623453 9.8784325164639 -0.539017494918765 0.671142625376202 0.508947656026274 0.787122214021254 0.61644880088876 0.0207242871310334 0 0 0 0 0 0
13.3315801937808 10.6815027998932 9.64175647049618 -0.260813876836844 0.302200137256548 0.916870328177033 0.787122214021254 0.61644880088876 0.0207242871310334 0 0 0 0 0 0
