t = 20
b = 13 13 13
E = -1.00262738084891 -1.00262738084891 0
0.49231324379261 15.3397330998182 9.19682034768205 -0.840403031601366 0.373020578775783 0.393164586763628 0.262431862196631 -0.354633618941973 0.897421034977523 0 0 0 0 0 0
0.572873520010888 15.3569350069467 9.72544723370348 -0.934912144853215 -0.317156979047985 0.159219132164189 0.221727102341454 -0.171732421822813 0.959867213411383 0 0 0 0 0 0
0.462504508065576 15.5803445744496 10.2653991590113 -0.565048766202882 -0.814481429101892 -0.131681029236336 0.0255940044923243 -0.176829050673886 0.983908752767155 0 0 0 0 0 0
0.20432952494777 15.6303258709253 10.7339422735836 0.0689008877179337 -0.962810199158387 -0.261245455593524 0.00281566726490791 -0.261679060718118 0.96515083857371 0 0 0 0 0 0
-0.037328200933959 15.3711819283257 11.1574019160225 0.574098863222252 -0.743807579932375 -0.342287568109129 0.110357273427998 -0.3439360253028 0.932485540209847 0 0 0 0 0 0
-0.0594361203618644 14.99605898549 11.544518938591 0.965392139599079 -0.0627964118680823 -0.253129665303787 0.234463145740193 -0.216079359122477 0.947806279706371 0 0 0 0 0 0
0.19373032575887 14.7371445935932 11.9309882043762 0.773861083273225 0.544110592692095 -0.324164598183467 0.463600680932484 -0.137911064164057 0.875245649529362 0 0 0 0 0 0
0.569833052255019 14.5501514266155 12.1732380418184 0.318583894102523 0.94679518716519 -0.0456418226991984 0.436396903333243 -0.103756932815464 0.893751778545858 0 0 0 0 0 0
0.969117954525026 14.4412958483129 12.5118551631635 -0.189832155185929 0.95736169453528 0.217766707037605 0.659148067470718 -0.0401131516544564 0.750942581169802 0 0 0 0 0 0
1.48587950240275 14.5372823397792 12.6757706789118 -0.781755068190003 0.307744740806682 0.542357988661615 0.519842127284473 -0.158754840180373 0.839381357560232 0 0 0 0 0 0
1.61791514248652 14.7025042924337 13.1258255620867 -0.891004547231274 -0.226965325525 0.393189061168446 0.407543447329714 -0.0182407959611029 0.91300362096835 0 0 0 0 0 0
1.65267546202921 14.9901809271219 13.5782843736465 -0.413010489078934 -0.866609982052352 0.280016918985269 0.561928456573484 -0.000526608267732689 0.827185669832762 0 0 0 0 0 0
1.71296550948931 14.8759095692331 14.1157647022015 -0.225405505582818 -0.972328518560472 -0.0613971501533392 0.711109680246292 -0.20727227473584 0.671834225673154 0 0 0 0 0 0
1.77931120979946 14.6560782019971 14.6272492081091 0.378395106461792 -0.682755979492891 -0.625029132019037 0.564853890921021 -0.364622811768031 0.740263660495203 0 0 0 0 0 0
2.04665982101839 14.378644651714 15.0229031471354 0.489275702292433 -0.41221820220019 -0.768560629307207 0.6936013939632 -0.350309486369555 0.62944449322542 0 0 0 0 0 0
2.2692129614675 13.9556275768358 15.2543948223953 0.561018940348985 0.361297397644193 -0.744796575599832 0.826714633704962 -0.198415559168263 0.526473342438168 0 0 0 0 0 0
2.73662763123133 13.6537437732168 15.3424441930269 0.356684918727185 0.836862011713186 -0.415256357090342 0.916668591191996 -0.227740966229843 0.328409418596329 0 0 0 0 0 0
3.25926867883662 13.5688769289251 15.0943940139559 0.0959616893109235 0.984929095884216 0.143895900793922 0.950997391276246 -0.13340789931527 0.278937796266588 0 0 0 0 0 0
3.77324726859069 13.7016977367262 15.0115100926693 -0.364868559014168 0.692788912016364 0.622024483465166 0.84991188146532 -0.0249518225331 0.52633373471245 0 0 0 0 0 0
4.1966742242792 14.0244952411595 15.0835967519511 -0.423559934255937 -0.0304987614657945 0.90535452041847 0.902834998575282 0.0675047416326438 0.424655242761326 0 0 0 0 0 0
9.82905520207069 6.60411057054384 8.57686114074638 0.221682280738916 0.931508265467515 -0.288356234148134 0.875999549513637 -0.0603415594728531 0.478522398067519 0 0 0 0 0 0
10.3628033237017 6.6134040165743 8.5159376097047 -0.215815621475696 0.8451132367492 0.48908816648775 0.772295672819842 -0.158757040634569 0.615106166277579 0 0 0 0 0 0
10.8448462738632 6.79405025425161 8.74480862737195 -0.647509308646253 0.568282795248377 0.507726658588204 0.714296520562816 0.220439417377037 0.664219048189923 0 0 0 0 0 0
11.2338010854939 7.11646133716322 8.94610386183649 -0.718375238787739 -0.0192408204669281 0.695389680053147 0.681061300362634 0.184231500893666 0.708670769276414 0 0 0 0 0 0
11.5067708993994 7.48873016740539 9.26942685490735 -0.614911399760919 -0.538183004752508 0.576405260072832 0.544355349647527 0.239174827483371 0.804035232566595 0 0 0 0 0 0
11.547990520524 7.76734540788326 9.7023026496426 0.0285081765908758 -0.941333244451249 0.336272221211251 0.576543737911636 0.290297284356038 0.76375703268146 0 0 0 0 0 0
11.6677895673651 7.90514316094024 10.2036422405428 0.304764334576598 -0.943522583993836 -0.129937807676125 0.622903914208091 0.0942523544088408 0.776599772954274 0 0 0 0 0 0
11.6934252676192 7.75506686219318 10.6722257322446 0.804585211652184 -0.405462808936706 -0.433869274966283 0.533800314962179 0.173694381201139 0.827579292687674 0 0 0 0 0 0
11.9694002368085 7.54727530943372 11.0641709220209 0.684131568950503 0.357023063908403 -0.636001987577696 0.650965558036815 0.0943931807800261 0.753215619641579 0 0 0 0 0 0
12.3955288017532 7.39133185633561 11.2974222974044 0.170152702912913 0.946604450161267 -0.273839501581336 0.582112659944736 0.12766824601177 0.803022832858657 0 0 0 0 0 0
12.8966217155506 7.48880214093529 11.3995825090794 -0.324280306905206 0.926545172317963 0.19067334949526 0.647154502957208 0.070279279572525 0.759112555662845 0 0 0 0 0 0
13.3349478553496 7.54626250336429 11.6227439827257 -0.718359298310653 0.537897533214356 0.44116455239801 0.57727247156046 0.107013778016928 0.809508829410169 0 0 0 0 0 0
13.6572017330543 7.93689934195721 11.8689808121359 -0.818017754227206 -0.0519945664265461 0.572838126202502 0.546460563799117 0.240577029885616 0.802186726955618 0 0 0 0 0 0
13.823127426194 8.34732172930845 12.17345943279 -0.659935053675021 -0.482009715181095 0.576326608271721 0.534058675375443 0.238593310842504 0.811082340627287 0 0 0 0 0 0
13.839223271028 8.63949633230853 12.6184010392697 -0.254594009975445 -0.886532414577077 0.386318738852725 0.30392051678063 0.305890169406999 0.902254688954262 0 0 0 0 0 0
13.6790889762517 8.74739191565853 13.1197997357662 0.250678627789481 -0.968069271121796 -0.00145323064172021 0.486477959772284 0.124673871218689 0.864751768134151 0 0 0 0 0 0
13.5776759340499 8.62468412538554 13.6329695860069 0.723849202974864 -0.648981002075306 -0.234234904098401 0.434942307177015 0.165666262762876 0.885087497827033 0 0 0 0 0 0
13.8086838117417 8.34788879658175 14.031347306914 0.79597798779598 0.246970312086968 -0.552652429553991 0.594697010686703 -0.148717720341401 0.790074999691014 0 0 0 0 0 0
14.268074488266 8.09604244010772 14.2338579137454 0.378805746112485 0.857403694220724 -0.348374958699413 0.762920438950995 -0.0762155073278223 0.641984112166013 0 0 0 0 0 0
14.7951457642116 7.99641327437292 14.2029548147674 0.0335211602969466 0.96261968352753 0.268774397399947 0.837753446722859 -0.173715034134773 0.517679678391497 0 0 0 0 0 0
3.40434759538111 4.82174032586885 11.5943986384819 -0.487994442389579 0.488511623584007 0.723337969292503 0.860946386704856 0.405773056936442 0.306789089578341 0 0 0 0 0 0
3.64453114629841 5.2999185343353 11.6427986894626 -0.394185452347585 -0.112436513145822 0.912127107189091 0.838084444777777 0.363303065887627 0.406970939672818 0 0 0 0 0 0
3.79062370802293 5.75020036817823 11.8969410425605 -0.116191570737441 -0.642782444278821 0.757185742216868 0.831376717942237 0.354164000076738 0.428229627551899 0 0 0 0 0 0
3.91023039754188 6.05395992362264 12.3236839094217 0.204045825621822 -0.905862201009929 0.371185901978721 0.791240391994311 0.37587330996076 0.482346241755681 0 0 0 0 0 0
4.02651996562654 6.15806153294234 12.8484939577487 0.517762583510549 -0.745203171428242 -0.42023105597965 0.833653310234903 0.329110872011458 0.443517972869472 0 0 0 0 0 0
4.35184278070124 5.94311180832421 13.2181516155848 0.563316916288081 -0.143990612826739 -0.813597415950584 0.8028109068599 0.328222332603622 0.497759729394638 0 0 0 0 0 0
4.79963710548351 5.70597048364964 13.3968394353788 0.411843779549756 0.636694764511159 -0.651923675049658 0.780865993384926 0.122185742874604 0.612632797533036 0 0 0 0 0 0
5.32153136566446 5.57844241975629 13.3899057330377 0.00715387786506805 0.95762570808347 -0.287926770636431 0.796865164415702 0.168490342079698 0.580186965009213 0 0 0 0 0 0
5.85131790945282 5.58694140305827 13.3008041762502 -0.193665412338471 0.809603336209595 0.554108424464078 0.962448636422526 0.0472709518880124 0.267316440489584 0 0 0 0 0 0
6.3817873022226 5.75004113880252 13.287921321179 -0.554180195851834 0.498790693009866 0.66640239727387 0.811745160616346 0.501062151933893 0.300010856662419 0 0 0 0 0 0
6.65571764840109 6.16620634521515 13.2447089753966 -0.378999792887694 0.132927864642899 0.915799836095511 0.868795128661715 0.391906481883542 0.302662078680728 0 0 0 0 0 0
6.88153231648246 6.60912409817381 13.3320737369981 -0.12029100873833 -0.43304461505841 0.893309820043208 0.80458117553251 0.484588263271983 0.343254056170888 0 0 0 0 0 0
7.07601159115454 6.81087570504993 13.808000710134 -0.0100576126351648 -0.889661161061904 0.456510528822792 0.708566840649805 0.315792838527808 0.631037174393161 0 0 0 0 0 0
7.12101986292224 6.8787250880057 14.3422155546403 0.227232692629171 -0.973450805250709 0.027546926457266 0.736874689585173 0.190365009094629 0.648673149714983 0 0 0 0 0 0
7.4041978707355 6.74268139884991 14.8282191151408 0.293536295105397 -0.733127485204957 -0.613482301205873 0.873392645286417 -0.0552121010410405 0.483876958594051 0 0 0 0 0 0
7.70163383572668 6.47485551631726 15.1866688961335 0.541457821111529 -0.0809660204983527 -0.836820130901388 0.83324114431194 0.184219096860758 0.521318060091472 0 0 0 0 0 0
8.19021134387921 6.17999157662347 15.284577063328 0.454458910062065 0.657197214588904 -0.601297696820623 0.743907021544429 0.0912893034936741 0.662018584606607 0 0 0 0 0 0
8.66386931137122 6.18545374002128 15.4124461009413 -0.0752120282410329 0.954532448720936 -0.28846309148084 0.743425559612094 0.246472221712458 0.621747441683172 0 0 0 0 0 0
9.20387202147825 6.20118943900057 15.4136638095511 -0.349217446302332 0.848499767096849 0.39761202249765 0.902624432552853 0.190658809895376 0.385899406539993 0 0 0 0 0 0
9.67709396894871 6.55068461320195 15.5310441746623 -0.401943110980826 0.0102819170439907 0.915606912226506 0.901759782435576 -0.169154326338959 0.397763885568506 0 0 0 0 0 0
-0.17087826066653 13.3065876585139 9.72940321583499 0.267573303781797 -0.677562265967122 -0.685064889511054 0.96232002433577 0.152190144052382 0.225340477535035 0 0 0 0 0 0
0.266608821941439 13.0718321800867 9.93478096540372 0.175999809919313 -0.116680237920316 -0.977450658083171 0.959845325720013 0.240692234292984 0.144097880083273 0 0 0 0 0 0
0.834235044323587 12.9202090257652 9.96188338934773 -0.0480050814874607 0.51323704066044 -0.85690329223635 0.823980054927015 0.505257398951661 0.256460191622549 0 0 0 0 0 0
1.29721836381172 13.1177904008581 9.78820912065394 -0.294356022918214 0.898877807496077 -0.324612413445354 0.899497629462997 0.375333513496429 0.223671116232908 0 0 0 0 0 0
1.72442486004026 13.327212859599 9.53856548369632 -0.473169024637955 0.843769251099465 0.253307175228448 0.825175111036912 0.525186291945527 -0.208003353044433 0 0 0 0 0 0
1.93210069480325 13.647275132513 9.17994103290923 -0.272069119217121 0.57869165860239 0.76882661155324 0.845379279209322 0.525411516985175 -0.0963151706786833 0 0 0 0 0 0
2.18531662715529 14.1469913826352 9.20041931794658 -0.0717784451250232 -0.103116963158644 0.992075978302253 0.734103737088527 0.667889946957715 0.122534574490135 0 0 0 0 0 0
2.37793972312758 14.6060859230157 9.3422435282396 0.366888185933586 -0.618018221214857 0.695303198086121 0.689318542222428 0.682516402456303 0.242922431501194 0 0 0 0 0 0
2.56755437663268 14.9118051602574 9.74132639341282 0.596113856531142 -0.801622929507072 0.0452653171873231 0.790032962498399 0.59568049312191 0.144957470590662 0 0 0 0 0 0
2.97453484621039 14.9556786183444 10.0793422406573 0.622252127444534 -0.558533794327297 -0.54849092105987 0.770344648560904 0.56147314107134 0.302187084914395 0 0 0 0 0 0
3.34835908052013 14.9557167913263 10.4652703978367 0.300826377989788 -0.010480680453172 -0.953621332418054 0.840028804620952 0.476316518936938 0.259757928069371 0 0 0 0 0 0
3.88295606143878 14.963114158575 10.5185287217759 -0.0405024303583584 0.363964138725189 -0.930531922535223 0.817734065351962 0.547235279122233 0.17845040668758 0 0 0 0 0 0
4.39541970786003 14.998601793739 10.3610271631631 -0.43067946249667 0.773553590016136 -0.464897885515441 0.79018414376696 0.572074344781475 0.219863509892212 0 0 0 0 0 0
4.84735824699459 15.3305259352187 10.3092532132823 -0.802014542990879 0.559296835797849 -0.209665739446492 0.466797026016335 0.805896447728048 0.364186012968125 0 0 0 0 0 0
5.00811733746375 15.6450421557408 10.0581505534703 -0.596439870636209 0.520699360728738 0.610845034728242 0.776109973788546 0.568232542006671 0.273432051505633 0 0 0 0 0 0
5.27528670263491 16.064505969078 10.0083071660035 -0.411814642600931 -0.015054987296699 0.911143263980459 0.682791007435016 0.657069682889723 0.319461847476463 0 0 0 0 0 0
5.33681076390667 16.5546167668891 10.1571194241816 0.101084702538628 -0.549749854980368 0.829190557026395 0.603897344860801 0.696253588793392 0.387993475412149 0 0 0 0 0 0
5.44852723627639 16.8591568078999 10.6193089400032 0.324871980842619 -0.811465026319139 0.485780513322913 0.561842517944879 0.578772577416267 0.591062846624865 0 0 0 0 0 0
5.66019301826154 17.0204284873637 11.0758272483376 0.557044084757122 -0.829187333645976 0.0463708244284964 0.59391074474395 0.436770851051787 0.675648763004258 0 0 0 0 0 0
5.74650256436539 17.0292902697833 11.5674082130495 0.761024286073099 -0.321373040155303 -0.563525869031997 0.646276052723714 0.450967366406458 0.615593776862858 0 0 0 0 0 0
11.8949447837484 1.58182097326246 3.24953115093155 -0.572197686836385 0.813393550991061 -0.104789018438208 0.331866983680893 0.346491606712741 0.877386956604764 0 0 0 0 0 0
12.1434985703619 1.85948438973371 3.41954865387145 -0.907284420851349 0.121831483096182 0.402482383971047 0.4174103684898 0.377049315146754 0.826802514645773 0 0 0 0 0 0
12.2689610185867 2.32253663370326 3.77080363137585 -0.695924946001652 -0.481202453399212 0.53304096313058 0.393112143993588 0.365898965207341 0.843552481772748 0 0 0 0 0 0
12.2548292481855 2.53751874389743 4.22112891446068 -0.147846159302672 -0.944476383669535 0.29343802389937 0.19112253587582 0.263821740182444 0.945447124744426 0 0 0 0 0 0
12.2169072430266 2.68077401723972 4.74321554778812 0.291862794654639 -0.953756135129749 0.0718703262741239 0.484504701676913 0.212215872568923 0.848657538399782 0 0 0 0 0 0
12.1353397001682 2.5860863388016 5.26577279979254 0.71530267098003 -0.650660381874941 -0.254917940418464 0.489567793702199 0.206281397352157 0.847213881187037 0 0 0 0 0 0
12.3788954750604 2.45672523879751 5.75699675957859 0.830472576538382 -0.173833162972707 -0.529242223437062 0.551097748128197 0.117755245869286 0.82609017309147 0 0 0 0 0 0
12.6830038049916 2.1133734464642 6.03684095281179 0.68913509475266 0.559644056068701 -0.460316577680204 0.593327224176845 -0.0711059700023538 0.801814658185184 0 0 0 0 0 0
13.1433535859883 1.89583440821483 6.20842168626444 0.279456066710798 0.933485974643432 -0.22474038783123 0.563694787994738 0.0299753504932936 0.825439073675563 0 0 0 0 0 0
13.5814888094702 2.05382312671157 6.48105401823767 -0.344895788151889 0.93759746808811 0.0442479733982567 0.456299112445076 0.126281415854489 0.880820142816694 0 0 0 0 0 0
13.9862723581778 2.32243783535804 6.6935597123616 -0.752885466165186 0.586805809268249 0.298030899482363 0.545013991101948 0.302028486282923 0.782137163786999 0 0 0 0 0 0
14.2527826782168 2.7316432799033 6.72757998925076 -0.622735293272478 -0.116259932809985 0.773746975784629 0.60938251432224 0.548205542565054 0.572820769821818 0 0 0 0 0 0
14.3753113363848 3.19733953183168 6.91477476763789 -0.503059515111409 -0.509218369064274 0.698303499105794 0.487570437388901 0.499913117795369 0.715794623645993 0 0 0 0 0 0
14.360275850933 3.52151098164123 7.34299422939082 0.0311183312260797 -0.933564950438323 0.357054803601347 0.570087212314936 0.310001869078567 0.760854395743877 0 0 0 0 0 0
14.30324110822 3.61151124307419 7.86556437837692 0.606217432562105 -0.793848381359855 -0.048012205428914 0.421920516337958 0.269848684757447 0.865543046432578 0 0 0 0 0 0
14.4773025503441 3.62739901040565 8.38315261629738 0.803046559134266 -0.470497523300448 -0.365716152816307 0.531654180614823 0.288442735642444 0.796331978819063 0 0 0 0 0 0
14.804655800226 3.55309461541217 8.72540685166481 0.729806579271365 0.00981031161399938 -0.68358329019825 0.64671506497729 0.314317470761416 0.694956223301558 0 0 0 0 0 0
15.1603171406303 3.58646237641927 9.13876110642322 0.248258165781964 0.434573469374864 -0.865744640663786 0.782709392877252 0.436570363234745 0.443590266176802 0 0 0 0 0 0
15.6083921131461 3.79681626676213 9.48512808130359 -0.268183471915616 0.859346815617573 -0.435431597244875 0.82284122290589 0.439391323698392 0.360371456340972 0 0 0 0 0 0
16.0699798242737 4.04883783113709 9.34334756274979 -0.568567460020005 0.776618767604833 0.271282755092082 0.822489135299176 0.530421158922662 0.205341219636864 0 0 0 0 0 0
6.7043954287944 8.33685330388323 2.53856074993881 -0.0303643821650149 -0.798769794629179 0.600870052077649 0.396729720968622 0.542135591621494 0.740739177306947 0 0 0 0 0 0
6.63482173842317 8.55103455479529 3.02638345900865 0.693827291043219 -0.674204767001028 0.253084219888791 0.427212708179752 0.668263897605323 0.609025997086384 0 0 0 0 0 0
6.7426926352923 8.64847505512904 3.54363999170951 0.865907499380882 -0.0375062849999229 -0.498796031561453 0.32209923598855 0.804735048736169 0.498651765775664 0 0 0 0 0 0
7.01089770820999 8.863753078684 3.86215341265134 0.198478191294927 0.499127579853427 -0.843491592495121 0.379600909472187 0.754295643981472 0.535668956537959 0 0 0 0 0 0
7.38226654031405 9.23608088429082 3.95082102256596 -0.328323143702363 0.462471127665744 -0.823604498157321 0.360035688405206 0.867387369010679 0.34353086492384 0 0 0 0 0 0
7.66608593165296 9.66186741049043 4.00358101808257 -0.881114226267045 0.258339862587864 -0.396103819304876 0.0854241988317116 0.910768896161454 0.403983569020828 0 0 0 0 0 0
7.66641605929149 10.2081589567521 4.0404290879687 -0.976109975377139 -0.17867285842206 0.123633836923924 -0.112173997026708 0.90172031311525 0.417513438474005 0 0 0 0 0 0
7.39524053247984 10.7125546185698 4.07883054330768 -0.65353898014884 -0.4838482649764 0.582046096031355 -0.11257594729607 0.82257869375588 0.557396581142425 0 0 0 0 0 0
7.04720690045433 11.1368040796523 4.05384429942391 -0.0840137126335786 -0.469013292137406 0.879186116751143 0.117085115232687 0.871547167951073 0.476126674139785 0 0 0 0 0 0
6.79361233079169 11.5093941479968 4.34633624346179 0.543986761962622 -0.492982196860879 0.679004386132847 0.171891403963743 0.857521847071616 0.484881044214204 0 0 0 0 0 0
6.6677341976824 11.7763357787501 4.79531504417965 0.988449120354626 -0.13504295722074 0.0687876164381496 0.108566770560848 0.947636791326173 0.300329432548699 0 0 0 0 0 0
6.77752812749681 12.0464791030343 5.24659431407685 0.901869848158109 0.0502779435786645 -0.429072144717842 0.0940328903322553 0.946544637442249 0.30856290260672 0 0 0 0 0 0
6.99620339716316 12.2778396063305 5.57859026501 0.369662449180967 0.439202053459663 -0.818810863327023 0.0814426320160651 0.862524646177067 0.499417993696084 0 0 0 0 0 0
7.14519944036772 12.8051729242187 5.72339721300716 -0.0906649988885763 0.152625076258212 -0.984116580529822 -0.111064534530344 0.980472309605913 0.162292080107456 0 0 0 0 0 0
7.27320467318578 13.2184805709177 5.68655816306739 -0.606364595850212 -0.00897460325578949 -0.795136109981059 -0.201140702702991 0.969149375295809 0.142449661564671 0 0 0 0 0 0
7.48261536845887 13.7122368419613 5.48851145663513 -0.967203023242927 -0.136248107490274 -0.21437062540157 -0.129113107400663 0.990515027746872 -0.0470083535657026 0 0 0 0 0 0
7.47995988701271 14.0946040552299 5.10489498846036 -0.917947411602245 -0.0580225385404616 0.392435898656149 -0.0637787872228777 0.997962722915587 -0.00163400467758607 0 0 0 0 0 0
7.19618837240273 14.5077560749123 4.93382514252284 -0.605949195104339 -0.00587405126399583 0.795481658163249 -0.172680130025551 0.977100619446692 -0.124321969785114 0 0 0 0 0 0
6.7852093602832 14.8324434471996 4.81399416158402 -0.0143128919080897 0.0450367460223453 0.998882792239884 -0.159315626656254 0.986120436825385 -0.046744145926919 0 0 0 0 0 0
6.42235725661755 15.2080266827076 4.94032977093112 0.599361647960656 0.00161082839403033 0.80047674556215 -0.152602287426909 0.981888182828631 0.112285966592288 0 0 0 0 0 0
0.92884591265294 6.24894285245955 5.60037651985856 0.841762854548323 -0.089945141427921 -0.532301764261748 0.525663103434463 0.361106015469642 0.770247198813009 0 0 0 0 0 0
1.32439144530271 6.22243587104317 5.85389502911455 0.467207601210279 0.550233011571691 -0.69206985944201 0.586563391532169 0.392796184049978 0.708275755274776 0 0 0 0 0 0
1.77921916244489 6.28807939862733 6.20778105819007 -0.0195604262402155 0.826114931192562 -0.563162063873278 0.692908677970456 0.417261150546635 0.588022700444238 0 0 0 0 0 0
2.29339620654539 6.32704834137319 6.20634265964406 -0.397925588051163 0.915190287233921 -0.0638902537702594 0.784591020343612 0.37557947625739 0.493312261970443 0 0 0 0 0 0
2.7398502078326 6.61496794769407 6.12592980526723 -0.689492751751707 0.575869293405621 0.439288404347725 0.719050983956693 0.471398744177453 0.510635786504269 0 0 0 0 0 0
3.18158192904961 6.98590146709536 6.34580372190132 -0.735239346414458 0.0642829990178593 0.674752398677701 0.627598915176232 0.440569708547091 0.641886231025677 0 0 0 0 0 0
3.44334125255292 7.43291619855392 6.61838759186843 -0.673752312382406 -0.436951691046497 0.59592872161943 0.382013624090791 0.484367768925822 0.787053654736983 0 0 0 0 0 0
3.29896434545254 7.80993985570659 6.97292048563389 0.0672685599836324 -0.786771449901775 0.613567947710103 0.214092876119542 0.612018763284274 0.761312861958112 0 0 0 0 0 0
3.21869593723309 8.04972801818216 7.46267884916807 0.488926250059491 -0.847209595967236 0.20781487555947 0.387320267938904 0.424297689915351 0.818507471179239 0 0 0 0 0 0
3.17469924473964 8.09098505366823 7.94203118105737 0.891621099109901 -0.3283664024922 -0.311748811283031 0.42863728869439 0.390303600159265 0.814820946247357 0 0 0 0 0 0
3.43702302431665 7.94425125139594 8.27806033342564 0.707779328304497 0.534217189808124 -0.462234157693205 0.33286773810243 0.324930228885833 0.885222805448873 0 0 0 0 0 0
3.84866921067908 7.89881615957851 8.62035870006383 0.222180569735068 0.879989355834466 -0.419826783388389 0.365127386658757 0.324160531789671 0.872698081321131 0 0 0 0 0 0
4.27572691878565 7.97734698040614 8.94032546135378 -0.405587958740256 0.816677006861886 -0.410532671279672 0.18504418863657 0.513194217898917 0.838087312257472 0 0 0 0 0 0
4.57616625339216 8.37174017829541 9.2037144448933 -0.860125218658884 0.461576273786969 -0.217098944502146 0.180472843847512 0.673466858275301 0.716848619611134 0 0 0 0 0 0
4.70032318145818 8.88065126063277 9.32321201644094 -0.963461787615478 0.0514069020837968 0.262866342887283 0.237195153181436 0.619631897484482 0.748194340346822 0 0 0 0 0 0
4.58485924515927 9.36172470728181 9.53278663432661 -0.526979709624288 -0.624502980102155 0.576444631762521 0.291405879070451 0.504376371781457 0.812826604653017 0 0 0 0 0 0
4.4085949607037 9.63503428284936 9.91940297656855 -0.197818229244709 -0.802280187620594 0.563217940703198 0.0258913955775095 0.570095301519076 0.821170495585979 0 0 0 0 0 0
4.10233139575291 9.8340213038618 10.3134739046647 0.527289483462369 -0.728107064889661 0.437979340480519 0.129622648053654 0.578357096075906 0.805419790252389 0 0 0 0 0 0
3.94368044419301 9.9622875999857 10.8105279610471 0.967410383017147 -0.249149221552054 0.0451864607003245 0.128192778053641 0.635796170030826 0.761137203025199 0 0 0 0 0 0
4.00178337448015 10.1611575323574 11.3137808391209 0.866251785353968 0.231127021054719 -0.44293130901917 0.133766027685621 0.746894789938806 0.651348464801657 0 0 0 0 0 0
7.79292032200095 4.47428804064959 -3.16584177511495 0.271446543496436 0.817788820816497 0.507482234734774 -0.173604216826918 -0.47702792880574 0.861571779388821 0 0 0 0 0 0
8.08774985675487 4.26795480721518 -2.76685901316195 -0.375413881656672 0.80894439514488 0.452408425013453 -0.146438926961717 -0.533747223353757 0.832868262231463 0 0 0 0 0 0
8.25673593794549 4.20268942892085 -2.29345102215527 -0.80284872866631 0.575122597009263 0.157060234586001 -0.08182475038517 -0.367246806477259 0.926517400460812 0 0 0 0 0 0
8.33622241557152 4.36964891541675 -1.78897948493836 -0.976791012445392 -0.212820636908519 -0.0242217776341575 0.0743118648363345 -0.442769775383807 0.893550598875699 0 0 0 0 0 0
8.19273030245578 4.48926628156297 -1.28520691590728 -0.723293888169343 -0.664914620378125 -0.18637193711578 0.0911924669001169 -0.359502376559572 0.928677541038163 0 0 0 0 0 0
7.89377669228646 4.4528903159804 -0.840247782712972 -0.139128264429575 -0.918432528904359 -0.370303950677221 0.0739047447361456 -0.382527879638115 0.920983447193843 0 0 0 0 0 0
7.65868245597847 4.07242988502451 -0.420855635593702 0.51714525647682 -0.653631069539572 -0.552564212228841 0.192016525987896 -0.540538403513115 0.819114087337675 0 0 0 0 0 0
7.7351945136062 3.55273937359417 -0.0932169172154945 0.727713935290188 -0.207092586239756 -0.653869321125404 0.464989047127225 -0.551843570501474 0.692281633259109 0 0 0 0 0 0
7.8842612907312 3.11708852362186 -0.00734110229246167 0.906795827665549 0.360699764818544 -0.218213213596699 0.401918420773632 -0.583500830410295 0.705682906094038 0 0 0 0 0 0
8.11490097602677 2.59697592688694 0.0619629288891348 0.710741431506653 0.594222264794776 0.376492387123619 0.285892772942111 -0.733013796415297 0.617216409895512 0 0 0 0 0 0
8.30831549219223 2.2434908563736 0.324860189731377 0.204575833214022 0.814604671102402 0.542741152192217 0.249943639785024 -0.5795593692607 0.775653991437647 0 0 0 0 0 0
8.49048563581091 1.91074808632694 0.722441723809517 -0.443124498111308 0.824518683189087 0.351865912309981 0.0295193624540619 -0.378872508362255 0.924977961709142 0 0 0 0 0 0
8.71801623177064 1.92377783438398 1.20900637078476 -0.902340661077674 0.403180299585697 0.152403994015552 -0.0521017070470299 -0.453021524710789 0.889975791958128 0 0 0 0 0 0
8.65797220162211 2.0057169920812 1.73540460039173 -0.938784895189983 -0.0799250935559528 -0.335104312092824 -0.246180856529906 -0.524813766454765 0.814840779795516 0 0 0 0 0 0
8.30525778667391 1.98362072040985 2.07205435970367 -0.566957408826283 -0.644095227287423 -0.513517901112074 -0.306621833402235 -0.413584361973159 0.857281183050408 0 0 0 0 0 0
7.96435305065856 1.94401009374621 2.41539572838848 0.0175447465607914 -0.90814607957361 -0.41828564405583 -0.233829822597275 -0.410475525374355 0.881381561602451 0 0 0 0 0 0
7.61499868015916 1.65854646300258 2.66985438795468 0.722170071875988 -0.691496376129943 -0.017411177036215 -0.349580514596139 -0.386576002814591 0.853435678808071 0 0 0 0 0 0
7.35055604709177 1.32759409669275 3.07368332178022 0.914346169920894 -0.402228173025679 -0.0467287745978496 -0.129407565610863 -0.399599388986776 0.907509785227722 0 0 0 0 0 0
7.23642511058416 0.895965701940935 3.36166225793171 0.944475755326159 0.284657412096001 0.164121008222253 -0.0540469104419647 -0.358095034270516 0.932119562021137 0 0 0 0 0 0
7.45516935851111 0.468594302686654 3.60288776076396 0.466741080964745 0.779265112541122 0.418208856573046 -0.0582736865417265 -0.444750222924821 0.893756911394345 0 0 0 0 0 0
8.0638676608185 5.78556410112042 6.80586894348279 -0.534120523325748 0.669291499794619 -0.516492163410927 0.718738114799579 0.681161565647583 0.139407474042393 0 0 0 0 0 0
8.41818461049415 5.97942049148318 6.6379429765312 -0.6192877936101 0.757190833523864 0.20771295172177 0.783140773983234 0.614664932047477 0.094220748436909 0 0 0 0 0 0
8.65260961475261 6.34397309985436 6.49400348787062 -0.271826783231649 0.362848726636101 0.891319808764785 0.584214241745717 0.798216588687199 -0.146778735810226 0 0 0 0 0 0
8.60348582927595 6.87260666343784 6.41142921056935 0.231962829170169 -0.0422483293397026 0.971806732098196 0.619063737654526 0.777024721075442 -0.113985400639028 0 0 0 0 0 0
8.60723797800734 7.391609719019 6.55037830842782 0.715089280752703 -0.300735204213602 0.631035385298784 0.534475719176339 0.817040695057629 -0.216287327947528 0 0 0 0 0 0
8.86994001851139 7.83047254212439 6.69537357260691 0.729047114330517 -0.652549783770544 0.206564965053036 0.678552786012925 0.728628008052828 -0.0930985632277166 0 0 0 0 0 0
9.11005512994865 8.14146192807143 6.9662398828864 0.608675869800363 -0.577157153193789 -0.544429339804544 0.673945712919174 0.738207231911784 -0.0291077101642937 0 0 0 0 0 0
9.53159542802333 8.34037080078298 7.01650783507496 0.242336329920862 -0.331784842779165 -0.911697275032942 0.629293407120666 0.768971484800216 -0.112572924447291 0 0 0 0 0 0
10.0284731963208 8.5695323675991 6.82121060446422 -0.148324530932108 -0.0163970313881043 -0.988802796762543 0.729558346463102 0.673201447543696 -0.120600290758758 0 0 0 0 0 0
10.508746530705 8.6554939154261 6.59619229700217 -0.644803416439762 0.444800867401992 -0.621595320531007 0.747757885426696 0.535606999564228 -0.392407042240582 0 0 0 0 0 0
10.8468587484646 8.72691998672139 6.18463632368783 -0.618554337072981 0.784423802428203 0.0454953873737166 0.645448139938482 0.540279165139159 -0.539902882346897 0 0 0 0 0 0
11.0715757595467 9.004543307006 5.79410253547976 -0.39233186896567 0.748726569217242 0.534307242269916 0.512008348199324 0.660333637521735 -0.549369582823361 0 0 0 0 0 0
11.0875955117835 9.51634301453547 5.46643211181046 -0.0117442271326337 0.509278888218495 0.860521404233498 0.420727539066389 0.783212886798624 -0.457783695454203 0 0 0 0 0 0
11.1507493873823 10.0216079895998 5.38150662209269 0.347256429064581 0.0187071453572327 0.937583604371311 0.583550722522802 0.778332484733462 -0.231661601159432 0 0 0 0 0 0
11.2814495766683 10.5228721213699 5.52153454869988 0.687008455550022 -0.319855649104678 0.65246589622646 0.493824980143153 0.864211347847874 -0.0963100993539857 0 0 0 0 0 0
11.6470269602563 10.8657959779787 5.55335763002271 0.667106539858488 -0.646864657473311 0.369506399660373 0.741496619518864 0.624354939291533 -0.245690197249223 0 0 0 0 0 0
12.0640914997089 11.2229246184846 5.6176047907266 0.444323613503294 -0.895169824619969 0.0353201298586004 0.871488645493681 0.422762223299091 -0.248555111246577 0 0 0 0 0 0
12.569380658834 11.3602505250476 5.7380604388948 -0.045835505806051 -0.764521488206076 -0.642966562488805 0.89359651241838 0.256325401713253 -0.368486853809262 0 0 0 0 0 0
13.1227325934327 11.4127944026478 5.60393902424242 -0.525386966565368 -0.343176092383949 -0.77858763474597 0.814780950357709 0.060732962283875 -0.576579144807038 0 0 0 0 0 0
13.4766108184292 11.1078735226159 5.33846103850286 -0.576843138075209 0.41127193388895 -0.705767235319683 0.796195078776974 0.089994952660672 -0.598309539475121 0 0 0 0 0 0
4.71002042590227 10.7269938442791 8.6651636559227 -0.17508316844287 0.984549665582406 0.00280002313873736 0.399088468263913 0.0683697807019827 0.914359867659078 0 0 0 0 0 0
5.09667014815417 10.8202812444426 9.13356475452344 -0.471232709180256 0.880992784005641 -0.0423255044698365 0.450584503165498 0.281710536234679 0.847120286194039 0 0 0 0 0 0
5.44119763809242 11.1692839631056 9.27909204824955 -0.689841503730156 0.519717328912741 0.503996624749734 0.68052543465399 0.228005303014509 0.696346691373097 0 0 0 0 0 0
5.75571835221581 11.5581752075663 9.51248210906817 -0.722194955844909 -0.272395404220771 0.635794927245864 0.58278459959629 0.255460519017773 0.771428566813909 0 0 0 0 0 0
5.81176139109098 11.9221840744435 9.87888443654884 -0.102880285062305 -0.901345962108907 0.420703106163324 0.639915814564563 0.263829384400972 0.721735274319314 0 0 0 0 0 0
5.96206562248918 12.0493834599694 10.3693938635548 0.184497507251558 -0.981255374968286 -0.0556647007879334 0.695461928102032 0.0903227185845916 0.712863600605399 0 0 0 0 0 0
5.96613741753789 11.875305546915 10.8776904332757 0.612840594892054 -0.667926757292495 -0.422256145183329 0.57612838909002 0.0119425637248415 0.817271958687081 0 0 0 0 0 0
6.13033559533882 11.6270030123797 11.3273155299818 0.594177331423727 -0.36033097351504 -0.719107007578068 0.676968784182545 -0.258767169452301 0.689023089058742 0 0 0 0 0 0
6.40404588855721 11.213298150791 11.5337521183148 0.705330671077026 0.38413660607696 -0.595774883919847 0.654121205000281 -0.0287927394241329 0.755841535856184 0 0 0 0 0 0
6.81642098200519 11.1171954157838 11.6460611111203 0.132633078773223 0.972888317459512 -0.18946447731946 0.649748146843371 0.0590084663163041 0.757855755785099 0 0 0 0 0 0
7.33208000990579 11.236750477935 11.7381885021448 -0.463001982754491 0.874771009993878 0.142845525095125 0.470513416686804 0.105988128058963 0.876004361534957 0 0 0 0 0 0
7.75129075670675 11.5070184398175 11.9379450556412 -0.775279614283106 0.3929931907446 0.494467260499033 0.577370636854822 0.123533016384594 0.807082859166753 0 0 0 0 0 0
7.93973004587947 11.878641232099 12.2329418794558 -0.719737681409297 -0.437300837157202 0.539208352848117 0.468146736972222 0.267819618560934 0.842087456607767 0 0 0 0 0 0
7.93487064621248 12.2428855861274 12.6983531860205 -0.521892730358247 -0.77158483905106 0.363709793854611 0.332444721745725 0.208686921006331 0.919744679780375 0 0 0 0 0 0
7.82703470709392 12.5347798814105 13.0894133708965 0.0368339820635797 -0.983669109211853 0.1761770170814 0.194237494499903 0.179981655837709 0.9643020270083 0 0 0 0 0 0
7.65513696707988 12.5157216068344 13.5981107772852 0.602220941732163 -0.795581153412536 -0.0661858419452719 0.434181397312915 0.256825699669962 0.863439096993204 0 0 0 0 0 0
7.75913374747088 12.3624369788581 14.0263753780404 0.885856557412839 -0.051441800240785 -0.461098580432277 0.444598669850934 0.378220096870295 0.811961563801024 0 0 0 0 0 0
8.00377298328992 12.1725989777846 14.4701750337681 0.581354463932696 0.597260879479252 -0.552545409092499 0.369822069237871 0.410928961235604 0.83328808099147 0 0 0 0 0 0
8.43133472654989 12.2203656516643 14.7414036633294 -0.0587545210803739 0.91251710226085 -0.404796793878209 0.294557637619986 0.403290394142045 0.866367506380801 0 0 0 0 0 0
8.73343301303225 12.466222949777 14.9603421486784 -0.730583023449647 0.68193130356943 -0.0349019062412177 0.284519539647823 0.350487316408267 0.892304473033461 0 0 0 0 0 0
9.0752548819492 7.25309538566162 9.30768806537013 -0.258641240618976 0.434966987106093 0.862501263059321 -0.261885300255668 0.827868627224087 -0.496033895583864 0 0 0 0 0 0
8.86634809977467 7.66088033158594 9.04301203738185 0.375263385078537 0.309317261615234 0.873784998432824 0.0341876432722146 0.937417364404411 -0.346525453553674 0 0 0 0 0 0
8.65396072130993 8.09129896793918 9.05574093512961 0.992581701022154 0.0639557499354172 0.103398398663454 -0.0403459400442906 0.975536940685854 -0.216101555938932 0 0 0 0 0 0
8.80341175815531 8.48804030504398 9.17039268196952 0.775549772920696 -0.0666563615143513 -0.627757500307504 -0.0619406757196979 0.981576904721469 -0.18074881136209 0 0 0 0 0 0
8.99665631394635 8.98934888052748 9.31577118546352 0.31495233639459 -0.207566024736698 -0.926132480358287 -0.146086173771116 0.953563094982122 -0.263393723769249 0 0 0 0 0 0
9.29654568692592 9.37147976742929 9.23751563960247 -0.649021793355321 -0.136458718772274 -0.748431513113172 0.0716976910511357 0.968431842524015 -0.238745067977281 0 0 0 0 0 0
9.35595860166858 9.6948620485012 8.79831409925372 -0.965501458926706 -0.0889696064440626 -0.244727076433304 0.0629505976908114 0.832196576628601 -0.550895707097093 0 0 0 0 0 0
9.29010886703169 9.89243937591032 8.33120049867445 -0.810200307393384 0.331152791193066 0.483645831972846 0.02965219744285 0.847217712551472 -0.530417660646646 0 0 0 0 0 0
9.11271170254209 10.2526797202354 8.04407341388095 -0.214482365382279 0.446806414568839 0.868539776199203 0.187727310199224 0.891512849810774 -0.412266049569493 0 0 0 0 0 0
8.95343282818938 10.7852482002824 7.91259648374081 0.233825920974769 0.0158368785805259 0.972149490539972 0.217616003857953 0.973648593081035 -0.0682033141146129 0 0 0 0 0 0
8.76134148269844 11.2276784038638 8.11110581415555 0.779818672077687 -0.0375699437112715 0.624877058315094 0.0340685953056985 0.999265157684925 0.017563469213622 0 0 0 0 0 0
8.73337375186303 11.6397811158339 8.35985055306243 0.965371136311998 -0.228958646982521 0.125046020119053 0.241034511934936 0.966168228930997 -0.0917677364907131 0 0 0 0 0 0
8.92371660592047 11.9982176826301 8.67873213863321 0.859644262035239 -0.159428968909364 -0.485380414337441 0.109280611125309 0.985454832218487 -0.130140392228214 0 0 0 0 0 0
9.17504553785904 12.4341027336135 8.88592886720561 0.432596546797913 -0.1884518073431 -0.881672356381689 0.187684089177494 0.975310600254304 -0.116378330032717 0 0 0 0 0 0
9.5831334117987 12.783600122679 8.88494688036475 -0.196147677473598 -0.0801000043588026 -0.977297333426953 0.307799702074689 0.941254406010965 -0.138922591998849 0 0 0 0 0 0
9.93233466402454 13.1361680819014 8.66902466924995 -0.53308983599416 -0.18626693501268 -0.825299858039914 0.229049921897422 0.907263357468707 -0.352717072840819 0 0 0 0 0 0
10.1663075947066 13.4698904130925 8.308469749913 -0.969317685443143 0.190694631199079 -0.155108936941091 0.210837431144187 0.969394761415203 -0.125783044045224 0 0 0 0 0 0
9.95540780677798 13.8622341063584 8.0121331326999 -0.701055592587606 0.228460665069236 0.675519637477523 0.02994768388442 0.955887801297651 -0.292201381858986 0 0 0 0 0 0
9.74685210028693 14.2914824945342 7.74884679390872 -0.299901662576411 0.158910891238066 0.940641441480136 -0.176896051885576 0.959664085762418 -0.218523750025208 0 0 0 0 0 0
9.40413714878189 14.6423130746028 7.66948047183015 0.599691230826675 0.183522435124817 0.778903038558359 -0.095442311854991 0.982802577028612 -0.158081813292025 0 0 0 0 0 0
3.68179741980076 4.31583778429129 1.62499949828925 -0.859641132905453 0.175914359579954 0.479657441004104 0.479257040967396 -0.0476048221328863 0.876382604569986 0 0 0 0 0 0
3.81834952264712 4.53187075946596 2.05465597798907 -0.676847463032996 -0.70527135284298 0.210878710743475 0.465458239436135 -0.188106144636795 0.864849527773991 0 0 0 0 0 0
3.76123000607502 4.61846140290758 2.54133642781411 -0.168406376888995 -0.985404757039205 0.0248345933654838 0.379812602404619 -0.0416200075180125 0.924126702367609 0 0 0 0 0 0
3.80923464344942 4.52133197726381 3.14372478728109 0.272384411556579 -0.900793823130863 -0.338197014401754 0.41859474586688 -0.205544106124204 0.884607290932109 0 0 0 0 0 0
3.66588455126391 4.22496713268888 3.59007110117956 0.885610511759881 -0.395535650728325 -0.243404129922483 0.276071669304012 0.0268973734132069 0.960760617797777 0 0 0 0 0 0
3.79646619163562 3.99630493168381 4.05841620379911 0.880452400652121 0.281526936339844 -0.381505117005026 0.289470972750118 0.318094189757424 0.902786044629439 0 0 0 0 0 0
4.04036354587235 4.03750444872999 4.48043350930585 0.472684993116192 0.699862197714321 -0.53550144863784 0.26431819372862 0.467096969086814 0.843775037515304 0 0 0 0 0 0
4.4093747609915 4.01364906679811 4.75983817035933 -0.206041571483632 0.922983520187466 -0.325035832306085 0.152413356210801 0.358379099884815 0.921050807292578 0 0 0 0 0 0
4.75365607873225 4.31825167698325 5.03799770415505 -0.933063130127549 0.359704147324825 0.00247418550252752 0.156641972323007 0.400114125135275 0.902979501081831 0 0 0 0 0 0
4.91582728955396 4.76505428725281 5.39928160103675 -0.993774700452553 0.0556994530129239 0.0964853132580256 0.110565161707588 0.386726956934686 0.915542246866092 0 0 0 0 0 0
4.79471561908665 5.19053830188351 5.75285109945541 -0.658185402371539 -0.705752691989451 0.262116603546319 0.0638964622680898 0.294540288685947 0.953500529863734 0 0 0 0 0 0
4.57262027760828 5.39265439756727 6.19839329193274 -0.0193558295139495 -0.976173802785318 0.216125099466671 0.192859555198506 0.208460467891379 0.958827109178261 0 0 0 0 0 0
4.35362722403097 5.37125377985807 6.68856587191342 0.571023359591953 -0.820826998278962 -0.0132424203477941 0.296219240831039 0.190972532187339 0.935833133262249 0 0 0 0 0 0
4.28397210414421 5.14300180136238 7.12136828922701 0.998129309696847 -0.0431423098933674 0.0433199979358193 -0.0347693607942302 0.182266432794857 0.982634234609297 0 0 0 0 0 0
4.33340659360303 5.05516888668195 7.61160812803091 0.923323811938126 0.360002072411206 -0.133684876361103 0.0967135986920614 0.118908382573476 0.988183827221328 0 0 0 0 0 0
4.60045875976483 4.81849989002679 8.01329958759769 0.351823119453033 0.923717130128766 -0.151549187147326 0.108411973210324 0.120601170904427 0.986763498332364 0 0 0 0 0 0
4.89160133710166 4.84580057026541 8.51889714426683 -0.277261863992645 0.909606795400041 -0.309420969776441 0.0245085848780928 0.328638005700859 0.944137908610938 0 0 0 0 0 0
5.17003816215189 5.16799552658154 8.72464076639767 -0.910201608318284 0.413997280119616 -0.011801875629297 0.159299354121163 0.376249693447494 0.912721142494928 0 0 0 0 0 0
5.20960981220506 5.60545392089966 8.89507220627632 -0.831354523780305 -0.263952817656585 0.489058857236193 0.420279036287253 0.277168294317891 0.864027353897068 0 0 0 0 0 0
5.16785731893743 5.98649451392278 9.28070214478759 -0.0247311723546479 -0.888866077297422 0.45749914288866 0.484173161322376 0.389734036736285 0.783379684740636 0 0 0 0 0 0
13.4874748900869 11.1161300469532 14.4035824381708 0.789490963663464 0.0487293223054457 -0.61182470646533 0.465700377339567 0.601749748671944 0.648860846806954 0 0 0 0 0 0
13.9160065928999 11.1699898532691 14.681509895581 0.194615330241128 0.588241208557566 -0.784918565068932 0.461195904459006 0.651370672268656 0.602506916988111 0 0 0 0 0 0
14.2894460572932 11.4374174807026 14.8972841092607 -0.455867084266854 0.573540667744634 -0.680614651565095 0.405979998411481 0.814503015181186 0.414445508059347 0 0 0 0 0 0
14.5764757737831 11.8142177054619 14.7561025446818 -0.877498208144284 0.477494405114291 0.0446764791374594 0.427200815120174 0.735926062298493 0.525273542442881 0 0 0 0 0 0
14.7409446971858 12.3101978034124 14.8047295505054 -0.873969390455968 -0.0137618104037818 0.485786081645445 0.254796639325629 0.83822058437828 0.482146165091978 0 0 0 0 0 0
14.5876601617656 12.7611603677852 14.9078424941201 -0.381887734154061 -0.373251917729169 0.845484928555308 0.248245941915023 0.839774728273952 0.482858528013261 0 0 0 0 0 0
14.518022529811 13.1411036118768 15.3012710930289 -0.209592989370691 -0.733328820891259 0.646760867134749 0.314917010555947 0.575580576765703 0.754674947320081 0 0 0 0 0 0
14.3705695485362 13.3852557640707 15.7543860236357 0.276385969740075 -0.796188028545522 0.538233609998144 0.0946316822765878 0.579874194271817 0.809191425762232 0 0 0 0 0 0
14.1288946806949 13.4295314766661 16.1454812108165 0.878768530086869 -0.327953255671366 0.346716790224408 -0.081856461083607 0.612151683028529 0.786492108507267 0 0 0 0 0 0
14.0808498148638 13.4666975721392 16.6352290364456 0.982817050245485 0.135231381076416 -0.125630885211116 -0.0197584793167087 0.753788454477812 0.65682004262282 0 0 0 0 0 0
14.0798648277669 13.6101433430019 17.1337493351042 0.741049680525933 0.394980341921042 -0.542987937700599 0.0127608351473012 0.800248682135329 0.599532491051997 0 0 0 0 0 0
14.3457856306094 13.7803170066193 17.5136493198794 0.178648692379542 0.661343831084784 -0.728497756892346 0.0490912984201934 0.733495342439855 0.677919336675433 0 0 0 0 0 0
14.6267766707876 14.0240079384624 17.8139713113745 -0.568636550786572 0.559968678484654 -0.602567466949304 0.0367722650923036 0.749097635649323 0.661438230513308 0 0 0 0 0 0
14.8748709255133 14.4970528605538 17.8719613499504 -0.934677699315674 0.322595249227439 -0.149365001181155 0.181362304887178 0.794078468679382 0.580126796438346 0 0 0 0 0 0
14.8523442437454 14.9928738395696 17.8692186399581 -0.877096415933238 -0.0756044672443153 0.474326724621089 0.072154505643704 0.955587542777368 0.285737948834285 0 0 0 0 0 0
14.7360797853507 15.4367679944383 17.8841578125819 -0.514823794151413 -0.371727379579096 0.772512275790361 0.0551217102478944 0.884885688879115 0.462535311815521 0 0 0 0 0 0
14.4378229375396 15.8477475971858 18.0067485470252 -0.0328995171952961 -0.415690010690075 0.908911126998015 -0.0215567853020159 0.909486998364973 0.415173102226667 0 0 0 0 0 0
14.2212516298745 16.2180256788131 18.1477387247835 0.635974695796677 -0.363681510417647 0.680640834278009 0.0812720249810924 0.908649919746932 0.409573169652708 0 0 0 0 0 0
14.1071575889523 16.4478871828847 18.5001480475393 0.994293405906444 0.103308707422044 0.0266070280517983 -0.104671896590091 0.896582585700866 0.430329479680607 0 0 0 0 0 0
14.1250173151493 16.7748841607931 18.9261047457345 0.767964687214746 0.256570992677154 -0.586857363341227 -0.0264578900778409 0.928185874835209 0.371175109360834 0 0 0 0 0 0
13.1830522366585 5.20603905625378 1.80350890734917 0.260741966359311 -0.900703952470633 0.34748527592239 -0.317359083502123 0.259963123067322 0.911977185440391 0 0 0 0 0 0
12.8432646738731 5.17178520858619 2.07530814087212 0.837312294462184 -0.326536362757385 0.438499857855909 -0.305722972297413 0.385283496889368 0.870683691838969 0 0 0 0 0 0
12.7133640680852 5.16467932045589 2.60819018510923 0.992859704428533 0.118441409421997 0.0141859034332408 -0.0767287179656579 0.543042409153673 0.836192349701862 0 0 0 0 0 0
12.8909141758692 5.04061167828864 3.09988956634873 0.642422733827061 0.710425449994988 -0.287382516972734 -0.031810363648531 0.399398495517924 0.916225377591435 0 0 0 0 0 0
13.1028091580212 5.12476203341202 3.64387795713069 0.182903231780556 0.903660268926188 -0.387226711589577 0.0206281515624107 0.390256764865721 0.920474951771997 0 0 0 0 0 0
13.4423839573766 5.37142405713636 3.97933570978116 -0.353196563894294 0.819412229759951 -0.451459616104352 0.151247156652915 0.526225054930447 0.83678640594112 0 0 0 0 0 0
13.6697876856965 5.82696144654778 4.15097001087744 -0.924087743077642 0.323872572237624 -0.202899975470319 0.0179602727483362 0.56711584803597 0.823442191965683 0 0 0 0 0 0
13.7014220514112 6.18938422245491 4.39042108900363 -0.909375832061639 -0.385729052226009 0.155719922717129 -0.118867379266395 0.599703852296924 0.7913443218262 0 0 0 0 0 0
13.3915835447888 6.61070901379814 4.51359016845117 -0.413686548239884 -0.684074444276071 0.600754188078414 -0.34324968683902 0.728362726491516 0.593015506662988 0 0 0 0 0 0
12.9756941130846 6.7829059577136 4.80261022026366 0.257906994296076 -0.690850772017493 0.675432597004318 -0.318954319235647 0.59901164163065 0.734474775218237 0 0 0 0 0 0
12.5506094355539 6.96974285431526 5.13405375028345 0.733347100761659 -0.189827620942943 0.652815061201572 -0.422262050359954 0.62537543492806 0.656201437223622 0 0 0 0 0 0
12.3053312535529 6.90660789163662 5.57447851040894 0.913141891229226 0.307724188256487 0.267353156787423 -0.400376442557093 0.553761406420792 0.730100684155407 0 0 0 0 0 0
12.2478584262448 6.99281560744233 6.04623730663501 0.797194892810809 0.587684608967733 -0.138228445910408 -0.324447399953506 0.610128165733491 0.722826055176552 0 0 0 0 0 0
12.2780156355437 7.09390801459677 6.48916761196855 0.208483521804251 0.820026483080377 -0.533002052700481 -0.253720685030017 0.571667401655377 0.780270591444077 0 0 0 0 0 0
12.4670546437792 7.52584633201071 6.67530138123948 -0.65905007201462 0.525251256357788 -0.538297427331851 -0.12424256860339 0.629859757420469 0.766707551892545 0 0 0 0 0 0
12.634718721951 8.02557361440252 6.77944792339261 -0.985011065811779 -0.17140489610466 -0.019327747403536 -0.149982448912507 0.795737453173945 0.586776934306771 0 0 0 0 0 0
12.4266209583471 8.45916734299895 6.67834896890429 -0.635342489173452 -0.436708134683777 0.636887687549304 0.00839694420237147 0.820782214781276 0.571179522765659 0 0 0 0 0 0
12.3118414858805 8.9145800314429 6.88977291486355 -0.190716359787445 -0.70870779388452 0.679235256002486 -0.063419652704427 0.699385563304819 0.711925404443226 0 0 0 0 0 0
11.994376769759 9.18841495825489 7.22580221268462 0.623378582722596 -0.520612953074167 0.583404915726773 -0.0202836793012155 0.735100328103839 0.677654838376908 0 0 0 0 0 0
11.8354429087569 9.34012601503737 7.67272958561712 0.946703003680933 -0.193262149848634 0.257688114311433 -0.0229771762563498 0.757449216232044 0.652489642983509 0 0 0 0 0 0
12.5823532651886 11.384839965019 9.51506453138386 0.317961180114676 0.772355008074968 0.549880377392755 0.670876656830236 -0.593104801928233 0.445141781065267 0 0 0 0 0 0
13.1015134066461 11.3700829549491 9.65268749565196 -0.435488475527032 0.304154386230169 0.847254328416262 0.594417681614223 -0.609657525314423 0.52439042860436 0 0 0 0 0 0
13.3440359401955 11.051637778852 10.1093074248586 -0.680472033474073 0.412266422455297 0.605800469276453 0.462569456966045 -0.399511976386083 0.791466789073442 0 0 0 0 0 0
13.6343488153321 11.1797653078836 10.5428819547293 -0.917750667854279 -0.227374959532241 0.32562914401315 0.397154707422104 -0.522607144220878 0.754420248390617 0 0 0 0 0 0
13.7222199995517 11.2559286758338 11.0674416734312 -0.548099633475327 -0.835363034304313 0.0418974068660929 0.62985757037433 -0.379267361939276 0.677816869965456 0 0 0 0 0 0
13.7889574229089 11.0248494666489 11.4655854182753 0.243527542938821 -0.620742228632539 -0.745233803193662 0.797491054851549 -0.30914713174005 0.51810816280837 0 0 0 0 0 0
13.9545650044725 10.6196287692337 11.7865886825571 0.445517644650113 -0.108813404579749 -0.888635848528057 0.616138939506795 -0.682863466363161 0.392517889439362 0 0 0 0 0 0
14.0880601494339 10.100999711606 11.8300403680749 0.733541381438024 0.37700313948072 -0.565495954485684 0.670882247273054 -0.534831746714665 0.513684740867389 0 0 0 0 0 0
14.3929596469467 9.6661320561872 11.7487291092888 0.632986549559293 0.774136748156116 -0.00635005758193064 0.655430723827295 -0.531523227958231 0.536557195836653 0 0 0 0 0 0
14.8741847597783 9.50469274285622 11.7334373288489 0.106406326039284 0.852744002294532 0.511375948133587 0.6267974311789 -0.456767778387315 0.63125919945348 0 0 0 0 0 0
15.3245454915271 9.42187479970297 11.8910970007668 -0.367486141550277 0.56611125275978 0.737883449649904 0.750579040389038 -0.28796063199911 0.59473504903221 0 0 0 0 0 0
15.7618703034609 9.56514253547173 12.1343393849933 -0.691815229565607 -0.00462205056430163 0.722059779235533 0.699420237797602 -0.252807134654501 0.668505709494636 0 0 0 0 0 0
16.0211155872833 9.70762514097323 12.5759046202936 -0.775171112297725 -0.568166950116742 0.276217420620327 0.565212000628517 -0.42840794148573 0.704983709044023 0 0 0 0 0 0
15.9882155373409 9.46928382906135 13.0636845177842 -0.580679552320625 -0.741579011360216 -0.335964026983133 0.399527671529909 -0.619125442669555 0.67606310794268 0 0 0 0 0 0
15.837728351607 9.26589276630343 13.5376790163161 0.0727974659324239 -0.820105077678079 -0.56756338017921 0.281940114226 -0.528939558714993 0.800457816013198 0 0 0 0 0 0
15.7031389812883 8.90631979182838 13.913548780387 0.55128028510112 -0.540009395853244 -0.63598734236543 0.342378098977181 -0.548715738565831 0.76268491239235 0 0 0 0 0 0
15.6991462079558 8.42341693017479 14.1490779422465 0.877602873573482 0.0512075723088741 -0.476645550523447 0.422840638630977 -0.551161478851428 0.719323862076363 0 0 0 0 0 0
16.0230458440525 7.9721849087214 14.2294752881636 0.79359401285266 0.58393554737496 -0.170961455528191 0.489714556493607 -0.446247207052187 0.749028092501471 0 0 0 0 0 0
16.3233254191939 7.57717056801454 14.2788945479627 0.351941542173184 0.876070086466328 0.329603329005703 0.566393962902957 -0.479670025949093 0.670160089078036 0 0 0 0 0 0
16.8501195682588 7.47534492627688 14.3072594085123 -0.265027918299737 0.526855920502035 0.807578504885847 0.634149583119339 -0.535680222986398 0.557584975524638 0 0 0 0 0 0
12.65930680619 4.58535431353086 7.49268403778721 0.989973356960142 0.0331285578279349 0.137314424461918 -0.141252134916178 0.226904289340259 0.963619363577037 0 0 0 0 0 0
12.6689428919751 4.38578329676372 7.91790627077446 0.575986418926053 0.813747499346367 -0.0778116477159739 -0.204538038596001 0.235623659441238 0.9500766715791 0 0 0 0 0 0
12.9261425715709 4.47997430004264 8.41333063484736 -0.245876080271648 0.947930515419997 -0.202417121523424 -0.191300027656269 0.157264604364036 0.968850939842107 0 0 0 0 0 0
13.2286305784548 4.78299579062505 8.70373399484539 -0.930049649661794 0.35860852598681 0.0800473250867356 0.148994075948108 0.168935571416073 0.974300537843788 0 0 0 0 0 0
13.1811141432603 5.08827275257669 9.1276551432973 -0.956479849915467 -0.290003903930968 0.0323114903785506 -0.0731375859553231 0.345459450822771 0.935579318581732 0 0 0 0 0 0
12.9511804927279 5.47383760600641 9.40950455756735 -0.573166220060629 -0.75182373366236 0.325947170080367 -0.127201008875313 0.474577798236285 0.870974062049096 0 0 0 0 0 0
12.5968307700274 5.74097876920001 9.70676393036227 0.0286147228365279 -0.896733916239799 0.441644066078354 -0.0971369377201568 0.437239335474021 0.894083988697139 0 0 0 0 0 0
12.3180731980363 5.83597824913444 10.0901458182776 0.661747332535482 -0.680140682873663 0.315434810035802 -0.220642151678509 0.225426167315433 0.948946828854047 0 0 0 0 0 0
12.1093310170499 5.71373532957744 10.5385142192106 0.964282241419004 -0.252427058100694 0.0802517241096402 -0.0305913947999194 0.19481683121017 0.980362468090972 0 0 0 0 0 0
12.2736655686248 5.75828399521627 11.0618113007102 0.869428922432947 -0.477078698631765 -0.128410529743103 0.240580375866191 0.181803119700992 0.953450947041885 0 0 0 0 0 0
12.3637970413931 5.60297181493717 11.4733312952612 0.940746093554621 0.19484973791036 -0.277543450828844 0.271728259561502 0.0565169825418382 0.960713059992442 0 0 0 0 0 0
12.6537989330305 5.36578239883337 11.8659559866545 0.556404750873447 0.793932308322651 -0.245122914079701 0.270731608430846 0.105684187048664 0.956836061613645 0 0 0 0 0 0
12.9349924656899 5.50634406504627 12.3862542728203 -0.0882836058005136 0.956168596570264 -0.27919100966849 0.226212503802608 0.292207518633166 0.929216158478533 0 0 0 0 0 0
13.32416123793 5.71695825053868 12.7357273144028 -0.789304205563756 0.613664910042952 -0.0203531142910459 0.338831146018661 0.462974381727793 0.819053219486651 0 0 0 0 0 0
13.5530614873996 6.17808826312741 12.9450356596251 -0.959048409781211 0.0184213291110626 0.282642534537731 0.233006878523299 0.618667709323931 0.750305311190523 0 0 0 0 0 0
13.5821017028557 6.63006186662383 13.220145467404 -0.71906985624194 -0.537906542470126 0.439994424296526 0.217799775124056 0.426804394196113 0.877725052081117 0 0 0 0 0 0
13.5028078559525 6.84941831755691 13.6996225889457 -0.0801635063411975 -0.979443436095068 0.185106368721803 0.289434318251035 0.154830827113908 0.944592605515088 0 0 0 0 0 0
13.2897050827158 6.85842090914823 14.1899785761249 0.544139636176741 -0.832153938836263 -0.106919962685822 0.0697141804200444 -0.0821522068055168 0.994178529221661 0 0 0 0 0 0
13.0730268506499 6.55852049311046 14.5795878500488 0.932533576928289 -0.349741597420343 -0.0897883229334247 0.0880609185712813 -0.0208728455877166 0.99589637961861 0 0 0 0 0 0
13.1202227960396 6.34742137382519 15.0161936954312 0.860967045332738 0.420689707297901 -0.285929916281283 0.260740734120557 0.117646770335606 0.958213706330626 0 0 0 0 0 0
5.88247860753298 10.3180882995476 3.43847698366303 0.107087027273447 0.169735193733276 0.979654190313124 -0.0888291166170097 0.983013087561279 -0.16060715340321 0 0 0 0 0 0
5.70704606009257 10.752603884745 3.45625684716463 0.781775724331735 0.219543923290018 0.583632746332844 -0.0833980717702476 0.964373520487815 -0.251054724327076 0 0 0 0 0 0
5.55283897672943 11.2365499581819 3.63147521253751 0.987442098602865 0.0958960354171114 -0.125547012302368 -0.133597222665718 0.931028304660655 -0.33961460218417 0 0 0 0 0 0
5.61490112492573 11.7065581130929 3.8304381877482 0.520006362644041 -0.0741528883138367 -0.850937560555668 -0.27766675201096 0.927442843251786 -0.25050139186984 0 0 0 0 0 0
5.80512346112443 12.1244921712114 3.68392683326738 -0.275212910997064 -0.376728608224789 -0.884496133041595 -0.409494555174036 0.878327996462831 -0.246686318859412 0 0 0 0 0 0
5.89400853861344 12.5228964559119 3.41624343911175 -0.588506528618474 -0.551140299330265 -0.591527206667267 -0.396397789478616 0.834363309712407 -0.383023054008797 0 0 0 0 0 0
5.67330312302017 12.8542785300926 3.12011069410712 -0.752573305104938 -0.601812305376597 0.267311371888171 -0.649850813723685 0.744344139419021 -0.153771655435005 0 0 0 0 0 0
5.28007563921517 12.9863483759214 2.7806555756046 -0.518529629666433 -0.206856295260515 0.829661073131123 -0.713087471419422 0.640044869639606 -0.286092332914871 0 0 0 0 0 0
4.79104369052586 13.1770044614087 2.80482338178305 -0.0721892321027156 0.120640981555576 0.99006791097264 -0.693122508309639 0.707724371630891 -0.136775006028932 0 0 0 0 0 0
4.26407170570665 13.2280548271278 2.89636293331134 0.388950135219648 0.519998617187747 0.760473030708814 -0.710339561466453 0.694913511164045 -0.111861161344347 0 0 0 0 0 0
3.82797565509752 13.383822278028 3.16883648799428 0.610275167097556 0.756295028643745 0.235758457054689 -0.791664035030771 0.593074686272799 0.146732655333494 0 0 0 0 0 0
3.54734009123162 13.692713411899 3.50723721173448 0.604824680600831 0.670653504882578 -0.42943099809494 -0.787369699268952 0.584396271118186 -0.196290486209289 0 0 0 0 0 0
3.32601988847057 14.2440672871191 3.6251297934885 0.304552466484676 0.151609090881458 -0.940352316273107 -0.725920564878273 0.676120609143707 -0.126096214764567 0 0 0 0 0 0
3.24889379218924 14.6896764043127 3.5543786764519 -0.357979779281564 -0.395042212907706 -0.846044991502524 -0.653043774761334 0.753543919082648 -0.0755340337796949 0 0 0 0 0 0
2.70390872929133 15.1946375827055 3.72170062680917 -0.471274714366341 -0.352096397933847 -0.808658314840659 -0.657953672339836 0.750937247792547 0.0564819876799619 0 0 0 0 0 0
2.46320624930094 15.6530445099058 3.5390089390723 -0.555982273879117 -0.793750443963093 -0.246665651927055 -0.806098218711222 0.587277629944756 -0.0728741871794486 0 0 0 0 0 0
2.18920069787345 15.9110730038726 3.19829521869052 -0.582987605892207 -0.597299855592549 0.550779750794447 -0.720623304768494 0.693240003073365 -0.010970449552112 0 0 0 0 0 0
1.80419003631491 16.0386955630191 3.03820586182962 -0.247821330176714 -0.153752023526094 0.956527523687152 -0.710580178530764 0.699964976236945 -0.0715880012348423 0 0 0 0 0 0
1.34409975678657 16.2942165107315 2.97792306906184 0.328992881342916 0.261905406972036 0.907286747299054 -0.5152468138089 0.85494178891634 -0.0599604738499016 0 0 0 0 0 0
0.867660417376955 16.4369541226775 3.19110217323705 0.665072782048334 0.664562697875132 0.340638540349467 -0.643662297129152 0.74141475700599 -0.18974457923264 0 0 0 0 0 0
13.6769948280988 7.9287285051398 15.1656941070932 -0.603496138649821 -0.533194642694264 -0.592870882770348 0.64767660601219 -0.761486704026814 0.0255541310732592 0 0 0 0 0 0
13.7142672756948 7.53287872926494 15.3903102341681 0.0209796899788431 -0.196715700833509 -0.980236086692371 0.652455456971894 -0.740197821045228 0.162508653269582 0 0 0 0 0 0
13.7403763751409 7.00376560709351 15.3303343624432 0.643984148965669 0.292142218866598 -0.7070624723719 0.651429872188503 -0.694016077657736 0.306562890078109 0 0 0 0 0 0
14.0766267857858 6.53069446769354 15.1688408279084 0.550238106918588 0.80671423526873 -0.215523011090318 0.834942489936908 -0.534780304675501 0.129927149699879 0 0 0 0 0 0
14.566309883273 6.36322837740181 15.0853353087449 0.266616309909138 0.948633560306248 0.170323549608166 0.856046539420933 -0.314277154286877 0.410382982881586 0 0 0 0 0 0
15.1027948380876 6.29339358352909 15.1529724650222 -0.0392721365193381 0.771869247622922 0.634567225648498 0.874231731656761 -0.281011325854282 0.395918570044447 0 0 0 0 0 0
15.5781566594008 6.3674219970593 15.0875103447685 -0.29300729032768 0.105891976959703 0.950228192083563 0.951023097166284 -0.0701066671427316 0.301064982816646 0 0 0 0 0 0
15.95732736798 6.68540926435362 15.2967919103986 -0.135186243225697 -0.585716629211064 0.799162505319257 0.960672863031243 0.119965407018513 0.250431530271722 0 0 0 0 0 0
16.4154819648456 6.70271356782535 15.6598135936096 -0.326845943594509 -0.781792272609737 0.531010895974384 0.916215350656856 -0.124320692180158 0.380911796504888 0 0 0 0 0 0
16.706043863857 6.64314376561575 16.0347217104491 -0.268746174586486 -0.954151112445372 -0.131799651988881 0.828143353135373 -0.298765077746904 0.474255221348786 0 0 0 0 0 0
16.8891729755956 6.44649186534855 16.4898392470026 0.243898122672275 -0.592842015214741 -0.767497264329369 0.841663769905818 -0.263759209855343 0.471203966074578 0 0 0 0 0 0
17.2182172597146 6.13279788080508 16.7642645790364 0.295702514226206 -0.126536821103142 -0.946862427169551 0.934881421645446 -0.165407207761585 0.314065571310685 0 0 0 0 0 0
17.5829952663711 5.77145123627187 16.8045706648463 0.415065814257479 0.586296653949032 -0.695684269911966 0.901902250638078 -0.365642743089741 0.229951548635316 0 0 0 0 0 0
18.0126287112057 5.58676322760481 16.6312738626207 0.190419440392427 0.953257058734696 0.234609072060551 0.924777831137343 -0.254376089768345 0.282981921668292 0 0 0 0 0 0
18.5415791847549 5.64574267646965 16.5576673190118 -0.181331098505891 0.643631680356553 0.743543739638797 0.834381307340881 -0.299485609811369 0.462726921062559 0 0 0 0 0 0
19.0289442244739 5.85007895466812 16.6546575535207 -0.401977406929067 0.170185280846189 0.899695023050527 0.887263362172818 -0.170363930088243 0.428648874337349 0 0 0 0 0 0
19.4131559704927 6.0774354747608 16.9536148232281 -0.562082478099966 -0.517349170194096 0.645300801109437 0.816359725679266 -0.221812740889389 0.533250322332778 0 0 0 0 0 0
19.7963340172925 6.10556725247013 17.3188277147554 -0.436089418301767 -0.898143185080679 -0.0562568959182695 0.720621664239583 -0.385971025604242 0.575960749029466 0 0 0 0 0 0
19.9940056958221 5.80858556753679 17.7959927455681 -0.0531962261103013 -0.837376153403329 -0.544032479948639 0.711138327261399 -0.414236787734043 0.568058239256893 0 0 0 0 0 0
20.0184768382205 5.4262088207932 18.1726547808967 0.3769708697707 -0.408700692187782 -0.831177903670177 0.60528766597141 -0.570549644309577 0.555067513732428 0 0 0 0 0 0
4.05077800825123 9.44046005618653 13.424158321825 -0.169126988663441 0.301121480592536 -0.938467855406564 0.185832361380612 0.944848972723807 0.269678979912177 0 0 0 0 0 0
4.45510816087369 9.81950951038976 13.419439853881 -0.824743709862272 0.289700269788781 -0.485666106215909 0.157445273394171 0.942490210713206 0.294827387797693 0 0 0 0 0 0
4.5875753189543 10.2988897225451 13.2161367148439 -0.980245691112793 0.118199333471303 0.158579010659486 0.155172305899004 0.95675389616297 0.246055964485649 0 0 0 0 0 0
4.49735860003232 10.8033254435914 13.0546107136003 -0.633734823656046 0.0341784068163369 0.772794933855766 0.291188100507499 0.936080402147587 0.197390402092011 0 0 0 0 0 0
4.34570229740797 11.4071773412341 13.0854191056833 -0.127933362974694 -0.143726439396772 0.98131328598787 0.214197247329925 0.96208841290922 0.168835496807104 0 0 0 0 0 0
4.19020072898052 11.8234842947737 13.2646077186442 0.648545805496922 -0.341477515536418 0.680280416119282 0.358500695688026 0.925423516826236 0.122754086270739 0 0 0 0 0 0
4.23694847734673 12.236180699707 13.6054616866366 0.936821326898749 -0.347799916001373 -0.0374302003348131 0.34950644973392 0.935083005683209 0.0588643701813422 0 0 0 0 0 0
4.48134917773958 12.4273417682022 13.9906237459569 0.676109555997138 -0.062730699310751 -0.734125825491337 0.366576457643596 0.892939602221121 0.261305506039692 0 0 0 0 0 0
4.89987066587819 12.6564822804121 14.2217259900292 0.115394233302652 0.219877843887898 -0.968678432033925 0.279317621531571 0.928661567601985 0.244068349363389 0 0 0 0 0 0
5.31069870576412 13.1202626589785 14.1174866968144 -0.359041701614394 0.122934001417901 -0.925189865809837 0.335213856522797 0.942129307937163 -0.00490280745661249 0 0 0 0 0 0
5.5324921172468 13.5501066127114 13.890040129893 -0.844945293484712 0.145741887484486 -0.51461320741941 0.172629312638256 0.984976635011777 -0.00448875249052371 0 0 0 0 0 0
5.55119671856337 13.8671997703896 13.6091120728459 -0.754894809496451 0.277850665855007 0.594081504575967 0.259270671742722 0.958467787995998 -0.118820108349288 0 0 0 0 0 0
5.51791734032549 14.3994587761582 13.5507993507246 -0.523967122796958 -0.0115425803746585 0.851660274444084 0.273027020100504 0.944867574186594 0.180780290811197 0 0 0 0 0 0
5.4015396178673 14.886162951884 13.5007073730984 0.150907248004299 -0.117979472875048 0.981482473852639 0.390205053652184 0.919341258613113 0.0505140209838133 0 0 0 0 0 0
5.45701987327434 15.442235566468 13.6665895466382 0.499217831381107 -0.529880490651921 0.685571456857434 0.493995437873319 0.824085284626725 0.277221844417134 0 0 0 0 0 0
5.48313643992325 15.8289637555033 14.0421242400068 0.802239790537136 -0.596857950890817 0.0131112523180406 0.592067532534206 0.798234957006908 0.110801580904951 0 0 0 0 0 0
5.73101569000674 16.0203376680033 14.4320732325213 0.712422228564337 -0.410267289696519 -0.569328832268747 0.588154835550204 0.791629498068774 0.165519265362961 0 0 0 0 0 0
6.06855277982458 16.3779252471181 14.620815386126 0.18876231323837 -0.205825887755781 -0.960210650342123 0.468412865169737 0.87825932760059 -0.0961766147565957 0 0 0 0 0 0
6.55447878534632 16.6871101443631 14.5950229195625 -0.370836769426901 0.0759844361906182 -0.925584386157099 0.685729062488093 0.694530638828984 -0.217721943283179 0 0 0 0 0 0
7.09825855048969 16.6491398525437 14.2954352417384 -0.450047611705618 0.697569877988629 -0.557542296620623 0.881085552031717 0.448528765645777 -0.1500339841144 0 0 0 0 0 0
10.0503109334501 5.46920547386812 9.21409023371146 0.738683584577552 0.428454520147159 0.520358805096182 -0.165265852180951 -0.633300187982211 0.756054277155152 0 0 0 0 0 0
10.3405207765147 5.05370080366981 9.39246965559125 0.000855012728068633 0.580544185903106 0.814228295484341 0.0517727846296952 -0.813162320890461 0.579729780721782 0 0 0 0 0 0
10.5639248017377 4.66845484670254 9.74417677313278 -0.657885141045996 0.607040397483219 0.445745551872709 -0.034566911185204 -0.615581787799819 0.78731454399134 0 0 0 0 0 0
10.6608483111125 4.62392034004194 10.3292407165635 -0.978261210666109 0.20278204304309 0.0434102145277837 -0.0619390071210724 -0.485488008003373 0.87204641704543 0 0 0 0 0 0
10.6150420909874 4.6749034727944 10.8621455978425 -0.910237875353939 -0.265524117746813 -0.317748254386904 -0.134935398992826 -0.53526736753991 0.833835285500405 0 0 0 0 0 0
10.3594835863883 4.6602796665518 11.3345448962505 -0.373433082973347 -0.773864934984883 -0.511547451310105 -0.00643027891488998 -0.549267578487083 0.835621791683302 0 0 0 0 0 0
10.1227373026195 4.44362646182496 11.7684859844454 0.136237676826232 -0.701849699668637 -0.699175438990841 0.00954989314932304 -0.704792571787974 0.709349159648005 0 0 0 0 0 0
9.95873452988254 4.00543989295036 12.0110614722939 0.65654454689758 -0.505701261054016 -0.559656584440343 0.105785577445049 -0.672902261237545 0.732128375645977 0 0 0 0 0 0
9.95904682995514 3.55602984140407 12.1477410974069 0.991481814717804 -0.0773231629298647 -0.104809062386862 0.0287337729195206 -0.655022521781549 0.755062822719242 0 0 0 0 0 0
9.92140444248349 3.09106363469414 12.4302208567123 0.909404385687402 0.415901606345454 0.0030849848927296 0.287844386266764 -0.634715739446592 0.717134254790186 0 0 0 0 0 0
10.2313443601471 2.67950058041796 12.5826616711679 0.294930835861713 0.876363227380961 0.380792982803436 0.437940710783113 -0.478174693172139 0.761286343400769 0 0 0 0 0 0
10.6891737346544 2.50348810991437 12.8368633270866 -0.459005483645427 0.705110377834698 0.540493590205505 0.395286057200708 -0.382751277772509 0.835015204859307 0 0 0 0 0 0
11.0697116962614 2.62526030644099 13.1960951381048 -0.896371505958382 -0.164617506361698 0.411605636386527 0.443179163312538 -0.310765022112107 0.840843225718838 0 0 0 0 0 0
11.2552617251448 2.67514847043924 13.804695965846 -0.944551780218843 -0.327496687949086 0.0238296845928247 0.0862869589751672 -0.177533624634871 0.980324626251336 0 0 0 0 0 0
11.149268990935 2.84805163454535 14.2980829312261 -0.538594846086819 -0.807414701228725 -0.240825854111314 0.0435007188310809 -0.312090518394392 0.949055949767715 0 0 0 0 0 0
10.8459829253059 2.90402225089718 14.7228087557069 0.352981997457547 -0.920409688902388 -0.168076512474197 -0.0450062973539389 -0.196135121566868 0.97954348922671 0 0 0 0 0 0
10.6395312258594 2.69509006121421 15.1550131265503 0.765484677997129 -0.628248580427581 -0.139057286548967 0.0339750794734299 -0.176345889864269 0.983741745125596 0 0 0 0 0 0
10.5565269633862 2.40536153072424 15.5658449330451 0.926272756660922 -0.268815522924963 -0.264115495384793 0.149639840379447 -0.380865653119162 0.912441380278935 0 0 0 0 0 0
10.4887893256646 2.0372565033153 15.8776670751681 0.932388898506345 0.353714711552211 -0.0744099776485648 0.196859126522076 -0.324276243467633 0.925252074965242 0 0 0 0 0 0
10.7788882782765 1.88216861939689 16.2627675139111 0.401829736875942 0.91465680107989 0.0439977135828102 -0.136590824577501 0.0123590618463392 0.990550453147903 0 0 0 0 0 0
10.3251715929965 8.5812210130071 0.360091630671079 0.411925436236739 0.470999109011146 -0.780049533229704 0.305421829626806 0.735166317904142 0.605184262028252 0 0 0 0 0 0
10.6340472724649 8.85490528319067 0.772422759079117 0.0350910803674661 0.627615741607703 -0.777732021306091 0.552199421157327 0.63645219478349 0.538520568807536 0 0 0 0 0 0
11.0316975837915 9.1316162048732 0.828655037630392 -0.653637368491849 0.691446390053177 -0.307668783261287 0.494286521810545 0.697884585140986 0.518302942475756 0 0 0 0 0 0
11.2906960086614 9.59363226135937 0.918910683338786 -0.950857285441643 0.210442647463125 0.227121806199363 0.306102280268781 0.528493001669305 0.79183113174516 0 0 0 0 0 0
11.4192122485965 10.127988483949 1.08816182758481 -0.788491062417211 -0.294291823748193 0.540068668747911 0.338945220704793 0.524806286411623 0.780829366189708 0 0 0 0 0 0
11.2880808181986 10.5683631574158 1.36665742368853 -0.322791583255416 -0.71160074973738 0.624043241092042 0.378093945665754 0.507493659561531 0.774270723814189 0 0 0 0 0 0
11.2419364205286 10.8311345073641 1.8509399733678 0.0963385822130312 -0.940768919932247 0.32507340227508 0.359793506769282 0.337423339695122 0.869881671444831 0 0 0 0 0 0
11.1510226944134 10.796355133453 2.37934340983709 0.897056030311047 -0.441179120969248 -0.0255237478319474 0.276705521025232 0.515719291261069 0.810843799541771 0 0 0 0 0 0
11.3575243219598 10.6215302976929 2.81864014940274 0.815828854711289 0.487683940864474 -0.310785542848059 0.0987573897043501 0.412031262997694 0.905801974104334 0 0 0 0 0 0
11.5145725966971 10.654130620655 3.37863362835646 0.247853691365403 0.850698626707056 -0.463551932576354 0.0175034229010546 0.47447153982245 0.88009680608741 0 0 0 0 0 0
11.8245682853225 10.9789534845416 3.74034437740087 -0.368519042769099 0.778802377635636 -0.507602769600037 0.0610040528082753 0.565115241998858 0.822753467814957 0 0 0 0 0 0
12.169954826984 11.3159802644956 3.87593181676641 -0.86351104491804 0.479035021186544 -0.157715325131587 0.254963100156365 0.684467755317505 0.683006375877467 0 0 0 0 0 0
12.3952813389237 11.8017885911327 3.83230459011263 -0.847965591513035 0.152613462932541 0.507605640770162 0.42379011132896 0.770399077271955 0.476326782029216 0 0 0 0 0 0
12.4175985545516 12.3364871964734 3.88010046286022 -0.659657786293436 -0.270769795853117 0.701095801325399 0.227847665921663 0.816896094193704 0.529873770274696 0 0 0 0 0 0
12.2226304411027 12.7945363778973 4.03520727997101 -0.0861814923293902 -0.590918330710284 0.802114877564587 0.19451146965403 0.779636863788879 0.595257632285778 0 0 0 0 0 0
12.06285734172 13.130562114327 4.42282095786289 0.452703852779476 -0.764001344396471 0.459740326096161 0.203041267845618 0.590381390177547 0.781168392655303 0 0 0 0 0 0
12.2746004558557 13.3073593382519 4.96504597309537 0.59086738251041 -0.80618478135742 -0.0306893237622553 0.482771513394325 0.322842597677268 0.814066534737762 0 0 0 0 0 0
12.3303943738348 13.1791931118106 5.4838383778535 0.853783601245198 -0.330645783212465 -0.402152866816334 0.507191840145676 0.353881539551207 0.785827139550747 0 0 0 0 0 0
12.6557587589434 13.0034652658946 5.87363684269268 0.637480992432883 0.382492372249449 -0.668818039124077 0.624898645256657 0.251101241560559 0.739222462891341 0 0 0 0 0 0
13.1455758470926 12.888119284627 6.06194410989383 0.0617965067064107 0.891611823874102 -0.448563872025804 0.522279149376137 0.354093610545009 0.775784896152367 0 0 0 0 0 0
9.33771682297786 -2.22483614522783 9.2394344391253 0.65319082192903 -0.0287264317491619 -0.756648228879603 0.611240968962904 0.609794986216845 0.504514174871318 0 0 0 0 0 0
9.87987310732995 -2.13847359878271 9.44778187546372 0.360272371495721 0.33510628196604 -0.870578886789558 0.621100786366569 0.610145822724014 0.491890118001231 0 0 0 0 0 0
10.3547610589515 -2.04078112022575 9.60792385244394 -0.130744824242396 0.844684083302979 -0.519051625899035 0.493689496515395 0.509487980356425 0.704764271868763 0 0 0 0 0 0
10.7920009915135 -1.70657160279679 9.60610071517401 -0.59607790490627 0.802753144568916 0.0166889234904222 0.639009081909865 0.461700813126403 0.615223335379218 0 0 0 0 0 0
11.0891368348776 -1.32604297308932 9.66986309221764 -0.761985874734446 0.414824083051696 0.497291169060443 0.647440295905446 0.471273556984092 0.598934301677095 0 0 0 0 0 0
11.3358398685903 -0.909006775848974 9.87058464502051 -0.736380106463377 -0.100597002380196 0.669047518429824 0.527105530873263 0.534644441472877 0.660541505527829 0 0 0 0 0 0
11.340720831889 -0.426625194433376 10.1071629369803 -0.320770182087169 -0.659904180553122 0.679435767951819 0.406449776949857 0.552031284500344 0.728052223230114 0 0 0 0 0 0
11.247306787627 -0.106285198060211 10.5456523111068 0.0690183780948556 -0.948550363729036 0.309012412298712 0.301607201704952 0.315095860803693 0.899859819296366 0 0 0 0 0 0
11.0841314165288 -0.0516278409774019 11.0546429531642 0.683434569417674 -0.712001007468943 0.16115754617172 0.155913186470702 0.358030627449022 0.920600428032169 0 0 0 0 0 0
11.0757268348028 -0.0749981068531504 11.5929641947527 0.953017856571095 -0.263830023076485 -0.148831058519709 0.232312012113233 0.321281320150988 0.918046536048113 0 0 0 0 0 0
11.2507556751235 -0.23052078061192 12.0765577277133 0.841598008713721 0.433849201084128 -0.321694983560147 0.257542425996338 0.201184608991542 0.945090816756168 0 0 0 0 0 0
11.6690926049753 -0.30910225434661 12.4774748625535 0.422010621727199 0.785582652461951 -0.452511802387814 0.276468582951817 0.363844019274066 0.889484486811944 0 0 0 0 0 0
12.1292984039131 -0.223006524466316 12.7410716190562 -0.251681239827988 0.897531419623484 -0.362068922040128 0.494529715342702 0.440848788652882 0.749061216581364 0 0 0 0 0 0
12.5488886684517 0.0666764308847251 12.9105204237198 -0.724457761216123 0.684975328506738 -0.077264167314544 0.43400968586092 0.540340438165687 0.720879881437829 0 0 0 0 0 0
12.7750040385021 0.4988196393894 13.1272375405586 -0.931060227665036 0.327768176699467 0.1602962095729 0.32172524488603 0.530275596656736 0.784411026435355 0 0 0 0 0 0
12.8275260667491 0.955968987735796 13.1794446570979 -0.565137638662192 -0.30554691425652 0.766329258579914 0.331824324617347 0.766254341191129 0.550224410761638 0 0 0 0 0 0
12.7346414698814 1.48196442078968 13.3529233037079 -0.0310584983629985 -0.674412270445067 0.737701470211743 0.342174302795357 0.686287210842792 0.641815090770023 0 0 0 0 0 0
12.7248093172705 1.7837254480715 13.7144605069278 0.394419769995886 -0.816265991038826 0.42206975360691 0.385678310080154 0.563938821798513 0.730222737527545 0 0 0 0 0 0
12.7428857851566 1.79231715230944 14.2468121282703 0.957440367720653 -0.281391717189188 0.0642389582439014 0.136303584881511 0.636985852807368 0.758729435353419 0 0 0 0 0 0
12.7909698618248 1.78356203809007 14.7818788266027 0.926900414493508 0.12443879099575 -0.354077122823941 0.185695153143988 0.667799059093288 0.720806303227816 0 0 0 0 0 0
6.76979393520628 13.5012820544563 6.82047675178327 -0.788400596708894 0.614565101559047 -0.0270967720361384 0.571399645827603 0.715286352097654 -0.402328074152079 0 0 0 0 0 0
6.89438695511094 13.9525839274113 6.56917736452005 -0.744687493530142 0.401223430939625 0.533348193439174 0.459242915758018 0.8879084243889 -0.0267315211930588 0 0 0 0 0 0
6.93944362935178 14.3912910578346 6.33318387552436 -0.298283807731461 0.205389542704552 0.932116894918677 0.446333723460615 0.893236264239148 -0.0539924397473758 0 0 0 0 0 0
6.86744553981256 14.9085889780837 6.33393605923396 0.499162168236409 -0.120051195618576 0.858151991334913 0.544175862659713 0.814131634540873 -0.202638377752988 0 0 0 0 0 0
6.87970059639717 15.4229196301278 6.48885183013662 0.833661802536752 -0.327641152391658 0.444588882284116 0.435685957211149 0.884872631087225 -0.164858040270339 0 0 0 0 0 0
7.08259292718241 15.8540944745317 6.73706153538642 0.828731806088403 -0.532983883415323 -0.170680325746632 0.464550312011732 0.825210339476874 -0.321280100893699 0 0 0 0 0 0
7.35442725926584 16.2288239971768 6.88596572607761 0.500999656057568 -0.538254571635983 -0.677703003345243 0.499145119606545 0.819413698758196 -0.281807274321263 0 0 0 0 0 0
7.85541147059736 16.4170485355504 6.93362540787377 -0.0328445834304271 -0.292093141747551 -0.955825731963378 0.420667171524126 0.863466743560491 -0.278324116035483 0 0 0 0 0 0
8.35060019902456 16.5377794587075 6.76363343879676 -0.647375669923089 0.167491852532449 -0.743539656862282 0.660223514251501 0.61064921617138 -0.437278453641014 0 0 0 0 0 0
8.67740650311939 16.6244603910498 6.40312165872967 -0.843760124778291 0.522981385928269 -0.120662014763019 0.502192880093524 0.689939464780497 -0.521330841329929 0 0 0 0 0 0
8.83516120873531 16.7783924779312 5.88432268441003 -0.645005838483377 0.701512143134184 0.303064648808865 0.539324924815234 0.698853370938008 -0.46982187199153 0 0 0 0 0 0
8.95167801389131 17.0714659710757 5.45736801878508 -0.443917222309697 0.648018932997672 0.618877178617375 0.534862902845009 0.745750631242266 -0.39721237538875 0 0 0 0 0 0
8.8566161128368 17.4904116497314 5.13467179100737 0.103222486557205 0.341773724149523 0.93409626899475 0.469592502933861 0.811117849695516 -0.348669922840549 0 0 0 0 0 0
8.85712938078549 17.9873768401306 5.02447572911031 0.532459901995087 -0.0810781410541611 0.842563224814959 0.437644082374796 0.878400202205825 -0.192043593819445 0 0 0 0 0 0
8.85611374537652 18.5232104866646 5.15573504966773 0.864072016664493 -0.383257269602565 0.32633328870059 0.473996499419223 0.837717774686901 -0.271212552275792 0 0 0 0 0 0
9.14523388325324 19.0365349514048 5.15025301433321 0.756697662220494 -0.635551877765269 0.153239872941345 0.623635753200962 0.631378189789906 -0.460912170361221 0 0 0 0 0 0
9.61297806499696 19.3266710837461 5.17816453260248 0.197009229122287 -0.850883864343799 -0.487015413554854 0.694891612557705 0.471611251669046 -0.542870586876935 0 0 0 0 0 0
10.1484775394721 19.2960192167568 5.14676583827853 -0.345335399767317 -0.31736489097429 -0.883189100727825 0.815806661403685 0.363671102768183 -0.449669679009767 0 0 0 0 0 0
10.6186048400247 19.1741305844504 4.91696465310319 -0.544157924412533 0.444523640361256 -0.711541205032443 0.833166127113646 0.386009798996459 -0.396018484049873 0 0 0 0 0 0
11.091147855485 19.2717313926091 4.60471958042475 -0.61512886288185 0.764588586563923 -0.192407835978331 0.767456787011721 0.524755031269929 -0.368296398606532 0 0 0 0 0 0
9.85635904350119 12.9620819931891 1.2243878523344 0.482661435831857 0.427035401323361 -0.764642860672436 0.837532392975284 -0.480337628287011 0.260413620167426 0 0 0 0 0 0
10.021911017352 12.5796154682549 1.10952767096948 0.716442544820113 0.694220496819136 -0.0690505739865508 0.69012752221198 -0.690749553434784 0.215844984920195 0 0 0 0 0 0
10.4400084756222 12.3207952166002 0.892982768374722 0.445127812573456 0.704515329653054 0.552738076087959 0.767601718207267 -0.618072394190174 0.169629354020105 0 0 0 0 0 0
10.9600624775491 12.2276786845848 0.795216472221305 0.00907871536047065 0.424847942725595 0.905219201348068 0.762361960480919 -0.588744752315291 0.268670537709098 0 0 0 0 0 0
11.4869550099516 12.2393339101421 0.899779932062909 -0.400788973888459 -0.0801106024866664 0.912661213035078 0.765745715957382 -0.576204941857477 0.285694528249909 0 0 0 0 0 0
11.9798753240175 12.1362647417602 1.02525698383197 -0.656795916973797 -0.323254579247188 0.681267642297998 0.704538801272375 -0.585093368843632 0.40161029274272 0 0 0 0 0 0
12.273032016596 12.1337047959533 1.47552102013988 -0.671223712751911 -0.726127602227411 0.14898802879095 0.702512186657305 -0.559029474390424 0.440411937123347 0 0 0 0 0 0
12.4088272911091 11.9721611955617 1.96963478306375 -0.498791648504185 -0.792896693894843 -0.350031033185782 0.712718307909907 -0.60503446104773 0.35491677125028 0 0 0 0 0 0
12.4246733113341 11.5226723164389 2.29193492119104 -0.0249666049089711 -0.530095963437106 -0.847570019636729 0.525646930805893 -0.728130273103657 0.439910910894853 0 0 0 0 0 0
12.2802952170447 11.0838760940879 2.51710701566205 0.505193328965718 -0.100855146153542 -0.857092725358746 0.525956648162047 -0.751412745878771 0.398432540820991 0 0 0 0 0 0
12.4510805168456 10.5638540698898 2.42406778557335 0.745816011387833 0.517048737789566 -0.420022713561731 0.602150274452767 -0.792935089671999 0.0931074140083164 0 0 0 0 0 0
12.7296658941684 10.2316221599211 2.11227421008024 0.676052876609281 0.46526453561691 0.571385526527841 0.388966573730498 -0.883934570798581 0.259547065226107 0 0 0 0 0 0
13.058535862636 9.80223959264288 2.21487331509084 0.324221841465673 0.612283530701146 0.721102680308947 0.413850531397433 -0.777269278415423 0.473898941224424 0 0 0 0 0 0
13.4380010011718 9.50515885519501 2.3927491842896 -0.250451823712782 0.5290384609001 0.810797256339336 0.429078263659031 -0.690085474262347 0.582815478404154 0 0 0 0 0 0
13.8381049616889 9.39272081354808 2.73327761142531 -0.822496801028323 0.158525353958842 0.546231383619067 0.236174219763315 -0.778474282147681 0.581549249809371 0 0 0 0 0 0
13.9540149081373 9.24874793335417 3.25872167753053 -0.887041695258103 -0.461498266690695 0.0132808401509627 0.311428185706882 -0.576862052426208 0.755144130360518 0 0 0 0 0 0
14.0063465273494 8.95126087199196 3.66659352987998 -0.734014407031195 -0.535427179944476 -0.417780546755529 0.276155506132167 -0.797326285794791 0.536664634957036 0 0 0 0 0 0
13.8701601584849 8.54748458209214 3.99258954683296 -0.252516373335657 -0.495294773274336 -0.83121511581812 0.124956653377757 -0.868553961328707 0.479582997026419 0 0 0 0 0 0
13.6890485030486 8.16392807794929 4.1816505861981 0.582130114976384 -0.272127389284412 -0.766205725140991 -0.0846908941620832 -0.95749895948827 0.275723040431711 0 0 0 0 0 0
13.4714065638516 7.70238668881837 4.01343455087428 0.970125906933772 -0.105211306007977 -0.218600790904383 -0.078290566313538 -0.988630293858929 0.1283772927379 0 0 0 0 0 0
0.0806311582838455 8.17319602478444 8.66744362024704 0.788536302851407 0.53057764584366 0.310962796515005 0.522498229306913 -0.844675062065473 0.116273986324669 0 0 0 0 0 0
0.451248924118543 7.81808884851729 8.50861519983801 0.434901882725325 0.575172753503973 0.692846776732507 0.46674829444359 -0.801980300225253 0.372791667938826 0 0 0 0 0 0
0.865697414712283 7.61549954797588 8.67186358704605 -0.116695248317311 0.448963400281781 0.885897332780488 0.453441329072172 -0.76951343945101 0.449711049000956 0 0 0 0 0 0
1.199469012753 7.38751725531952 8.93689086054767 -0.570343390999819 0.293672407369496 0.767114680795924 0.4136652658764 -0.704139804977362 0.577120596456104 0 0 0 0 0 0
1.6553564133411 7.20326442043874 9.21759541743909 -0.882624785226738 -0.140009318731436 0.448743667556228 0.417057713520572 -0.673660546153057 0.610118293570811 0 0 0 0 0 0
1.81385209262727 7.18831951544846 9.73076290625809 -0.737388889760532 -0.6524314632761 -0.174902289822453 0.350641335082607 -0.591043561960411 0.726442125703512 0 0 0 0 0 0
1.75254699122927 6.82364145462844 10.1914719036929 -0.401600991808002 -0.63825307708369 -0.656772146921618 0.216540929879648 -0.762988061590601 0.609064235985889 0 0 0 0 0 0
1.44658260216476 6.4854293572226 10.4755202656158 0.35087319937757 -0.610023364005478 -0.710464280119689 0.131716616589917 -0.719006324532282 0.682407970496157 0 0 0 0 0 0
1.37181305383313 6.03304866036768 10.5759363069462 0.763218386045157 -0.268723538178167 -0.587609866519983 0.134803715353775 -0.823181022813909 0.551544161428497 0 0 0 0 0 0
1.29986180379422 5.50120708566473 10.5503891123116 0.981897109786534 0.115884351722786 -0.149829512508855 0.184234164487084 -0.768034325359871 0.613335999028879 0 0 0 0 0 0
1.53692724170364 5.12042056764346 10.4814954931264 0.603642713939095 0.443725745660563 0.662361635774764 0.0512679617959089 -0.850687822355083 0.523165198565481 0 0 0 0 0 0
1.90562218961956 4.74026735313008 10.5722295605695 0.0298569831382529 0.594589249282874 0.803475068185137 0.40193138634351 -0.743124428652125 0.534992751551305 0 0 0 0 0 0
2.25423360184687 4.50708471185545 10.7746043492047 -0.649340350093475 0.21600881058802 0.729175769954565 0.510405100787409 -0.58700923274317 0.628416099224447 0 0 0 0 0 0
2.43490442857695 4.46830958639682 11.2220892888387 -0.803246393839573 -0.535610370353799 0.260608445667417 0.562192170297933 -0.537152890666243 0.628813752795372 0 0 0 0 0 0
2.49758330265604 4.31598573593999 11.7295462252718 -0.643263971537241 -0.711389843860982 -0.283082943628864 0.419071481496447 -0.636568808641567 0.647425088532279 0 0 0 0 0 0
2.46256416203988 4.00487413532308 12.1302872578001 -0.0871193120338349 -0.671860557712949 -0.73553627814024 0.360706987475042 -0.709518065125737 0.605371443369201 0 0 0 0 0 0
2.53251681206292 3.53395760383561 12.363259072618 0.155503163334531 -0.448504662392419 -0.880149040790942 0.414530748748523 -0.779115507606907 0.470258741703353 0 0 0 0 0 0
2.65271529029044 3.10509867655243 12.5153559999522 0.917828916465574 0.287665279411765 -0.273566750758535 0.396418962481856 -0.7006626629623 0.593231690754453 0 0 0 0 0 0
2.85969056742393 2.61001716457999 12.4881414215619 0.689716767410277 0.660207578606236 0.297349514719645 0.366034704002762 -0.672231039350587 0.643524688880885 0 0 0 0 0 0
3.31237703491365 2.34811323055474 12.672777784005 0.0762144884402826 0.827487084252745 0.556288124218624 0.406051774097538 -0.535310605637435 0.740651410748893 0 0 0 0 0 0
