t = 0
b =  13.0 13.0 13.0
E = 0. 0. 0.
2.813761572019288 7.629823531331256 4.25579910110395 -0.24830448261285212 -0.483543085038255 0.8393634307176187 0.937794190477305 0.09707316978051393 0.3333449504878991 0.0 0.0 0.0 0.0 0.0 0.0
3.0656027146512708 7.918605861008883 4.632450009853868 -0.05884415165773318 -0.9017877748172948 0.4281543822101479 0.937794190477305 0.09707316978051393 0.3333449504878991 0.0 0.0 0.0 0.0 0.0 0.0
3.3040303310613393 8.001825639042114 5.106698723500487 0.1529720563339093 -0.9774282118556761 -0.14571767445848946 0.937794190477305 0.09707316978051393 0.3333449504878991 0.0 0.0 0.0 0.0 0.0 0.0
3.577327932525995 7.862240625428022 5.54773108866928 0.3066716225679064 -0.6817273294818511 -0.6642291503307504 0.937794190477305 0.09707316978051393 0.3333449504878991 0.0 0.0 0.0 0.0 0.0 0.0
3.9205313400044415 7.567255845607962 5.837352398120178 0.3438615121122525 -0.1270268367647447 -0.930388866673187 0.937794190477305 0.09707316978051393 0.3333449504878991 0.0 0.0 0.0 0.0 0.0 0.0
4.342117989988494 7.243315294350472 5.914891536138196 0.25041266414725555 0.47593327501474275 -0.8430782972941565 0.937794190477305 0.09707316978051393 0.3333449504878991 0.0 0.0 0.0 0.0 0.0 0.0
4.8207862146441585 7.027863748107855 5.800250949760515 0.06182785839623763 0.8980783784361094 -0.4354681872556271 0.937794190477305 0.09707316978051393 0.3333449504878991 0.0 0.0 0.0 0.0 0.0 0.0
5.313548101566663 7.017129196487825 5.5863453763958875 -0.15024638446617805 0.9790284908198301 0.13758356776114591 0.937794190477305 0.09707316978051393 0.3333449504878991 0.0 0.0 0.0 0.0 0.0 0.0
5.7720613204225915 7.229564220155351 5.403801981631486 -0.30523951388430287 0.6880293110576249 0.6583650251108749 0.937794190477305 0.09707316978051393 0.3333449504878991 0.0 0.0 0.0 0.0 0.0 0.0
6.160995182484219 7.598835546927336 5.371332915056594 -0.344267048645258 0.13563629278798864 0.9290226021447556 0.937794190477305 0.09707316978051393 0.3333449504878991 0.0 0.0 0.0 0.0 0.0 0.0
6.471453359974781 7.999025170908144 5.550634579872337 -0.25250177578777194 -0.46828722082968754 0.8467289601942449 0.937794190477305 0.09707316978051393 0.3333449504878991 0.0 0.0 0.0 0.0 0.0 0.0
6.724353749729541 8.292468708166147 5.922948137806722 -0.06480685670394881 -0.8943005899093542 0.44274882971266305 0.937794190477305 0.09707316978051393 0.3333449504878991 0.0 0.0 0.0 0.0 0.0 0.0
6.962481414459486 8.382056397815104 6.396186305405221 0.14750927075456727 -0.9805542129739452 -0.1294389835424409 0.937794190477305 0.09707316978051393 0.3333449504878991 0.0 0.0 0.0 0.0 0.0 0.0
7.234233822099319 8.24812672376347 6.839918852632417 0.30378416002993425 -0.6942788965375478 -0.6524507628453734 0.937794190477305 0.09707316978051393 0.3333449504878991 0.0 0.0 0.0 0.0 0.0 0.0
7.575233838576559 7.955936153400582 7.134925227939617 0.34464636790962505 -0.14423541958239955 -0.9275855889483136 0.937794190477305 0.09707316978051393 0.3333449504878991 0.0 0.0 0.0 0.0 0.0 0.0
7.994796005463111 7.630867114605515 7.218488439059528 0.2545716584404618 0.46060550475971845 -0.8503151414057701 0.937794190477305 0.09707316978051393 0.3333449504878991 0.0 0.0 0.0 0.0 0.0 0.0
8.472387789901275 7.410793115113397 7.108222286940789 0.06778091971861208 0.8904546969302519 -0.44999575513214457 0.937794190477305 0.09707316978051393 0.3333449504878991 0.0 0.0 0.0 0.0 0.0 0.0
8.965430237122026 7.393698291804728 6.895379588280541 -0.1447609236408831 0.9820052621283724 0.12128454204399579 0.937794190477305 0.09707316978051393 0.3333449504878991 0.0 0.0 0.0 0.0 0.0 0.0
9.425474427243929 7.6004515988970605 6.710183704795445 -0.3023056718356312 0.7004756099914895 0.6464868139282154 0.937794190477305 0.09707316978051393 0.3333449504878991 0.0 0.0 0.0 0.0 0.0 0.0
9.816608029958838 7.9668783433274495 6.672354510887023 -0.3449994410187232 0.15282356229117924 0.9260779365179796 0.937794190477305 0.09707316978051393 0.3333449504878991 0.0 0.0 0.0 0.0 0.0 0.0
8.05207755428818 1.246298299214153 7.133239513595162 0.025803399580172057 0.9872270016471238 -0.15721651245634338 0.2662181686853738 0.1448035216220079 0.9529742004837647 0.0 0.0 0.0 0.0 0.0 0.0
8.49778601148102 1.3918800384590562 7.39560382234078 -0.544107439883938 0.8386558262728149 0.02456621504442237 0.2662181686853738 0.1448035216220079 0.9529742004837647 0.0 0.0 0.0 0.0 0.0 0.0
8.819465160631951 1.7286333996911907 7.663568000578752 -0.9073027659448669 0.3714652809197871 0.19701582672459952 0.2662181686853738 0.1448035216220079 0.9529742004837647 0.0 0.0 0.0 0.0 0.0 0.0
8.934324615737427 2.1500622833971623 7.97644194271771 -0.9257986019300382 -0.23685113522296927 0.2946158319031362 0.2662181686853738 0.1448035216220079 0.9529742004837647 0.0 0.0 0.0 0.0 0.0 0.0
8.838148250402657 2.5175009433765263 8.356473573009087 -0.5925680705147982 -0.7551838451547132 0.28028635682763914 0.2662181686853738 0.1448035216220079 0.9529742004837647 0.0 0.0 0.0 0.0 0.0 0.0
8.60689597474886 2.7127954220909802 8.800396487158546 -0.034211021901176454 -0.9866095863116063 0.15947140865533688 0.2662181686853738 0.1448035216220079 0.9529742004837647 0.0 0.0 0.0 0.0 0.0 0.0
8.367845295576235 2.6831922145619886 9.280670913928764 0.5371433659104861 -0.8432058503960903 -0.02192939388489714 0.2662181686853738 0.1448035216220079 0.9529742004837647 0.0 0.0 0.0 0.0 0.0 0.0
8.251236463564146 2.461380206903698 9.755946534672912 0.9044280084545895 -0.37945411426507664 -0.19499885304834502 0.2662181686853738 0.1448035216220079 0.9529742004837647 0.0 0.0 0.0 0.0 0.0 0.0
8.34079202453715 2.1530716219591426 10.186772160729042 0.9281053293568738 0.2284585840097118 -0.29398498773176307 0.2662181686853738 0.1448035216220079 0.9529742004837647 0.0 0.0 0.0 0.0 0.0 0.0
8.641909224539928 1.8968401784280609 10.550583899581465 0.5991799185428663 0.7495760465953778 -0.2812813104090041 0.2662181686853738 0.1448035216220079 0.9529742004837647 0.0 0.0 0.0 0.0 0.0 0.0
9.079609505827776 1.8114746183038393 10.850277554875627 0.04261603892040993 0.9859170368362767 -0.16171416048914267 0.2662181686853738 0.1448035216220079 0.9529742004837647 0.0 0.0 0.0 0.0 0.0 0.0
9.527024114528446 1.9508488777483706 11.113108462197944 -0.5301383863900847 0.847691661129254 0.01929090271712439 0.2662181686853738 0.1448035216220079 0.9529742004837647 0.0 0.0 0.0 0.0 0.0 0.0
9.853593661370668 2.283454478019972 11.38033673140162 -0.9014843752698328 0.38741405071044865 0.19296702945446204 0.2662181686853738 0.1448035216220079 0.9529742004837647 0.0 0.0 0.0 0.0 0.0 0.0
9.974669816504885 2.70437112334102 11.691551841041157 -0.9303413779695732 -0.22004863479076855 0.2933317554653649 0.2662181686853738 0.1448035216220079 0.9529742004837647 0.0 0.0 0.0 0.0 0.0 0.0
9.883674625257706 3.075127675437672 12.06963193356872 -0.605746136700318 -0.7439111649179927 0.28225484332955647 0.2662181686853738 0.1448035216220079 0.9529742004837647 0.0 0.0 0.0 0.0 0.0 0.0
9.65459958308986 3.27630965408407 12.512052026514418 -0.05101781056328479 -0.9851494059614592 0.16394459716352525 0.2662181686853738 0.1448035216220079 0.9529742004837647 0.0 0.0 0.0 0.0 0.0 0.0
9.413895029398835 3.2529267946437828 12.991843295542065 0.5230930347790458 -0.852112916860451 -0.0166509424724221 0.2662181686853738 0.1448035216220079 0.9529742004837647 0.0 0.0 0.0 0.0 0.0 0.0
9.29242954944484 3.0353047689933845 13.4678389817092 0.8984720905596609 -0.39534448407592454 -0.190920510674184 0.2662181686853738 0.1448035216220079 0.9529742004837647 0.0 0.0 0.0 0.0 0.0 0.0
9.375770810804385 2.727563955758348 13.900314331460832 0.9325065774843772 0.2116219280163333 -0.29265618485010814 0.2662181686853738 0.1448035216220079 0.9529742004837647 0.0 0.0 0.0 0.0 0.0 0.0
9.671676975842853 2.4680623676733275 14.266078694667444 0.6122662249442185 0.7381896315252301 -0.2832068814509954 0.2662181686853738 0.1448035216220079 0.9529742004837647 0.0 0.0 0.0 0.0 0.0 0.0
10.689441382512099 9.395197104564321 5.964856258502725 0.6877835509616049 -0.7244282439777995 0.046448965046458436 0.6340738528489821 0.6306873359810027 0.44741908024405186 0.0 0.0 0.0 0.0 0.0 0.0
10.890629304411139 9.460545076194553 6.458757225098378 0.7643677398796987 -0.42364403541737455 -0.48607374902012906 0.6340738528489821 0.6306873359810027 0.44741908024405186 0.0 0.0 0.0 0.0 0.0 0.0
11.26605487666662 9.429323376621413 6.84185766531056 0.5505558448703882 0.03808962514866538 -0.8339289191142654 0.6340738528489821 0.6306873359810027 0.44741908024405186 0.0 0.0 0.0 0.0 0.0 0.0
11.766979671083574 9.406784208299404 7.034863982171034 0.1275785795919621 0.4853524002961551 -0.8649605502888892 0.6340738528489821 0.6306873359810027 0.44741908024405186 0.0 0.0 0.0 0.0 0.0 0.0
12.296986006732778 9.494881134896541 7.030702514377134 -0.34386792107355335 0.7482216839117387 -0.5673792070395551 0.6340738528489821 0.6306873359810027 0.44741908024405186 0.0 0.0 0.0 0.0 0.0 0.0
12.748607638953448 9.753535217884187 6.8972069384859545 -0.6846732493581755 0.7268290402098061 -0.054241016961423305 0.6340738528489821 0.6306873359810027 0.44741908024405186 0.0 0.0 0.0 0.0 0.0 0.0
13.044157982439646 10.177870003457365 6.751347121071723 -0.7653597630853469 0.42930189219865067 0.4795042423217959 0.6340738528489821 0.6306873359810027 0.44741908024405186 0.0 0.0 0.0 0.0 0.0 0.0
13.165244543848463 10.700064168865229 6.714790310782368 -0.555273306683545 -0.03132422220364772 0.8310778230635553 0.6340738528489821 0.6306873359810027 0.44741908024405186 0.0 0.0 0.0 0.0 0.0 0.0
13.159756537527064 11.215117976836154 6.867677716410251 -0.13422923739805404 -0.4800497408777137 0.8669110439432506 0.6340738528489821 0.6306873359810027 0.44741908024405186 0.0 0.0 0.0 0.0 0.0 0.0
13.12367097231725 11.620744431269218 7.218177521782393 0.3378107633681291 -0.7463963369886774 0.5733902652491812 0.6340738528489821 0.6306873359810027 0.44741908024405186 0.0 0.0 0.0 0.0 0.0 0.0
13.164589381246433 11.856229817200319 7.699381656159836 0.6815108072359857 -0.7291744855963693 0.062028938212943065 0.6340738528489821 0.6306873359810027 0.44741908024405186 0.0 0.0 0.0 0.0 0.0 0.0
13.360858200128826 11.92549985619622 8.194725288954663 0.7662935011818238 -0.4349270559787277 -0.4728982195189347 0.6340738528489821 0.6306873359810027 0.44741908024405186 0.0 0.0 0.0 0.0 0.0 0.0
13.731803646717076 11.895628259096771 8.582271757730384 0.5599484822845684 0.024556433797830863 -0.8281634372189712 0.6340738528489821 0.6306873359810027 0.44741908024405186 0.0 0.0 0.0 0.0 0.0 0.0
14.230389367460896 11.871354301854206 8.781038344933842 0.14086967312802706 0.47471052381291456 -0.8687955189652343 0.6340738528489821 0.6306873359810027 0.44741908024405186 0.0 0.0 0.0 0.0 0.0 0.0
14.761086334626722 11.955290623451583 8.781762966252485 -0.33172788006518833 0.7445141490947619 -0.579357657570139 0.6340738528489821 0.6306873359810027 0.44741908024405186 0.0 0.0 0.0 0.0 0.0 0.0
15.216165921093856 12.208938968761283 8.6504229912985 -0.67829646542725 0.731464401522739 -0.06981213572066415 0.6340738528489821 0.6306873359810027 0.44741908024405186 0.0 0.0 0.0 0.0 0.0 0.0
15.516627806924218 12.62932464741365 8.503169337810348 -0.7671688830613613 0.4405190983796018 0.4662561836857562 0.6340738528489821 0.6306873359810027 0.44741908024405186 0.0 0.0 0.0 0.0 0.0 0.0
15.64221352172174 13.150126668402601 8.462198796064136 -0.5645810156407385 -0.01778677532450784 0.8251859835222768 0.6340738528489821 0.6306873359810027 0.44741908024405186 0.0 0.0 0.0 0.0 0.0 0.0
15.63910297623939 13.66687419339667 8.60932942522634 -0.14749938108699356 -0.4693351557038122 0.870613831844769 0.6340738528489821 0.6306873359810027 0.44741908024405186 0.0 0.0 0.0 0.0 0.0 0.0
15.602369942197184 14.076636754880402 8.954916504751465 0.3256197343998425 -0.7425752635658904 0.5852809295623973 0.6340738528489821 0.6306873359810027 0.44741908024405186 0.0 0.0 0.0 0.0 0.0 0.0
3.7153544085301133 7.41797592631535 7.386315927990323 0.9692292431485087 -0.08663918398567873 -0.23040904067346096 0.1940396276046622 0.8448646038175158 0.49855032257066695 0.0 0.0 0.0 0.0 0.0 0.0
3.9547426167843613 7.551664138286937 7.848382860205799 0.6962979614974555 0.23937519636576782 -0.6766599324471175 0.1940396276046622 0.8448646038175158 0.49855032257066695 0.0 0.0 0.0 0.0 0.0 0.0
4.352851967271 7.739917933802053 8.156205139528819 0.15883144279241648 0.4744469374780009 -0.8658364027333482 0.1940396276046622 0.8448646038175158 0.49855032257066695 0.0 0.0 0.0 0.0 0.0 0.0
4.7871669501398095 8.036321923643772 8.26665998360519 -0.4389777965495721 0.5292683547125598 -0.7260671476084989 0.1940396276046622 0.8448646038175158 0.49855032257066695 0.0 0.0 0.0 0.0 0.0 0.0
5.121416930472687 8.453372651595672 8.21160779853847 -0.870012031665009 0.38301187509681794 -0.3104528439118286 0.1940396276046622 0.8448646038175158 0.49855032257066695 0.0 0.0 0.0 0.0 0.0 0.0
5.25734764081256 8.957730948527377 8.085787877933635 -0.9705141501254352 0.0912427805147336 0.22310768568169825 0.1940396276046622 0.8448646038175158 0.49855032257066695 0.0 0.0 0.0 0.0 0.0 0.0
5.172049620094067 9.482888040148374 8.010825361300036 -0.7023017168219212 -0.23519097188283683 0.6719058753231644 0.1940396276046622 0.8448646038175158 0.49855032257066695 0.0 0.0 0.0 0.0 0.0 0.0
4.926661900928062 9.954433342328384 8.089023810087902 -0.1672731194392206 -0.47227174187876203 0.8654357892621908 0.1940396276046622 0.8448646038175158 0.49855032257066695 0.0 0.0 0.0 0.0 0.0 0.0
4.643144268922631 10.318324286087078 8.36449837426906 0.43130533267585747 -0.529928581172495 0.73017217754573 0.1940396276046622 0.8448646038175158 0.49855032257066695 0.0 0.0 0.0 0.0 0.0 0.0
4.457942701071704 10.561417993093276 8.806415709296667 0.8660236778667633 -0.38625669254539996 0.3175039477518536 0.1940396276046622 0.8448646038175158 0.49855032257066695 0.0 0.0 0.0 0.0 0.0 0.0
4.470151257839978 10.716464474880164 9.320708079204586 0.9717251486923314 -0.0958394285527915 -0.2157893401758744 0.1940396276046622 0.8448646038175158 0.49855032257066695 0.0 0.0 0.0 0.0 0.0 0.0
4.703864592828046 10.849664355912854 9.785811262229592 0.7082519891515792 0.23098883669681816 -0.6671006499654158 0.1940396276046622 0.8448646038175158 0.49855032257066695 0.0 0.0 0.0 0.0 0.0 0.0
5.099023991028396 11.035518149538657 10.098848831104629 0.17570205759035526 0.4700605809579048 -0.86496926950501 0.1940396276046622 0.8448646038175158 0.49855032257066695 0.0 0.0 0.0 0.0 0.0 0.0
5.534234678784941 11.32852226738429 10.214716627779703 -0.4236000232311929 0.5305484515192721 -0.7342216020446644 0.1940396276046622 0.8448646038175158 0.49855032257066695 0.0 0.0 0.0 0.0 0.0 0.0
5.872885727917342 11.742464921447473 10.16321858716638 -0.8619693730125008 0.3894720950513913 -0.32453087243699064 0.1940396276046622 0.8448646038175158 0.49855032257066695 0.0 0.0 0.0 0.0 0.0 0.0
6.015050831349638 12.245187751832377 10.037743723969667 -0.9728621466269678 0.10042877804730795 0.20845456147633382 0.1940396276046622 0.8448646038175158 0.49855032257066695 0.0 0.0 0.0 0.0 0.0 0.0
5.9354519778471655 12.770803325333162 9.959786084620516 -0.7141483253501543 -0.2267691108165751 0.6622446223103876 0.1940396276046622 0.8448646038175158 0.49855032257066695 0.0 0.0 0.0 0.0 0.0 0.0
5.693062991110416 13.244726872888007 10.032787127764575 -0.1841176153495461 -0.4678136231038939 0.8644368789890922 0.1940396276046622 0.8448646038175158 0.49855032257066695 0.0 0.0 0.0 0.0 0.0 0.0
5.408704388161469 13.612012290336544 10.302836584673742 0.41586245500472546 -0.5311279185473639 0.7382151127259489 0.1940396276046622 0.8448646038175158 0.49855032257066695 0.0 0.0 0.0 0.0 0.0 0.0
5.21914164491598 13.858227082040246 10.741162199756761 0.8578494258532338 -0.3926578377494415 0.33153308283971955 0.1940396276046622 0.8448646038175158 0.49855032257066695 0.0 0.0 0.0 0.0 0.0 0.0
10.786405505198084 9.252423885285795 0.5349141241752972 0.6139422763174146 -0.5610027466258148 0.5552934356072319 0.6499753517446252 0.7584609182984202 0.04763483534524066 0.0 0.0 0.0 0.0 0.0 0.0
10.952137067854613 9.600796977472793 0.9088851656983752 0.7599500866570589 -0.6489247452362245 -0.037047817884859086 0.6499753517446252 0.7584609182984202 0.04763483534524066 0.0 0.0 0.0 0.0 0.0 0.0
11.291099276676482 9.801247653564745 1.2744111559688882 0.6172401533878028 -0.4903093836882283 -0.6153139859560085 0.6499753517446252 0.7584609182984202 0.04763483534524066 0.0 0.0 0.0 0.0 0.0 0.0
11.770761397884588 9.889932290217361 1.499676303779847 0.2400303661414821 -0.14541728974133505 -0.9598120832612341 0.6499753517446252 0.7584609182984202 0.04763483534524066 0.0 0.0 0.0 0.0 0.0 0.0
12.305138448607213 9.945469051097877 1.5061522570108772 -0.22837097029570055 0.25472126382572274 -0.9396615229332456 0.6499753517446252 0.7584609182984202 0.04763483534524066 0.0 0.0 0.0 0.0 0.0 0.0
12.78745832946523 10.059069532082283 1.2984323365227821 -0.6100103569585371 0.5580869505529645 -0.5625178397400482 0.6499753517446252 0.7584609182984202 0.04763483534524066 0.0 0.0 0.0 0.0 0.0 0.0
13.130726330260543 10.299885951005468 0.962486456766294 -0.7598966101835375 0.6494260740489075 0.028335775567137508 0.6499753517446252 0.7584609182984202 0.04763483534524066 0.0 0.0 0.0 0.0 0.0 0.0
13.30077587485434 10.688739063942322 0.6329997179419212 -0.6210854364060077 0.4940373741887352 0.6084241559874641 0.6499753517446252 0.7584609182984202 0.04763483534524066 0.0 0.0 0.0 0.0 0.0 0.0
13.329248974676906 11.190208011870407 0.4422032846189844 -0.24631352134309373 0.1509556160098456 0.957362027238731 0.6499753517446252 0.7584609182984202 0.04763483534524066 0.0 0.0 0.0 0.0 0.0 0.0
13.301574899559048 11.726087297217761 0.46963755552855546 0.22203701862052702 -0.24947670453449342 0.9425820581024849 0.6499753517446252 0.7584609182984202 0.04763483534524066 0.0 0.0 0.0 0.0 0.0 0.0
13.324514169822145 12.205098359916683 0.7119334362409746 0.6060319829492244 -0.5551286539981102 0.5696994059614918 0.6499753517446252 0.7584609182984202 0.04763483534524066 0.0 0.0 0.0 0.0 0.0 0.0
13.485598449667341 12.557567828469587 1.0840923144679333 0.7597852646410898 -0.6498779465516985 -0.01962157537040018 0.6499753517446252 0.7584609182984202 0.04763483534524066 0.0 0.0 0.0 0.0 0.0 0.0
13.81987580449415 12.761897598657592 1.4517784539718155 0.6248834213635985 -0.4977277418304564 -0.6014879921638315 0.6499753517446252 0.7584609182984202 0.04763483534524066 0.0 0.0 0.0 0.0 0.0 0.0
14.296595354882776 12.85277031443432 1.6823553867361056 0.25257791881641184 -0.15648244642375073 -0.9548390643912762 0.6499753517446252 0.7584609182984202 0.04763483534524066 0.0 0.0 0.0 0.0 0.0 0.0
14.830890049812979 12.907972851625027 1.6952767247283504 -0.2156861579667361 0.2442131466263234 -0.9454308119986452 0.6499753517446252 0.7584609182984202 0.04763483534524066 0.0 0.0 0.0 0.0 0.0 0.0
15.316019078248091 13.01884378327338 1.4926870793774811 -0.6020074572580639 0.552128082246984 -0.5768375873674908 0.6499753517446252 0.7584609182984202 0.04763483534524066 0.0 0.0 0.0 0.0 0.0 0.0
15.663920487859036 13.255572328642671 1.1586072878359717 -0.7596160585091131 0.6502803283327528 0.010905880914730317 0.6499753517446252 0.7584609182984202 0.04763483534524066 0.0 0.0 0.0 0.0 0.0 0.0
15.838667393031473 13.640532295316511 0.827013492192129 -0.6286338190293196 0.5013802055776038 0.5945060227008401 0.6499753517446252 0.7584609182984202 0.04763483534524066 0.0 0.0 0.0 0.0 0.0 0.0
15.870117199376187 14.139781895627717 0.6309373631291018 -0.2588230815033185 0.16199736009351215 0.9522433868522578 0.6499753517446252 0.7584609182984202 0.04763483534524066 0.0 0.0 0.0 0.0 0.0 0.0
15.84256827614834 14.675958799269493 0.6519251440614275 0.20931887197695126 -0.23893099094153014 0.9482075676780872 0.6499753517446252 0.7584609182984202 0.04763483534524066 0.0 0.0 0.0 0.0 0.0 0.0
2.620789764928245 3.020003546130015 12.71403185861632 0.7890829884305767 -0.5688560949683142 0.23184214583822074 0.43939084099215453 0.7864285348921597 0.43412653496368825 0.0 0.0 0.0 0.0 0.0 0.0
2.7309519977908643 3.1770075208549335 13.21592740202118 0.8909096481648957 -0.31966166765065085 -0.32263976357775026 0.43939084099215453 0.7864285348921597 0.43412653496368825 0.0 0.0 0.0 0.0 0.0 0.0
3.044197112985184 3.2611446083807176 13.644277201166615 0.6542648373463814 0.05097757166557005 -0.7545454325613499 0.43939084099215453 0.7864285348921597 0.43412653496368825 0.0 0.0 0.0 0.0 0.0 0.0
3.5065819184390836 3.35690203497168 13.900628345217886 0.1690538760952337 0.40224957920649373 -0.8997866763880068 0.43939084099215453 0.7864285348921597 0.43412653496368825 0.0 0.0 0.0 0.0 0.0 0.0
4.00750256026818 3.5443522657995636 13.951873088074683 -0.38038347911457443 0.6007002463525486 -0.7031839182238734 0.43939084099215453 0.7864285348921597 0.43412653496368825 0.0 0.0 0.0 0.0 0.0 0.0
4.421714776064325 3.868732136684571 13.842827034646634 -0.7853067909361318 0.5709348467367307 -0.239429832918331 0.43939084099215453 0.7864285348921597 0.43412653496368825 0.0 0.0 0.0 0.0 0.0 0.0
4.656916284156866 4.323256623847707 13.679202943271182 -0.8918789232516815 0.32426175332403234 0.31528764896621797 0.43939084099215453 0.7864285348921597 0.43412653496368825 0.0 0.0 0.0 0.0 0.0 0.0
4.688813963631175 4.851696587883965 13.587448681398119 -0.6596113412035127 -0.04560380154387231 0.750222081680118 0.43939084099215453 0.7864285348921597 0.43412653496368825 0.0 0.0 0.0 0.0 0.0 0.0
4.570353217123444 5.369741163923373 13.666707566649809 -0.1767463825186088 -0.398143709750358 0.9001346025194273 0.43939084099215453 0.7864285348921597 0.43412653496368825 0.0 0.0 0.0 0.0 0.0 0.0
4.411603127159263 5.797028868797577 13.95115216286858 0.37326748192704456 -0.5994221660148373 0.708070938413605 0.43939084099215453 0.7864285348921597 0.43412653496368825 0.0 0.0 0.0 0.0 0.0 0.0
4.33793937144523 6.087678272067853 14.397001551778214 0.7814707892891182 -0.5729701196061042 0.24699928648967434 0.43939084099215453 0.7864285348921597 0.43412653496368825 0.0 0.0 0.0 0.0 0.0 0.0
4.4424119067386645 6.247719118545388 14.899154435815014 0.8927802783054118 -0.32883714520946783 -0.30791152397953114 0.43939084099215453 0.7864285348921597 0.43412653496368825 0.0 0.0 0.0 0.0 0.0 0.0
4.750393734563189 6.3328015274255485 15.33111887827223 0.6649076131032221 0.040226558516124625 -0.7458415984827631 0.43939084099215453 0.7864285348921597 0.43412653496368825 0.0 0.0 0.0 0.0 0.0 0.0
5.209941273715941 6.42705358158519 15.593068704887362 0.18442542902065354 0.3940075201092486 -0.9004139799158531 0.43939084099215453 0.7864285348921597 0.43412653496368825 0.0 0.0 0.0 0.0 0.0 0.0
5.7115285952169055 6.611119662351199 15.649769136449107 -0.36612305897560227 0.5980984373584267 -0.7129040362599682 0.43939084099215453 0.7864285348921597 0.43412653496368825 0.0 0.0 0.0 0.0 0.0 0.0
6.129658153904304 6.931522300732256 15.543963070513835 -0.777575275615913 0.5749617585825256 -0.2545499301090547 0.43939084099215453 0.7864285348921597 0.43412653496368825 0.0 0.0 0.0 0.0 0.0 0.0
6.370539404048612 7.382987490073397 15.38013234000078 -0.8936136446844101 0.3333874948731509 0.30051195033816536 0.43939084099215453 0.7864285348921597 0.43412653496368825 0.0 0.0 0.0 0.0 0.0 0.0
6.407721395769517 7.9104483693609255 15.28480331802293 -0.6701532497138993 -0.03484625208020255 0.7414043165600408 0.43939084099215453 0.7864285348921597 0.43412653496368825 0.0 0.0 0.0 0.0 0.0 0.0
6.292141933131736 8.429966044390332 15.358477433333263 -0.1920904308122463 -0.38984132527002086 0.9006247873016139 0.43939084099215453 0.7864285348921597 0.43412653496368825 0.0 0.0 0.0 0.0 0.0 0.0
6.13277545074617 8.860619377058065 15.637448997247198 0.3589507543357158 -0.5967291611903791 0.71768284370385 0.43939084099215453 0.7864285348921597 0.43412653496368825 0.0 0.0 0.0 0.0 0.0 0.0
7.555390917961658 4.668444803104659 9.697714158787864 0.6084744173082494 -0.3191289098894022 0.7265780222069673 0.33629810415736955 0.93299470055586 0.12815800355358345 0.0 0.0 0.0 0.0 0.0 0.0
7.502930323521871 5.054250193588521 10.06796703024598 0.9143695901267072 -0.3560600968456687 0.19274195206485414 0.33629810415736955 0.93299470055586 0.12815800355358345 0.0 0.0 0.0 0.0 0.0 0.0
7.658900305922145 5.358891673792966 10.48215543574191 0.8728804682117266 -0.2577181000029068 -0.41432000814028835 0.33629810415736955 0.93299470055586 0.12815800355358345 0.0 0.0 0.0 0.0 0.0 0.0
8.013843418516506 5.604786304992638 10.801899582345666 0.4997694626399359 -0.061464688152188085 -0.8639748701918036 0.33629810415736955 0.93299470055586 0.12815800355358345 0.0 0.0 0.0 0.0 0.0 0.0
8.48270899584491 5.836670058594029 10.92470063010419 -0.06321231748859141 0.15814018636233126 -0.9853912341679362 0.33629810415736955 0.93299470055586 0.12815800355358345 0.0 0.0 0.0 0.0 0.0 0.0
8.93716532341281 6.104601872652601 10.822881715028757 -0.6021786813496139 0.3176649601148814 -0.7324409934208014 0.33629810415736955 0.93299470055586 0.12815800355358345 0.0 0.0 0.0 0.0 0.0 0.0
9.254355001619487 6.444945424364703 10.554102852456761 -0.9123672962752637 0.3565035044448824 -0.20122417351273278 0.33629810415736955 0.93299470055586 0.12815800355358345 0.0 0.0 0.0 0.0 0.0 0.0
9.36357052593254 6.866553961132414 10.239454933201012 -0.8759323213782064 0.25990040701553385 0.40644107420159425 0.33629810415736955 0.93299470055586 0.12815800355358345 0.0 0.0 0.0 0.0 0.0 0.0
9.27311725002618 7.347406803857095 10.017455269598202 -0.5067160127821294 0.06455679965790373 0.8596925624943546 0.33629810415736955 0.93299470055586 0.12815800355358345 0.0 0.0 0.0 0.0 0.0 0.0
9.067158043062292 7.842975371095077 9.991422552666243 0.05501018090982829 -0.15531301522189606 0.9863324730023596 0.33629810415736955 0.93299470055586 0.12815800355358345 0.0 0.0 0.0 0.0 0.0 0.0
8.873738408567696 8.303140331626297 10.190224353990171 0.595837087152964 -0.31617681892375893 0.7382481864172258 0.33629810415736955 0.93299470055586 0.12815800355358345 0.0 0.0 0.0 0.0 0.0 0.0
8.81613985683766 8.69123277633533 10.557309852636916 0.910295522121835 -0.3569197629219742 0.20969107096072717 0.33629810415736955 0.93299470055586 0.12815800355358345 0.0 0.0 0.0 0.0 0.0 0.0
8.966043198017786 8.9979653498558 10.972194437507099 0.8789174689071031 -0.2620629216059223 -0.39853118820149924 0.33629810415736955 0.93299470055586 0.12815800355358345 0.0 0.0 0.0 0.0 0.0 0.0
9.316295803890464 9.24496067215038 11.296233825486947 0.5136239745381184 -0.06764399491338462 -0.8553447858798364 0.33629810415736955 0.93299470055586 0.12815800355358345 0.0 0.0 0.0 0.0 0.0 0.0
9.783629010920308 9.476536543676033 11.425297342612025 -0.0468038550928087 0.15247401639403188 -0.9871985988002224 0.33629810415736955 0.93299470055586 0.12815800355358345 0.0 0.0 0.0 0.0 0.0 0.0
10.240293277709059 9.742868872036306 11.329328908078343 -0.5894501176552505 0.31466459964374605 -0.7439991589560104 0.33629810415736955 0.93299470055586 0.12815800355358345 0.0 0.0 0.0 0.0 0.0 0.0
10.562592371631222 10.080929005786308 11.063765841850673 -0.9081544254400444 0.3573088405772474 -0.21814199962181607 0.33629810415736955 0.93299470055586 0.12815800355358345 0.0 0.0 0.0 0.0 0.0 0.0
10.677877635699208 10.500437700988632 10.748477299945362 -0.8818356834678753 0.2642054790902116 0.3905909525084462 0.33629810415736955 0.93299470055586 0.12815800355358345 0.0 0.0 0.0 0.0 0.0 0.0
10.59214842797369 10.980172043462806 10.522223977954312 -0.5204928218398706 0.07072603881675744 0.8509318714482714 0.33629810415736955 0.93299470055586 0.12815800355358345 0.0 0.0 0.0 0.0 0.0 0.0
10.387772865132446 11.47602838871066 10.489940602834507 0.0385939649810149 -0.14962340607949315 0.9879895456026918 0.33629810415736955 0.93299470055586 0.12815800355358345 0.0 0.0 0.0 0.0 0.0 0.0
10.417662505403483 10.891600216696983 3.7633009865207225 0.2756155084257079 0.49524053359025566 -0.8238767537711434 0.6215231242221126 0.5620154130087557 0.5457542318642908 0.0 0.0 0.0 0.0 0.0 0.0
10.949318412268795 10.934023152411628 3.8283193942137226 -0.2067332906392752 0.7896235274017368 -0.5777162205746825 0.6215231242221126 0.5620154130087557 0.5457542318642908 0.0 0.0 0.0 0.0 0.0 0.0
11.43384945902801 11.15644079604304 3.7616473712488565 -0.6105406561940998 0.7840153413519421 -0.11207163628177895 0.6215231242221126 0.5620154130087557 0.5457542318642908 0.0 0.0 0.0 0.0 0.0 0.0
11.779207743997095 11.557574761404704 3.6694286152672206 -0.7823934187653674 0.4805466190850589 0.3961508363724089 0.6215231242221126 0.5620154130087557 0.5457542318642908 0.0 0.0 0.0 0.0 0.0 0.0
11.946219424540567 12.068249343707228 3.6675124549015785 -0.6570018406272858 -0.005489798083257537 0.7538689829999393 0.6215231242221126 0.5620154130087557 0.5457542318642908 0.0 0.0 0.0 0.0 0.0 0.0
11.963467514840458 12.577672526363937 3.8374407529312946 -0.28200427874990064 -0.48944054917521507 0.8251796989685406 0.6215231242221126 0.5620154130087557 0.5457542318642908 0.0 0.0 0.0 0.0 0.0 0.0
11.916432720926032 12.975527720435888 4.195468789305205 0.2001314234846797 -0.7874446526259073 0.5829908510301502 0.6215231242221126 0.5620154130087557 0.5457542318642908 0.0 0.0 0.0 0.0 0.0 0.0
11.915017891292083 13.19388488116478 4.686389608515272 0.6062338519184651 -0.7862853671715049 0.11931403169816666 0.6215231242221126 0.5620154130087557 0.5457542318642908 0.0 0.0 0.0 0.0 0.0 0.0
12.051794087278124 13.233008267706424 5.204508065005157 0.7820179043189349 -0.4864031247383543 -0.3896921831001809 0.6215231242221126 0.5620154130087557 0.5457542318642908 0.0 0.0 0.0 0.0 0.0 0.0
12.366831289159894 13.161256046659265 5.633796176095673 0.660700280226522 -0.0017282029905303898 -0.7506478222329146 0.6215231242221126 0.5620154130087557 0.5457542318642908 0.0 0.0 0.0 0.0 0.0 0.0
12.832475140708263 13.089109881686035 5.89197409248903 0.28837157335644326 0.48360329196740914 -0.8264198035370478 0.6215231242221126 0.5620154130087557 0.5457542318642908 0.0 0.0 0.0 0.0 0.0 0.0
13.363853301476858 13.127201102333377 5.96176958866278 -0.1935143155473449 0.785205810891065 -0.5882210844751706 0.6215231242221126 0.5620154130087557 0.5457542318642908 0.0 0.0 0.0 0.0 0.0 0.0
13.8511198679275 13.34428001227987 5.897480070122013 -0.6018808805878765 0.7884955143161305 -0.12654734088909692 0.6215231242221126 0.5620154130087557 0.5457542318642908 0.0 0.0 0.0 0.0 0.0 0.0
14.201187668709926 13.741096499524776 5.804344081243757 -0.7815828361813824 0.492222588910515 0.3832038532594558 0.6215231242221126 0.5620154130087557 0.5457542318642908 0.0 0.0 0.0 0.0 0.0 0.0
14.373093637392266 14.250115141399638 5.798559422773522 -0.6643484049414131 0.008946072454970156 0.7473694967279763 0.6215231242221126 0.5620154130087557 0.5457542318642908 0.0 0.0 0.0 0.0 0.0 0.0
14.393561366264459 14.761173040772098 5.963137664598443 -0.294716907351198 -0.4777292064965729 0.827596973037902 0.6215231242221126 0.5620154130087557 0.5457542318642908 0.0 0.0 0.0 0.0 0.0 0.0
14.346848366832665 15.163332552491893 6.316366662467729 0.18688247074566092 -0.7829071726936747 0.5934065226072185 0.6215231242221126 0.5620154130087557 0.5457542318642908 0.0 0.0 0.0 0.0 0.0 0.0
14.34273523248761 15.387028349561955 6.804862695836894 0.5974820736979553 -0.7906456144745557 0.13377101301007135 0.6215231242221126 0.5620154130087557 0.5457542318642908 0.0 0.0 0.0 0.0 0.0 0.0
14.474818155641806 15.430496453934845 7.323851835830816 0.7810882474848344 -0.49800456842681223 -0.3766863409616701 0.6215231242221126 0.5620154130087557 0.5457542318642908 0.0 0.0 0.0 0.0 0.0 0.0
14.784950169387145 15.360444401265106 7.756975312550072 0.6679459369531392 -0.016163260641355606 -0.7440342561423026 0.6215231242221126 0.5620154130087557 0.5457542318642908 0.0 0.0 0.0 0.0 0.0 0.0
0.5882460038548647 5.558798877445185 7.4491957201786025 0.4005254068654568 0.7381601216220639 -0.542861891554528 0.607754766756878 0.22936253326475067 0.7602808506194727 0.0 0.0 0.0 0.0 0.0 0.0
1.112028894485974 5.509117295554341 7.558137567148912 -0.07764568900269603 0.9699577511487877 -0.23054957810779655 0.607754766756878 0.22936253326475067 0.7602808506194727 0.0 0.0 0.0 0.0 0.0 0.0
1.618112447865794 5.680537613557627 7.6145256305352955 -0.5263178894520328 0.8332522141852944 0.16935237464547653 0.607754766756878 0.22936253326475067 0.7602808506194727 0.0 0.0 0.0 0.0 0.0 0.0
2.004221821784407 6.041897800002769 7.709517573050796 -0.7750331241326915 0.3799802298187076 0.5049145288502221 0.607754766756878 0.22936253326475067 0.7602808506194727 0.0 0.0 0.0 0.0 0.0 0.0
2.213662370670521 6.489874491791181 7.919604798304864 -0.7293003170925186 -0.21765259678666138 0.6486512118240236 0.607754766756878 0.22936253326475067 0.7602808506194727 0.0 0.0 0.0 0.0 0.0 0.0
2.256858889327928 6.888237267293624 8.277552087704056 -0.4064941263378345 -0.7325955629154167 0.545954454555949 0.607754766756878 0.22936253326475067 0.7602808506194727 0.0 0.0 0.0 0.0 0.0 0.0
2.20739505909627 7.119604861178346 8.75994971219776 0.07074597923195827 -0.9692132263479696 0.23584047213035778 0.607754766756878 0.22936253326475067 0.7602808506194727 0.0 0.0 0.0 0.0 0.0 0.0
2.174057777056562 7.130040269620711 9.296107179734308 0.5211085044818338 -0.837610580709927 -0.16387324869997694 0.607754766756878 0.22936253326475067 0.7602808506194727 0.0 0.0 0.0 0.0 0.0 0.0
2.259507195010191 6.9495423198347925 9.794909735073418 0.7734931964094818 -0.3877856713580807 -0.5013287825345802 0.607754766756878 0.22936253326475067 0.7602808506194727 0.0 0.0 0.0 0.0 0.0 0.0
2.521274411423359 6.680648614061107 10.179434378659437 0.732014890904564 0.20936549797337892 -0.6483211301140333 0.607754766756878 0.22936253326475067 0.7602808506194727 0.0 0.0 0.0 0.0 0.0 0.0
2.949904445251104 6.459479780138148 10.41617420023651 0.41243188970868505 0.7269752142202943 -0.5490054410119075 0.607754766756878 0.22936253326475067 0.7602808506194727 0.0 0.0 0.0 0.0 0.0 0.0
3.4725483413151315 6.4040249691710125 10.527768214260437 -0.06384088188099833 0.9683948922075034 -0.24111340598787337 0.607754766756878 0.22936253326475067 0.7602808506194727 0.0 0.0 0.0 0.0 0.0 0.0
3.9806397063456296 6.569315804353167 10.584400419802785 -0.5158594350814654 0.8419051599458974 0.15838164317212713 0.607754766756878 0.22936253326475067 0.7602808506194727 0.0 0.0 0.0 0.0 0.0 0.0
4.371140896917767 6.9265189472355715 10.677135725889705 -0.7718943641846653 0.39556158151720666 0.49770485809117454 0.607754766756878 0.22936253326475067 0.7602808506194727 0.0 0.0 0.0 0.0 0.0 0.0
4.585688742886319 7.373890365071186 10.883322870038812 -0.7346737189485565 -0.2010624551668343 0.6479416762399071 0.607754766756878 0.22936253326475067 0.7602808506194727 0.0 0.0 0.0 0.0 0.0 0.0
4.632767691504006 7.775429589925081 11.237208339674321 -0.41833824479433956 -0.7212995035480101 0.5520146185779717 0.607754766756878 0.22936253326475067 0.7602808506194727 0.0 0.0 0.0 0.0 0.0 0.0
4.5844864240577925 8.012548570249487 11.716925558983844 0.05693092279971287 -0.9675028110467023 0.24636797812601421 0.607754766756878 0.22936253326475067 0.7602808506194727 0.0 0.0 0.0 0.0 0.0 0.0
4.549182562255107 8.029125254353277 12.252802366659171 0.5105710809878843 -0.8461356248443694 -0.1528779762689506 0.607754766756878 0.22936253326475067 0.7602808506194727 0.0 0.0 0.0 0.0 0.0 0.0
4.630263394428752 7.852825296150098 12.75383063483368 0.7702367492155054 -0.403307368130421 -0.4940430314958826 0.607754766756878 0.22936253326475067 0.7602808506194727 0.0 0.0 0.0 0.0 0.0 0.0
4.8869197178216055 7.584591410691505 13.142241778433613 0.7372765987444462 0.19274410067588388 -0.647512879098527 0.607754766756878 0.22936253326475067 0.7602808506194727 0.0 0.0 0.0 0.0 0.0 0.0
6.7573910627874865 1.1550875967093874 2.0132511450451056 0.5655346862175373 -0.7222771705850406 0.3981032624037384 0.5113837312418481 0.6858191686441079 0.5178211538180629 0.0 0.0 0.0 0.0 0.0 0.0
6.793523417695403 1.308668317788141 2.5268585020407954 0.8375113999643685 -0.5327336435932556 -0.12152991365741023 0.5113837312418481 0.6858191686441079 0.5178211538180629 0.0 0.0 0.0 0.0 0.0 0.0
7.020566522577531 1.340812388047324 3.0127631113943347 0.7913035304208471 -0.140795698568853 -0.5949918436483075 0.5113837312418481 0.6858191686441079 0.5178211538180629 0.0 0.0 0.0 0.0 0.0 0.0
7.427987292117493 1.3408620743875939 3.363039311266797 0.4444662197809371 0.3046328863204045 -0.8424064245040768 0.5113837312418481 0.6858191686441079 0.5178211538180629 0.0 0.0 0.0 0.0 0.0 0.0
7.936724150441668 1.4103528367498877 3.521288940167199 -0.07123123883266305 0.6343263445062891 -0.7697767204064124 0.5113837312418481 0.6858191686441079 0.5178211538180629 0.0 0.0 0.0 0.0 0.0 0.0
8.429223845632643 1.624438309301497 3.5040679414299003 -0.5598667588909304 0.7230286190433146 -0.40469597024591364 0.5113837312418481 0.6858191686441079 0.5178211538180629 0.0 0.0 0.0 0.0 0.0 0.0
8.7941018955182 2.0033381783141575 3.3945964835412687 -0.8357995367734974 0.5370402328119209 0.11413554516680648 0.5113837312418481 0.6858191686441079 0.5178211538180629 0.0 0.0 0.0 0.0 0.0 0.0
8.968459414697765 2.504656385294291 3.311142226764691 -0.7941980968127499 0.14702128330140662 0.5896050587261039 0.5113837312418481 0.6858191686441079 0.5178211538180629 0.0 0.0 0.0 0.0 0.0 0.0
8.961779452719387 3.039488098429011 3.3620884616766777 -0.45086752158876087 -0.29885350980008585 0.8410737528044596 0.5113837312418481 0.6858191686441079 0.5178211538180629 0.0 0.0 0.0 0.0 0.0 0.0
8.852324225008285 3.506196144601362 3.604757485004865 0.06375516318976948 -0.6311888579642972 0.7730044661891488 0.5113837312418481 0.6858191686441079 0.5178211538180629 0.0 0.0 0.0 0.0 0.0 0.0
8.757401988752349 3.8290246707403663 4.023632900723489 0.5541561955430213 -0.72372500607293 0.41125785892311023 0.5113837312418481 0.6858191686441079 0.5178211538180629 0.0 0.0 0.0 0.0 0.0 0.0
8.788799674706993 3.9868800589730067 4.536254558323883 0.8340240242119711 -0.5413059243376225 -0.10673248481254484 0.5113837312418481 0.6858191686441079 0.5178211538180629 0.0 0.0 0.0 0.0 0.0 0.0
9.010313163223362 4.02134474472067 5.024546542652914 0.7970321819447173 -0.15323567179402145 -0.5841733730959298 0.5113837312418481 0.6858191686441079 0.5178211538180629 0.0 0.0 0.0 0.0 0.0 0.0
9.413510162692681 4.020879354261321 5.379676188203687 0.4572344880892108 0.2930513744279369 -0.8396770300822172 0.5113837312418481 0.6858191686441079 0.5178211538180629 0.0 0.0 0.0 0.0 0.0 0.0
9.92093377810884 4.087215033823693 5.543401428326743 -0.056274232344361096 0.6280033039470237 -0.7761733446889767 0.5113837312418481 0.6858191686441079 0.5178211538180629 0.0 0.0 0.0 0.0 0.0 0.0
10.41552968049143 4.2967040862809425 5.5301979301056186 -0.548403431055319 0.7243662786413169 -0.41778842872210076 0.5113837312418481 0.6858191686441079 0.5178211538180629 0.0 0.0 0.0 0.0 0.0 0.0
10.78511700350942 4.671312454746697 5.421759546411559 -0.832184997491946 0.545530393321434 0.09932129636633251 0.5113837312418481 0.6858191686441079 0.5178211538180629 0.0 0.0 0.0 0.0 0.0 0.0
10.965007730164384 5.170274493535211 5.335961455349354 -0.7998055699901941 0.15943839079695266 0.5786972004016748 0.5113837312418481 0.6858191686441079 0.5178211538180629 0.0 0.0 0.0 0.0 0.0 0.0
10.962582751974166 5.705580518522626 5.382077409327445 -0.4635666344131377 -0.28722692205903116 0.8382163627031918 0.5113837312418481 0.6858191686441079 0.5178211538180629 0.0 0.0 0.0 0.0 0.0 0.0
10.854487744883327 6.175413157589078 5.619264809558243 0.04878901599828474 -0.6247699250467414 0.7792831145835288 0.5113837312418481 0.6858191686441079 0.5178211538180629 0.0 0.0 0.0 0.0 0.0 0.0
8.191113952793 11.568571616383341 3.528344397072975 -0.47493939418322334 0.8799617539399236 -0.009994171093505172 0.34502829635240373 0.1966446787864466 0.9177615948715293 0.0 0.0 0.0 0.0 0.0 0.0
8.556284246713 11.897650069155421 3.7452386811790186 -0.8594245275714579 0.45923898506977007 0.22469765463988262 0.34502829635240373 0.1966446787864466 0.9177615948715293 0.0 0.0 0.0 0.0 0.0 0.0
8.725548692531255 12.331412063024132 4.013352802730346 -0.9173999141234507 -0.13595635229476563 0.374023084631132 0.34502829635240373 0.1966446787864466 0.9177615948715293 0.0 0.0 0.0 0.0 0.0 0.0
8.685691799059041 12.734182802109377 4.366725498191991 -0.6268397351913269 -0.6794995983535271 0.38125089143851526 0.34502829635240373 0.1966446787864466 0.9177615948715293 0.0 0.0 0.0 0.0 0.0 0.0
8.502946768226424 12.98206158636945 4.807004346353123 -0.0981326606585308 -0.9648895863703355 0.24363511041342192 0.34502829635240373 0.1966446787864466 0.9177615948715293 0.0 0.0 0.0 0.0 0.0 0.0
8.297832394308946 13.009993759056112 5.302819825598985 0.4678566523490329 -0.8837018884314571 0.013458277580446583 0.34502829635240373 0.1966446787864466 0.9177615948715293 0.0 0.0 0.0 0.0 0.0 0.0
8.199365959015559 12.836486058469102 5.801703119642775 0.8560994009831089 -0.4667810683697952 -0.2218315799157423 0.34502829635240373 0.1966446787864466 0.9177615948715293 0.0 0.0 0.0 0.0 0.0 0.0
8.296047409113479 12.556575598659911 6.25001989806483 0.9190956739650087 0.12747768372883672 -0.37284391137570777 0.34502829635240373 0.1966446787864466 0.9177615948715293 0.0 0.0 0.0 0.0 0.0 0.0
8.60223674701111 12.3057236808678 6.6133468951572425 0.6329121339473914 0.6733055324656696 -0.3822066072862683 0.34502829635240373 0.1966446787864466 0.9177615948715293 0.0 0.0 0.0 0.0 0.0 0.0
9.052698425756656 12.208351780386826 6.889549884092602 0.10627469251657999 0.9633333523506056 -0.24636262293507413 0.34502829635240373 0.1966446787864466 0.9177615948715293 0.0 0.0 0.0 0.0 0.0 0.0
9.527385424005296 12.3305717478855 7.109594505378101 -0.4607382814193854 0.8873747256027955 -0.01692135916744483 0.34502829635240373 0.1966446787864466 0.9177615948715293 0.0 0.0 0.0 0.0 0.0 0.0
9.897047116507235 12.655068812006617 7.3257819023089485 -0.8527090791108514 0.4742876044842476 0.21894861185793504 0.34502829635240373 0.1966446787864466 0.9177615948715293 0.0 0.0 0.0 0.0 0.0 0.0
10.072333747595327 13.087679750493399 7.591878642202041 -0.9207214411125708 -0.11898930724374181 0.3716363446129079 0.34502829635240373 0.1966446787864466 0.9177615948715293 0.0 0.0 0.0 0.0 0.0 0.0
10.037741897211266 13.493167072649966 7.9426898985431995 -0.6389363339940372 -0.6670601917547065 0.38313321662110306 0.34502829635240373 0.1966446787864466 0.9177615948715293 0.0 0.0 0.0 0.0 0.0 0.0
9.857504489389104 13.74659800310697 8.380836383668443 -0.1144086311453349 -0.9617037567663975 0.24907137398915777 0.34502829635240373 0.1966446787864466 0.9177615948715293 0.0 0.0 0.0 0.0 0.0 0.0
9.65118763049749 13.78080853194902 8.875758696331557 0.4535848234857869 -0.8909799857531684 0.02038315212742836 0.34502829635240373 0.1966446787864466 0.9177615948715293 0.0 0.0 0.0 0.0 0.0 0.0
9.54826544639153 13.61192014500391 9.375327349163475 0.8492538201408221 -0.4817580217613394 -0.2160489700156412 0.34502829635240373 0.1966446787864466 0.9177615948715293 0.0 0.0 0.0 0.0 0.0 0.0
9.638930697308478 13.333215001839767 9.825647632482337 0.9222770917576741 0.11049186926221452 -0.37040047630361755 0.34502829635240373 0.1966446787864466 0.9177615948715293 0.0 0.0 0.0 0.0 0.0 0.0
9.939829040311079 13.079696483750576 10.19153511557312 0.6449118765651064 0.6607640518275127 -0.38403064887813193 0.34502829635240373 0.1966446787864466 0.9177615948715293 0.0 0.0 0.0 0.0 0.0 0.0
10.387735065868878 12.976799152066436 10.469882800168595 0.12253385711387693 0.9600009237177242 -0.25176115729379345 0.34502829635240373 0.1966446787864466 0.9177615948715293 0.0 0.0 0.0 0.0 0.0 0.0
9.390399972948876 6.168124027859077 6.462968911669666 0.5613104182210833 -0.16559248147863115 -0.810869745689295 0.7656409667235321 0.4758794349187587 0.4328194467628021 0.0 0.0 0.0 0.0 0.0 0.0
9.863338277505312 6.03083231250343 6.677830371909395 0.27044392595185224 0.37236058953367135 -0.8878106072118568 0.7656409667235321 0.4758794349187587 0.4328194467628021 0.0 0.0 0.0 0.0 0.0 0.0
10.397924283492001 5.978420205248327 6.69031537630018 -0.12316873536780383 0.7688476470450687 -0.6274573756528464 0.7656409667235321 0.4758794349187587 0.4328194467628021 0.0 0.0 0.0 0.0 0.0 0.0
10.904433972376092 6.101266943328972 6.559771452167926 -0.46998753484979217 0.8732366289968841 -0.12872259655543491 0.7656409667235321 0.4758794349187587 0.4328194467628021 0.0 0.0 0.0 0.0 0.0 0.0
11.303809987902993 6.423167998465886 6.3998852081005975 -0.6382502120697989 0.6458684158549173 0.41891604910043256 0.7656409667235321 0.4758794349187587 0.4328194467628021 0.0 0.0 0.0 0.0 0.0 0.0
11.55769684750601 6.892294779319208 6.335490890606924 -0.5640309627500022 0.1731239931856053 0.8074014838002068 0.7656409667235321 0.4758794349187587 0.4328194467628021 0.0 0.0 0.0 0.0 0.0 0.0
11.683012831402905 7.400885179866543 6.455143766750433 -0.27552692058666806 -0.36539312897372817 0.889141595771346 0.7656409667235321 0.4758794349187587 0.4328194467628021 0.0 0.0 0.0 0.0 0.0 0.0
11.745522445082605 7.8261842051672055 6.7774764976269 0.11765440527199576 -0.7650912923886074 0.6330819498542211 0.7656409667235321 0.4758794349187587 0.4328194467628021 0.0 0.0 0.0 0.0 0.0 0.0
11.834851384146056 8.077080646294252 7.244120278892589 0.4661368554910718 -0.8741184821807952 0.13650388662172683 0.7656409667235321 0.4758794349187587 0.4328194467628021 0.0 0.0 0.0 0.0 0.0 0.0
12.030436234085712 8.12872175190401 7.741880125408801 0.6375261209164697 -0.6510534461108342 -0.41193428536163995 0.7656409667235321 0.4758794349187587 0.4328194467628021 0.0 0.0 0.0 0.0 0.0 0.0
12.371345183348067 8.031955203987378 8.145739538615297 0.5667085541373721 -0.18064232083022227 -0.8038717351621458 0.7656409667235321 0.4758794349187587 0.4328194467628021 0.0 0.0 0.0 0.0 0.0 0.0
12.841435365357547 7.894011233353577 8.36635636449772 0.2805889327797344 0.35839784231233596 -0.8904048727558662 0.7656409667235321 0.4758794349187587 0.4328194467628021 0.0 0.0 0.0 0.0 0.0 0.0
13.37548580342291 7.837764062151878 8.384005371618816 -0.11213111533770964 0.7612766730680588 -0.6386583124140385 0.7656409667235321 0.4758794349187587 0.4328194467628021 0.0 0.0 0.0 0.0 0.0 0.0
13.883975950218831 7.955049932529648 8.256072196329718 -0.46225067800608455 0.8749337678580005 -0.14427478138855673 0.7656409667235321 0.4758794349187587 0.4328194467628021 0.0 0.0 0.0 0.0 0.0 0.0
14.287096040418527 8.271776982820478 8.095251580083486 -0.6367534796807507 0.6561888961261731 0.4049211512321481 0.7656409667235321 0.4758794349187587 0.4328194467628021 0.0 0.0 0.0 0.0 0.0 0.0
14.54506815488952 8.738082312630285 8.026732753001484 -0.5693429884742438 0.1881468918627222 0.8002807685791357 0.7656409667235321 0.4758794349187587 0.4328194467628021 0.0 0.0 0.0 0.0 0.0 0.0
14.673258517223406 9.247275732360247 8.140637952297968 -0.2856295770392262 -0.3513752622676586 0.8916003419619828 0.7656409667235321 0.4758794349187587 0.4328194467628021 0.0 0.0 0.0 0.0 0.0 0.0
14.736339608483853 9.67637315000026 8.457783477598928 0.10659928618485638 -0.7574040795814541 0.6441860386706987 0.7656409667235321 0.4758794349187587 0.4328194467628021 0.0 0.0 0.0 0.0 0.0 0.0
14.823720010384289 9.932820283867924 8.92177123068422 0.4583292983422899 -0.87568242394134 0.15203468907220075 0.7656409667235321 0.4758794349187587 0.4328194467628021 0.0 0.0 0.0 0.0 0.0 0.0
15.015576590263203 9.989655581644776 9.420415295927295 0.6359323472022619 -0.6612743748165341 -0.3978771807892746 0.7656409667235321 0.4758794349187587 0.4328194467628021 0.0 0.0 0.0 0.0 0.0 0.0
12.692726548199582 2.1678894840517113 2.7160365868296816 -0.20403129692134292 0.8844761220248926 0.41961079519526445 0.9720422328937716 0.13215328122045722 0.19408608330727264 0.0 0.0 0.0 0.0 0.0 0.0
13.08922398272722 2.477639711119995 2.527543395009635 -0.23341709446753747 0.4540731439166285 0.8598453581801795 0.9720422328937716 0.13215328122045722 0.19408608330727264 0.0 0.0 0.0 0.0 0.0 0.0
13.432513983226501 2.8908959256315048 2.5350519796418327 -0.17412383529980793 -0.1488398132636809 0.9734102937446868 0.9720422328937716 0.13215328122045722 0.19408608330727264 0.0 0.0 0.0 0.0 0.0 0.0
13.73611244999038 3.2702241000263075 2.76444947136153 -0.048678019906402664 -0.6952060369161445 0.7171603841633611 0.9720422328937716 0.13215328122045722 0.19408608330727264 0.0 0.0 0.0 0.0 0.0 0.0
14.028614760584935 3.491080036431386 3.15732369521675 0.0952613891025368 -0.9774518639190676 0.18844925435616583 0.9720422328937716 0.13215328122045722 0.19408608330727264 0.0 0.0 0.0 0.0 0.0 0.0
14.34283190782282 3.4891257897005463 3.5931549325320216 0.20300940370593096 -0.8883473856954605 -0.4118568978844498 0.9720422328937716 0.13215328122045722 0.19408608330727264 0.0 0.0 0.0 0.0 0.0 0.0
14.70332505502317 3.284672728448536 3.9351033770154373 0.23363075170521344 -0.4617448832699026 -0.8556917287386384 0.9720422328937716 0.13215328122045722 0.19408608330727264 0.0 0.0 0.0 0.0 0.0 0.0
15.117074339425926 2.974964906526328 4.0819968650085015 0.17549187103382013 0.14028222027265133 -0.9744349654422417 0.9720422328937716 0.13215328122045722 0.19408608330727264 0.0 0.0 0.0 0.0 0.0 0.0
15.570827001352702 2.6972344211292576 4.006767871968367 0.050680694489061984 0.6890137629399765 -0.7229740670905137 0.9720422328937716 0.13215328122045722 0.19408608330727264 0.0 0.0 0.0 0.0 0.0 0.0
16.03613232918293 2.5765646446742037 3.766736917586538 -0.09338492522811621 0.9759774573706074 -0.19684323316929575 0.9720422328937716 0.13215328122045722 0.19408608330727264 0.0 0.0 0.0 0.0 0.0 0.0
16.480150560369044 2.678368960335954 3.4818355420100877 -0.20197205053844455 0.892150998273231 0.4040716360762924 0.9720422328937716 0.13215328122045722 0.19408608330727264 0.0 0.0 0.0 0.0 0.0 0.0
16.878129256279863 2.9835391241256586 3.28904230859136 -0.2338266170566095 0.46938145896259764 0.8514729350590088 0.9720422328937716 0.13215328122045722 0.19408608330727264 0.0 0.0 0.0 0.0 0.0 0.0
17.222807167475263 3.3957048062549964 3.2903423575109674 -0.17684654238240935 -0.13171394424742353 0.9753854301445 0.9720422328937716 0.13215328122045722 0.19408608330727264 0.0 0.0 0.0 0.0 0.0 0.0
17.52717290377011 3.777846290648748 3.5139815459225603 -0.05267950954061829 -0.6827690178981357 0.7287326927433495 0.9720422328937716 0.13215328122045722 0.19408608330727264 0.0 0.0 0.0 0.0 0.0 0.0
17.81953034420761 4.004350555929262 3.9037353745746057 0.09150134973008447 -0.9744287263601182 0.20522222160811016 0.9720422328937716 0.13215328122045722 0.19408608330727264 0.0 0.0 0.0 0.0 0.0 0.0
18.132745520195176 4.0087337623755435 4.340269615099547 0.20091931641734243 -0.89588667009838 -0.396255602648621 0.9720422328937716 0.13215328122045722 0.19408608330727264 0.0 0.0 0.0 0.0 0.0 0.0
18.491760260682007 3.8088995741837857 4.686477378532534 0.23400467560581947 -0.47698228943990856 -0.8471892984187629 0.9720422328937716 0.13215328122045722 0.19408608330727264 0.0 0.0 0.0 0.0 0.0 0.0
18.904116374336155 3.500337258105931 4.839568314734115 0.1781877461821062 0.12313563769538981 -0.9762616154698944 0.9720422328937716 0.13215328122045722 0.19408608330727264 0.0 0.0 0.0 0.0 0.0 0.0
19.357090390339202 3.219843714515209 4.770120384971219 0.05467431284356531 0.676472277352134 -0.7344358225802295 0.9720422328937716 0.13215328122045722 0.19408608330727264 0.0 0.0 0.0 0.0 0.0 0.0
19.822527417675268 3.0935520478321363 4.533257786342102 -0.08961080605000965 0.9728057888294623 -0.21358558158019908 0.9720422328937716 0.13215328122045722 0.19408608330727264 0.0 0.0 0.0 0.0 0.0 0.0
9.769817135334385 2.836305580306378 8.659157045074346 0.05222198985083906 0.9490838957731511 -0.31066480740514707 0.5169066651987816 0.24048309715843924 0.8215688525340767 0.0 0.0 0.0 0.0 0.0 0.0
10.27785475729913 2.966616732265514 8.77578414510624 -0.45872235065079375 0.8881176067730135 0.028651728624724572 0.5169066651987816 0.24048309715843924 0.8215688525340767 0.0 0.0 0.0 0.0 0.0 0.0
10.681326604999308 3.299374320633219 8.898942407579666 -0.7953904007114803 0.48974059042526136 0.3570829939187063 0.5169066651987816 0.24048309715843924 0.8215688525340767 0.0 0.0 0.0 0.0 0.0 0.0
10.903489185830308 3.7437682919980717 9.103497749752494 -0.8298763393235392 -0.0946970642510707 0.5498524597136855 0.5169066651987816 0.24048309715843924 0.8215688525340767 0.0 0.0 0.0 0.0 0.0 0.0
10.936481429000413 4.166576064587245 9.43339197741819 -0.5490783818341032 -0.6431577209679379 0.5337237830205531 0.5169066651987816 0.24048309715843924 0.8215688525340767 0.0 0.0 0.0 0.0 0.0 0.0
10.844311237754656 4.442776014444791 9.884948558217062 -0.059676366984901 -0.9472720064654251 0.3148245177721243 0.5169066651987816 0.24048309715843924 0.8215688525340767 0.0 0.0 0.0 0.0 0.0 0.0
10.738537816776972 4.503045280622587 10.40826939774806 0.452397697417514 -0.8915018191633293 -0.023681845363176742 0.5169066651987816 0.24048309715843924 0.8215688525340767 0.0 0.0 0.0 0.0 0.0 0.0
10.735888465160325 4.360096679070957 10.926191959883369 0.7925983128848688 -0.4970351856455241 -0.35319107950566697 0.5169066651987816 0.24048309715843924 0.8215688525340767 0.0 0.0 0.0 0.0 0.0 0.0
10.913911923904925 4.103848891312196 11.363604604332188 0.8316775777501447 0.08626342488416704 -0.5485171175040073 0.5169066651987816 0.24048309715843924 0.8215688525340767 0.0 0.0 0.0 0.0 0.0 0.0
11.281516312666442 3.867264853970063 11.675982754586855 0.5547886259205578 0.6367891180528108 -0.5354523318454242 0.5169066651987816 0.24048309715843924 0.8215688525340767 0.0 0.0 0.0 0.0 0.0 0.0
11.775584786163 3.7758369161246668 11.866304528949323 0.06712619953257049 0.945387978726894 -0.31896025303318093 0.5169066651987816 0.24048309715843924 0.8215688525340767 0.0 0.0 0.0 0.0 0.0 0.0
12.284954678955135 3.899910197776741 11.983919303596782 -0.4460385923480473 0.894818140238526 0.018710158637416034 0.5169066651987816 0.24048309715843924 0.8215688525340767 0.0 0.0 0.0 0.0 0.0 0.0
12.69265006058691 4.22795730265168 12.105799059494354 -0.7897458656280621 0.50429192971205 0.349272268224488 0.5169066651987816 0.24048309715843924 0.8215688525340767 0.0 0.0 0.0 0.0 0.0 0.0
12.920322847299378 4.670957768772049 12.307295439923566 -0.833415480709234 -0.07782321622347599 0.5471400035921605 0.5169066651987816 0.24048309715843924 0.8215688525340767 0.0 0.0 0.0 0.0 0.0 0.0
12.958018548960721 5.096218430305566 12.633512401387396 -0.5604566207051969 -0.6303720211809146 0.5371401039021368 0.5169066651987816 0.24048309715843924 0.8215688525340767 0.0 0.0 0.0 0.0 0.0 0.0
12.867958146297521 5.377785769776209 13.082170466436855 -0.07457092016025596 -0.9434319560335642 0.3230716982360639 0.5169066651987816 0.24048309715843924 0.8215688525340767 0.0 0.0 0.0 0.0 0.0 0.0
12.760899300037416 5.444297765183872 13.604472735264691 0.4396455197128644 -0.8980663174479142 -0.013737047060636061 0.5169066651987816 0.24048309715843924 0.8215688525340767 0.0 0.0 0.0 0.0 0.0 0.0
12.754057663829322 5.306095515271587 14.123643643782819 0.7868332761659624 -0.5115102699956825 -0.34532685850782135 0.5169066651987816 0.24048309715843924 0.8215688525340767 0.0 0.0 0.0 0.0 0.0 0.0
12.926574697681003 5.051294483219092 14.564097284038361 0.835089915852768 0.06937708102356487 -0.5457212228507017 0.5169066651987816 0.24048309715843924 0.8215688525340767 0.0 0.0 0.0 0.0 0.0 0.0
13.289450504127466 4.812307958968871 14.880153754373946 0.5660819345482734 0.6239069190390213 -0.538786970660315 0.5169066651987816 0.24048309715843924 0.8215688525340767 0.0 0.0 0.0 0.0 0.0 0.0
1.372720606822147 1.618398787026416 8.997529500428007 0.6229272399498684 -0.715528593952673 0.31619690853098126 0.6201081234179702 0.6980638243119007 0.35801230769079356 0.0 0.0 0.0 0.0 0.0 0.0
1.517631503640467 1.7994478604254085 9.482201726910024 0.7842342663741485 -0.5638114675726754 -0.259023636910122 0.6201081234179702 0.6980638243119007 0.35801230769079356 0.0 0.0 0.0 0.0 0.0 0.0
1.8413086261547407 1.8519760920508568 9.90782950720819 0.6475975833051728 -0.19789293823677057 -0.7358367720448042 0.6201081234179702 0.6980638243119007 0.35801230769079356 0.0 0.0 0.0 0.0 0.0 0.0
2.312605638160115 1.859394622178523 10.165723272165604 0.26492775108436184 0.24320842692877093 -0.9330932149449029 0.6201081234179702 0.6980638243119007 0.35801230769079356 0.0 0.0 0.0 0.0 0.0 0.0
2.8442929393611336 1.9222525208771664 10.210918409416509 -0.21839256312918895 0.5919108444760167 -0.7758519450008177 0.6201081234179702 0.6980638243119007 0.35801230769079356 0.0 0.0 0.0 0.0 0.0 0.0
3.3261976489251217 2.120036515198619 10.07925807139226 -0.6187418912810224 0.7157364359852469 -0.3238515495981447 0.6201081234179702 0.6980638243119007 0.35801230769079356 0.0 0.0 0.0 0.0 0.0 0.0
3.6670601249028594 2.4809726526235885 9.873775762447112 -0.7840208301224387 0.5676417889886171 0.2511854640060291 0.6201081234179702 0.6980638243119007 0.35801230769079356 0.0 0.0 0.0 0.0 0.0 0.0
3.8292050279849366 2.971302753709387 9.7255511879257 -0.6514371474710876 0.2038905358906044 0.7307929202373092 0.6201081234179702 0.6980638243119007 0.35801230769079356 0.0 0.0 0.0 0.0 0.0 0.0
3.8428548128034805 3.508109708866874 9.743910882566814 -0.2713616010471809 -0.23732214066022186 0.9327599278643782 0.6201081234179702 0.6980638243119007 0.35801230769079356 0.0 0.0 0.0 0.0 0.0 0.0
3.7946477121249145 3.9908190745935115 9.974893232113946 0.21180875453857545 -0.5883721681596326 0.7803558439814173 0.6201081234179702 0.6980638243119007 0.35801230769079356 0.0 0.0 0.0 0.0 0.0 0.0
3.794722423707989 4.339408986075004 10.383757720850575 0.614509423021598 -0.7158897719171352 0.3314815281159636 0.6201081234179702 0.6980638243119007 0.35801230769079356 0.0 0.0 0.0 0.0 0.0 0.0
3.934874577604403 4.524811801522483 10.868183434351318 0.783747687649054 -0.5714288822846134 -0.24332816235634852 0.6201081234179702 0.6980638243119007 0.35801230769079356 0.0 0.0 0.0 0.0 0.0 0.0
4.253682041561075 4.579957385273148 11.2971424855866 0.65522710217608 -0.20987260649073677 -0.7256934157195587 0.6201081234179702 0.6980638243119007 0.35801230769079356 0.0 0.0 0.0 0.0 0.0 0.0
4.721848544075535 4.587262501770598 11.560679699874632 0.2777747857734602 0.23141778139183047 -0.9323556075040201 0.6201081234179702 0.6980638243119007 0.35801230769079356 0.0 0.0 0.0 0.0 0.0 0.0
5.253333817747252 4.647319308817887 11.611686424095513 -0.2052088158912537 0.5847886850246666 -0.7848003158432277 0.6201081234179702 0.6980638243119007 0.35801230769079356 0.0 0.0 0.0 0.0 0.0 0.0
5.738041735379652 4.840678715016952 11.483797891626152 -0.6102301574904412 0.7159885900712111 -0.33908626303203393 0.6201081234179702 0.6980638243119007 0.35801230769079356 0.0 0.0 0.0 0.0 0.0 0.0
6.083647669411187 5.197247742851362 11.278614634829275 -0.7834148597548531 0.5751724590588461 0.23545233032502078 0.6201081234179702 0.6980638243119007 0.35801230769079356 0.0 0.0 0.0 0.0 0.0 0.0
6.250674161511419 5.684927350826063 11.127102744138504 -0.6589671588004279 0.2158386944793291 0.7205386468385644 0.6201081234179702 0.6980638243119007 0.35801230769079356 0.0 0.0 0.0 0.0 0.0 0.0
6.267489069028664 6.2218073959987015 11.139837660666366 -0.2841668168743549 -0.22549579876341672 0.9318802846543887 0.6201081234179702 0.6980638243119007 0.35801230769079356 0.0 0.0 0.0 0.0 0.0 0.0
6.219528141698077 6.7072856667479845 11.36499471740285 0.19859324979810275 -0.5811606679672355 0.7891850221225083 0.6201081234179702 0.6980638243119007 0.35801230769079356 0.0 0.0 0.0 0.0 0.0 0.0
12.503386572670127 5.998075146100684 8.513281340345795 -0.2694075539956098 -0.6443884746675185 0.7156696609230904 0.27493186444442963 0.660754307401983 0.6984384118609426 0.0 0.0 0.0 0.0 0.0 0.0
12.2551245396335 6.3175940649916775 8.866776355220985 0.322959548485704 -0.7476908638314275 0.5802202186971113 0.27493186444442963 0.660754307401983 0.6984384118609426 0.0 0.0 0.0 0.0 0.0 0.0
12.080481145836124 6.466676827946172 9.352532587204834 0.7926289189015963 -0.5669329931011692 0.22433541462336262 0.27493186444442963 0.660754307401983 0.6984384118609426 0.0 0.0 0.0 0.0 0.0 0.0
12.086517539042472 6.486527197284682 9.889426084010806 0.9611653109779495 -0.17078779967760507 -0.21677816415391837 0.27493186444442963 0.660754307401983 0.6984384118609426 0.0 0.0 0.0 0.0 0.0 0.0
12.311651595129353 6.467446482312837 10.376904991476955 0.7645389315867476 0.2902425342632186 -0.5755340940314988 0.27493186444442963 0.660754307401983 0.6984384118609426 0.0 0.0 0.0 0.0 0.0 0.0
12.711062324727687 6.514526562158786 10.733190884099418 0.2774514296764608 0.6410048768410505 -0.7156349991696023 0.27493186444442963 0.660754307401983 0.6984384118609426 0.0 0.0 0.0 0.0 0.0 0.0
13.17371811645079 6.707723723849901 10.926347756143684 -0.31504450910844406 0.7482387496769412 -0.5838542033440423 0.27493186444442963 0.660754307401983 0.6984384118609426 0.0 0.0 0.0 0.0 0.0 0.0
13.564559502409734 7.07148193207324 10.986415044164676 -0.7878497716197499 0.5712042116257908 -0.23025743414636052 0.27493186444442963 0.660754307401983 0.6984384118609426 0.0 0.0 0.0 0.0 0.0 0.0
13.775810508138226 7.565446158309644 10.993995142826945 -0.9613377337469716 0.1771596435528653 0.21081798398252669 0.27493186444442963 0.660754307401983 0.6984384118609426 0.0 0.0 0.0 0.0 0.0 0.0
13.767924547210564 8.09979393086826 11.049631207571428 -0.7695974181139317 -0.2841908350570798 0.5718001253077232 0.27493186444442963 0.660754307401983 0.6984384118609426 0.0 0.0 0.0 0.0 0.0 0.0
13.584608830608412 8.569360393633538 11.235609128871523 -0.2854741763567453 -0.6375724640114605 0.7155458390402328 0.27493186444442963 0.660754307401983 0.6984384118609426 0.0 0.0 0.0 0.0 0.0 0.0
13.336219266523283 8.893592193166157 11.584695746695523 0.3071054778720707 -0.7487296542447437 0.5874437252329041 0.27493186444442963 0.660754307401983 0.6984384118609426 0.0 0.0 0.0 0.0 0.0 0.0
13.15783440578218 9.047151044454875 12.067690180170304 0.7830106265275099 -0.5754319307381912 0.23616191867426925 0.27493186444442963 0.660754307401983 0.6984384118609426 0.0 0.0 0.0 0.0 0.0 0.0
13.157936841995488 9.069540169025831 12.604517730437733 0.9614369469255982 -0.18351799603536853 -0.20484174920544077 0.27493186444442963 0.660754307401983 0.6984384118609426 0.0 0.0 0.0 0.0 0.0 0.0
13.377198860512141 9.050096360626123 13.094651597528426 0.7745972968181086 0.278117493618561 -0.5680226117905924 0.27493186444442963 0.660754307401983 0.6984384118609426 0.0 0.0 0.0 0.0 0.0 0.0
13.773030357211223 9.094049443647746 13.455304692388594 0.29347518307324166 0.634091497570273 -0.7154021873248734 0.27493186444442963 0.660754307401983 0.6984384118609426 0.0 0.0 0.0 0.0 0.0 0.0
14.235759531126059 9.28254370349223 13.652881836137897 -0.29914305936455077 0.7491635401505498 -0.5909885110077098 0.27493186444442963 0.660754307401983 0.6984384118609426 0.0 0.0 0.0 0.0 0.0 0.0
14.630299035246194 9.641809815886496 13.715743130207514 -0.7781118521445113 0.5796158284811894 -0.24204841855773399 0.27493186444442963 0.660754307401983 0.6984384118609426 0.0 0.0 0.0 0.0 0.0 0.0
14.847467918186666 10.133199374620688 13.72342947965083 -0.9614629429583624 0.1898623729119538 0.1988499149360746 0.27493186444442963 0.660754307401983 0.6984384118609426 0.0 0.0 0.0 0.0 0.0 0.0
14.845471293027304 10.667868067234187 13.776443673460646 -0.7795381869391582 -0.27202297245612844 0.5642018411523836 0.27493186444442963 0.660754307401983 0.6984384118609426 0.0 0.0 0.0 0.0 0.0 0.0
3.095863430838347 4.459473341249401 5.200771332879157 -0.46728136879147936 0.4828934074679734 0.7405822570142572 0.8818238843985582 0.3147485320772615 0.35116947256196357 0.0 0.0 0.0 0.0 0.0 0.0
3.3639594872950616 4.924683755024917 5.220491311214105 -0.341271138043864 -0.08799513797370599 0.9358369868899361 0.8818238843985582 0.3147485320772615 0.35116947256196357 0.0 0.0 0.0 0.0 0.0 0.0
3.5542627770965667 5.369835674330555 5.453535360156768 -0.0856062962042315 -0.6254528592989234 0.7755515990860921 0.8818238843985582 0.3147485320772615 0.35116947256196357 0.0 0.0 0.0 0.0 0.0 0.0
3.725052108984711 5.672415594679102 5.863366420513872 0.20258180882433494 -0.9252905823623211 0.3206211922581805 0.8818238843985582 0.3147485320772615 0.35116947256196357 0.0 0.0 0.0 0.0 0.0 0.0
3.9420199705686088 5.764075497663848 6.346283091734588 0.41380569769331305 -0.8735949431527178 -0.2561185660090852 0.8818238843985582 0.3147485320772615 0.35116947256196357 0.0 0.0 0.0 0.0 0.0 0.0
4.253314853962112 5.656599405869229 6.770817527774751 0.4678178835462817 -0.4900059793108378 -0.7355545989754292 0.8818238843985582 0.3147485320772615 0.35116947256196357 0.0 0.0 0.0 0.0 0.0 0.0
4.671248838629901 5.437426435672643 7.027682269834206 0.3440982339421075 0.07974444853431807 -0.9355411419739273 0.8818238843985582 0.3147485320772615 0.35116947256196357 0.0 0.0 0.0 0.0 0.0 0.0
5.16762002655186 5.2364312150286185 7.071290379143861 0.08964991224765005 0.6191986271252065 -0.7800999637227578 0.8818238843985582 0.3147485320772615 0.35116947256196357 0.0 0.0 0.0 0.0 0.0 0.0
5.6844269147915085 5.176582340920897 6.937074677177033 -0.19885790997629152 0.9234088948222557 -0.32828576667745013 0.8818238843985582 0.3147485320772615 0.35116947256196357 0.0 0.0 0.0 0.0 0.0 0.0
6.155904136194989 5.327224553443011 6.728026224366554 -0.41181628747328547 0.8768006848029125 0.24824968177394263 0.8818238843985582 0.3147485320772615 0.35116947256196357 0.0 0.0 0.0 0.0 0.0 0.0
6.533507821911117 5.677733509654521 6.575566294327632 -0.46831877215802414 0.4970812353012413 0.7304709256060726 0.8818238843985582 0.3147485320772615 0.35116947256196357 0.0 0.0 0.0 0.0 0.0 0.0
6.804358228778152 6.141552149093634 6.589617234764916 -0.3468991254276085 -0.07148768624643215 0.9351740519778614 0.8818238843985582 0.3147485320772615 0.35116947256196357 0.0 0.0 0.0 0.0 0.0 0.0
6.996132969088767 6.589075168203509 6.816841129775845 -0.09368670110315996 -0.6128972405787099 0.7845889207269051 0.8818238843985582 0.3147485320772615 0.35116947256196357 0.0 0.0 0.0 0.0 0.0 0.0
7.166551822935061 6.896888242038628 7.2229120939536 0.19511886732849085 -0.9214568861197275 0.33592534086457615 0.8818238843985582 0.3147485320772615 0.35116947256196357 0.0 0.0 0.0 0.0 0.0 0.0
7.381448028728308 6.994655189689072 7.705557250151339 0.4097955158485524 -0.8799396546862884 -0.24036189236439626 0.8818238843985582 0.3147485320772615 0.35116947256196357 0.0 0.0 0.0 0.0 0.0 0.0
7.689757135253467 6.891839865366436 8.133411905421617 0.468783996482094 -0.5041186366310493 -0.725331624047599 0.8818238843985582 0.3147485320772615 0.35116947256196357 0.0 0.0 0.0 0.0 0.0 0.0
8.104925568527031 6.674110681961638 8.395927194167655 0.3496735992016307 0.06322547989446171 -0.9347357448570647 0.8818238843985582 0.3147485320772615 0.35116947256196357 0.0 0.0 0.0 0.0 0.0 0.0
8.599802109741102 6.470793748688175 8.44536944046202 0.09771635535365521 0.6065491795344141 -0.7890181282470805 0.8818238843985582 0.3147485320772615 0.35116947256196357 0.0 0.0 0.0 0.0 0.0 0.0
9.116953097232686 6.405739719974679 8.314954979595974 -0.19136496562351257 0.919434704907755 -0.3435393330364085 0.8818238843985582 0.3147485320772615 0.35116947256196357 0.0 0.0 0.0 0.0 0.0 0.0
9.590482434789086 6.550270861174959 8.106230716954798 -0.4077435367087024 0.8830116137581343 0.23245579846614642 0.8818238843985582 0.3147485320772615 0.35116947256196357 0.0 0.0 0.0 0.0 0.0 0.0
1.009911318094419 7.274658933137176 1.359019856359805 0.07282291176505601 -0.31411085755055146 0.9465892417996922 0.5332181322808172 0.8143366716746683 0.22920342181734693 0.0 0.0 0.0 0.0 0.0 0.0
0.9295099247131016 7.727962792116527 1.636033086179486 0.5532062701422912 -0.5406203122007452 0.6337921589221682 0.5332181322808172 0.8143366716746683 0.22920342181734693 0.0 0.0 0.0 0.0 0.0 0.0
0.9752119180173797 8.058032233919075 2.057519258567774 0.8234173173768673 -0.5617390715562688 0.08020683843029942 0.5332181322808172 0.8143366716746683 0.22920342181734693 0.0 0.0 0.0 0.0 0.0 0.0
1.2086119147265775 8.260053236685227 2.4972885822999604 0.7807983589365772 -0.36944376585113164 -0.5038504009680668 0.5332181322808172 0.8143366716746683 0.22920342181734693 0.0 0.0 0.0 0.0 0.0 0.0
1.6199949219232235 8.37785952140105 2.822205191277801 0.4415410496838736 -0.036790596728777845 -0.8964864491091893 0.5332181322808172 0.8143366716746683 0.22920342181734693 0.0 0.0 0.0 0.0 0.0 0.0
2.132027225288417 8.487279388434928 2.942767685973215 -0.06546508651640999 0.3098399351968136 -0.9485323067796019 0.5332181322808172 0.8143366716746683 0.22920342181734693 0.0 0.0 0.0 0.0 0.0 0.0
2.6291367601223334 8.667327278446047 2.8471122114926075 -0.5475999418312311 0.5387570954936697 -0.6402148824899782 0.5332181322808172 0.8143366716746683 0.22920342181734693 0.0 0.0 0.0 0.0 0.0 0.0
3.001420870985564 8.970184865326965 2.6055197344040195 -0.8216924238615757 0.5629914276741953 -0.0886691205203871 0.5332181322808172 0.8143366716746683 0.22920342181734693 0.0 0.0 0.0 0.0 0.0 0.0
3.186400167974959 9.401376365860768 2.343715128502831 -0.7836102161021954 0.373335903766582 0.4965635228035373 0.5332181322808172 0.8143366716746683 0.22920342181734693 0.0 0.0 0.0 0.0 0.0 0.0
3.192755491547529 9.917669797405193 2.1951021932491033 -0.44782138598143845 0.04184382817459636 0.8931433817150286 0.5332181322808172 0.8143366716746683 0.22920342181734693 0.0 0.0 0.0 0.0 0.0 0.0
3.0970299160949093 10.443501530898635 2.2500813199601124 0.05810227584796641 -0.30554541733241797 0.9504031373519577 0.5332181322808172 0.8143366716746683 0.22920342181734693 0.0 0.0 0.0 0.0 0.0 0.0
3.014548756250025 10.899684176897152 2.5217048717349777 0.54195191166448 -0.5368528503478909 0.6465888512157933 0.5332181322808172 0.8143366716746683 0.22920342181734693 0.0 0.0 0.0 0.0 0.0 0.0
3.0556055517216 11.23349119876677 2.94071837248943 0.8199049552868944 -0.5642009098151961 0.09712465011365023 0.5332181322808172 0.8143366716746683 0.22920342181734693 0.0 0.0 0.0 0.0 0.0 0.0
3.2835597075491685 11.438688605491405 3.3818714402933208 0.7863623983159859 -0.3771996107075334 -0.48923882940422286 0.5332181322808172 0.8143366716746683 0.22920342181734693 0.0 0.0 0.0 0.0 0.0 0.0
3.690765196815794 11.557903349086656 3.711502501540597 0.4540676189466488 -0.04689387305089609 -0.8897322979944055 0.5332181322808172 0.8143366716746683 0.22920342181734693 0.0 0.0 0.0 0.0 0.0 0.0
4.201475414108566 11.666428632844438 3.838319057464582 -0.050735040466265924 0.30122763100152367 -0.9522015910457692 0.5332181322808172 0.8143366716746683 0.22920342181734693 0.0 0.0 0.0 0.0 0.0 0.0
4.700620577330674 11.843618764567157 3.748081230748618 -0.5362626097614046 0.5349077217790462 -0.6529135796972183 0.5332181322808172 0.8143366716746683 0.22920342181734693 0.0 0.0 0.0 0.0 0.0 0.0
5.077524661784141 12.142741128300308 3.509011732996718 -0.818055047775478 0.5653674258725202 -0.10557278328877426 0.5332181322808172 0.8143366716746683 0.22920342181734693 0.0 0.0 0.0 0.0 0.0 0.0
5.26795307235705 12.570739014550409 3.24587691597229 -0.78905469598862 0.3810345924377401 0.4818768785738837 0.5332181322808172 0.8143366716746683 0.22920342181734693 0.0 0.0 0.0 0.0 0.0 0.0
5.278516440151711 13.085593748135965 3.092585948581056 -0.46027927290468323 0.05194034677720429 0.886253457714551 0.5332181322808172 0.8143366716746683 0.22920342181734693 0.0 0.0 0.0 0.0 0.0 0.0
8.156653285489531 5.966548331226325 0.977319196108114 0.47260220763501465 -0.6787580476606777 0.5620806579792402 0.36947076861519745 0.731648798235982 0.5728711785198646 0.0 0.0 0.0 0.0 0.0 0.0
8.07303492591819 6.152167664060651 1.474550063350985 0.8519761096916653 -0.5128410614626913 0.10550238951073777 0.36947076861519745 0.731648798235982 0.5728711785198646 0.0 0.0 0.0 0.0 0.0 0.0
8.18362454735853 6.22088486079799 1.9958302036024658 0.9076700433955133 -0.15208718176972583 -0.39115800063878137 0.36947076861519745 0.731648798235982 0.5728711785198646 0.0 0.0 0.0 0.0 0.0 0.0
8.501117583750757 6.25493377966549 2.4279458653005324 0.6185249521795517 0.26644716103963784 -0.73921092653261 0.36947076861519745 0.731648798235982 0.5728711785198646 0.0 0.0 0.0 0.0 0.0 0.0
8.959603402454228 6.349719337275747 2.691558373036185 0.09439189044485004 0.5837537726110726 -0.8064252624890831 0.36947076861519745 0.731648798235982 0.5728711785198646 0.0 0.0 0.0 0.0 0.0 0.0
9.439605855554648 6.577571585720537 2.7713462168132446 -0.46560222861809925 0.6792825661249531 -0.567265158514567 0.36947076861519745 0.731648798235982 0.5728711785198646 0.0 0.0 0.0 0.0 0.0 0.0
9.813474265991376 6.960266316487166 2.7218259498578847 -0.8487062765748973 0.5167405557691013 -0.11259153665268577 0.36947076861519745 0.731648798235982 0.5728711785198646 0.0 0.0 0.0 0.0 0.0 0.0
9.993880053978277 7.460752073200626 2.6466404385798477 -0.9093726204486472 0.15788016883519726 0.3848574924136579 0.36947076861519745 0.731648798235982 0.5728711785198646 0.0 0.0 0.0 0.0 0.0 0.0
9.966994324520456 7.997226619367777 2.659183204807062 -0.6245531019145317 -0.2609615338548563 0.7360927256379156 0.36947076861519745 0.731648798235982 0.5728711785198646 0.0 0.0 0.0 0.0 0.0 0.0
9.797741695829629 8.474214975681544 2.83951833100463 -0.10245541799206825 -0.5806595867892751 0.807674025578251 0.36947076861519745 0.731648798235982 0.5728711785198646 0.0 0.0 0.0 0.0 0.0 0.0
9.605134351383743 8.81884196091622 3.2039627767462595 0.4585667921888223 -0.6797553545918685 0.5724064596118169 0.36947076861519745 0.731648798235982 0.5728711785198646 0.0 0.0 0.0 0.0 0.0 0.0
9.517057321646126 9.008518691683147 3.6988872929671976 0.8453718111892683 -0.5206006982815469 0.1196721095132021 0.36947076861519745 0.731648798235982 0.5728711785198646 0.0 0.0 0.0 0.0 0.0 0.0
9.621682822868763 9.079524476896069 4.221091070317158 0.911005945255955 -0.16366113271455374 -0.37852767580045044 0.36947076861519745 0.731648798235982 0.5728711785198646 0.0 0.0 0.0 0.0 0.0 0.0
9.933972157977339 9.113223701757105 4.657009452058015 0.6305336895127455 0.2554560334389184 -0.7329184684322647 0.36947076861519745 0.731648798235982 0.5728711785198646 0.0 0.0 0.0 0.0 0.0 0.0
10.389991667450115 9.205154137478477 4.925859045858426 0.11051114316253413 0.5775211814918288 -0.8088612811633337 0.36947076861519745 0.731648798235982 0.5728711785198646 0.0 0.0 0.0 0.0 0.0 0.0
10.87120219548403 9.428730544692643 5.010328685166798 -0.45149643412290663 0.6801763770567524 -0.5775041697410054 0.36947076861519745 0.731648798235982 0.5728711785198646 0.0 0.0 0.0 0.0 0.0 0.0
11.249494097153272 9.807353178458674 4.963156230811514 -0.8419729674672272 0.5244211950352311 -0.12674356887924926 0.36947076861519745 0.731648798235982 0.5728711785198646 0.0 0.0 0.0 0.0 0.0 0.0
11.435858234395642 10.305517640133923 4.887092575942212 -0.9125698934334284 0.16942963316501444 0.37216903283920166 0.36947076861519745 0.731648798235982 0.5728711785198646 0.0 0.0 0.0 0.0 0.0 0.0
11.41420203571581 10.842303592020247 4.895864863818922 -0.6364662595292921 -0.24993107905699546 0.7296883966476337 0.36947076861519745 0.731648798235982 0.5728711785198646 0.0 0.0 0.0 0.0 0.0 0.0
11.247463333149836 11.322117746571438 5.070969644671138 -0.11855845248158683 -0.5743387957204474 0.8099869388302222 0.36947076861519745 0.731648798235982 0.5728711785198646 0.0 0.0 0.0 0.0 0.0 0.0
4.658310025828651 1.759678333736205 11.985979786599149 -0.13602637004555584 -0.24785310221338896 0.9592005350162336 0.8173690512697607 0.5190314724662305 0.25002832762690724 0.0 0.0 0.0 0.0 0.0 0.0
4.764426772535683 2.221531017824795 12.23919202245445 0.21807921063948593 -0.6804422613428258 0.6995997333229337 0.8173690512697607 0.5190314724662305 0.25002832762690724 0.0 0.0 0.0 0.0 0.0 0.0
4.920254682169857 2.528276867030142 12.651878039533651 0.4893328531126227 -0.8545200290001904 0.17420929625646775 0.8173690512697607 0.5190314724662305 0.25002832762690724 0.0 0.0 0.0 0.0 0.0 0.0
5.187626031067934 2.6402348487373843 13.104275071176017 0.5746807634792553 -0.703951350827381 -0.41736616508194 0.8173690512697607 0.5190314724662305 0.25002832762690724 0.0 0.0 0.0 0.0 0.0 0.0
5.585995878083463 2.591727097873665 13.46153347235551 0.44169784365013415 -0.28593978503630124 -0.8503772423155589 0.8173690512697607 0.5190314724662305 0.25002832762690724 0.0 0.0 0.0 0.0 0.0 0.0
6.085050762457082 2.4780393640138123 13.624948354392012 0.1409065282241955 0.24070508574833346 -0.960315787644195 0.8173690512697607 0.5190314724662305 0.25002832762690724 0.0 0.0 0.0 0.0 0.0 0.0
6.616225294373038 2.419220362024088 13.569459222418642 -0.2134175331056358 0.6759020700827533 -0.705414309623042 0.8173690512697607 0.5190314724662305 0.25002832762690724 0.0 0.0 0.0 0.0 0.0 0.0
7.098751292902371 2.5144732581770173 13.353170876370806 -0.4866607054577639 0.8543125575127523 -0.18251414147778017 0.8173690512697607 0.5190314724662305 0.25002832762690724 0.0 0.0 0.0 0.0 0.0 0.0
7.470342968309806 2.804466728695961 13.095278426030294 -0.5750133392733952 0.7081554209993932 0.4097262004886076 0.8173690512697607 0.5190314724662305 0.25002832762690724 0.0 0.0 0.0 0.0 0.0 0.0
7.710860334937051 3.255884249713858 12.930783075983214 -0.4449087917887082 0.29295820032111136 0.8463047086326098 0.8173690512697607 0.5190314724662305 0.25002832762690724 0.0 0.0 0.0 0.0 0.0 0.0
7.849960728476984 3.7740816017128958 12.959202910897954 -0.1457759558251695 -0.23353873865907085 0.9613579085069136 0.8173690512697607 0.5190314724662305 0.25002832762690724 0.0 0.0 0.0 0.0 0.0 0.0
7.955831488299723 4.239043790886291 13.206764311306014 0.2087396030003597 -0.671310406263183 0.7111751658923497 0.8173690512697607 0.5190314724662305 0.25002832762690724 0.0 0.0 0.0 0.0 0.0 0.0
8.109284447194396 4.550980751829182 13.616438113156391 0.4839514967060006 -0.8540400268164541 0.19080508754058664 0.8173690512697607 0.5190314724662305 0.25002832762690724 0.0 0.0 0.0 0.0 0.0 0.0
8.373054164990755 4.668239261786854 14.069605940715338 0.5753021255754941 -0.7123055623943613 -0.4020550336587886 0.8173690512697607 0.5190314724662305 0.25002832762690724 0.0 0.0 0.0 0.0 0.0 0.0
8.767964020413956 4.623127696384005 14.431125310701084 0.44808585840025256 -0.2999543057047334 -0.8421677255694964 0.8173690512697607 0.5190314724662305 0.25002832762690724 0.0 0.0 0.0 0.0 0.0 0.0
9.265015061358538 4.509641537557687 14.600672521144418 0.15063428202271234 0.2263546066906771 -0.9623268182428509 0.8173690512697607 0.5190314724662305 0.25002832762690724 0.0 0.0 0.0 0.0 0.0 0.0
9.79640319162991 4.447752918448765 14.550857303089638 -0.20404577656614742 0.6666676195570914 -0.7168818634193483 0.8173690512697607 0.5190314724662305 0.25002832762690724 0.0 0.0 0.0 0.0 0.0 0.0
10.28127908071272 4.53783120419461 14.337628841711698 -0.4812054331740692 0.8537024576655631 -0.19908150305724515 0.8173690512697607 0.5190314724662305 0.25002832762690724 0.0 0.0 0.0 0.0 0.0 0.0
10.656464176162348 4.822510992027106 14.079019745447749 -0.5755471003933584 0.7164014589629494 0.39435324878153705 0.8173690512697607 0.5190314724662305 0.25002832762690724 0.0 0.0 0.0 0.0 0.0 0.0
10.900453291967699 5.27049451497181 13.910303484651894 -0.4512288015388455 0.3069275684066552 0.8379666081734958 0.8173690512697607 0.5190314724662305 0.25002832762690724 0.0 0.0 0.0 0.0 0.0 0.0
