t = 0
b =  13.0 13.0 13.0
E = 0. 0. 0.
0.8295707347968243 3.87118824574305 -0.3993333430213064 0.41582421758535926 -0.2986798708676103 0.8589997408661025 0.581018167605141 0.8138887375420855 0.0017354581281741124 0.0 0.0 0.0 0.0 0.0 0.0
0.8572708610478839 4.329709024306737 -0.12062830045948791 0.7470895069808634 -0.5341751716357415 0.3956186984547322 0.581018167605141 0.8138887375420855 0.0017354581281741124 0.0 0.0 0.0 0.0 0.0 0.0
1.0552700639224362 4.666464555688212 0.24825803686324685 0.7945230020038798 -0.566728393766851 -0.21806450189149862 0.581018167605141 0.8138887375420855 0.0017354581281741124 0.0 0.0 0.0 0.0 0.0 0.0
1.4343808101034747 4.8740343318783985 0.5674365641184052 0.5401039248494192 -0.38397202391248064 -0.7489013521251019 0.581018167605141 0.8138887375420855 0.0017354581281741124 0.0 0.0 0.0 0.0 0.0 0.0
1.9366082629483325 4.9940776731360375 0.7159030045924318 0.08049033658859306 -0.055338262503865504 -0.9952180577234859 0.581018167605141 0.8138887375420855 0.0017354581281741124 0.0 0.0 0.0 0.0 0.0 0.0
2.457183490551192 5.1015066557147 0.637509457493809 -0.4097028762689027 0.294319430036378 -0.863434784034121 0.581018167605141 0.8138887375420855 0.0017354581281741124 0.0 0.0 0.0 0.0 0.0 0.0
2.8843669346172356 5.276025761630929 0.3622959242065943 -0.7442431165650389 0.5321602503473442 -0.403618200030436 0.581018167605141 0.8138887375420855 0.0017354581281741124 0.0 0.0 0.0 0.0 0.0 0.0
3.1419001368446358 5.571850813358281 -0.004922390477423072 -0.7960329537967692 0.5678244943064382 0.20953968630125328 0.581018167605141 0.8138887375420855 0.0017354581281741124 0.0 0.0 0.0 0.0 0.0 0.0
3.2179776022068496 5.997111476429408 -0.32437612707589414 -0.5453965629198559 0.3877627193592394 0.7430899424903654 0.581018167605141 0.8138887375420855 0.0017354581281741124 0.0 0.0 0.0 0.0 0.0 0.0
3.169731903890555 6.510762663579445 -0.4744424879023281 -0.08755489924542866 0.06038340428052401 0.9943279057260823 0.581018167605141 0.8138887375420855 0.0017354581281741124 0.0 0.0 0.0 0.0 0.0 0.0
3.101528063536346 7.0381782496351954 -0.39785177133192945 0.4035503344921891 -0.28993657564104464 0.8678040733004116 0.581018167605141 0.8138887375420855 0.0017354581281741124 0.0 0.0 0.0 0.0 0.0 0.0
3.1253135346273613 7.499502784150701 -0.12344508894720788 0.7413400491544337 -0.5301048029955409 0.41158696451753624 0.581018167605141 0.8138887375420855 0.0017354581281741124 0.0 0.0 0.0 0.0 0.0 0.0
3.3180874932494273 7.8399899121436025 0.2447828549498883 0.79748228459826 -0.5688773528123622 -0.20099891345263024 0.581018167605141 0.8138887375420855 0.0017354581281741124 0.0 0.0 0.0 0.0 0.0 0.0
3.6926475637384826 8.050801429663174 0.5671930902010176 0.5506476669304378 -0.3915238851736346 -0.7372219436795185 0.581018167605141 0.8138887375420855 0.0017354581281741124 0.0 0.0 0.0 0.0 0.0 0.0
4.192727787230485 8.1723650652381 0.7215535601936791 0.0946127942577042 -0.06542394762716272 -0.9933620318089607 0.581018167605141 0.8138887375420855 0.0017354581281741124 0.0 0.0 0.0 0.0 0.0 0.0
4.714375000150527 8.279015309892847 0.6494771237793072 -0.3973670607950951 0.28553164145294113 -0.8721072759266805 0.581018167605141 0.8138887375420855 0.0017354581281741124 0.0 0.0 0.0 0.0 0.0 0.0
5.145442379059155 8.450752501201055 0.37860380637655405 -0.7383805258288706 0.5280089861106053 -0.41952438506376477 0.581018167605141 0.8138887375420855 0.0017354581281741124 0.0 0.0 0.0 0.0 0.0 0.0
5.408195893871915 8.742849357507005 0.012099892198162057 -0.7988708840362004 0.5698868891053714 0.19244283375854884 0.581018167605141 0.8138887375420855 0.0017354581281741124 0.0 0.0 0.0 0.0 0.0 0.0
5.488846765532116 9.16485194811604 -0.31053667196974627 -0.5558568369892636 0.3952552349283277 0.7312978025633897 0.581018167605141 0.8138887375420855 0.0017354581281741124 0.0 0.0 0.0 0.0 0.0 0.0
5.442790053710552 9.67695298196371 -0.46647387903301174 -0.10166348413938853 0.07045950868689077 0.9923205095271593 0.581018167605141 0.8138887375420855 0.0017354581281741124 0.0 0.0 0.0 0.0 0.0 0.0
10.199875633931558 -0.24183503142138602 11.63378777869271 -0.3601283713814047 0.8315027058470292 -0.42297849389211967 0.07716510376956098 0.4783970012421279 0.874746738183557 0.0 0.0 0.0 0.0 0.0 0.0
10.515998400112796 0.1387454614282947 11.843334879084429 -0.8368728297473809 0.5079708529140802 -0.20398401756106566 0.07716510376956098 0.4783970012421279 0.874746738183557 0.0 0.0 0.0 0.0 0.0 0.0
10.641355978420876 0.6351179261830657 12.006383816254738 -0.9956753083247627 -0.00854761986068589 0.09250739747234014 0.07716510376956098 0.4783970012421279 0.874746738183557 0.0 0.0 0.0 0.0 0.0 0.0
10.53974933886736 1.129541960721642 12.190519817589614 -0.7762040904661481 -0.5218187089417942 0.3538537055647969 0.07716510376956098 0.4783970012421279 0.874746738183557 0.0 0.0 0.0 0.0 0.0 0.0
10.261206952468788 1.5050174041378872 12.45531678224201 -0.2618399611991089 -0.8368421461523508 0.48076507479472325 0.07716510376956098 0.4783970012421279 0.874746738183557 0.0 0.0 0.0 0.0 0.0 0.0
9.922978138676074 1.6897346540074287 12.829704160821157 0.3520015470581685 -0.8339352607850675 0.4250257541467299 0.07716510376956098 0.4783970012421279 0.874746738183557 0.0 0.0 0.0 0.0 0.0 0.0
9.664988088611013 1.6843563349412036 13.300976173431506 0.8321117824360226 -0.5142024271915069 0.207812043446734 0.07716510376956098 0.4783970012421279 0.874746738183557 0.0 0.0 0.0 0.0 0.0 0.0
9.596677945534678 1.5617655564172723 13.819618947884353 0.9960888394993336 0.0008845054982309383 -0.08835293699075902 0.07716510376956098 0.4783970012421279 0.874746738183557 0.0 0.0 0.0 0.0 0.0 0.0
9.755426284764196 1.4393764009494938 14.318121667570127 0.7816350927195561 0.5156353997610474 -0.35095115948313105 0.07716510376956098 0.4783970012421279 0.874746738183557 0.0 0.0 0.0 0.0 0.0 0.0
10.09234836797332 1.434526351081737 14.736625059409029 0.27022510597376864 0.8344877846904942 -0.4802171688973803 0.07716510376956098 0.4783970012421279 0.874746738183557 0.0 0.0 0.0 0.0 0.0 0.0
10.49086827259181 1.6198978179913741 15.045662932487717 -0.3438479164542947 0.8363043083242848 -0.4270406470446087 0.07716510376956098 0.4783970012421279 0.874746738183557 0.0 0.0 0.0 0.0 0.0 0.0
10.811008033835353 1.995904878297884 15.257356876635733 -0.8272873665907803 0.5203948429632866 -0.21162424364071783 0.07716510376956098 0.4783970012421279 0.874746738183557 0.0 0.0 0.0 0.0 0.0 0.0
10.942567613833894 2.4905359594321226 15.420811067787083 -0.9964265146522618 0.006778676222741546 0.08419174809095276 0.07716510376956098 0.4783970012421279 0.874746738183557 0.0 0.0 0.0 0.0 0.0 0.0
10.846991738464846 2.9867122400246258 15.603456770564861 -0.7870065704344301 -0.5094128229482456 0.3480218871119069 0.07716510376956098 0.4783970012421279 0.874746738183557 0.0 0.0 0.0 0.0 0.0 0.0
10.572017690602074 3.3667678515973796 15.865434073460321 -0.27858967206038965 -0.832069873752983 0.4796326926033885 0.07716510376956098 0.4783970012421279 0.874746738183557 0.0 0.0 0.0 0.0 0.0 0.0
10.233539118227299 3.5571531092670248 16.23674366372639 0.33566810050032125 -0.8386096680525399 0.42902301914385904 0.07716510376956098 0.4783970012421279 0.874746738183557 0.0 0.0 0.0 0.0 0.0 0.0
9.971576099923384 3.556377266717203 16.705849064705532 0.8223999496095986 -0.5265476286529849 0.21542032782921094 0.07716510376956098 0.4783970012421279 0.874746738183557 0.0 0.0 0.0 0.0 0.0 0.0
9.897079176009829 3.4355748756480886 17.22405953619155 0.9966883080682774 -0.014441341721275631 -0.08002414766356873 0.07716510376956098 0.4783970012421279 0.874746738183557 0.0 0.0 0.0 0.0 0.0 0.0
10.04977738328128 3.3114805802792118 17.724028500699696 0.7923181145519459 0.503151452376704 -0.34506611152655864 0.07716510376956098 0.4783970012421279 0.874746738183557 0.0 0.0 0.0 0.0 0.0 0.0
10.383084529695171 3.302079674311288 18.14533963422784 0.28693302246487945 0.8295885974730957 -0.4790116904228825 0.07716510376956098 0.4783970012421279 0.874746738183557 0.0 0.0 0.0 0.0 0.0 0.0
6.353482951142469 3.8419337327263716 7.96319008634731 0.15186718208038436 -0.16187064978828533 0.9750560249257894 0.0707551939496724 0.9857480407190318 0.15262536731400364 0.0 0.0 0.0 0.0 0.0 0.0
6.051519324950844 4.223810049778377 8.190508253351974 0.7011028030816316 -0.1579845602253594 0.6953385781340471 0.0707551939496724 0.9857480407190318 0.15262536731400364 0.0 0.0 0.0 0.0 0.0 0.0
5.909372104781907 4.5696737813560215 8.576328871121154 0.983977747378397 -0.09407749487183027 0.15145038006811234 0.0707551939496724 0.9857480407190318 0.15262536731400364 0.0 0.0 0.0 0.0 0.0 0.0
5.99152264308878 4.894092545017479 8.996672607792252 0.89302309421548 0.005571183675342635 -0.449976349501021 0.0707551939496724 0.9857480407190318 0.15262536731400364 0.0 0.0 0.0 0.0 0.0 0.0
6.277237823821084 5.219781260173028 9.314444221436068 0.46279403701017907 0.103103276399029 -0.8804495406913481 0.0707551939496724 0.9857480407190318 0.15262536731400364 0.0 0.0 0.0 0.0 0.0 0.0
6.668446919851693 5.568972370427886 9.431517334575906 -0.1432582123589642 0.16146471062386886 -0.9764252310417133 0.0707551939496724 0.9857480407190318 0.15262536731400364 0.0 0.0 0.0 0.0 0.0 0.0
7.02700030186745 5.954969366549949 9.326014285576521 -0.6948842717033541 0.15848300173669994 -0.7014406511600416 0.0707551939496724 0.9857480407190318 0.15262536731400364 0.0 0.0 0.0 0.0 0.0 0.0
7.227154792283862 6.377092567904567 9.060617818074345 -0.9825121783821701 0.0952909507952718 -0.1599670404403816 0.0707551939496724 0.9857480407190318 0.15262536731400364 0.0 0.0 0.0 0.0 0.0 0.0
7.20334560072327 6.820937344491302 8.758756858670413 -0.8968672817659771 -0.004103725533016756 0.44228072344887015 0.0707551939496724 0.9857480407190318 0.15262536731400364 0.0 0.0 0.0 0.0 0.0 0.0
6.975095484064153 7.263846676713661 8.557713804093034 -0.470487509985578 -0.1019393279206802 0.876498645960534 0.0707551939496724 0.9857480407190318 0.15262536731400364 0.0 0.0 0.0 0.0 0.0 0.0
6.639597724699914 7.683518935928976 8.556468643441427 0.13463833297002623 -0.1610464752966027 0.9777200785959096 0.0707551939496724 0.9857480407190318 0.15262536731400364 0.0 0.0 0.0 0.0 0.0 0.0
6.334790777572593 8.066480646033096 8.778094805469763 0.6886128221974326 -0.15896937415386667 0.7074893067647124 0.0707551939496724 0.9857480407190318 0.15262536731400364 0.0 0.0 0.0 0.0 0.0 0.0
6.18695314493241 8.413205282296863 9.1609931772363 0.9809717872796089 -0.09649714994387669 0.16847151870318378 0.0707551939496724 0.9857480407190318 0.15262536731400364 0.0 0.0 0.0 0.0 0.0 0.0
6.262728062068935 8.737933390194636 9.58229463699219 0.900643169400605 0.002635954876102993 -0.4345514160072692 0.0707551939496724 0.9857480407190318 0.15262536731400364 0.0 0.0 0.0 0.0 0.0 0.0
6.543804618009106 9.063262364089358 9.904540087796045 0.47814515351552506 0.10076761636783578 -0.8724810024643275 0.0707551939496724 0.9857480407190318 0.15262536731400364 0.0 0.0 0.0 0.0 0.0 0.0
6.933874376737999 9.411561319305786 10.0279034666355 -0.12600820035075913 0.16061597565672564 -0.9789404689807236 0.0707551939496724 0.9857480407190318 0.15262536731400364 0.0 0.0 0.0 0.0 0.0 0.0
7.295220562232084 9.796472691226953 9.928117334768396 -0.6822889321590279 0.1594436404377163 -0.7134840843195169 0.0707551939496724 0.9857480407190318 0.15262536731400364 0.0 0.0 0.0 0.0 0.0 0.0
7.501038964172265 10.217729246002799 9.665692483430849 -0.9793566913774596 0.0976960004609091 -0.17696316720757269 0.0707551939496724 0.9857480407190318 0.15262536731400364 0.0 0.0 0.0 0.0 0.0 0.0
7.483612977497454 10.661255607157717 9.36292887256018 -0.9043504695709011 -0.0011679834810202627 0.4267890157929051 0.0707551939496724 0.9857480407190318 0.15262536731400364 0.0 0.0 0.0 0.0 0.0 0.0
7.260040272828526 11.104515726441386 9.15745183126844 -0.4857663844408178 -0.09958823097086762 0.8683969161618359 0.0707551939496724 0.9857480407190318 0.15262536731400364 0.0 0.0 0.0 0.0 0.0 0.0
10.484447284189951 1.0107987386371633 9.754755721642645 0.7586675873659628 0.5287809915292312 -0.3805445504506302 0.08493442495056898 0.4988587927983435 0.862511477202533 0.0 0.0 0.0 0.0 0.0 0.0
10.831269677918417 1.0239127924630471 10.164910998238069 0.235804071097828 0.8309852807993302 -0.5038451182144654 0.08493442495056898 0.4988587927983435 0.862511477202533 0.0 0.0 0.0 0.0 0.0 0.0
11.231843617073219 1.2264499671941274 10.460214764282997 -0.3766453542141994 0.8174843685607686 -0.43572650172747296 0.08493442495056898 0.4988587927983435 0.862511477202533 0.0 0.0 0.0 0.0 0.0 0.0
11.54656123588373 1.615332729460817 10.656194660548993 -0.8460009122857438 0.49340747709619115 -0.20206810227559488 0.08493442495056898 0.4988587927983435 0.862511477202533 0.0 0.0 0.0 0.0 0.0 0.0
11.668432920119251 2.116687741656672 10.806113126543186 -0.9939465793989684 -0.01812316425032809 0.10835934762928938 0.08493442495056898 0.4988587927983435 0.862511477202533 0.0 0.0 0.0 0.0 0.0 0.0
11.563734450306203 2.6139115779914177 10.980732109239007 -0.764275323097912 -0.5227685124949998 0.37761926969812654 0.08493442495056898 0.4988587927983435 0.862511477202533 0.0 0.0 0.0 0.0 0.0 0.0
11.284819396545029 2.991970315453994 11.241429416344323 -0.24424309354997864 -0.8288053626193882 0.5034153177511383 0.08493442495056898 0.4988587927983435 0.862511477202533 0.0 0.0 0.0 0.0 0.0 0.0
10.950229121924016 3.1811028444290823 11.616880260970996 0.36858117076435054 -0.8199651985979644 0.437955469935221 0.08493442495056898 0.4988587927983435 0.862511477202533 0.0 0.0 0.0 0.0 0.0 0.0
10.69965693677616 3.1833242805835233 12.092163068749691 0.8413752859567518 -0.49960654654212766 0.2061090168659335 0.08493442495056898 0.4988587927983435 0.862511477202533 0.0 0.0 0.0 0.0 0.0 0.0
10.640876274536057 3.071660388733544 12.614428433408207 0.9945168629695652 0.010560985521076283 -0.10404169766971894 0.08493442495056898 0.4988587927983435 0.862511477202533 0.0 0.0 0.0 0.0 0.0 0.0
10.808795762502385 2.9624038738653957 13.112977489809232 0.7698248563049952 0.5167162226145614 -0.3746652317762228 0.08493442495056898 0.4988587927983435 0.862511477202533 0.0 0.0 0.0 0.0 0.0 0.0
11.152196850686009 2.970932838200736 13.52612159483801 0.2526635159449299 0.8265623277022326 -0.5029471802623128 0.08493442495056898 0.4988587927983435 0.862511477202533 0.0 0.0 0.0 0.0 0.0 0.0
11.553192595279349 3.167876711143621 13.824618874300736 -0.360488918431328 0.8223835851106628 -0.4401510861383198 0.08493442495056898 0.4988587927983435 0.862511477202533 0.0 0.0 0.0 0.0 0.0 0.0
11.872014879573468 3.5522829481888176 14.02278369982886 -0.8366855856422173 0.5057675690152398 -0.2101342354566541 0.08493442495056898 0.4988587927983435 0.862511477202533 0.0 0.0 0.0 0.0 0.0 0.0
12.000114658294093 4.051978918505037 14.173048419772757 -0.9950114102306183 -0.002998002531888418 0.09971612453205733 0.08493442495056898 0.4988587927983435 0.862511477202533 0.0 0.0 0.0 0.0 0.0 0.0
11.901401554744572 4.550991494049781 14.346043433441308 -0.7753157643687728 -0.5106245827932228 0.3716826616463441 0.08493442495056898 0.4988587927983435 0.862511477202533 0.0 0.0 0.0 0.0 0.0 0.0
11.625955198311843 4.933607179879984 14.603763521527155 -0.2610646970349154 -0.8242563468636563 0.5024407413984714 0.08493442495056898 0.4988587927983435 0.862511477202533 0.0 0.0 0.0 0.0 0.0 0.0
11.290999135975591 5.128333605507354 14.976014992424103 0.3523692134714775 -0.8247393439293677 0.44231318313209533 0.08493442495056898 0.4988587927983435 0.862511477202533 0.0 0.0 0.0 0.0 0.0 0.0
11.036365646937478 5.135060671735564 15.449091767333417 0.8319321684809765 -0.5118900753298126 0.21414345151177722 0.08493442495056898 0.4988587927983435 0.862511477202533 0.0 0.0 0.0 0.0 0.0 0.0
10.971371121881385 5.025102379185699 15.970982548752874 0.9954301835204394 -0.004565208766799331 -0.09538295762544574 0.08493442495056898 0.4988587927983435 0.862511477202533 0.0 0.0 0.0 0.0 0.0 0.0
12.206985088598165 6.786458900696442 9.106151922507625 0.38836500018397513 0.4580390260528333 -0.7996079522145042 0.06574074653613159 0.8517365747111441 0.5198297428429812 0.0 0.0 0.0 0.0 0.0 0.0
12.600253478242738 7.081117540795866 9.323410666035894 -0.2243768141097792 0.5202334245176755 -0.82402198350806 0.06574074653613159 0.8517365747111441 0.5198297428429812 0.0 0.0 0.0 0.0 0.0 0.0
12.94237516605096 7.494363406383261 9.352833572495612 -0.7518741253429491 0.3847824471692307 -0.535376286354031 0.06574074653613159 0.8517365747111441 0.5198297428429812 0.0 0.0 0.0 0.0 0.0 0.0
13.113107123329502 7.99532044291008 9.26021743763529 -0.9937218856933216 0.10314618492174732 -0.04333218699993511 0.06574074653613159 0.8517365747111441 0.5198297428429812 0.0 0.0 0.0 0.0 0.0 0.0
13.05732014549675 8.519789655535309 9.157723729384886 -0.8580380875248672 -0.21767703748975553 0.465174534670968 0.06574074653613159 0.8517365747111441 0.5198297428429812 0.0 0.0 0.0 0.0 0.0 0.0
12.805943358614497 8.994639380615531 9.161266570949465 -0.3963712742739121 -0.4558011139929126 0.7969536733168965 0.06574074653613159 0.8517365747111441 0.5198297428429812 0.0 0.0 0.0 0.0 0.0 0.0
12.464213727289666 9.365589227419267 9.346475027422812 0.2158836130480065 -0.5207587267019249 0.8259567871148756 0.06574074653613159 0.8517365747111441 0.5198297428429812 0.0 0.0 0.0 0.0 0.0 0.0
12.171694772351916 9.617832106085602 9.719960359507766 0.7461207063914574 -0.3878713925152699 0.5411651082268494 0.06574074653613159 0.8517365747111441 0.5198297428429812 0.0 0.0 0.0 0.0 0.0 0.0
12.049254055912819 9.781659688623693 10.216804295040813 0.992894068903818 -0.10762523144820414 0.05077575692533182 0.06574074653613159 0.8517365747111441 0.5198297428429812 0.0 0.0 0.0 0.0 0.0 0.0
12.153143573721804 9.92095409626673 10.72522256596265 0.8624503743360425 0.21350955444394637 -0.45890415335750384 0.06574074653613159 0.8517365747111441 0.5198297428429812 0.0 0.0 0.0 0.0 0.0 0.0
12.45362868149773 10.108918013563354 11.129033620687204 0.4043473631566993 0.4535284909134547 -0.794238703311535 0.06574074653613159 0.8517365747111441 0.5198297428429812 0.0 0.0 0.0 0.0 0.0 0.0
12.846284783428034 10.400263764633992 11.35179793800114 -0.20737397161327312 0.5212443710929359 -0.8278286909145315 0.06574074653613159 0.8517365747111441 0.5198297428429812 0.0 0.0 0.0 0.0 0.0 0.0
13.191669982004061 10.810427186496245 11.385858679173438 -0.7403104674594506 0.3909307999530632 -0.5469127182814708 0.06574074653613159 0.8517365747111441 0.5198297428429812 0.0 0.0 0.0 0.0 0.0 0.0
13.368301386228802 11.309703296508452 11.295250649004844 -0.9919906393868217 0.11209608189659734 -0.05821546008025278 0.06574074653613159 0.8517365747111441 0.5198297428429812 0.0 0.0 0.0 0.0 0.0 0.0
13.31880849299229 11.834531711916098 11.191372402879203 -0.8667969822120997 -0.2093258118189312 0.4525988247160414 0.06574074653613159 0.8517365747111441 0.5198297428429812 0.0 0.0 0.0 0.0 0.0 0.0
13.071729200386722 12.311644301933173 11.190664073088627 -0.4122926594222875 -0.4512213298835074 0.7914632489538956 0.06574074653613159 0.8517365747111441 0.5198297428429812 0.0 0.0 0.0 0.0 0.0 0.0
12.730667783093038 12.685900975605602 11.370369815800519 0.19884853784772036 -0.5216903207070088 0.8296375523543046 0.06574074653613159 0.8517365747111441 0.5198297428429812 0.0 0.0 0.0 0.0 0.0 0.0
12.434933896258519 12.94123832425786 11.739191464676155 0.7344438510191181 -0.3939604364968903 0.552618678815136 0.06574074653613159 0.8517365747111441 0.5198297428429812 0.0 0.0 0.0 0.0 0.0 0.0
12.306616508373118 13.106772379014668 12.233982558775875 0.9910116659419881 -0.11655839579435687 0.06565072990249791 0.06574074653613159 0.8517365747111441 0.5198297428429812 0.0 0.0 0.0 0.0 0.0 0.0
12.404200260921417 13.245736943782637 12.743738738822572 0.8710775801420203 0.2051261282229078 -0.44625902892176944 0.06574074653613159 0.8517365747111441 0.5198297428429812 0.0 0.0 0.0 0.0 0.0 0.0
0.816779711344788 3.0361540192213554 1.3646947504141649 -0.8641946307122615 0.49742969075883636 0.07570563387005227 0.35904209228058037 0.5042403876359195 0.785385515175548 0.0 0.0 0.0 0.0 0.0 0.0
0.9822422221121493 3.5377375198254164 1.46329115790803 -0.9067300303257969 -0.010985854986279879 0.42156845600163156 0.35904209228058037 0.5042403876359195 0.785385515175548 0.0 0.0 0.0 0.0 0.0 0.0
0.9410155939364442 4.036816794439685 1.6579841082121376 -0.6047835317008884 -0.5152276907484078 0.6072703734494737 0.35904209228058037 0.5042403876359195 0.785385515175548 0.0 0.0 0.0 0.0 0.0 0.0
0.7619285406799806 4.41844990073619 1.991104359251842 -0.0730696579413826 -0.8237259126475992 0.562260123004654 0.35904209228058037 0.5042403876359195 0.785385515175548 0.0 0.0 0.0 0.0 0.0 0.0
0.566185256596639 4.6123146593261035 2.4523918230219977 0.48640460052958684 -0.8192768883691357 0.3036378513424162 0.35904209228058037 0.5042403876359195 0.785385515175548 0.0 0.0 0.0 0.0 0.0 0.0
0.4813179165087592 4.619425225433688 2.9828935445596354 0.8610856190081198 -0.5035708766201248 -0.07034151659895883 0.35904209228058037 0.5042403876359195 0.785385515175548 0.0 0.0 0.0 0.0 0.0 0.0
0.5927350703678781 4.511746794370836 3.4973609151752414 0.9086258142416551 0.003450130412948797 -0.4175969663369478 0.35904209228058037 0.5042403876359195 0.785385515175548 0.0 0.0 0.0 0.0 0.0 0.0
0.9112735071733342 4.404854820644173 3.9166370441746334 0.6109638712312951 0.5091603752190386 -0.6062003467145793 0.35904209228058037 0.5042403876359195 0.785385515175548 0.0 0.0 0.0 0.0 0.0 0.0
1.3690811776499696 4.414025970469445 4.197729785066316 0.0811865387689697 0.8214320807719052 -0.5644980802460285 0.35904209228058037 0.5042403876359195 0.785385515175548 0.0 0.0 0.0 0.0 0.0 0.0
1.8453953221935295 4.61044258895307 4.350145170803958 -0.4794349171382302 0.8216280052275169 -0.3083335551874118 0.35904209228058037 0.5042403876359195 0.785385515175548 0.0 0.0 0.0 0.0 0.0 0.0
2.212422262289989 4.994149337080869 4.432275912934902 -0.8579110323002623 0.5096737136095043 0.06497204254903761 0.35904209228058037 0.5042403876359195 0.785385515175548 0.0 0.0 0.0 0.0 0.0 0.0
2.383888355579394 5.494036224262861 4.529217034209247 -0.9104524027838713 0.004085856901170589 0.41359367504648464 0.35904209228058037 0.5042403876359195 0.785385515175548 0.0 0.0 0.0 0.0 0.0 0.0
2.3478167950067905 5.994854482654036 4.720436846724182 -0.6170976834974652 -0.5030542851558023 0.6050841554762821 0.35904209228058037 0.5042403876359195 0.785385515175548 0.0 0.0 0.0 0.0 0.0 0.0
2.171077798063933 6.381001500915321 5.049585611518935 -0.08929723692730332 -0.8190756936629573 0.5666930487730486 0.35904209228058037 0.5042403876359195 0.785385515175548 0.0 0.0 0.0 0.0 0.0 0.0
1.973983493153756 6.580440189033881 5.507912074612527 0.47242872292172566 -0.8239165519322381 0.31300577823841735 0.35904209228058037 0.5042403876359195 0.785385515175548 0.0 0.0 0.0 0.0 0.0 0.0
1.8845793304985774 6.592067073214916 6.037588214704307 0.8546711123457573 -0.5157377369723108 -0.059597620626527334 0.35904209228058037 0.5042403876359195 0.785385515175548 0.0 0.0 0.0 0.0 0.0 0.0
1.9899974747948788 6.486131524025402 6.553679075299028 0.9122096568506554 -0.011621533061468282 -0.40955888699637416 0.35904209228058037 0.5042403876359195 0.785385515175548 0.0 0.0 0.0 0.0 0.0 0.0
2.303353839073005 6.377546846008855 6.976410974716138 0.6231845013858457 0.4969098855610971 -0.6039218847368674 0.35904209228058037 0.5042403876359195 0.785385515175548 0.0 0.0 0.0 0.0 0.0 0.0
2.7587651300505627 6.382232792041251 7.261478861505048 0.09740113475531648 0.8166569307687559 -0.5688448614303638 0.35904209228058037 0.5042403876359195 0.785385515175548 0.0 0.0 0.0 0.0 0.0 0.0
3.236379012760326 6.573075711138532 7.416878544232179 -0.4653865514288885 0.8261423542016066 -0.31765416468755964 0.35904209228058037 0.5042403876359195 0.785385515175548 0.0 0.0 0.0 0.0 0.0 0.0
5.029139210029156 7.288935327227691 1.5115698185283326 0.26203663443204794 0.7099878420648701 -0.6536467443012276 0.65382627071836 0.3675721739059953 0.661363670523671 0.0 0.0 0.0 0.0 0.0 0.0
5.5635742159540085 7.301791383978189 1.5654126301682367 -0.20395971871871932 0.9273377140941336 -0.31375977619645273 0.65382627071836 0.3675721739059953 0.661363670523671 0.0 0.0 0.0 0.0 0.0 0.0
6.051516597579328 7.526034101835168 1.547733890951694 -0.5924683647035971 0.7923764842792629 0.14532977666906674 0.65382627071836 0.3675721739059953 0.661363670523671 0.0 0.0 0.0 0.0 0.0 0.0
6.404405796828418 7.930899064215766 1.563183078899673 -0.7558883733947607 0.35637818025835954 0.5492061175937166 0.65382627071836 0.3675721739059953 0.661363670523671 0.0 0.0 0.0 0.0 0.0 0.0
6.584990217578111 8.417000443999713 1.7038238186339352 -0.6321337512535956 -0.21501415276812463 0.744429872207895 0.65382627071836 0.3675721739059953 0.661363670523671 0.0 0.0 0.0 0.0 0.0 0.0
6.621479729839431 8.854089340894737 2.0141573711615064 -0.2682209482984742 -0.7047190143130689 0.6568322721665584 0.65382627071836 0.3675721739059953 0.661363670523671 0.0 0.0 0.0 0.0 0.0 0.0
6.596828268496529 9.13053751630308 2.4742158607967015 0.19759347733034935 -0.926689340046881 0.3196931102791819 0.65382627071836 0.3675721739059953 0.661363670523671 0.0 0.0 0.0 0.0 0.0 0.0
6.617218246528368 9.195746827489415 3.0071484049791946 0.5883388373346049 -0.7965948920773461 -0.13890280918702397 0.65382627071836 0.3675721739059953 0.661363670523671 0.0 0.0 0.0 0.0 0.0 0.0
6.771720081042738 9.079372307961826 3.508418049436922 0.7555644365346418 -0.36386072625126964 -0.5447272291119546 0.65382627071836 0.3675721739059953 0.661363670523671 0.0 0.0 0.0 0.0 0.0 0.0
7.098452852639049 8.880055724436366 3.885517104878713 0.6357384739314446 0.20711021290459167 -0.7436006673436575 0.65382627071836 0.3675721739059953 0.661363670523671 0.0 0.0 0.0 0.0 0.0 0.0
7.570102229371572 8.72794992045924 4.0931123648020895 0.27438483610122655 0.6993965194798966 -0.6599677797113354 0.65382627071836 0.3675721739059953 0.661363670523671 0.0 0.0 0.0 0.0 0.0 0.0
8.104297638126901 8.735271575104099 4.150267948574351 -0.19121218843366783 0.9259703950185593 -0.3256020984938223 0.65382627071836 0.3675721739059953 0.661363670523671 0.0 0.0 0.0 0.0 0.0 0.0
8.594906222512277 8.953668210429138 4.13320252374986 -0.5841645056853045 0.8007526360902543 0.13246526371827624 0.65382627071836 0.3675721739059953 0.661363670523671 0.0 0.0 0.0 0.0 0.0 0.0
8.952354489445923 9.354596434346668 4.146332559957977 -0.7551829605173955 0.3713155628411308 0.540206857542697 0.65382627071836 0.3675721739059953 0.661363670523671 0.0 0.0 0.0 0.0 0.0 0.0
9.137658776767765 9.840166052497295 4.282602766340585 -0.6392947826631434 -0.19919050079648695 0.7427148344096332 0.65382627071836 0.3675721739059953 0.661363670523671 0.0 0.0 0.0 0.0 0.0 0.0
9.177235798266103 10.280330189723825 4.588174842596424 -0.28052782843638724 -0.6940207628939428 0.6630530281545167 0.65382627071836 0.3675721739059953 0.661363670523671 0.0 0.0 0.0 0.0 0.0 0.0
9.152866492445547 10.562292272211288 5.044889877483079 0.1848163379885274 -0.9251809337596176 0.33148629084804127 0.65382627071836 0.3675721739059953 0.661363670523671 0.0 0.0 0.0 0.0 0.0 0.0
9.170626076684728 10.633359331737385 5.577167222798775 0.5799456876472099 -0.8048493996896853 -0.12601763050683767 0.65382627071836 0.3675721739059953 0.661363670523671 0.0 0.0 0.0 0.0 0.0 0.0
9.320584298671111 10.520960945279596 6.080718845275288 0.7547439743938946 -0.37874212231327603 -0.5356453471297433 0.65382627071836 0.3675721739059953 0.661363670523671 0.0 0.0 0.0 0.0 0.0 0.0
9.642586433368633 10.322228280123356 6.462170094019471 0.6428024066220105 0.19125561956054826 -0.7417724408654328 0.65382627071836 0.3675721739059953 0.661363670523671 0.0 0.0 0.0 0.0 0.0 0.0
1.0281053755951515 1.5340951941033125 8.823374359721626 0.2356917461992714 -0.11070547635827965 0.9655017857455389 0.41282629729086023 0.9108024335174721 0.0036572344427545037 0.0 0.0 0.0 0.0 0.0 0.0
0.9063432996097089 2.016402597061141 9.02644742052032 0.7068024666832767 -0.32288955304231676 0.6294224413115315 0.41282629729086023 0.9108024335174721 0.0036572344427545037 0.0 0.0 0.0 0.0 0.0 0.0
0.9456968681442909 2.4251073162432393 9.372997346620782 0.9093871129672416 -0.4124024901001366 0.05421498804124247 0.41282629729086023 0.9108024335174721 0.0036572344427545037 0.0 0.0 0.0 0.0 0.0 0.0
1.1923452576936617 2.7398048748307486 9.731905580951123 0.7664803908932247 -0.3452368261669748 -0.5415896456121769 0.41282629729086023 0.9108024335174721 0.0036572344427545037 0.0 0.0 0.0 0.0 0.0 0.0
1.6137128764644832 2.9758056880306043 9.967358438523025 0.3323749534501238 -0.14690991992105623 -0.9316353180015327 0.41282629729086023 0.9108024335174721 0.0036572344427545037 0.0 0.0 0.0 0.0 0.0 0.0
2.110845376332453 3.1783183803619273 9.990444996042532 -0.22800528582155805 0.107230521105749 -0.9677371569702277 0.41282629729086023 0.9108024335174721 0.0036572344427545037 0.0 0.0 0.0 0.0 0.0 0.0
2.5560040641232025 3.4052742733533194 9.792935838180782 -0.7017625049645387 0.3206322943657731 -0.6361794703034953 0.41282629729086023 0.9108024335174721 0.0036572344427545037 0.0 0.0 0.0 0.0 0.0 0.0
2.8411959668262963 3.7053183079340988 9.450409550045933 -0.908908415628094 0.4122204983101514 -0.06292656651493406 0.41282629729086023 0.9108024335174721 0.0036572344427545037 0.0 0.0 0.0 0.0 0.0 0.0
2.919202167588122 4.099328018075214 9.093539149094019 -0.7707448230562024 0.3471992429873038 0.534233191968738 0.41282629729086023 0.9108024335174721 0.0036572344427545037 0.0 0.0 0.0 0.0 0.0 0.0
2.8215170616827656 4.572481806579924 8.85844722106105 -0.3397623860390079 0.15027119039179682 0.9284288289208347 0.41282629729086023 0.9108024335174721 0.0036572344427545037 0.0 0.0 0.0 0.0 0.0 0.0
2.6463831091891787 5.079889917662736 8.834990673793639 0.22030146195857084 -0.10374739983387661 0.9698988312636664 0.41282629729086023 0.9108024335174721 0.0036572344427545037 0.0 0.0 0.0 0.0 0.0 0.0
2.5214668818808437 5.563648805688997 9.032622595630693 0.6966691013140636 -0.3183506182986355 0.6428880517657265 0.41282629729086023 0.9108024335174721 0.0036572344427545037 0.0 0.0 0.0 0.0 0.0 0.0
2.555356398137774 5.974839660257168 9.376800869096245 0.9083605013941141 -0.4120071143332436 0.07163335288695534 0.41282629729086023 0.9108024335174721 0.0036572344427545037 0.0 0.0 0.0 0.0 0.0 0.0
2.7963067192690967 6.292113480149255 9.737307967606323 0.7749505600168443 -0.3491352192410431 -0.5268360543993625 0.41282629729086023 0.9108024335174721 0.0036572344427545037 0.0 0.0 0.0 0.0 0.0 0.0
3.213907044940113 6.52980191582979 9.977722770939149 0.3471239444067516 -0.15362101712959084 -0.9251516363902559 0.41282629729086023 0.9108024335174721 0.0036572344427545037 0.0 0.0 0.0 0.0 0.0 0.0
3.7106342846609186 6.7324724358219425 10.007249229646877 -0.21258086128632367 0.10025637779583213 -0.9719866440059883 0.41282629729086023 0.9108024335174721 0.0036572344427545037 0.0 0.0 0.0 0.0 0.0 0.0
4.15890371036264 6.957996400287227 9.815211302269837 -0.6915226436142592 0.31604469859936946 -0.6495476748137735 0.41282629729086023 0.9108024335174721 0.0036572344427545037 0.0 0.0 0.0 0.0 0.0 0.0
4.449540527693701 7.2555627637425975 9.47510896198095 -0.9077434119910925 0.4117623544194286 -0.08033468410181473 0.41282629729086023 0.9108024335174721 0.0036572344427545037 0.0 0.0 0.0 0.0 0.0 0.0
4.533257205699205 7.646990368843999 9.116694327923321 -0.7790972814919981 0.3510446074961049 0.519398796224716 0.41282629729086023 0.9108024335174721 0.0036572344427545037 0.0 0.0 0.0 0.0 0.0 0.0
4.439378633874278 8.11843860326977 8.876676665808024 -0.3544590679421837 0.15695914503216207 0.921803989980696 0.41282629729086023 0.9108024335174721 0.0036572344427545037 0.0 0.0 0.0 0.0 0.0 0.0
8.298031029987218 3.292564340861274 9.660960422076931 -0.8508888996142322 0.5145248073751788 0.106076873581456 0.4311297233722524 0.5685269052660102 0.7006456448259836 0.0 0.0 0.0 0.0 0.0 0.0
8.474703883578801 3.798635014578914 9.697896557840451 -0.8652797357450177 0.04039146753724713 0.4996593922455771 0.4311297233722524 0.5685269052660102 0.7006456448259836 0.0 0.0 0.0 0.0 0.0 0.0
8.45413619418124 4.3139129245925885 9.848730067788155 -0.550936333560566 -0.4490872661274091 0.7034129539360573 0.4311297233722524 0.5685269052660102 0.7006456448259836 0.0 0.0 0.0 0.0 0.0 0.0
8.307982550213314 4.7268213781619695 10.159906582718506 -0.027283007092168597 -0.7679502390515756 0.6399281739887969 0.4311297233722524 0.5685269052660102 0.7006456448259836 0.0 0.0 0.0 0.0 0.0 0.0
8.155609743920266 4.964675550575954 10.61695474504497 0.5067355899180969 -0.7950560767167498 0.3333239817146783 0.4311297233722524 0.5685269052660102 0.7006456448259836 0.0 0.0 0.0 0.0 0.0 0.0
8.118747331293505 5.021296665285882 11.14998411949135 0.8482368641512151 -0.5201068182084937 -0.09991556409263182 0.4311297233722524 0.5685269052660102 0.7006456448259836 0.0 0.0 0.0 0.0 0.0 0.0
8.275240538539826 4.959359414419999 11.660237737958965 0.8674787719291993 -0.04756028374055357 -0.49519551660200334 0.4311297233722524 0.5685269052660102 0.7006456448259836 0.0 0.0 0.0 0.0 0.0 0.0
8.629475559142666 4.88658079537897 12.057611522835806 0.5571509907796511 0.4430551976859625 -0.7023424131267485 0.4311297233722524 0.5685269052660102 0.7006456448259836 0.0 0.0 0.0 0.0 0.0 0.0
9.110713165624508 4.914796622591208 12.29488633254117 0.03515223316509909 0.7653466020237005 -0.6426576843656974 0.4311297233722524 0.5685269052660102 0.7006456448259836 0.0 0.0 0.0 0.0 0.0 0.0
9.599963724762402 5.117473231816414 12.385667302874118 -0.5002014455428712 0.7968700363398257 -0.33881655665062366 0.4311297233722524 0.5685269052660102 0.7006456448259836 0.0 0.0 0.0 0.0 0.0 0.0
9.975193348649938 5.501796390898834 12.399215028457679 -0.8455202321669107 0.5256492208939264 0.09374664564676295 0.4311297233722524 0.5685269052660102 0.7006456448259836 0.0 0.0 0.0 0.0 0.0 0.0
10.157686609010693 6.005941306423601 12.434132304866162 -0.8696117462463182 0.054725478044115726 0.4906939299026128 0.4311297233722524 0.5685269052660102 0.7006456448259836 0.0 0.0 0.0 0.0 0.0 0.0
10.141951844452228 6.522560896390464 12.580903278035652 -0.563323218793691 -0.43698938887585465 0.7012183862234507 0.4311297233722524 0.5685269052660102 0.7006456448259836 0.0 0.0 0.0 0.0 0.0 0.0
9.997807534444751 6.9395687414131855 12.887517004408647 -0.04301878225937689 -0.7626846808889219 0.6453382538717827 0.4311297233722524 0.5685269052660102 0.7006456448259836 0.0 0.0 0.0 0.0 0.0 0.0
9.84385709166766 7.182722589429369 13.341235606057312 0.4936292088909585 -0.798623311224427 0.3442833293939981 0.4311297233722524 0.5685269052660102 0.7006456448259836 0.0 0.0 0.0 0.0 0.0 0.0
9.80242944258933 7.243830228523227 13.873433603474227 0.8427392105433619 -0.5311515933560548 -0.08757058803087363 0.4311297233722524 0.5685269052660102 0.7006456448259836 0.0 0.0 0.0 0.0 0.0 0.0
9.953104223071186 7.183861845198863 14.385669882594094 0.8716784962621212 -0.06188650479064704 -0.48615497496066185 0.4311297233722524 0.5685269052660102 0.7006456448259836 0.0 0.0 0.0 0.0 0.0 0.0
10.302478144203395 7.1097864311602095 14.787087119874789 0.5694525475636247 0.43089030163191 -0.7000409588251651 0.4311297233722524 0.5685269052660102 0.7006456448259836 0.0 0.0 0.0 0.0 0.0 0.0
10.781658791470582 7.133932474936533 15.028929998564468 0.05088205530683128 0.7599646783628393 -0.6479696783713076 0.4311297233722524 0.5685269052660102 0.7006456448259836 0.0 0.0 0.0 0.0 0.0 0.0
11.272438004845968 7.3313124910579885 15.123068168681012 -0.48701938046362603 0.8003157678518821 -0.34972388362889256 0.4311297233722524 0.5685269052660102 0.7006456448259836 0.0 0.0 0.0 0.0 0.0 0.0
0.49393437385955563 7.703599635773481 3.268401471703539 0.4745811695782485 0.5226884412586313 -0.7082157205656792 0.3961596688150106 0.5916604419334692 0.7021363387943066 0.0 0.0 0.0 0.0 0.0 0.0
0.9789739580156313 7.7778356174617 3.4872866538033036 -0.07647093134051515 0.7833072436376844 -0.6169132505665991 0.3961596688150106 0.5916604419334692 0.7021363387943066 0.0 0.0 0.0 0.0 0.0 0.0
1.4465819909664752 8.030626509983927 3.5655464410252096 -0.598470446917226 0.7463345279600578 -0.2912351224377535 0.3961596688150106 0.5916604419334692 0.7021363387943066 0.0 0.0 0.0 0.0 0.0 0.0
1.7777686667116381 8.453544381638098 3.5774191729237037 -0.8931010338178016 0.4258168470625236 0.14508809789677868 0.3961596688150106 0.5916604419334692 0.7021363387943066 0.0 0.0 0.0 0.0 0.0 0.0
1.9053729336965692 8.97352721697852 3.622364741302972 -0.8484276061179907 -0.05647577331209146 0.5262899240966871 0.3961596688150106 0.5916604419334692 0.7021363387943066 0.0 0.0 0.0 0.0 0.0 0.0
1.8395781011710914 9.480636398015434 3.7872781144398164 -0.48142234590083216 -0.5173123031808666 0.7075454090339689 0.3961596688150106 0.5916604419334692 0.7021363387943066 0.0 0.0 0.0 0.0 0.0 0.0
1.6640430297495434 9.869824223265018 4.113476485828902 0.06848331247644358 -0.781613240070753 0.6199925635508485 0.3961596688150106 0.5916604419334692 0.7021363387943066 0.0 0.0 0.0 0.0 0.0 0.0
1.5041187315618312 10.080843285846978 4.581002181587497 0.592371015463993 -0.7489662391812664 0.2968941774518785 0.3961596688150106 0.5916604419334692 0.7021363387943066 0.0 0.0 0.0 0.0 0.0 0.0
1.4792254249881167 10.12113547064131 5.116204914438037 0.891207065761546 -0.43177444197907 -0.13899927046699878 0.3961596688150106 0.5916604419334692 0.7021363387943066 0.0 0.0 0.0 0.0 0.0 0.0
1.657482797096617 10.063004657800713 5.6197227592120065 0.8514586515887411 0.04945568461467827 -0.5220845715915917 0.3961596688150106 0.5916604419334692 0.7021363387943066 0.0 0.0 0.0 0.0 0.0 0.0
2.0298301956259555 10.016147269824156 6.004231409464258 0.4882268600478726 0.5118967697683577 -0.7068212151799885 0.3961596688150106 0.5916604419334692 0.7021363387943066 0.0 0.0 0.0 0.0 0.0 0.0
2.5134689222652864 10.085976766623151 6.22762014147607 -0.06049047834298366 0.7798597136294505 -0.623024661700986 0.3961596688150106 0.5916604419334692 0.7021363387943066 0.0 0.0 0.0 0.0 0.0 0.0
2.983318842462999 10.3335753096823 6.308990382249643 -0.5862264726644754 0.7515409137236198 -0.30253062282491916 0.3961596688150106 0.5916604419334692 0.7021363387943066 0.0 0.0 0.0 0.0 0.0 0.0
3.319538419771202 10.752487627672018 6.321398758031136 -0.8892452288367847 0.4376991556001761 0.13289985770461418 0.3961596688150106 0.5916604419334692 0.7021363387943066 0.0 0.0 0.0 0.0 0.0 0.0
3.4530545191859185 11.271173481953019 6.364101660558096 -0.8544248551866174 -0.04243182967540705 0.517839460325036 0.3961596688150106 0.5916604419334692 0.7021363387943066 0.0 0.0 0.0 0.0 0.0 0.0
3.3918044459763297 11.78018699932439 6.52484608435999 -0.49499419382927373 -0.5064422534349428 0.7060431941539015 0.3961596688150106 0.5916604419334692 0.7021363387943066 0.0 0.0 0.0 0.0 0.0 0.0
3.217720430708343 12.173756989090041 6.846533076484947 0.052493037625398906 -0.7780467978516062 0.6260093141109959 0.3961596688150106 0.5916604419334692 0.7021363387943066 0.0 0.0 0.0 0.0 0.0 0.0
3.0556022050187623 12.38997118680414 7.310918911458916 0.5800372864493957 -0.7540583555156847 0.3081440293197358 0.3961596688150106 0.5916604419334692 0.7021363387943066 0.0 0.0 0.0 0.0 0.0 0.0
3.0257034970262207 12.434297758651956 7.8455461876120856 0.8872156724449942 -0.4435905367359627 -0.1267903241035235 0.3961596688150106 0.5916604419334692 0.7021363387943066 0.0 0.0 0.0 0.0 0.0 0.0
3.1980456294837962 12.377507853693215 8.351271605396391 0.8573259910237304 0.035404743388023886 -0.5135549135786805 0.3961596688150106 0.5916604419334692 0.7021363387943066 0.0 0.0 0.0 0.0 0.0 0.0
0.4700825533647094 10.948011629296417 8.983658505355638 0.9353735389533024 0.08833893958458756 -0.34245083498079765 0.2632712711780591 0.4726238168419199 0.8410201932926844 0.0 0.0 0.0 0.0 0.0 0.0
0.7623865585444529 10.833803528239033 9.419777732548278 0.6192224675339749 0.585704455105047 -0.5229854940351936 0.2632712711780591 0.4726238168419199 0.8410201932926844 0.0 0.0 0.0 0.0 0.0 0.0
1.1958423446824284 10.853106776152062 9.736682399919836 0.067818427850927 0.8605510556748189 -0.504829220054449 0.2632712711780591 0.4726238168419199 0.8410201932926844 0.0 0.0 0.0 0.0 0.0 0.0
1.644757343582933 11.068572664283444 9.938511230695505 -0.5093509664363354 0.8084599225473368 -0.2948798850805618 0.2632712711780591 0.4726238168419199 0.8410201932926844 0.0 0.0 0.0 0.0 0.0 0.0
1.9775657736575236 11.468327017197717 10.073122182388655 -0.8930094126804083 0.4492213481150328 0.027099248364196717 0.2632712711780591 0.4726238168419199 0.8410201932926844 0.0 0.0 0.0 0.0 0.0 0.0
2.106812680013034 11.970481390549583 10.2139104085991 -0.9373986527260143 -0.08068392704659047 0.3387829242801256 0.2632712711780591 0.4726238168419199 0.8410201932926844 0.0 0.0 0.0 0.0 0.0 0.0
2.022379533984359 12.454243860192456 10.431924213059022 -0.6256544721313111 -0.5799360293598909 0.5217573031135968 0.2632712711780591 0.4726238168419199 0.8410201932926844 0.0 0.0 0.0 0.0 0.0 0.0
1.7953284313471056 12.805809893695027 10.768872611180804 -0.07621369718897744 -0.8588607381060243 0.5065073591772992 0.2632712711780591 0.4726238168419199 0.8410201932926844 0.0 0.0 0.0 0.0 0.0 0.0
1.5509044140375576 12.96159859492224 11.221279377764327 0.5021819355405142 -0.8114898930598913 0.298826801138098 0.2632712711780591 0.4726238168419199 0.8410201932926844 0.0 0.0 0.0 0.0 0.0 0.0
1.420952784735647 12.932408149492884 11.741803723069879 0.8897902549239435 -0.45582047025281175 -0.02238305477115006 0.2632712711780591 0.4726238168419199 0.8410201932926844 0.0 0.0 0.0 0.0 0.0 0.0
1.4938288720409392 12.799313413526988 12.257225850336065 0.9393523799620344 0.0730227701151676 -0.335089213948119 0.2632712711780591 0.4726238168419199 0.8410201932926844 0.0 0.0 0.0 0.0 0.0 0.0
1.780830363915342 12.68286422030651 12.696264380739178 0.6320388307182745 0.5741234392407849 -0.5204893783533032 0.2632712711780591 0.4726238168419199 0.8410201932926844 0.0 0.0 0.0 0.0 0.0 0.0
2.2119051271391057 12.697286483125788 13.016657340969434 0.08460316255891338 0.8571050149668077 -0.5081469258037258 0.2632712711780591 0.4726238168419199 0.8410201932926844 0.0 0.0 0.0 0.0 0.0 0.0
2.6622651839302156 12.907085861075597 13.221218193473867 -0.49497466154602526 0.814458065475278 -0.30275096037777327 0.2632712711780591 0.4726238168419199 0.8410201932926844 0.0 0.0 0.0 0.0 0.0 0.0
2.9997957510475093 13.302540980677456 13.356766955034113 -0.8865033361946033 0.46238487989699983 0.01766515662182235 0.2632712711780591 0.4726238168419199 0.8410201932926844 0.0 0.0 0.0 0.0 0.0 0.0
3.1352478547853764 13.803396748200797 13.496342489602139 -0.9412345718774697 -0.06535605221708171 0.3313699852751189 0.2632712711780591 0.4726238168419199 0.8410201932926844 0.0 0.0 0.0 0.0 0.0 0.0
3.0561455082477855 14.289354601564822 13.711453822740198 -0.6383750571012409 -0.5682671273989718 0.5191818163116908 0.2632712711780591 0.4726238168419199 0.8410201932926844 0.0 0.0 0.0 0.0 0.0 0.0
2.831525547357468 14.645775945357702 14.044912667242587 -0.0929861850704661 -0.8552840199622848 0.509747795074381 0.2632712711780591 0.4726238168419199 0.8410201932926844 0.0 0.0 0.0 0.0 0.0 0.0
2.5857093826545223 14.80723526988863 14.49456853767142 0.48772969331468724 -0.8173642137556765 0.30665206395966715 0.2632712711780591 0.4726238168419199 0.8410201932926844 0.0 0.0 0.0 0.0 0.0 0.0
2.451071216889097 14.782376396175549 15.014125755728678 0.8831489068039745 -0.46891407714238825 -0.012945913202425077 0.2632712711780591 0.4726238168419199 0.8410201932926844 0.0 0.0 0.0 0.0 0.0 0.0
6.380067992077713 4.8003694009866 4.355114885444298 -0.5191377151201038 0.20375239262942205 0.8300487908777796 0.854038627011517 0.1615906729195686 0.4944759630130509 0.0 0.0 0.0 0.0 0.0 0.0
6.642028816776253 5.226293002358918 4.551712734455054 -0.4009515335250353 -0.4011502062585076 0.8235996477553151 0.854038627011517 0.1615906729195686 0.4944759630130509 0.0 0.0 0.0 0.0 0.0 0.0
6.812592726791802 5.560774401592399 4.936050149086234 -0.1304371607916508 -0.8536491349150438 0.5042512285988108 0.854038627011517 0.1615906729195686 0.4944759630130509 0.0 0.0 0.0 0.0 0.0 0.0
6.953423481900684 5.700666453661887 5.4353316471428 0.18963247011951342 -0.9818324849649258 -0.00667066293333768 0.854038627011517 0.1615906729195686 0.4944759630130509 0.0 0.0 0.0 0.0 0.0 0.0
7.137480964540103 5.616749759890217 5.93309256737382 0.4376575551464487 -0.7370012586128778 -0.5150582580895744 0.854038627011517 0.1615906729195686 0.4944759630130509 0.0 0.0 0.0 0.0 0.0 0.0
7.421302500646069 5.364833606027965 6.3134459414669895 0.5194092177291378 -0.21217093210985805 -0.8277666096827283 0.854038627011517 0.1615906729195686 0.4944759630130509 0.0 0.0 0.0 0.0 0.0 0.0
7.823523384276627 5.064553081515302 6.505109890837268 0.4038286344375081 0.39326667881051164 -0.82599258673773 0.854038627011517 0.1615906729195686 0.4944759630130509 0.0 0.0 0.0 0.0 0.0 0.0
8.317797017833701 4.853917708811649 6.508488804070787 0.1348268012683515 0.8492957033825316 -0.5104101702314663 0.854038627011517 0.1615906729195686 0.4944759630130509 0.0 0.0 0.0 0.0 0.0 0.0
8.842804424982228 4.836879318417172 6.395519702939964 -0.18539798788655865 0.9826630907725925 -0.0009143964512999291 0.854038627011517 0.1615906729195686 0.4944759630130509 0.0 0.0 0.0 0.0 0.0 0.0
9.325550354958457 5.043839010483846 6.282342165109297 -0.43518698175430715 0.7427003407274022 0.5089287718286085 0.854038627011517 0.1615906729195686 0.4944759630130509 0.0 0.0 0.0 0.0 0.0 0.0
9.709095398750614 5.42009726858843 6.285174956830427 -0.5196411653152688 0.2205733139523606 0.8254213908555204 0.854038627011517 0.1615906729195686 0.4944759630130509 0.0 0.0 0.0 0.0 0.0 0.0
9.974188222558624 5.846635220548804 6.476162580568994 -0.40667498223598375 -0.3853532025823307 0.8283226231867039 0.854038627011517 0.1615906729195686 0.4944759630130509 0.0 0.0 0.0 0.0 0.0 0.0
10.146579471369893 6.18533189785538 6.855966372326179 -0.13920617416213377 -0.8448775946940252 0.5165302421535247 0.854038627011517 0.1615906729195686 0.4944759630130509 0.0 0.0 0.0 0.0 0.0 0.0
10.287238668400777 6.331438700867341 7.353513249034908 0.18114938687902757 -0.9834188629813623 0.00849938620110679 0.854038627011517 0.1615906729195686 0.4944759630130509 0.0 0.0 0.0 0.0 0.0 0.0
10.469190873870609 6.253375143119383 7.852997561095611 0.4326832671886089 -0.7483428633354993 -0.502760528671271 0.854038627011517 0.1615906729195686 0.4944759630130509 0.0 0.0 0.0 0.0 0.0 0.0
10.749773243710482 6.004726806127455 8.237877594826317 0.519833540214787 -0.22895889828302154 -0.8230133129936508 0.854038627011517 0.1615906729195686 0.4944759630130509 0.0 0.0 0.0 0.0 0.0 0.0
11.148851685398903 5.703887281067711 8.435151717963969 0.40949036016005447 0.3774103802158173 -0.8305895796609415 0.854038627011517 0.1615906729195686 0.4944759630130509 0.0 0.0 0.0 0.0 0.0 0.0
11.64127346757044 5.489078464053398 8.443092920283371 0.14357494596679352 0.8403951453056059 -0.5226109782978158 0.854038627011517 0.1615906729195686 0.4944759630130509 0.0 0.0 0.0 0.0 0.0 0.0
12.166423163192698 5.465837746854567 8.331904933655808 -0.17688699064433872 0.9840997440362549 -0.016083728689748583 0.854038627011517 0.1615906729195686 0.4944759630130509 0.0 0.0 0.0 0.0 0.0 0.0
12.651251463731825 5.666922597273544 8.217050660567342 -0.4301466021169143 0.7539283967372257 0.4965539983531575 0.854038627011517 0.1615906729195686 0.4944759630130509 0.0 0.0 0.0 0.0 0.0 0.0
2.753044140147928 12.447424167079832 3.396912753610468 -0.7297653940230833 0.4112348695371761 -0.5461944267045169 0.3434094607355648 0.9112708797902757 0.22727808060516042 0.0 0.0 0.0 0.0 0.0 0.0
3.0117138760606217 12.841836594422023 3.1395921228805186 -0.9378012007191481 0.3458467238071421 0.030314213854073024 0.3434094607355648 0.9112708797902757 0.22727808060516042 0.0 0.0 0.0 0.0 0.0 0.0
3.0566117987614287 13.315084793338134 2.8891816181524432 -0.7895506520620686 0.14906562545390664 0.5953059777428727 0.3434094607355648 0.9112708797902757 0.22727808060516042 0.0 0.0 0.0 0.0 0.0 0.0
2.9215316254814403 13.822312506266819 2.7744711297821847 -0.34133661010366406 -0.10434799625362011 0.9341310477019772 0.3434094607355648 0.9112708797902757 0.22727808060516042 0.0 0.0 0.0 0.0 0.0 0.0
2.70864376118815 14.305754090166177 2.8726958431280676 0.23655691687691038 -0.31811806957893535 0.9180641148008466 0.3434094607355648 0.9112708797902757 0.22727808060516042 0.0 0.0 0.0 0.0 0.0 0.0
2.549679053540226 14.716680650095418 3.180193300329732 0.7245785161152085 -0.41102976962072146 0.5532092754734134 0.3434094607355648 0.9112708797902757 0.22727808060516042 0.0 0.0 0.0 0.0 0.0 0.0
2.555882041439659 15.033912961106545 3.613794829282315 0.9373206227745777 -0.3477843881323186 -0.02181901677221856 0.3434094607355648 0.9112708797902757 0.22727808060516042 0.0 0.0 0.0 0.0 0.0 0.0
2.7757472947933923 15.271867809899858 4.042422712675135 0.7939589536767794 -0.15240990294756038 -0.588557899751578 0.3434094607355648 0.9112708797902757 0.22727808060516042 0.0 0.0 0.0 0.0 0.0 0.0
3.176595516619702 15.475080816520691 4.336888804300583 0.3489590037913544 0.10086765252466556 -0.9316937964519826 0.3434094607355648 0.9112708797902757 0.22727808060516042 0.0 0.0 0.0 0.0 0.0 0.0
3.6569889543402616 15.701286607708328 4.4189752657090136 -0.2286163059178205 0.3158239003855533 -0.9208636427906931 0.3434094607355648 0.9112708797902757 0.22727808060516042 0.0 0.0 0.0 0.0 0.0 0.0
4.085269297933432 15.999484466926267 4.29115083076829 -0.719336458748013 0.41079336819594064 -0.5601819952141465 0.3434094607355648 0.9112708797902757 0.22727808060516042 0.0 0.0 0.0 0.0 0.0 0.0
4.3495768731210385 16.3913226873501 4.03563289239235 -0.9367686642355997 0.34969556732983365 0.013322158087760466 0.3434094607355648 0.9112708797902757 0.22727808060516042 0.0 0.0 0.0 0.0 0.0 0.0
4.400348001820672 16.86287402334996 3.783151740371697 -0.7983067922432315 0.15574257383702256 0.5817650007975217 0.3434094607355648 0.9112708797902757 0.22727808060516042 0.0 0.0 0.0 0.0 0.0 0.0
4.269145072109702 17.369926883956413 3.6632839385881018 -0.3565548228998575 -0.09737962733344936 0.929185593112188 0.3434094607355648 0.9112708797902757 0.22727808060516042 0.0 0.0 0.0 0.0 0.0 0.0
4.056665459299696 17.854782055448155 3.755224021991296 0.22065828494190962 -0.313505679979398 0.9235930434488715 0.3434094607355648 0.9112708797902757 0.22727808060516042 0.0 0.0 0.0 0.0 0.0 0.0
3.8944849094852216 18.268173597324118 4.057697168709557 0.7140396211244581 -0.4105256832657235 0.5671120549271104 0.3434094607355648 0.9112708797902757 0.22727808060516042 0.0 0.0 0.0 0.0 0.0 0.0
3.8950697137733563 18.587985796782455 4.489443526192659 0.9361453671359916 -0.35158011585599813 -0.004824284869385865 0.3434094607355648 0.9112708797902757 0.22727808060516042 0.0 0.0 0.0 0.0 0.0 0.0
4.109048883955996 18.82765529776893 4.920090187787989 0.8025938366566828 -0.15906338432650827 -0.5749277981862607 0.3434094607355648 0.9112708797902757 0.22727808060516042 0.0 0.0 0.0 0.0 0.0 0.0
4.5059793444581775 19.031066295293247 5.219682039696631 0.36412348897813757 0.0938841863065881 -0.9266066286919905 0.3434094607355648 0.9112708797902757 0.22727808060516042 0.0 0.0 0.0 0.0 0.0 0.0
4.985911765730088 19.255878196040214 5.308053881439214 -0.21268345998328841 0.31116358490192264 -0.9262521089209564 0.3434094607355648 0.9112708797902757 0.22727808060516042 0.0 0.0 0.0 0.0 0.0 0.0
8.134123447823676 7.365590698698929 6.295897882428997 0.86297164707192 0.44719546460894893 -0.2351513401687597 0.1485366703864351 0.22029812664755857 0.9640568411385751 0.0 0.0 0.0 0.0 0.0 0.0
8.460279140637684 7.197434339234959 6.688365721793189 0.4158689536175156 0.8705627750855853 -0.26300849425894446 0.1485366703864351 0.22029812664755857 0.9640568411385751 0.0 0.0 0.0 0.0 0.0 0.0
8.88123217451414 7.227722791744044 7.02088076661548 -0.18922930827430204 0.9631887322737951 -0.19094432411262854 0.1485366703864351 0.22029812664755857 0.9640568411385751 0.0 0.0 0.0 0.0 0.0 0.0
9.259050381615362 7.477570146081717 7.309870046748227 -0.7224361922073932 0.6898831864143579 -0.04633721281707038 0.1485366703864351 0.22029812664755857 0.9640568411385751 0.0 0.0 0.0 0.0 0.0 0.0
9.47218923597142 7.884676394469749 7.588296757761319 -0.9811774882318804 0.15447948380432358 0.11587418034457712 0.1485366703864351 0.22029812664755857 0.9640568411385751 0.0 0.0 0.0 0.0 0.0 0.0
9.461668651012229 8.326996246051682 7.8931369918299445 -0.8671530520642831 -0.43961355746220976 0.23406303508033685 0.1485366703864351 0.22029812664755857 0.9640568411385751 0.0 0.0 0.0 0.0 0.0 0.0
9.253480500549973 8.669106173377642 8.251331902109937 -0.4236826733915808 -0.8666900583021249 0.2633274294638187 0.1485366703864351 0.22029812664755857 0.9640568411385751 0.0 0.0 0.0 0.0 0.0 0.0
8.948713871356913 8.813654074643193 8.669552308221816 0.1807518364991301 -0.9644965157080219 0.19254933079415576 0.1485366703864351 0.22029812664755857 0.9640568411385751 0.0 0.0 0.0 0.0 0.0 0.0
8.685149628981193 8.738344964805174 9.131664340346797 0.716515701694272 -0.6958746212746361 0.048618522102657505 0.1485366703864351 0.22029812664755857 0.9640568411385751 0.0 0.0 0.0 0.0 0.0 0.0
8.584915163351884 8.504411213151874 9.604858966114861 0.9800632723120674 -0.16287832381578454 -0.11378327599398208 0.1485366703864351 0.22029812664755857 0.9640568411385751 0.0 0.0 0.0 0.0 0.0 0.0
8.708086151483842 8.233349342459794 10.052116690539902 0.8712684199944118 0.43199817204103663 -0.2329569051855816 0.1485366703864351 0.22029812664755857 0.9640568411385751 0.0 0.0 0.0 0.0 0.0 0.0
9.029862803368028 8.06076146867731 10.446271881097891 0.43146412808971285 0.8627513397151976 -0.26362631126542657 0.1485366703864351 0.22029812664755857 0.9640568411385751 0.0 0.0 0.0 0.0 0.0 0.0
9.449991716826302 8.084837789929415 10.78033344570791 -0.17226059977179975 0.9657308489983771 -0.19413967409865882 0.1485366703864351 0.22029812664755857 0.9640568411385751 0.0 0.0 0.0 0.0 0.0 0.0
9.830853821146407 8.329052488597464 11.070140865498528 -0.7105406457363636 0.7018130625883158 -0.050896128899553125 0.1485366703864351 0.22029812664755857 0.9640568411385751 0.0 0.0 0.0 0.0 0.0 0.0
10.049748162913714 8.733245496965099 11.348346511105044 -0.9788744207795985 0.17126476001227775 0.11168370660638934 0.1485366703864351 0.22029812664755857 0.9640568411385751 0.0 0.0 0.0 0.0 0.0 0.0
10.045508049663985 9.176478312766385 11.652010461146618 -0.8753174374611051 -0.42434988828651377 0.23183303472056624 0.1485366703864351 0.22029812664755857 0.9640568411385751 0.0 0.0 0.0 0.0 0.0 0.0
9.841739299003093 9.522980558180572 12.008520758747384 -0.4392127251240096 -0.8587469192734736 0.26390511690275986 0.1485366703864351 0.22029812664755857 0.9640568411385751 0.0 0.0 0.0 0.0 0.0 0.0
9.537851993830337 9.673731416325863 12.42518823604992 0.1637562447328627 -0.9668916381456023 0.195715232915336 0.1485366703864351 0.22029812664755857 0.9640568411385751 0.0 0.0 0.0 0.0 0.0 0.0
9.271292929797033 9.604079295132573 12.886469006853694 0.7045114793573123 -0.7076980581200998 0.053169859759179684 0.1485366703864351 0.22029812664755857 0.9640568411385751 0.0 0.0 0.0 0.0 0.0 0.0
9.165327279650715 9.373107379323056 13.359869848862568 0.9776110241701208 -0.17963815373421757 -0.10957563207213844 0.1485366703864351 0.22029812664755857 0.9640568411385751 0.0 0.0 0.0 0.0 0.0 0.0
6.493161483666949 11.51025673089746 10.516082448044097 0.08565827036319788 0.9922243226983544 -0.09029703297549235 0.7095126684513959 0.002877877002249697 0.7046868035737148 0.0 0.0 0.0 0.0 0.0 0.0
7.025555025742162 11.580690117853862 10.532856132100305 -0.340761494084253 0.8767048270328687 0.33951472782006836 0.7095126684513959 0.002877877002249697 0.7046868035737148 0.0 0.0 0.0 0.0 0.0 0.0
7.480271974518795 11.850968397717965 10.627022209045943 -0.6377202697007351 0.42811050985455124 0.6403391671332445 0.7095126684513959 0.002877877002249697 0.7046868035737148 0.0 0.0 0.0 0.0 0.0 0.0
7.789620567751247 12.218834481773929 10.867153619287906 -0.6923984527435848 -0.18313014764353489 0.6978880509525478 0.7095126684513959 0.002877877002249697 0.7046868035737148 0.0 0.0 0.0 0.0 0.0 0.0
7.941136911894451 12.544956042912348 11.26636863270358 -0.4840228873043537 -0.7247966002790508 0.49029759614899776 0.7095126684513959 0.002877877002249697 0.7046868035737148 0.0 0.0 0.0 0.0 0.0 0.0
7.982320223646825 12.705860196211402 11.777346998588655 -0.09175893454707387 -0.9911007065156213 0.09643488722978133 0.7095126684513959 0.002877877002249697 0.7046868035737148 0.0 0.0 0.0 0.0 0.0 0.0
8.002587083381997 12.640842912275192 12.310307700052086 0.3353657715722133 -0.8808690840267519 -0.33406504765336276 0.7095126684513959 0.002877877002249697 0.7046868035737148 0.0 0.0 0.0 0.0 0.0 0.0
8.099300581299351 12.375031492918499 12.767118263391561 0.6350794140545254 -0.43598056917041034 -0.6376480856632473 0.7095126684513959 0.002877877002249697 0.7046868035737148 0.0 0.0 0.0 0.0 0.0 0.0
8.340780451633238 12.009838289101262 13.078576925540474 0.693515769175952 0.1745442531201697 -0.6989779550221936 0.7095126684513959 0.002877877002249697 0.7046868035737148 0.0 0.0 0.0 0.0 0.0 0.0
8.74034726337229 11.68443245327481 13.230703540848705 0.488473888622107 0.7187567954261073 -0.49475441298000383 0.7095126684513959 0.002877877002249697 0.7046868035737148 0.0 0.0 0.0 0.0 0.0 0.0
9.2512617133926 11.522867251581456 13.270050872150673 0.09785261093282527 0.9899016141768849 -0.10256539759404466 0.7095126684513959 0.002877877002249697 0.7046868035737148 0.0 0.0 0.0 0.0 0.0 0.0
9.784481669153987 11.586950153987019 13.286018417843856 -0.32994450965824684 0.8849662594294633 0.3285899271398933 0.7095126684513959 0.002877877002249697 0.7046868035737148 0.0 0.0 0.0 0.0 0.0 0.0
10.242490763557056 11.852761143075034 13.376888047767673 -0.6323901946521252 0.44381742687795983 0.6349084448227722 0.7095126684513959 0.002877877002249697 0.7046868035737148 0.0 0.0 0.0 0.0 0.0 0.0
10.556346493190988 12.219740328584612 13.612485077666264 -0.6945802716974407 -0.16594506637615378 0.7000146292143617 0.7095126684513959 0.002877877002249697 0.7046868035737148 0.0 0.0 0.0 0.0 0.0 0.0
10.711872628036488 12.54889233099228 14.00765046432026 -0.4928876907620379 -0.712662254460412 0.4991735523469424 0.7095126684513959 0.002877877002249697 0.7046868035737148 0.0 0.0 0.0 0.0 0.0 0.0
10.75504499826405 12.715592950071745 14.51660247793826 -0.1039388354634021 -0.988627136997669 0.10868809720618355 0.7095126684513959 0.002877877002249697 0.7046868035737148 0.0 0.0 0.0 0.0 0.0 0.0
10.774524507677288 12.656935982165393 15.050329946734285 0.3244981211924381 -0.8889960412252331 -0.3230897832312841 0.7095126684513959 0.002877877002249697 0.7046868035737148 0.0 0.0 0.0 0.0 0.0 0.0
10.867973374026692 12.395632338689452 15.510409089276704 0.6296528162880046 -0.45162048617014366 -0.6321204532460756 0.7095126684513959 0.002877877002249697 0.7046868035737148 0.0 0.0 0.0 0.0 0.0 0.0
11.104951619660998 12.031381791180767 15.826396354611983 0.6955918792420633 0.15733324227285084 -0.7009979945822982 0.7095126684513959 0.002877877002249697 0.7046868035737148 0.0 0.0 0.0 0.0 0.0 0.0
11.500490056055364 11.702995361198674 15.982591105025293 0.49726395759602543 0.7065134415048554 -0.5035546777152404 0.7095126684513959 0.002877877002249697 0.7046868035737148 0.0 0.0 0.0 0.0 0.0 0.0
