t = 0
b =  100.0 100.0 100.0
E = 0. 0. 0.
79.30189733630614 22.686415772871054 54.055354431864075 -0.2168951943256761 -0.14062527410083234 0.9660129434756518 0.8525957680047745 0.45465859721487 0.2576160250429996 0.0 0.0 0.0 0.0 0.0 0.0
79.44221825710015 23.15702369896316 54.27335287498963 0.10308687236690775 -0.6296234293209961 0.7700308006798672 0.8525957680047745 0.45465859721487 0.2576160250429996 0.0 0.0 0.0 0.0 0.0 0.0
79.60603783369382 23.484108944530423 54.66687986335921 0.38390451272670867 -0.8794171169997425 0.28150108247736694 0.8525957680047745 0.45465859721487 0.2576160250429996 0.0 0.0 0.0 0.0 0.0 0.0
79.85736845604312 23.61073103060669 55.124575032336956 0.5188704101604662 -0.7951055388601718 -0.3139756034053998 0.8525957680047745 0.45465859721487 0.2576160250429996 0.0 0.0 0.0 0.0 0.0 0.0
80.22697560471478 23.55610878408175 55.51069945263918 0.4567087637236254 -0.40872007305192193 -0.7901677081623044 0.8525957680047745 0.45465859721487 0.2576160250429996 0.0 0.0 0.0 0.0 0.0 0.0
80.7006895304476 23.408318784044233 55.71670511900315 0.22103582218484763 0.13294498194396281 -0.9661618896887763 0.8525957680047745 0.45465859721487 0.2576160250429996 0.0 0.0 0.0 0.0 0.0 0.0
81.22478857880236 23.29083359682396 55.70247415221223 -0.09861232372382694 0.6241020155777706 -0.7750950159571086 0.8525957680047745 0.45465859721487 0.2576160250429996 0.0 0.0 0.0 0.0 0.0 0.0
81.72640894486143 23.315612483692036 55.51156025214549 -0.38079599913968903 0.8781522590643271 -0.28955658676573726 0.8525957680047745 0.45465859721487 0.2576160250429996 0.0 0.0 0.0 0.0 0.0 0.0
82.14122685093486 23.540566205644925 55.254641919014595 -0.5183089079127924 0.7985777774095277 0.3059892308659021 0.8525957680047745 0.45465859721487 0.2576160250429996 0.0 0.0 0.0 0.0 0.0 0.0
82.43789622514093 23.947555757085606 55.06747384068754 -0.45890759690700567 0.41561024660841595 0.7852846238244626 0.8525957680047745 0.45465859721487 0.2576160250429996 0.0 0.0 0.0 0.0 0.0 0.0
82.62995759819252 24.449283677317865 55.05931141707029 -0.22515961731038567 -0.1252545655120016 0.9662372589333528 0.8525957680047745 0.45465859721487 0.2576160250429996 0.0 0.0 0.0 0.0 0.0 0.0
82.77069382939355 24.922459815400526 55.271402807029595 0.09413026537050068 -0.6185330740497502 0.7801002047479823 0.8525957680047745 0.45465859721487 0.2576160250429996 0.0 0.0 0.0 0.0 0.0 0.0
82.93288705754759 25.254641319791375 55.66131806320709 0.37765848646302247 -0.8768205264344797 0.29759004019896096 0.8525957680047745 0.45465859721487 0.2576160250429996 0.0 0.0 0.0 0.0 0.0 0.0
83.18116754957391 25.386951557592287 56.119068978411626 0.5177079344350656 -0.8019892011693146 -0.2979795560617887 0.8525957680047745 0.45465859721487 0.2576160250429996 0.0 0.0 0.0 0.0 0.0 0.0
83.54745958154442 25.336448331752027 56.508895444435936 0.4610714825001477 -0.4224687698355305 -0.7803417370221637 0.8525957680047745 0.45465859721487 0.2576160250429996 0.0 0.0 0.0 0.0 0.0 0.0
84.01885287245847 25.18964333653476 56.720842986952555 0.22926626565932384 0.11755461045993348 -0.9662390454697221 0.8525957680047745 0.45465859721487 0.2576160250429996 0.0 0.0 0.0 0.0 0.0 0.0
84.54250741584345 25.069634918470697 56.71253630865159 -0.089641038633027 0.6129170288333925 -0.7850459858879838 0.8525957680047745 0.45465859721487 0.2576160250429996 0.0 0.0 0.0 0.0 0.0 0.0
85.04572828165145 25.089340956414667 56.52527837316596 -0.3744922136304482 0.8754220205267954 -0.30560083099845714 0.8525957680047745 0.45465859721487 0.2576160250429996 0.0 0.0 0.0 0.0 0.0 0.0
85.46358363557898 25.30859947148291 56.26835871863849 -0.5170675354937445 0.8053395503464047 0.28994718896080635 0.8525957680047745 0.45465859721487 0.2576160250429996 0.0 0.0 0.0 0.0 0.0 0.0
85.76357342852116 25.711435162392664 56.07753253495783 -0.46320025571478723 0.4292951204301674 0.7753394241753746 0.8525957680047745 0.45465859721487 0.2576160250429996 0.0 0.0 0.0 0.0 0.0 0.0
66.9221577486872 57.10073041173809 90.08268146187632 0.1376978853582343 -0.2720864238346521 0.952369818050079 0.604799662773954 0.7845577037342123 0.13669885668801826 0.0 0.0 0.0 0.0 0.0 0.0
66.89761601252633 57.57153618961561 90.34041140740402 0.5714815178673807 -0.5471103025939701 0.6116201366301873 0.604799662773954 0.7845577037342123 0.13669885668801826 0.0 0.0 0.0 0.0 0.0 0.0
67.00334350634503 57.91762815680198 90.73756018232123 0.7881497670772588 -0.6142778302013785 0.038505739561118746 0.604799662773954 0.7845577037342123 0.13669885668801826 0.0 0.0 0.0 0.0 0.0 0.0
67.28872976436816 58.12369547326566 91.14348634178299 0.705386742613089 -0.4480709399376476 -0.5492376317488528 0.604799662773954 0.7845577037342123 0.13669885668801826 0.0 0.0 0.0 0.0 0.0 0.0
67.73490895256496 58.227625004871996 91.4242137658058 0.35463550119278736 -0.11163440824498505 -0.9283164439939282 0.604799662773954 0.7845577037342123 0.13669885668801826 0.0 0.0 0.0 0.0 0.0 0.0
68.26192731441729 58.306107469606296 91.49333142721068 -0.13084769632004378 0.26721390156772085 -0.9547123185424462 0.604799662773954 0.7845577037342123 0.13669885668801826 0.0 0.0 0.0 0.0 0.0 0.0
68.75911893977634 58.44550135161085 91.34482238556373 -0.5666196663440705 0.5445431825966611 -0.6183970213379368 0.604799662773954 0.7845577037342123 0.13669885668801826 0.0 0.0 0.0 0.0 0.0 0.0
69.12714959436353 58.7090238692224 91.05534972344492 -0.787123351748357 0.6149914042806273 -0.04714235668030653 0.604799662773954 0.7845577037342123 0.13669885668801826 0.0 0.0 0.0 0.0 0.0 0.0
69.31575545615283 59.11273369679044 90.7551309596375 -0.7085857158227945 0.4517941093704251 0.5420224774583442 0.604799662773954 0.7845577037342123 0.13669885668801826 0.0 0.0 0.0 0.0 0.0 0.0
69.34283918172463 59.6194300058052 90.57846623662147 -0.3608445195347532 0.11695267871570583 0.9252639102780098 0.604799662773954 0.7845577037342123 0.13669885668801826 0.0 0.0 0.0 0.0 0.0 0.0
69.28766838771449 60.152785681613125 90.61271545106678 0.12398754272318141 -0.26232102992762407 0.9569821139954375 0.604799662773954 0.7845577037342123 0.13669885668801826 0.0 0.0 0.0 0.0 0.0 0.0
69.26076055796938 60.626345270395106 90.86510876850883 0.5617146645394113 -0.5419345935277124 0.6251268127182902 0.604799662773954 0.7845577037342123 0.13669885668801826 0.0 0.0 0.0 0.0 0.0 0.0
69.36189560368041 60.97637085153044 91.25999976257967 0.786036993928748 -0.6156581443834036 0.055775383726513916 0.604799662773954 0.7845577037342123 0.13669885668801826 0.0 0.0 0.0 0.0 0.0 0.0
69.64220780689018 61.18605713928187 91.66760475712593 0.7117307274868393 -0.4554828729325815 -0.5347660460576518 0.604799662773954 0.7845577037342123 0.13669885668801826 0.0 0.0 0.0 0.0 0.0 0.0
70.08475905182522 61.29191609181653 91.95330981464691 0.36702605816949024 -0.12226204278714126 -0.9221409141330186 0.604799662773954 0.7845577037342123 0.13669885668801826 0.0 0.0 0.0 0.0 0.0 0.0
70.61097389826848 61.36990540785089 92.02881282177607 -0.11711794699490308 0.25740818152548145 -0.9591790315553409 0.604799662773954 0.7845577037342123 0.13669885668801826 0.0 0.0 0.0 0.0 0.0 0.0
71.11049170500912 61.50657092696333 91.88567093848158 -0.5567668859882803 0.5392847340412817 -0.6318089982715781 0.604799662773954 0.7845577037342123 0.13669885668801826 0.0 0.0 0.0 0.0 0.0 0.0
71.48309448257005 61.76616641816911 91.59850817415119 -0.784890776348785 0.616277999734868 -0.0644041632613076 0.604799662773954 0.7845577037342123 0.13669885668801826 0.0 0.0 0.0 0.0 0.0 0.0
71.67678138296566 62.16624249880565 91.2966644787789 -0.714821538100408 0.4591369497104909 0.5274688901521211 0.604799662773954 0.7845577037342123 0.13669885668801826 0.0 0.0 0.0 0.0 0.0 0.0
71.70752469125938 62.67097886157548 91.11505733351362 -0.37317964634889833 0.1275620961306621 0.9189476933872026 0.604799662773954 0.7845577037342123 0.13669885668801826 0.0 0.0 0.0 0.0 0.0 0.0
73.23725759943973 25.083819105611546 94.89379269515504 -0.13725797712491739 0.9820471371024687 -0.129397326960106 0.6512947748174235 0.18790074044332825 0.7351927829055251 0.0 0.0 0.0 0.0 0.0 0.0
73.73803269588856 25.274837350515256 94.93149461830147 -0.5487989529324664 0.7857446107234387 0.2853508646899463 0.6512947748174235 0.18790074044332825 0.7351927829055251 0.0 0.0 0.0 0.0 0.0 0.0
74.11370905374845 25.644966104156865 95.03424228003256 -0.751842031091783 0.29092456978124676 0.5916894920322469 0.6512947748174235 0.18790074044332825 0.7351927829055251 0.0 0.0 0.0 0.0 0.0 0.0
74.31800299696422 26.08141112263406 95.27186558008992 -0.6692477515109079 -0.31442257922026146 0.6732353888307356 0.6512947748174235 0.18790074044332825 0.7351927829055251 0.0 0.0 0.0 0.0 0.0 0.0
74.36974189416517 26.44618350428468 95.66295290821463 -0.3323950619053295 -0.8003153335108043 0.499007905516978 0.6512947748174235 0.18790074044332825 0.7351927829055251 0.0 0.0 0.0 0.0 0.0 0.0
74.34571132654598 26.62852398047955 96.16778910410326 0.13074006906715763 -0.982154912041771 0.1351989759300517 0.6512947748174235 0.18790074044332825 0.7351927829055251 0.0 0.0 0.0 0.0 0.0 0.0
74.35148296178438 26.586982213570952 96.70344391080917 0.5442048619436435 -0.790857418733621 -0.27997430501903636 0.6512947748174235 0.18790074044332825 0.7351927829055251 0.0 0.0 0.0 0.0 0.0 0.0
74.48130611242628 26.36516447317766 97.1752785658766 0.7509171291476561 -0.2990999696176495 -0.5887806665706354 0.6512947748174235 0.18790074044332825 0.7351927829055251 0.0 0.0 0.0 0.0 0.0 0.0
74.78230084628501 26.075166885298835 97.51290064947324 0.6723434243235866 0.30629055864088384 -0.6738994090042572 0.6512947748174235 0.18790074044332825 0.7351927829055251 0.0 0.0 0.0 0.0 0.0 0.0
75.23655628487363 25.854988239899644 97.69690734158307 0.3383352116163879 0.795316182766691 -0.5029924989598864 0.6512947748174235 0.18790074044332825 0.7351927829055251 0.0 0.0 0.0 0.0 0.0 0.0
75.76793524559594 25.816101943386776 97.76625687772832 -0.12421220464695781 0.982187892081954 -0.1409903289745364 0.6512947748174235 0.18790074044332825 0.7351927829055251 0.0 0.0 0.0 0.0 0.0 0.0
76.27100003036063 26.001105407778578 97.80346766394757 -0.5395693276476091 0.795909999889438 0.2745764242208345 0.6512947748174235 0.18790074044332825 0.7351927829055251 0.0 0.0 0.0 0.0 0.0 0.0
76.65106996991047 26.367536581688523 97.9032681547075 -0.7499350419568511 0.3072525918333533 0.5858270031817076 0.6512947748174235 0.18790074044332825 0.7351927829055251 0.0 0.0 0.0 0.0 0.0 0.0
76.86019219304951 26.804005993574595 98.1366079292758 -0.67538789558142 -0.29813521284961375 0.6745121091286753 0.6512947748174235 0.18790074044332825 0.7351927829055251 0.0 0.0 0.0 0.0 0.0 0.0
76.91535972413966 27.17251547431076 98.52370276034351 -0.34424959579116376 -0.7902564656160687 0.5069387875765843 0.6512947748174235 0.18790074044332825 0.7351927829055251 0.0 0.0 0.0 0.0 0.0 0.0
76.89205554903738 27.360885968844286 99.02635430399016 0.117674880986467 -0.9821460747114602 0.14677094505960314 0.6512947748174235 0.18790074044332825 0.7351927829055251 0.0 0.0 0.0 0.0 0.0 0.0
76.8955753667586 27.325376234744066 99.56246228918131 0.5348927030582468 -0.8009019694172724 -0.26915763336486276 0.6512947748174235 0.18790074044332825 0.7351927829055251 0.0 0.0 0.0 0.0 0.0 0.0
77.02102399297239 27.107300871514763 100.03721578337787 0.7488958443091095 -0.3153818155746121 -0.5828287267983663 0.6512947748174235 0.18790074044332825 0.7351927829055251 0.0 0.0 0.0 0.0 0.0 0.0
77.31718345046048 26.817334213501724 100.37911345096201 0.6783809334361341 0.28995716290760787 -0.6750734425445037 0.6512947748174235 0.18790074044332825 0.7351927829055251 0.0 0.0 0.0 0.0 0.0 0.0
77.76797986307061 26.59346329989699 100.56712810607692 0.35013776402640345 0.7851365673759872 -0.510846470841915 0.6512947748174235 0.18790074044332825 0.7351927829055251 0.0 0.0 0.0 0.0 0.0 0.0
0.6044025057161675 15.217310250274608 82.21000917049417 -0.5628312576298388 0.8115202374034779 -0.1570219084058551 0.6573708615969988 0.5546295158623099 0.510146695037378 0.0 0.0 0.0 0.0 0.0 0.0
0.9727654038259367 15.59067930803396 82.09343548511697 -0.7497381813202548 0.5495284472079516 0.3686612878779296 0.6573708615969988 0.5546295158623099 0.510146695037378 0.0 0.0 0.0 0.0 0.0 0.0
1.1702254599132085 16.089313392625304 82.06089815191147 -0.6518070349731752 0.07876161229244229 0.7542838972088508 0.6573708615969988 0.5546295158623099 0.510146695037378 0.0 0.0 0.0 0.0 0.0 0.0
1.2191060818692077 16.605901189216944 82.20029985680833 -0.30624349840730763 -0.42192807595690013 0.8533414430358816 0.6573708615969988 0.5546295158623099 0.510146695037378 0.0 0.0 0.0 0.0 0.0 0.0
1.1981784887272955 17.026310467618224 82.53422077049562 0.15566706332174496 -0.762320233888974 0.6282003075454856 0.6573708615969988 0.5546295158623099 0.510146695037378 0.0 0.0 0.0 0.0 0.0 0.0
1.2127352075676465 17.272948824718075 83.01133996405427 0.5584371050803592 -0.8130941896519946 0.16439537226951595 0.6573708615969988 0.5546295158623099 0.510146695037378 0.0 0.0 0.0 0.0 0.0 0.0
1.3545876820823137 17.334242335702708 83.52593308789446 0.7490475540484459 -0.55496006855632 -0.3618661134756936 0.6573708615969988 0.5546295158623099 0.510146695037378 0.0 0.0 0.0 0.0 0.0 0.0
1.6671855701111393 17.26903268159808 83.95803881978173 0.655082313826269 -0.0859873389785512 -0.7506486126327068 0.6573708615969988 0.5546295158623099 0.510146695037378 0.0 0.0 0.0 0.0 0.0 0.0
2.1291094921888574 17.184222210867702 84.21903417680018 0.3122403501892714 0.41565341830881103 -0.8542471536750238 0.6573708615969988 0.5546295158623099 0.510146695037378 0.0 0.0 0.0 0.0 0.0 0.0
2.6622086119168764 17.194159949919367 84.28530386825949 -0.14922694286489463 0.759380492626095 -0.6333029187854298 0.6573708615969988 0.5546295158623099 0.510146695037378 0.0 0.0 0.0 0.0 0.0 0.0
3.1612914453234104 17.377198496159092 84.20721213945475 -0.554000425383252 0.8146062216299461 -0.17175631678909692 0.6573708615969988 0.5546295158623099 0.510146695037378 0.0 0.0 0.0 0.0 0.0 0.0
3.534089864332184 17.745926556250986 84.08996855283362 -0.7482998839053421 0.5603494275468515 0.35504338156789383 0.6573708615969988 0.5546295158623099 0.510146695037378 0.0 0.0 0.0 0.0 0.0 0.0
3.7363133012594454 18.242386285983606 84.05365711621235 -0.6583077056249121 0.09320651739588237 0.7469561632584556 0.6573708615969988 0.5546295158623099 0.510146695037378 0.0 0.0 0.0 0.0 0.0 0.0
3.788475475975827 18.760092444289363 84.18761436050885 -0.318213423659682 -0.4093471070436512 0.8550878100860605 0.6573708615969988 0.5546295158623099 0.510146695037378 0.0 0.0 0.0 0.0 0.0 0.0
3.768100890756384 19.184487916664395 84.51648889801984 0.14277545819858817 -0.7563829215986426 0.6383573015561756 0.6573708615969988 0.5546295158623099 0.510146695037378 0.0 0.0 0.0 0.0 0.0 0.0
3.780271975725746 19.43646587826139 84.99087700250651 0.5495215564088509 -0.8160562181902455 0.17910418140017192 0.6573708615969988 0.5546295158623099 0.510146695037378 0.0 0.0 0.0 0.0 0.0 0.0
3.9177065167692264 19.502423799244678 85.50609191077886 0.7474952278289169 -0.5656961137589954 -0.3481936117319824 0.6573708615969988 0.5546295158623099 0.510146695037378 0.0 0.0 0.0 0.0 0.0 0.0
4.225532618516279 19.439431273296947 85.94193607430098 0.6614829647430287 -0.10041859777605115 -0.7432068302804151 0.6573708615969988 0.5546295158623099 0.510146695037378 0.0 0.0 0.0 0.0 0.0 0.0
4.6841437828900965 19.35354832482649 86.20836621747566 0.32416226394586617 0.4030096224114371 -0.8558633482497532 0.6573708615969988 0.5546295158623099 0.510146695037378 0.0 0.0 0.0 0.0 0.0 0.0
5.216647745530154 19.359531432465438 86.27970228348701 -0.13631310062836366 0.7533277490832537 -0.6433630709469084 0.6573708615969988 0.5546295158623099 0.510146695037378 0.0 0.0 0.0 0.0 0.0 0.0
70.80713181095292 17.764782249529073 20.223248089438826 -0.12553998666729346 0.8451223846405412 0.5196228119771696 0.9799886499966297 0.024085328813138907 0.1975908469887872 0.0 0.0 0.0 0.0 0.0 0.0
71.22913383827392 18.05837691456845 20.06703809066877 -0.1922714085056505 0.37144388711651594 0.9083287643772084 0.9799886499966297 0.024085328813138907 0.1975908469887872 0.0 0.0 0.0 0.0 0.0 0.0
71.60730759197624 18.43664222536353 20.117881662319103 -0.18595570764618838 -0.24335235333368993 0.951945432743264 0.9799886499966297 0.024085328813138907 0.1975908469887872 0.0 0.0 0.0 0.0 0.0 0.0
71.94309273626949 18.75943535955911 20.385721225316267 -0.10899232443830409 -0.7656949661180503 0.6339021155312651 0.9799886499966297 0.024085328813138907 0.1975908469887872 0.0 0.0 0.0 0.0 0.0 0.0
72.25403307677759 18.90768830213545 20.798058795494544 0.00937906507817983 -0.9971372595370175 0.07502878635074883 0.9799886499966297 0.024085328813138907 0.1975908469887872 0.0 0.0 0.0 0.0 0.0 0.0
72.56711137546536 18.82864377502536 21.227499179882255 0.1241871909618574 -0.8497504368119317 -0.5123492331788296 0.9799886499966297 0.024085328813138907 0.1975908469887872 0.0 0.0 0.0 0.0 0.0 0.0
72.90849814824045 18.555898609106553 21.54014954044576 0.19181452670001675 -0.3795292160723203 -0.9050772130013985 0.9799886499966297 0.024085328813138907 0.1975908469887872 0.0 0.0 0.0 0.0 0.0 0.0
73.29360904841226 18.196639746442155 21.646487521827304 0.18656831677697355 0.23488149924327317 -0.9539512275206943 0.9799886499966297 0.024085328813138907 0.1975908469887872 0.0 0.0 0.0 0.0 0.0 0.0
73.72124820226377 17.890922128920824 21.535372290879387 0.11044168405444438 0.7600568059870982 -0.6404032214908895 0.9799886499966297 0.024085328813138907 0.1975908469887872 0.0 0.0 0.0 0.0 0.0 0.0
74.17406254147053 17.758459484239467 21.278277125442308 -0.007643590926856715 0.9964738246642892 -0.08355532464581072 0.9799886499966297 0.024085328813138907 0.1975908469887872 0.0 0.0 0.0 0.0 0.0 0.0
74.62513452388502 17.853143079244433 21.00213552112314 -0.12282493792101964 0.8543137771976165 0.5050366370027424 0.9799886499966297 0.024085328813138907 0.1975908469887872 0.0 0.0 0.0 0.0 0.0 0.0
75.04820855783572 18.142567526642615 20.84111703409975 -0.19134303747553497 0.38758564240891363 0.9017567364916695 0.9799886499966297 0.024085328813138907 0.1975908469887872 0.0 0.0 0.0 0.0 0.0 0.0
75.42766594037325 18.52034213342331 20.88565402353345 -0.1871667180081079 -0.2263927580173083 0.9558843752187763 0.9799886499966297 0.024085328813138907 0.1975908469887872 0.0 0.0 0.0 0.0 0.0 0.0
75.76445866365162 18.8465105038905 21.14808488637522 -0.11188263310875193 -0.7543607645876907 0.6468555582657751 0.9799886499966297 0.024085328813138907 0.1975908469887872 0.0 0.0 0.0 0.0 0.0 0.0
76.07574773719246 19.000722314333927 21.557966494077007 0.005907534686490773 -0.9957345044518073 0.09207549987940294 0.9799886499966297 0.024085328813138907 0.1975908469887872 0.0 0.0 0.0 0.0 0.0 0.0
76.38838343345097 18.92795641315674 21.988836714873464 0.12145333128562272 -0.8588120582815569 -0.4976855803314185 0.9799886499966297 0.024085328813138907 0.1975908469887872 0.0 0.0 0.0 0.0 0.0 0.0
76.72870442039758 18.659424276271707 22.306259491973677 0.19085697673793428 -0.39561255259823846 -0.8983675877151636 0.9799886499966297 0.024085328813138907 0.1975908469887872 0.0 0.0 0.0 0.0 0.0 0.0
77.1125312611969 18.300712245573944 22.418899349187043 0.18775086576902003 0.2178867761063053 -0.9577447286208287 0.9799886499966297 0.024085328813138907 0.1975908469887872 0.0 0.0 0.0 0.0 0.0 0.0
77.53915591775588 17.991667512345426 22.31322126537581 0.11331506186737651 0.7486072756954334 -0.6532586344854959 0.9799886499966297 0.024085328813138907 0.1975908469887872 0.0 0.0 0.0 0.0 0.0 0.0
77.99161074623298 17.853267831166647 22.058632855278795 -0.004171028564487027 0.9949193552016689 -0.10058866320719478 0.9799886499966297 0.024085328813138907 0.1975908469887872 0.0 0.0 0.0 0.0 0.0 0.0
62.449640714121756 85.0891933604751 35.60990613708971 -0.4311001099530588 0.7780322379412836 0.4569666639072683 0.9002037573798963 0.3363253324947606 0.27661971354443576 0.0 0.0 0.0 0.0 0.0 0.0
62.77301960926415 85.49563911158045 35.47238143493317 -0.38528829073135246 0.3191011891753759 0.8658679830621834 0.9002037573798963 0.3363253324947606 0.27661971354443576 0.0 0.0 0.0 0.0 0.0 0.0
63.00857202641122 85.97482398879886 35.53223136676023 -0.1930990081841043 -0.2610617364456321 0.9458115789110991 0.9002037573798963 0.3363253324947606 0.27661971354443576 0.0 0.0 0.0 0.0 0.0 0.0
63.20010751856687 86.39449983498017 35.80767907776008 0.07245181601553635 -0.7420429436714715 0.6664255428053669 0.9002037573798963 0.3363253324947606 0.27661971354443576 0.0 0.0 0.0 0.0 0.0 0.0
63.408158404462945 86.64502696880315 36.23503851221152 0.31047698398110835 -0.9411096303001003 0.13385330094697978 0.9002037573798963 0.3363253324947606 0.27661971354443576 0.0 0.0 0.0 0.0 0.0 0.0
63.68698252862669 86.68102813278718 36.692909810825526 0.4305467548339039 -0.7826330338637882 -0.44957204784901433 0.9002037573798963 0.3363253324947606 0.27661971354443576 0.0 0.0 0.0 0.0 0.0 0.0
64.06394979910199 86.53862807207636 37.048301146986546 0.3870446151674305 -0.32682106293608615 -0.8621974592233627 0.9002037573798963 0.3363253324947606 0.27661971354443576 0.0 0.0 0.0 0.0 0.0 0.0
64.5291439017831 86.32172913978583 37.207154545188516 0.19649775515797047 0.25315569395781634 -0.9472596406659656 0.9002037573798963 0.3363253324947606 0.27661971354443576 0.0 0.0 0.0 0.0 0.0 0.0
65.03912967393528 86.16253705589854 37.150080078495115 -0.06870188730327298 0.7369543701796529 -0.6724420472829453 0.9002037573798963 0.3363253324947606 0.27661971354443576 0.0 0.0 0.0 0.0 0.0 0.0
65.53345484871497 86.171333743882 36.939722425965144 -0.30780053414370134 0.9407717599502324 -0.14215247750564752 0.9002037573798963 0.3363253324947606 0.27661971354443576 0.0 0.0 0.0 0.0 0.0 0.0
65.95761688205164 86.39457938414755 36.69696111171493 -0.42996061191243923 0.7871742292506767 0.4421431951387275 0.9002037573798963 0.3363253324947606 0.27661971354443576 0.0 0.0 0.0 0.0 0.0 0.0
66.28376938037414 86.79726141473925 36.554986352708646 -0.38877146465755974 0.3345160480075142 0.8584612757098886 0.9002037573798963 0.3363253324947606 0.27661971354443576 0.0 0.0 0.0 0.0 0.0 0.0
66.52130141109524 87.27619638899984 36.608697868511946 -0.19988153806700973 -0.2452303726837739 0.9486355649317303 0.9002037573798963 0.3363253324947606 0.27661971354443576 0.0 0.0 0.0 0.0 0.0 0.0
66.71327043892468 87.69923109209095 36.878650891190304 0.06494672667630091 -0.7318096747593105 0.6784073426951578 0.9002037573798963 0.3363253324947606 0.27661971354443576 0.0 0.0 0.0 0.0 0.0 0.0
66.92004407514354 87.95544975679428 37.30324688898214 0.3051006441039208 -0.9403622461884986 0.1504408286027875 0.9002037573798963 0.3363253324947606 0.27661971354443576 0.0 0.0 0.0 0.0 0.0 0.0
67.1963654127859 87.99731281789039 37.762135878387596 0.429341725825717 -0.7916554782723393 -0.4346806715123042 0.9002037573798963 0.3363253324947606 0.27661971354443576 0.0 0.0 0.0 0.0 0.0 0.0
67.57055521033948 87.85871798780485 38.121939395044585 0.39046870769546504 -0.3421855583867552 -0.8546597170466016 0.9002037573798963 0.3363253324947606 0.27661971354443576 0.0 0.0 0.0 0.0 0.0 0.0
68.03375236209835 87.64212194891817 38.2869232023089 0.20325009922305204 0.23728637616740356 -0.9499392469264337 0.9002037573798963 0.3363253324947606 0.27661971354443576 0.0 0.0 0.0 0.0 0.0 0.0
68.5432803803704 87.47961534694507 38.235368328346446 -0.06118662010464132 0.7266092491989187 -0.6843209747616632 0.9002037573798963 0.3363253324947606 0.27661971354443576 0.0 0.0 0.0 0.0 0.0 0.0
69.03886090666435 87.48273934618966 38.02782246665488 -0.30237751946884683 0.9398811202009569 -0.158717723048374 0.9002037573798963 0.3363253324947606 0.27661971354443576 0.0 0.0 0.0 0.0 0.0 0.0
53.73907775617457 28.318441561802807 85.53616703052319 0.2975791166408951 -0.39316723429908423 0.8699805717444691 0.6541192378442219 0.7477248461845833 0.11417345173172026 0.0 0.0 0.0 0.0 0.0 0.0
53.78328935646503 28.7533247792096 85.84858825857282 0.6488120857198261 -0.6322469784757733 0.4234461425401629 0.6541192378442219 0.7477248461845833 0.11417345173172026 0.0 0.0 0.0 0.0 0.0 0.0
53.975397692110235 29.04408727797916 86.25753404813821 0.7535504958741975 -0.6311255249237423 -0.1839625558571133 0.6541192378442219 0.7477248461845833 0.11417345173172026 0.0 0.0 0.0 0.0 0.0 0.0
54.33927788700046 29.19098469348396 86.62454556730759 0.5720024739535299 -0.3902289325971114 -0.7214808035943577 0.6541192378442219 0.7477248461845833 0.11417345173172026 0.0 0.0 0.0 0.0 0.0 0.0
54.833546063826475 29.248929411524674 86.82709551459621 0.17314114880654458 -0.0010778444970098722 -0.9848964315303361 0.6541192378442219 0.7477248461845833 0.11417345173172026 0.0 0.0 0.0 0.0 0.0 0.0
55.36728177097084 29.306628434878384 86.80513828932769 -0.29149939353768384 0.3884827347481047 -0.8741334385377303 0.6541192378442219 0.7477248461845833 0.11417345173172026 0.0 0.0 0.0 0.0 0.0 0.0
55.83457018218625 29.45288210984155 86.58392231923983 -0.6453944426669846 0.6304522279774573 -0.43127253751291883 0.6541192378442219 0.7477248461845833 0.11417345173172026 0.0 0.0 0.0 0.0 0.0 0.0
56.154740909888346 29.742847390009388 86.2643977606559 -0.7540933526074451 0.6329023791990283 0.1754360110053585 0.6541192378442219 0.7477248461845833 0.11417345173172026 0.0 0.0 0.0 0.0 0.0 0.0
56.303016034136 30.177082787429942 85.98486384630074 -0.5762995901238253 0.3949023349993988 0.7154934858090134 0.6541192378442219 0.7477248461845833 0.11417345173172026 0.0 0.0 0.0 0.0 0.0 0.0
56.31992364868164 30.701336184539233 85.86842669454879 -0.17955997813684144 0.006872291318548385 0.9837230229406696 0.6541192378442219 0.7477248461845833 0.11417345173172026 0.0 0.0 0.0 0.0 0.0 0.0
56.295900560561115 31.22715612067082 85.97622923682904 0.2853974716270686 -0.3837686507328021 0.8782197366853014 0.6541192378442219 0.7477248461845833 0.11417345173172026 0.0 0.0 0.0 0.0 0.0 0.0
56.33693383507803 31.66549598079257 86.28422199571993 0.6419276503285877 -0.6286094661010859 0.4390660894122036 0.6541192378442219 0.7477248461845833 0.11417345173172026 0.0 0.0 0.0 0.0 0.0 0.0
56.52429453768563 31.96054429333735 86.69229988350757 0.7545787822123003 -0.6346310355077571 -0.1668961060221375 0.6541192378442219 0.7477248461845833 0.11417345173172026 0.0 0.0 0.0 0.0 0.0 0.0
56.88366149744137 32.110928441369445 87.06233379867608 0.5805528188490978 -0.39954566405994973 -0.7094516804245791 0.6541192378442219 0.7477248461845833 0.11417345173172026 0.0 0.0 0.0 0.0 0.0 0.0
57.37536549052089 32.170236142707346 87.27064818096886 0.18596513327960817 -0.01266621478849611 -0.9824747000341677 0.6541192378442219 0.7477248461845833 0.11417345173172026 0.0 0.0 0.0 0.0 0.0 0.0
57.909460241582906 32.22665657998567 87.25500742447525 -0.279273815594028 0.37902534124892523 -0.8822391549997581 0.6541192378442219 0.7477248461845833 0.11417345173172026 0.0 0.0 0.0 0.0 0.0 0.0
58.37989451759289 32.36947585572774 87.03826022483975 -0.6384119727142945 0.6267188331801101 -0.44682620472886625 0.6541192378442219 0.7477248461845833 0.11417345173172026 0.0 0.0 0.0 0.0 0.0 0.0
58.704802764334985 32.65515570921295 86.7196589777769 -0.75500674772142 0.6363113622060579 0.15834349125427827 0.6541192378442219 0.7477248461845833 0.11417345173172026 0.0 0.0 0.0 0.0 0.0 0.0
58.85760719917767 33.085882757734595 86.43715213452775 -0.5847618362295139 0.4041585661712782 0.7033558475479265 0.6541192378442219 0.7477248461845833 0.11417345173172026 0.0 0.0 0.0 0.0 0.0 0.0
58.87711515505228 33.60873776413185 86.31497527885826 -0.1923561264574829 0.018459173677148166 0.9811515578754528 0.6541192378442219 0.7477248461845833 0.11417345173172026 0.0 0.0 0.0 0.0 0.0 0.0
41.53219379409068 22.92198332611388 90.50878613162197 0.9335188097467261 -0.3338648763685504 -0.13067852224626822 0.310028523698993 0.5686450887522367 0.7619219628879218 0.0 0.0 0.0 0.0 0.0 0.0
41.696076628108116 22.84107310042525 91.01403958703992 0.8617767573322621 0.17038005535900896 -0.47781948187338746 0.310028523698993 0.5686450887522367 0.7619219628879218 0.0 0.0 0.0 0.0 0.0 0.0
42.056401501075285 22.799001013716712 91.41037407653023 0.4626313066682426 0.6098947554530647 -0.6434288316210899 0.310028523698993 0.5686450887522367 0.7619219628879218 0.0 0.0 0.0 0.0 0.0 0.0
42.522183194954195 22.89595445570407 91.66003894360699 -0.11227551218201143 0.8177002410539673 -0.5645888106795517 0.310028523698993 0.5686450887522367 0.7619219628879218 0.0 0.0 0.0 0.0 0.0 0.0
42.96237168229845 23.179302693368655 91.78100577352453 -0.6445269868078596 0.7148477338594924 -0.2712520611393201 0.310028523698993 0.5686450887522367 0.7619219628879218 0.0 0.0 0.0 0.0 0.0 0.0
43.2556402227198 23.625600494459228 91.84014068757041 -0.9319118832288374 0.34041262095503877 0.12513788152035524 0.310028523698993 0.5686450887522367 0.7619219628879218 0.0 0.0 0.0 0.0 0.0 0.0
43.336479420036476 24.1494953632076 91.92780078564631 -0.8652478744753777 -0.1633509380457472 0.47398585079664046 0.310028523698993 0.5686450887522367 0.7619219628879218 0.0 0.0 0.0 0.0 0.0 0.0
43.220085337141434 24.6361543804886 92.12350597332531 -0.4698617320357089 -0.6050547446009121 0.6427586707344587 0.310028523698993 0.5686450887522367 0.7619219628879218 0.0 0.0 0.0 0.0 0.0 0.0
42.99658625764463 24.984891149699745 92.46572802022264 0.1040327380735604 -0.8168881377063228 0.5673367253083599 0.310028523698993 0.5686450887522367 0.7619219628879218 0.0 0.0 0.0 0.0 0.0 0.0
42.79680144406508 25.147418242217313 92.9372744915053 0.6384034316540583 -0.7183720696557699 0.2763740725734009 0.310028523698993 0.5686450887522367 0.7619219628879218 0.0 0.0 0.0 0.0 0.0 0.0
42.742540712818474 25.14619239885324 93.4718204413272 0.9302339880129975 -0.3469344418024802 -0.11958771106027366 0.310028523698993 0.5686450887522367 0.7619219628879218 0.0 0.0 0.0 0.0 0.0 0.0
42.900326848409286 25.065882838563983 93.97910636865005 0.8686530996429086 0.15630938092611463 -0.4701161238622447 0.310028523698993 0.5686450887522367 0.7619219628879218 0.0 0.0 0.0 0.0 0.0 0.0
43.256122485395906 25.021204006575115 94.3792293107463 0.4770563756131369 0.6001686564873936 -0.6420395612865099 0.310028523698993 0.5686450887522367 0.7619219628879218 0.0 0.0 0.0 0.0 0.0 0.0
43.720663138214135 25.11333363871688 94.63299931464547 -0.09578204146932603 0.8160138251642808 -0.5700414350490026 0.310028523698993 0.5686450887522367 0.7619219628879218 0.0 0.0 0.0 0.0 0.0 0.0
44.16337027166565 25.39147364798076 94.75682835548885 -0.6322312596072572 0.7218416986376524 -0.28147503705182975 0.310028523698993 0.5686450887522367 0.7619219628879218 0.0 0.0 0.0 0.0 0.0 0.0
44.46196026959651 25.83415749516187 94.81649515277964 -0.928485251877423 0.3534298422489669 0.1140284335329918 0.310028523698993 0.5686450887522367 0.7619219628879218 0.0 0.0 0.0 0.0 0.0 0.0
44.54890202514707 26.35740568600432 94.90215473508219 -0.8719921735137744 -0.14925592024194825 0.4662105957648879 0.310028523698993 0.5686450887522367 0.7619219628879218 0.0 0.0 0.0 0.0 0.0 0.0
44.437073137307905 26.846630985131274 95.09408703735868 -0.4842146895005631 -0.5952368632070362 0.6412715580402114 0.310028523698993 0.5686450887522367 0.7619219628879218 0.0 0.0 0.0 0.0 0.0 0.0
44.21486749576124 27.200172022561027 95.43219721146806 0.0875240506917985 -0.8150773700101267 0.5727027339273607 0.310028523698993 0.5686450887522367 0.7619219628879218 0.0 0.0 0.0 0.0 0.0 0.0
44.01261296432372 27.367916147850526 95.90085499179632 0.626010940702254 -0.7252563565794601 0.2865545661164116 0.310028523698993 0.5686450887522367 0.7619219628879218 0.0 0.0 0.0 0.0 0.0 0.0
59.39854991010013 74.95279116983903 51.30843485670081 0.18330950804420115 0.8503008605890505 -0.4933417382931565 0.7361345120302568 0.2138784236530635 0.6421541871650893 0.0 0.0 0.0 0.0 0.0 0.0
59.93558732339338 74.96388165084016 51.29606877111094 -0.23355636549643163 0.9707531673434721 -0.05558517993777101 0.7361345120302568 0.2138784236530635 0.6421541871650893 0.0 0.0 0.0 0.0 0.0 0.0
60.419385555822856 75.19625534688204 51.27103204200525 -0.561690270930776 0.7224001156966664 0.40328911761062286 0.7361345120302568 0.2138784236530635 0.6421541871650893 0.0 0.0 0.0 0.0 0.0 0.0
60.77514647332005 75.59330017202731 51.33792507994842 -0.676428651477987 0.19959518221084888 0.7089471367442639 0.7361345120302568 0.2138784236530635 0.6421541871650893 0.0 0.0 0.0 0.0 0.0 0.0
60.976715458428984 76.03584272523783 51.56642264001949 -0.5341804780447567 -0.3990392980503592 0.7452642856647242 0.7361345120302568 0.2138784236530635 0.6421541871650893 0.0 0.0 0.0 0.0 0.0 0.0
61.056517986759594 76.38742425790197 51.964803217457614 -0.1889882099810014 -0.8460720774009527 0.49844307230677115 0.7361345120302568 0.2138784236530635 0.6421541871650893 0.0 0.0 0.0 0.0 0.0 0.0
61.093240646678524 76.54614363390088 52.4768039089116 0.2280038387689067 -0.9716679289761412 0.062255002255714564 0.7361345120302568 0.2138784236530635 0.6421541871650893 0.0 0.0 0.0 0.0 0.0 0.0
61.181936788818966 76.4833712749161 53.002995630088634 0.5583734171496093 -0.7281108889118525 -0.3975847840004197 0.7361345120302568 0.2138784236530635 0.6421541871650893 0.0 0.0 0.0 0.0 0.0 0.0
61.397914168967915 76.2546260158938 53.438557887242744 0.6766075988494817 -0.20793234878506633 -0.7063754635516895 0.7361345120302568 0.2138784236530635 0.6421541871650893 0.0 0.0 0.0 0.0 0.0 0.0
61.76812427256409 75.97848257142337 53.713101835254115 0.537787241470641 0.3912431670886473 -0.7468022945317205 0.7361345120302568 0.2138784236530635 0.6421541871650893 0.0 0.0 0.0 0.0 0.0 0.0
62.260922994774994 75.79152301920126 53.817412176728816 0.1946525197339133 0.8417788625484594 -0.5035064479506295 0.7361345120302568 0.2138784236530635 0.6421541871650893 0.0 0.0 0.0 0.0 0.0 0.0
62.79809276498399 75.7964469851837 53.80694820755031 -0.2224339486663075 0.9725086943340531 -0.06892008361420698 0.7361345120302568 0.2138784236530635 0.6421541871650893 0.0 0.0 0.0 0.0 0.0 0.0
63.284558709595615 76.02305433863961 53.78077390314338 -0.5550140410708968 0.7337662136638518 0.3918501727696021 0.7361345120302568 0.2138784236530635 0.6421541871650893 0.0 0.0 0.0 0.0 0.0 0.0
63.644509186081585 76.41692372358818 53.84392185794886 -0.6767350199327318 0.21625368050588079 0.703749997132721 0.7361345120302568 0.2138784236530635 0.6421541871650893 0.0 0.0 0.0 0.0 0.0 0.0
63.85019789348039 76.8600881418125 54.067489646744264 -0.5413530503159604 -0.3834172414450022 0.748283431512625 0.7361345120302568 0.2138784236530635 0.6421541871650893 0.0 0.0 0.0 0.0 0.0 0.0
63.932485156025976 77.2158525877852 54.46162866729775 -0.2003020059438205 -0.8374215429765037 0.5085314796290713 0.7361345120302568 0.2138784236530635 0.6421541871650893 0.0 0.0 0.0 0.0 0.0 0.0
63.969113570014166 77.38072676668688 54.971687454633646 0.21684711935732842 -0.9732753993896712 0.07557991644149653 0.7361345120302568 0.2138784236530635 0.6421541871650893 0.0 0.0 0.0 0.0 0.0 0.0
64.05517229168296 77.32374278767354 55.49897468630051 0.5516123985241317 -0.7393656592777894 -0.3860857206310192 0.7361345120302568 0.2138784236530635 0.6421541871650893 0.0 0.0 0.0 0.0 0.0 0.0
64.26697107695183 77.09822038336365 55.93825366580132 0.6768109050241271 -0.22455854367166483 -0.7010709374267927 0.7361345120302568 0.2138784236530635 0.6421541871650893 0.0 0.0 0.0 0.0 0.0 0.0
64.63304892931686 76.82150985195807 56.21772350305647 0.5448776330305637 0.37556211709396076 -0.7497075838131232 0.7361345120302568 0.2138784236530635 0.6421541871650893 0.0 0.0 0.0 0.0 0.0 0.0
9.838197660782024 91.52085126913381 64.95372477006791 -0.07558060312768136 0.6566927678534065 0.7503613669958548 0.9971396073655395 0.049459133197879215 0.05715240647787524 0.0 0.0 0.0 0.0 0.0 0.0
10.218378877549936 91.87973448117748 64.82982890795601 -0.06146933052368174 0.0906829693930915 0.9939809457263362 0.9971396073655395 0.049459133197879215 0.05715240647787524 0.0 0.0 0.0 0.0 0.0 0.0
10.584548158490838 92.25928887894764 64.93251103369808 -0.024004831541334648 -0.509778805278055 0.8599705447001954 0.9971396073655395 0.049459133197879215 0.05715240647787524 0.0 0.0 0.0 0.0 0.0 0.0
10.945245537326581 92.52263918201446 65.23122347216358 0.022579504282946312 -0.9165670887769587 0.3992429558016858 0.9971396073655395 0.049459133197879215 0.05715240647787524 0.0 0.0 0.0 0.0 0.0 0.0
11.311089914874088 92.57705798835475 65.62094335496627 0.060585508920956044 -0.9751362110649753 -0.21316370699214338 0.9971396073655395 0.049459133197879215 0.05715240647787524 0.0 0.0 0.0 0.0 0.0 0.0
11.690744761086451 92.40919446470006 65.96207256405289 0.07557406578420295 -0.6632347833613824 -0.7445859135925312 0.9971396073655395 0.049459133197879215 0.05715240647787524 0.0 0.0 0.0 0.0 0.0 0.0
12.087626717972265 92.09014655130945 66.13347339070766 0.06185077152503246 -0.09935937276455747 -0.9931274828065082 0.9971396073655395 0.049459133197879215 0.05715240647787524 0.0 0.0 0.0 0.0 0.0 0.0
12.498607560173348 91.7484496657708 66.0784907764079 0.02462933507374787 0.5022643247456475 -0.8643633170962446 0.9971396073655395 0.049459133197879215 0.05715240647787524 0.0 0.0 0.0 0.0 0.0 0.0
12.915202660079455 91.5212439488617 65.82647651677881 -0.021949197552576655 0.9130694078732859 -0.40721307583711525 0.9971396073655395 0.049459133197879215 0.05715240647787524 0.0 0.0 0.0 0.0 0.0 0.0
13.326794439712819 91.50217243220708 65.48163802369967 -0.06018886305766397 0.9769841572434488 0.2046442211720942 0.9971396073655395 0.049459133197879215 0.05715240647787524 0.0 0.0 0.0 0.0 0.0 0.0
13.724666166118343 91.70580448493695 65.18344818727586 -0.07556177318301834 0.6697262909727877 0.7387537570891061 0.9971396073655395 0.049459133197879215 0.05715240647787524 0.0 0.0 0.0 0.0 0.0 0.0
14.105313583949243 92.06210066676704 65.05365729302542 -0.062227502350666715 0.10802820953510212 0.992198389383815 0.9971396073655395 0.049459133197879215 0.05715240647787524 0.0 0.0 0.0 0.0 0.0 0.0
14.471776240661319 92.44302188235976 65.1500380528546 -0.02525196298693906 -0.49471159484031507 0.8686902648791783 0.9971396073655395 0.049459133197879215 0.05715240647787524 0.0 0.0 0.0 0.0 0.0 0.0
14.832482711615969 92.71117357434252 65.44443678589636 0.02131721930583342 -0.9095021931991116 0.4151521850202303 0.9971396073655395 0.049459133197879215 0.05715240647787524 0.0 0.0 0.0 0.0 0.0 0.0
15.198048443382127 92.77200421276801 65.83346947257625 0.059787633579419235 -0.9787577022958004 -0.1961091509022903 0.9971396073655395 0.049459133197879215 0.05715240647787524 0.0 0.0 0.0 0.0 0.0 0.0
15.577242768103938 92.60972700215852 66.1777990721374 0.07554372626025639 -0.6761667963341847 -0.7328653416268771 0.9971396073655395 0.049459133197879215 0.05715240647787524 0.0 0.0 0.0 0.0 0.0 0.0
15.973657287603757 92.29331754904902 66.35507199401506 0.06259949431107324 -0.11668881953924248 -0.9911937362123182 0.9971396073655395 0.049459133197879215 0.05715240647787524 0.0 0.0 0.0 0.0 0.0 0.0
16.384341363801482 91.95030887585395 66.30640227253515 0.025872667865381692 0.4871211907316818 -0.8729510585351705 0.9971396073655395 0.049459133197879215 0.05715240647787524 0.0 0.0 0.0 0.0 0.0 0.0
16.80092311545321 91.71833949341345 66.05874332979472 -0.020683617670307228 0.9058657164116446 -0.4230596787571291 0.9971396073655395 0.049459133197879215 0.05715240647787524 0.0 0.0 0.0 0.0 0.0 0.0
17.212790035806176 91.69286222953208 65.71464791997 -0.059381851041400355 0.9804567111597078 0.18755914616137798 0.9971396073655395 0.049459133197879215 0.05715240647787524 0.0 0.0 0.0 0.0 0.0 0.0
30.985291985855625 14.167163847334708 1.8962861202193442 0.39868540174630906 0.5966008122550809 -0.6965037123023551 0.2723527565362336 0.6481860847246468 0.7111109446327262 0.0 0.0 0.0 0.0 0.0 0.0
31.44498162036388 14.321315955525234 2.127819421462267 -0.19054234245048762 0.7607453970008972 -0.6204514942164521 0.2723527565362336 0.6481860847246468 0.7111109446327262 0.0 0.0 0.0 0.0 0.0 0.0
31.86123712191512 14.648880000899005 2.217920785076016 -0.7073798650522642 0.6358700864413093 -0.3086793800819254 0.2723527565362336 0.6481860847246468 0.7111109446327262 0.0 0.0 0.0 0.0 0.0 0.0
32.116245360969955 15.121390652484752 2.2376586742874793 -0.9554719501600362 0.2694170988617593 0.1203651913897435 0.2723527565362336 0.6481860847246468 0.7111109446327262 0.0 0.0 0.0 0.0 0.0 0.0
32.15345373892185 15.655314940233257 2.284833812663531 -0.8405642667628949 -0.19939194898905585 0.5036810142537652 0.2723527565362336 0.6481860847246468 0.7111109446327262 0.0 0.0 0.0 0.0 0.0 0.0
31.999055465816745 16.14378782693583 2.446823054087074 -0.40631216493743 -0.5924486617633178 0.695639998705301 0.2723527565362336 0.6481860847246468 0.7111109446327262 0.0 0.0 0.0 0.0 0.0 0.0
31.752038321929522 16.497212022548034 2.7673834551038348 0.1823047215248974 -0.7604242227202933 0.6233137171681415 0.2723527565362336 0.6481860847246468 0.7111109446327262 0.0 0.0 0.0 0.0 0.0 0.0
31.546577545050127 16.677297492664362 3.230028237561667 0.7016609963075137 -0.6395019078508136 0.3141801332291956 0.2723527565362336 0.6481860847246468 0.7111109446327262 0.0 0.0 0.0 0.0 0.0 0.0
31.50106041435682 16.711608482764138 3.7642903912747863 0.9544445274466425 -0.27562212628708554 -0.11431573613522894 0.2723527565362336 0.6481860847246468 0.7111109446327262 0.0 0.0 0.0 0.0 0.0 0.0
31.673108943726618 16.683091400504313 4.272494269338931 0.844618625147268 0.19297110920931515 -0.49938114608469486 0.2723527565362336 0.6481860847246468 0.7111109446327262 0.0 0.0 0.0 0.0 0.0 0.0
32.03768831527469 16.698562088660598 4.666864199440019 0.41390798588408906 0.5882513940122024 -0.694723309429067 0.2723527565362336 0.6481860847246468 0.7111109446327262 0.0 0.0 0.0 0.0 0.0 0.0
32.496618025228685 16.848124700591317 4.902871929297251 -0.1740532173889421 0.7600451391910261 -0.6261284723670127 0.2723527565362336 0.6481860847246468 0.7111109446327262 0.0 0.0 0.0 0.0 0.0 0.0
32.91587229880228 17.170939625915487 4.996153654177261 -0.6958886933613039 0.6430850287141019 -0.3196569603429236 0.2723527565362336 0.6481860847246468 0.7111109446327262 0.0 0.0 0.0 0.0 0.0 0.0
33.176498722827986 17.640345803769737 5.016569564889083 -0.9533444200872021 0.28180616402037967 0.10825757529481533 0.2723527565362336 0.6481860847246468 0.7111109446327262 0.0 0.0 0.0 0.0 0.0 0.0
33.21981025629779 18.173989705579473 5.061662793295687 -0.8486086625532627 -0.18653557393249112 0.49504324810791644 0.2723527565362336 0.6481860847246468 0.7111109446327262 0.0 0.0 0.0 0.0 0.0 0.0
33.06968141843707 18.665112817441948 5.219601145685049 -0.42147228613511367 -0.584009328639926 0.6937537142830883 0.2723527565362336 0.6481860847246468 0.7111109446327262 0.0 0.0 0.0 0.0 0.0 0.0
32.823477959690216 19.023110984465074 5.535680679074233 0.16578845842660778 -0.7596081752817763 0.6288955454585572 0.2723527565362336 0.6481860847246468 0.7111109446327262 0.0 0.0 0.0 0.0 0.0 0.0
32.61506598525824 19.207956444031613 5.99511697183892 0.6900633957968515 -0.6466191761626496 0.32510944434151834 0.2723527565362336 0.6481860847246468 0.7111109446327262 0.0 0.0 0.0 0.0 0.0 0.0
32.56395398361103 19.245405042045974 6.52866197267084 0.9521717118591485 -0.2879687411232277 -0.10219117022090773 0.2723527565362336 0.6481860847246468 0.7111109446327262 0.0 0.0 0.0 0.0 0.0 0.0
32.729889553642245 19.217211156460348 7.038912493035455 0.8525340751240815 0.18008583324950928 -0.49066765067115764 0.2723527565362336 0.6481860847246468 0.7111109446327262 0.0 0.0 0.0 0.0 0.0 0.0
48.477508878881935 3.179371105645544 36.49085068873238 -0.3973620707286668 0.1922897854616357 0.8972892639240392 0.9148718121573535 0.00682047898242778 0.40368681968373754 0.0 0.0 0.0 0.0 0.0 0.0
48.81395968154435 3.54919511887109 36.68761490994123 -0.36380832585820455 -0.4196529543116952 0.8315857742732956 0.9148718121573535 0.00682047898242778 0.40368681968373754 0.0 0.0 0.0 0.0 0.0 0.0
49.06748036488014 3.823359227956886 37.07393913456157 -0.19203771544337067 -0.8721625205187761 0.4499489456034165 0.9148718121573535 0.00682047898242778 0.40368681968373754 0.0 0.0 0.0 0.0 0.0 0.0
49.27722604493814 3.898713863047794 37.56282923548987 0.0526912337677826 -0.9933229634010439 -0.10263101024640009 0.9148718121573535 0.00682047898242778 0.40368681968373754 0.0 0.0 0.0 0.0 0.0 0.0
49.49898269339144 3.7476404973764827 38.028324594403216 0.2774019023201057 -0.737103405012946 -0.6162197294046229 0.9148718121573535 0.00682047898242778 0.40368681968373754 0.0 0.0 0.0 0.0 0.0 0.0
49.78397311420707 3.4285443873394787 38.353352646609395 0.39672295026854315 -0.2008459393486936 -0.8956962707175704 0.9148718121573535 0.00682047898242778 0.40368681968373754 0.0 0.0 0.0 0.0 0.0 0.0
50.15939654401932 3.0636654391083136 38.47420670572238 0.36532231655594755 0.4117162566391607 -0.8348828235418622 0.9148718121573535 0.00682047898242778 0.40368681968373754 0.0 0.0 0.0 0.0 0.0 0.0
50.61809520738538 2.7926372245327156 38.40474919893937 0.19512962692033314 0.8678605632010699 -0.45688343320616565 0.9148718121573535 0.00682047898242778 0.40368681968373754 0.0 0.0 0.0 0.0 0.0 0.0
51.121273675347695 2.719437852646073 38.23114509918116 -0.04919607037570196 0.9942901319480533 0.09469361208820276 0.9148718121573535 0.00682047898242778 0.40368681968373754 0.0 0.0 0.0 0.0 0.0 0.0
51.61323789751991 2.8728869476223724 38.07912641127799 -0.274831358021574 0.7429722559234662 0.6102949709574969 0.9148718121573535 0.00682047898242778 0.40368681968373754 0.0 0.0 0.0 0.0 0.0 0.0
52.042554302983525 3.1956965917140816 38.06622448120755 -0.3960536178197814 0.20938679803986338 0.8940350667722574 0.9148718121573535 0.00682047898242778 0.40368681968373754 0.0 0.0 0.0 0.0 0.0 0.0
52.38159027380328 3.5662359630073426 38.25711787273869 -0.3668084865448821 -0.40374820517965904 0.8381162932510354 0.9148718121573535 0.00682047898242778 0.40368681968373754 0.0 0.0 0.0 0.0 0.0 0.0
52.63701223857348 3.844740918225945 38.63905989968777 -0.1982066785207306 -0.863492514941417 0.4637831273665798 0.9148718121573535 0.00682047898242778 0.40368681968373754 0.0 0.0 0.0 0.0 0.0 0.0
52.8472529847383 3.9264127274938203 39.12672130511302 0.0456971605123918 -0.9951815814519638 -0.08674900264482371 0.9148718121573535 0.00682047898242778 0.40368681968373754 0.0 0.0 0.0 0.0 0.0 0.0
53.06791040007978 3.7812328639562875 39.594608272655826 0.272239884251076 -0.7487845266201636 -0.6043237361854792 0.9148718121573535 0.00682047898242778 0.40368681968373754 0.0 0.0 0.0 0.0 0.0 0.0
53.35062490560234 3.46536754401515 39.924739625520075 0.39535412435463857 -0.21791171111568858 -0.8923057785952122 0.9148718121573535 0.00682047898242778 0.40368681968373754 0.0 0.0 0.0 0.0 0.0 0.0
53.723460396211365 3.099829242668589 40.051469848077105 0.36826672264740934 0.39574940673115805 -0.8412859371595788 0.9148718121573535 0.00682047898242778 0.40368681968373754 0.0 0.0 0.0 0.0 0.0 0.0
54.180242297835406 2.824502031038669 39.98642891478751 0.2012686359151703 0.8590587083836041 -0.47064750264623584 0.9148718121573535 0.00682047898242778 0.40368681968373754 0.0 0.0 0.0 0.0 0.0 0.0
54.68290339134923 2.744997279015112 39.81410386846076 -0.04219477063338493 0.9959972440254445 0.07879778692903067 0.9148718121573535 0.00682047898242778 0.40368681968373754 0.0 0.0 0.0 0.0 0.0 0.0
55.175946185569515 2.892530130106253 39.65974078014386 -0.2696276783593727 0.7545397744761216 0.5983064798212163 0.9148718121573535 0.00682047898242778 0.40368681968373754 0.0 0.0 0.0 0.0 0.0 0.0
83.37551087294247 70.80345769260012 65.5400993473595 0.9685897593538274 0.1452688239949363 -0.2018188466175118 0.11457912738396318 0.4595877739536248 0.880710339215046 0.0 0.0 0.0 0.0 0.0 0.0
83.60820963936548 70.69088739411305 66.01112409630811 0.6551896283613111 0.6314363930719717 -0.4147464676064466 0.11457912738396318 0.4595877739536248 0.880710339215046 0.0 0.0 0.0 0.0 0.0 0.0
83.99025890218904 70.7222530412949 66.3876073749158 0.0928720033679083 0.8777107193674566 -0.47010497136053864 0.11457912738396318 0.4595877739536248 0.880710339215046 0.0 0.0 0.0 0.0 0.0 0.0
84.39347834110252 70.95369287457378 66.65693021050998 -0.5047292484420552 0.7905280688345767 -0.3468627367587827 0.11457912738396318 0.4595877739536248 0.880710339215046 0.0 0.0 0.0 0.0 0.0 0.0
84.68164473195232 71.3653336060175 66.84718567434595 -0.9105754201458606 0.4030105880269587 -0.09184154922666665 0.11457912738396318 0.4595877739536248 0.880710339215046 0.0 0.0 0.0 0.0 0.0 0.0
84.76224542712856 71.8688406136827 67.0165058541459 -0.9704787657270904 -0.1376173531498117 0.19807177836547796 0.11457912738396318 0.4595877739536248 0.880710339215046 0.0 0.0 0.0 0.0 0.0 0.0
84.62162545712116 72.34097774136728 67.2309765020566 -0.6616810026689066 -0.6259621610255224 0.4127343257730424 0.11457912738396318 0.4595877739536248 0.880710339215046 0.0 0.0 0.0 0.0 0.0 0.0
84.33017528173555 72.67042677475015 67.53952995251397 -0.10149956398039013 -0.8764934783984076 0.4705922022694917 0.11457912738396318 0.4595877739536248 0.880710339215046 0.0 0.0 0.0 0.0 0.0 0.0
84.01558827754694 72.80007909215321 67.95535491028588 0.4972432560464901 -0.7940302691382535 0.34966423324171547 0.11457912738396318 0.4595877739536248 0.880710339215046 0.0 0.0 0.0 0.0 0.0 0.0
83.81434788921989 72.748732184722 68.45088584102743 0.9070750496374057 -0.4099016851543279 0.09589297593118956 0.11457912738396318 0.4595877739536248 0.880710339215046 0.0 0.0 0.0 0.0 0.0 0.0
83.81987528699885 72.60394817526229 68.96827557864977 0.9722938663849817 0.12995540221043766 -0.19430962618065545 0.11457912738396318 0.4595877739536248 0.880710339215046 0.0 0.0 0.0 0.0 0.0 0.0
84.04703710221354 72.48878750382549 69.44137243087027 0.6681219874063467 0.6204402595370001 -0.41069075262276455 0.11457912738396318 0.4595877739536248 0.880710339215046 0.0 0.0 0.0 0.0 0.0 0.0
84.42649734547999 72.51505620907234 69.82085231310802 0.1101193950081033 0.8752094890574963 -0.47104359576027005 0.11457912738396318 0.4595877739536248 0.880710339215046 0.0 0.0 0.0 0.0 0.0 0.0
84.83105930830345 72.74082894488836 70.09295779287079 -0.48971939665182146 0.7974720009627224 -0.3524391014395065 0.11457912738396318 0.4595877739536248 0.880710339215046 0.0 0.0 0.0 0.0 0.0 0.0
85.12398971925109 73.14838544841632 70.28472476837094 -0.9035056018520371 0.4167615666813739 -0.09993710001433026 0.11457912738396318 0.4595877739536248 0.880710339215046 0.0 0.0 0.0 0.0 0.0 0.0
85.2109659998277 73.65094276418272 70.45371107877827 -0.9740349231005592 -0.12228355466404227 0.19053267656549921 0.11457912738396318 0.4595877739536248 0.880710339215046 0.0 0.0 0.0 0.0 0.0 0.0
85.0759109890355 74.12562553981579 70.66612931880384 -0.6745120920677063 -0.6148711091205817 0.4086159037816208 0.11457912738396318 0.4595877739536248 0.880710339215046 0.0 0.0 0.0 0.0 0.0 0.0
84.78710092563291 74.46014842677786 70.97169156695354 -0.11873084001754211 -0.8738588491254818 0.4714591174575121 0.11457912738396318 0.4595877739536248 0.880710339215046 0.0 0.0 0.0 0.0 0.0 0.0
84.47122616351245 74.5954751615858 71.38472293576217 0.482158243229072 -0.8008530022067795 0.3551871300351999 0.11457912738396318 0.4595877739536248 0.880710339215046 0.0 0.0 0.0 0.0 0.0 0.0
84.2652593881072 74.54824742934181 71.8787192220383 0.8998673486170232 -0.42358971020155883 0.10397361350038314 0.11457912738396318 0.4595877739536248 0.880710339215046 0.0 0.0 0.0 0.0 0.0 0.0
54.8576670192035 9.39089697759653 16.07978548019833 -0.765550764689316 -0.22981228178087165 0.6009312288658931 0.5413306423115497 0.2746925479325153 0.7946729766419064 0.0 0.0 0.0 0.0 0.0 0.0
54.85907601084015 9.800254276357208 16.427793696785653 -0.41624812288894486 -0.7336328601066717 0.5371408816717772 0.5413306423115497 0.2746925479325153 0.7946729766419064 0.0 0.0 0.0 0.0 0.0 0.0
54.765601229767 10.04237994157278 16.898243194251222 0.09119414009442758 -0.9587340491906274 0.269281733013922 0.5413306423115497 0.2746925479325153 0.7946729766419064 0.0 0.0 0.0 0.0 0.0 0.0
54.6929141557978 10.065962150108737 17.430075471230275 0.5639902245712125 -0.8195961438085609 -0.10088204816640883 0.5413306423115497 0.2746925479325153 0.7946729766419064 0.0 0.0 0.0 0.0 0.0 0.0
54.748788671265594 9.902717391874903 17.93891168215554 0.822516993319688 -0.3690799604768431 -0.4327190525904213 0.5413306423115497 0.2746925479325153 0.7946729766419064 0.0 0.0 0.0 0.0 0.0 0.0
54.99215596124114 9.655340845037257 18.349109571427288 0.7685558045552352 0.22165587052789779 -0.6001588542585824 0.5413306423115497 0.2746925479325153 0.7946729766419064 0.0 0.0 0.0 0.0 0.0 0.0
55.41071557104769 9.458490760860856 18.62250123098677 0.42260741607243457 0.7281809304305615 -0.5395882730729619 0.5413306423115497 0.2746925479325153 0.7946729766419064 0.0 0.0 0.0 0.0 0.0 0.0
55.925608554645315 9.427629542688347 18.7728937267211 -0.08389659539548741 0.9580578803267384 -0.2740190855120901 0.5413306423115497 0.2746925479325153 0.7946729766419064 0.0 0.0 0.0 0.0 0.0 0.0
56.421377306682736 9.615157648481652 18.860823563290932 -0.5585268875963902 0.8239526236132251 0.0956545339896211 0.5413306423115497 0.2746925479325153 0.7946729766419064 0.0 0.0 0.0 0.0 0.0 0.0
56.78982983711848 9.990505780753299 18.970557853893467 -0.8209634771278421 0.3768139894358102 0.4289873967701516 0.5413306423115497 0.2746925479325153 0.7946729766419064 0.0 0.0 0.0 0.0 0.0 0.0
56.97114371711128 10.451748673773308 19.178079835087868 -0.7715023159210537 -0.2134825793222081 0.599340775230909 0.5413306423115497 0.2746925479325153 0.7946729766419064 0.0 0.0 0.0 0.0 0.0 0.0
56.976593619914524 10.86432820611958 19.522221564854437 -0.42893452606500015 -0.7226735469573325 0.5419945727380495 0.5413306423115497 0.2746925479325153 0.7946729766419064 0.0 0.0 0.0 0.0 0.0 0.0
56.88426788400481 11.112174280697973 19.98991097453053 0.07659266164598799 -0.9573087516459912 0.2787355703959866 0.5413306423115497 0.2746925479325153 0.7946729766419064 0.0 0.0 0.0 0.0 0.0 0.0
56.80940144772728 11.1418017952169 20.521138166248814 0.5530210166366518 -0.8282463562355391 -0.09041973534973025 0.5413306423115497 0.2746925479325153 0.7946729766419064 0.0 0.0 0.0 0.0 0.0 0.0
56.86059616959291 10.982630526771127 21.03175417644907 0.8193474413887225 -0.38451932255058735 -0.4252230718987272 0.5413306423115497 0.2746925479325153 0.7946729766419064 0.0 0.0 0.0 0.0 0.0 0.0
57.098561166503906 10.735808066651028 21.445440574030343 0.7743900743985209 0.20529303059157122 -0.5984770540827612 0.5413306423115497 0.2746925479325153 0.7946729766419064 0.0 0.0 0.0 0.0 0.0 0.0
57.51304840524026 10.535782159313834 21.722704108302345 0.4352289710327171 0.717111129095558 -0.5443595974180074 0.5413306423115497 0.2746925479325153 0.7946729766419064 0.0 0.0 0.0 0.0 0.0 0.0
58.02674610161802 10.499221756417906 21.875880855214614 -0.06928289506876495 0.9564867201974341 -0.2834308284870306 0.5413306423115497 0.2746925479325153 0.7946729766419064 0.0 0.0 0.0 0.0 0.0 0.0
58.52465075988487 10.68069253148688 21.964449535855103 -0.5474730309853898 0.8324770146911393 0.0851780508969166 0.5413306423115497 0.2746925479325153 0.7946729766419064 0.0 0.0 0.0 0.0 0.0 0.0
58.89775892351234 11.051926468248627 22.07243455587767 -0.8176690091697096 0.3921953730302248 0.421426364644058 0.5413306423115497 0.2746925479325153 0.7946729766419064 0.0 0.0 0.0 0.0 0.0 0.0
46.16866805909607 62.469341534163945 79.79975884572963 0.9470082779033213 -0.3197345866713888 -0.030742733591241595 0.10142359801281715 0.20683751786358182 0.9731040514611822 0.0 0.0 0.0 0.0 0.0 0.0
46.20890706543515 62.18820186034096 80.25585796685344 0.9458285192366315 0.2831941722178705 -0.15877491307028452 0.10142359801281715 0.20683751786358182 0.9731040514611822 0.0 0.0 0.0 0.0 0.0 0.0
46.464747712494756 61.97161630698576 80.67576434154702 0.5853126927023967 0.7785327303274948 -0.2264858484989425 0.10142359801281715 0.20683751786358182 0.9731040514611822 0.0 0.0 0.0 0.0 0.0 0.0
46.854010406272764 61.93249731400528 81.04404325994888 0.00242678830415978 0.9780936878125863 -0.20815102344139852 0.10142359801281715 0.20683751786358182 0.9731040514611822 0.0 0.0 0.0 0.0 0.0 0.0
47.24382628652107 62.11633480793744 81.36487414600779 -0.5813810935445642 0.8060605004432765 -0.11073614447894134 0.10142359801281715 0.20683751786358182 0.9731040514611822 0.0 0.0 0.0 0.0 0.0 0.0
47.5011163282027 62.48391381830837 81.66046272444841 -0.9443125777821788 0.3277914523426757 0.02874924718066961 0.10142359801281715 0.20683751786358182 0.9731040514611822 0.0 0.0 0.0 0.0 0.0 0.0
47.54315028806605 62.926212900554795 81.96260469468845 -0.9484839256559849 -0.27501104888373445 0.15731231917456365 0.10142359801281715 0.20683751786358182 0.9731040514611822 0.0 0.0 0.0 0.0 0.0 0.0
47.36897730723203 63.30582320555493 82.30060601303418 -0.5923103723675062 -0.7733322546996744 0.22610981099232252 0.10142359801281715 0.20683751786358182 0.9731040514611822 0.0 0.0 0.0 0.0 0.0 0.0
47.05978715837976 63.50915239876334 82.69014906991016 -0.011108205715285056 -0.9778516075294064 0.20900440525965575 0.10142359801281715 0.20683751786358182 0.9731040514611822 0.0 0.0 0.0 0.0 0.0 0.0
46.748064893685175 63.48958028726728 83.12733468754142 0.5743141540074683 -0.8108687858516838 0.11249473160153622 0.10142359801281715 0.20683751786358182 0.9731040514611822 0.0 0.0 0.0 0.0 0.0 0.0
46.56725755846741 63.28517061052231 83.5901634827809 0.9415449646021834 -0.3358233554257713 -0.02675357140362014 0.10142359801281715 0.20683751786358182 0.9731040514611822 0.0 0.0 0.0 0.0 0.0 0.0
46.601075427556474 63.004209989341334 84.04689380057712 0.9510671013521947 0.26680698239347683 -0.15583774533668085 0.10142359801281715 0.20683751786358182 0.9731040514611822 0.0 0.0 0.0 0.0 0.0 0.0
46.851689072324135 62.784068028192046 84.46810089942039 0.5992629453045366 0.7680728868265804 -0.22571655434817844 0.10142359801281715 0.20683751786358182 0.9731040514611822 0.0 0.0 0.0 0.0 0.0 0.0
47.2389047243298 62.73900830576232 84.83785590259784 0.01978877719353761 0.9775350600604058 -0.2098418705832617 0.10142359801281715 0.20683751786358182 0.9731040514611822 0.0 0.0 0.0 0.0 0.0 0.0
47.63063122871939 62.91677773103155 85.15977744477313 -0.5672034782239975 0.8156153204626414 -0.1142447518147813 0.10142359801281715 0.20683751786358182 0.9731040514611822 0.0 0.0 0.0 0.0 0.0 0.0
47.89306368240073 63.280466694263616 85.45565689217753 -0.9387056491277941 0.34382968426015736 0.024755858238524872 0.10142359801281715 0.20683751786358182 0.9731040514611822 0.0 0.0 0.0 0.0 0.0 0.0
47.941518153826976 63.722531644841396 85.75717943824634 -0.9535778496064309 -0.2585825975185254 0.15435130385113752 0.10142359801281715 0.20683751786358182 0.9731040514611822 0.0 0.0 0.0 0.0 0.0 0.0
47.772604524431074 64.10565268417852 86.0938863688847 -0.6061698820481416 -0.7627550272294401 0.22530610851452076 0.10142359801281715 0.20683751786358182 0.9731040514611822 0.0 0.0 0.0 0.0 0.0 0.0
47.46551445134913 64.31490369105857 86.4819518340482 -0.02846784167979178 -0.9771440695119016 0.21066335563598404 0.10142359801281715 0.20683751786358182 0.9731040514611822 0.0 0.0 0.0 0.0 0.0 0.0
47.15193513286053 64.3014146765475 86.91803801775747 0.5600496076996421 -0.8202997428091633 0.11598607184785625 0.10142359801281715 0.20683751786358182 0.9731040514611822 0.0 0.0 0.0 0.0 0.0 0.0
86.6740927211632 10.417106432843893 20.798829453561588 0.9374810546849626 -0.3479053846785103 -0.00954543966865756 0.2719797084183294 0.7152244893564704 0.6438019633656429 0.0 0.0 0.0 0.0 0.0 0.0
86.81054950013785 10.442964682510901 21.317863171651638 0.8867324025449491 0.07361076426096971 -0.4563848175189203 0.2719797084183294 0.7152244893564704 0.6438019633656429 0.0 0.0 0.0 0.0 0.0 0.0
87.1491369581737 10.485602508207364 21.73286395622808 0.49909928530294256 0.46716095315135964 -0.7298359728465054 0.2719797084183294 0.7152244893564704 0.6438019633656429 0.0 0.0 0.0 0.0 0.0 0.0
87.60149411399854 10.63472968787392 21.98149860782984 -0.07814999492070912 0.6832288854249283 -0.7260102398829531 0.2719797084183294 0.7152244893564704 0.6438019633656429 0.0 0.0 0.0 0.0 0.0 0.0
88.0360369760222 10.939598913470915 22.06463920240634 -0.6257087854757462 0.639726741147764 -0.446361078543961 0.2719797084183294 0.7152244893564704 0.6438019633656429 0.0 0.0 0.0 0.0 0.0 0.0
88.32794950070871 11.390293869841575 22.04603177508397 -0.935550347135531 0.35318171224782735 0.002868119293143012 0.2719797084183294 0.7152244893564704 0.6438019633656429 0.0 0.0 0.0 0.0 0.0 0.0
88.40660329432855 11.921496608632003 22.028078135644716 -0.8899606903508529 -0.06754295401839357 0.4510076706583846 0.2719797084183294 0.7152244893564704 0.6438019633656429 0.0 0.0 0.0 0.0 0.0 0.0
88.28239052058025 12.437302928928698 22.11293170892302 -0.5062600879526249 -0.46260692279505633 0.7278018674943673 0.2719797084183294 0.7152244893564704 0.6438019633656429 0.0 0.0 0.0 0.0 0.0 0.0
88.04277574385365 12.847657986618312 22.363687740796983 0.06977718607609834 -0.6819187872265846 0.7280919666709177 0.2719797084183294 0.7152244893564704 0.6438019633656429 0.0 0.0 0.0 0.0 0.0 0.0
87.81906667888865 13.102569635303022 22.780412359383025 0.6193049405021733 -0.6421583033166043 0.4517677546606647 0.2719797084183294 0.7152244893564704 0.6438019633656429 0.0 0.0 0.0 0.0 0.0 0.0
87.73652819459758 13.21110127854117 23.30011745185886 0.9335483938050348 -0.3584311436623578 0.0038094195007599696 0.2719797084183294 0.7152244893564704 0.6438019633656429 0.0 0.0 0.0 0.0 0.0 0.0
87.8667920960485 13.237928531303433 23.82069090162976 0.8931212042045635 0.061470000118366105 -0.4455961778175811 0.2719797084183294 0.7152244893564704 0.6438019633656429 0.0 0.0 0.0 0.0 0.0 0.0
88.20064300409996 13.278767872526833 24.239690688646434 0.513382336936544 0.45801766313052694 -0.72571233721222 0.2719797084183294 0.7152244893564704 0.6438019633656429 0.0 0.0 0.0 0.0 0.0 0.0
88.65151943200969 13.424012354472383 24.493264325561015 -0.06139906342861451 0.680556758272438 -0.7301182464366975 0.2719797084183294 0.7152244893564704 0.6438019633656429 0.0 0.0 0.0 0.0 0.0 0.0
89.08839994147895 13.724389770879885 24.580407485227145 -0.6128539330596448 0.6445409626444306 -0.4571400269137609 0.2719797084183294 0.7152244893564704 0.6438019633656429 0.0 0.0 0.0 0.0 0.0 0.0
89.38558037762378 14.171690320002694 24.56334556137435 -0.9314753471499708 0.36365327915757617 -0.010486668192618898 0.2719797084183294 0.7152244893564704 0.6438019633656429 0.0 0.0 0.0 0.0 0.0 0.0
89.47043097907687 14.70188564555184 24.543893201177088 -0.8962137034207146 -0.05539236503983843 0.44015075110264135 0.2719797084183294 0.7152244893564704 0.6438019633656429 0.0 0.0 0.0 0.0 0.0 0.0
89.35098963863581 15.219454279747232 24.624773218543034 -0.5204654898678648 -0.4533935236476623 0.7235675411258846 0.2719797084183294 0.7152244893564704 0.6438019633656429 0.0 0.0 0.0 0.0 0.0 0.0
89.11290817340289 15.633671845961091 24.87059047967571 0.05301626500473455 -0.6791429022862658 0.7320889248712439 0.2719797084183294 0.7152244893564704 0.6438019633656429 0.0 0.0 0.0 0.0 0.0 0.0
88.88691176744595 15.893078766229534 25.283287434267997 0.6063562544173532 -0.6468745376825091 0.4624774861839184 0.2719797084183294 0.7152244893564704 0.6438019633656429 0.0 0.0 0.0 0.0 0.0 0.0
63.71618576829416 91.95117509989913 17.922752998334616 -0.2839518475963613 0.6267925759189928 0.7256048614910503 0.9587619111274059 0.17603716307447428 0.22312892010677426 0.0 0.0 0.0 0.0 0.0 0.0
64.06177698077205 92.35827464589374 17.863408448227503 -0.23712090194082402 0.06264791140957882 0.9694580532745022 0.9587619111274059 0.17603716307447428 0.22312892010677426 0.0 0.0 0.0 0.0 0.0 0.0
64.35331647619151 92.77965478526538 18.025051891868355 -0.10020376118790245 -0.5252977420615565 0.8449979221446808 0.9587619111274059 0.17603716307447428 0.22312892010677426 0.0 0.0 0.0 0.0 0.0 0.0
64.62201452109527 93.08129328780555 18.379312638449985 0.07478246375784944 -0.9136740008136105 0.3995089527802303 0.9587619111274059 0.17603716307447428 0.22312892010677426 0.0 0.0 0.0 0.0 0.0 0.0
64.90775923096567 93.17465977311149 18.824641463388435 0.22135758042587567 -0.9549302308419045 -0.19776014717892126 0.9587619111274059 0.17603716307447428 0.22312892010677426 0.0 0.0 0.0 0.0 0.0 0.0
65.24396240825916 93.05034988225007 19.224890856554918 0.28383525138872756 -0.6333925005913075 -0.7198968608514611 0.9587619111274059 0.17603716307447428 0.22312892010677426 0.0 0.0 0.0 0.0 0.0 0.0
65.64486584003762 92.78165815094916 19.46103973763872 0.23847916487666382 -0.07121836960819045 -0.9685327210528717 0.9587619111274059 0.17603716307447428 0.22312892010677426 0.0 0.0 0.0 0.0 0.0 0.0
66.10013060495346 92.49673219005517 19.4764115544836 0.10252085646894477 0.5180128106967202 -0.8492068075227363 0.9587619111274059 0.17603716307447428 0.22312892010677426 0.0 0.0 0.0 0.0 0.0 0.0
66.57876500232723 92.32988726565878 19.29820665283334 -0.07238683936863984 0.910442263505608 -0.40725302983403744 0.9587619111274059 0.17603716307447428 0.22312892010677426 0.0 0.0 0.0 0.0 0.0 0.0
67.04089881738926 92.37057768387562 19.027168410218174 -0.21979356468666347 0.9569794786258125 0.18942298279616743 0.9587619111274059 0.17603716307447428 0.22312892010677426 0.0 0.0 0.0 0.0 0.0 0.0
67.45293068246515 92.6294116043566 18.7993091424916 -0.28369704002778834 0.6399441899724233 0.7141340372787238 0.9587619111274059 0.17603716307447428 0.22312892010677426 0.0 0.0 0.0 0.0 0.0 0.0
67.80029379834016 93.03412082307767 18.73423675103297 -0.23981926670078918 0.07978340425222336 0.9675336313147059 0.9587619111274059 0.17603716307447428 0.22312892010677426 0.0 0.0 0.0 0.0 0.0 0.0
68.0929901048248 93.45701667130844 18.889713681276017 -0.10483014438984198 -0.5106884306507811 0.8533510225145609 0.9587619111274059 0.17603716307447428 0.22312892010677426 0.0 0.0 0.0 0.0 0.0 0.0
68.3617903765973 93.7635010757035 19.239712003951986 0.06998570244135463 -0.9071411924943189 0.41496609299287857 0.9587619111274059 0.17603716307447428 0.22312892010677426 0.0 0.0 0.0 0.0 0.0 0.0
68.6465438914434 93.86320261672627 19.684301860582607 0.2182128108165344 -0.9589558487173262 -0.18107139311989257 0.9587619111274059 0.17603716307447428 0.22312892010677426 0.0 0.0 0.0 0.0 0.0 0.0
68.98103902338121 93.74431014186031 20.087616487454127 0.2835372240388727 -0.6464471451258281 -0.7083168296341653 0.9587619111274059 0.17603716307447428 0.22312892010677426 0.0 0.0 0.0 0.0 0.0 0.0
69.3801664744602 93.47806001992245 20.329470270723323 0.2411411053592568 -0.08834236308112853 -0.9664608601445568 0.9587619111274059 0.17603716307447428 0.22312892010677426 0.0 0.0 0.0 0.0 0.0 0.0
69.83426204809334 93.19167225354055 20.35101927051283 0.10713144908937708 0.5033251597036371 -0.8574302515221381 0.9587619111274059 0.17603716307447428 0.22312892010677426 0.0 0.0 0.0 0.0 0.0 0.0
70.3127782389173 93.02001747315023 20.177117017488786 -0.06757923583186823 0.9037710391690814 -0.4226475548771318 0.9587619111274059 0.17603716307447428 0.22312892010677426 0.0 0.0 0.0 0.0 0.0 0.0
70.775889740807 93.0543773295757 19.906872241031873 -0.2166154391960168 0.9608591906082118 0.17270601415598535 0.9587619111274059 0.17603716307447428 0.22312892010677426 0.0 0.0 0.0 0.0 0.0 0.0
58.06211614340996 75.25058265509796 78.56156899130471 0.7406209407596626 -0.6548657990747635 0.15043738667779277 0.6207779443171844 0.7525542858706633 0.21976530815173487 0.0 0.0 0.0 0.0 0.0 0.0
58.29802057850027 75.44485442170149 79.00348830557354 0.7507071889074605 -0.4897892315781395 -0.443334213830552 0.6207779443171844 0.7525542858706633 0.21976530815173487 0.0 0.0 0.0 0.0 0.0 0.0
58.705048740923075 75.52747871755555 79.34434957185015 0.47558722483444016 -0.13863354616572077 -0.868675734351888 0.6207779443171844 0.7525542858706633 0.21976530815173487 0.0 0.0 0.0 0.0 0.0 0.0
59.220487026211266 75.57850149219902 79.48719617714833 0.019783722652446545 0.26519134126434235 -0.9639928199091679 0.6207779443171844 0.7525542858706633 0.21976530815173487 0.0 0.0 0.0 0.0 0.0 0.0
59.740435011700576 75.68997464142795 79.41030058881614 -0.44353594653141526 0.5682656043852982 -0.6930729160824944 0.6207779443171844 0.7525542858706633 0.21976530815173487 0.0 0.0 0.0 0.0 0.0 0.0
60.15927896422217 75.93098395305702 79.17541900745537 -0.7383488941024197 0.6554462635060349 -0.15884302387486293 0.6207779443171844 0.7525542858706633 0.21976530815173487 0.0 0.0 0.0 0.0 0.0 0.0
60.409816263100936 76.32140226107593 78.90432915380433 -0.7526507522687117 0.49361192864369363 0.43573398881656483 0.6207779443171844 0.7525542858706633 0.21976530815173487 0.0 0.0 0.0 0.0 0.0 0.0
60.488786799317865 76.8243394237607 78.73256487661442 -0.48100800599859983 0.14424616933826667 0.8647683740727835 0.6207779443171844 0.7525542858706633 0.21976530815173487 0.0 0.0 0.0 0.0 0.0 0.0
60.458111545432466 77.36015750528483 78.75792457750437 -0.02662227622462271 -0.25992112136611045 0.9652627958625578 0.6207779443171844 0.7525542858706633 0.21976530815173487 0.0 0.0 0.0 0.0 0.0 0.0
60.421367742844 77.83672655901513 79.00331596308322 0.43787770138781057 -0.5653400324140967 0.6990377431708202 0.6207779443171844 0.7525542858706633 0.21976530815173487 0.0 0.0 0.0 0.0 0.0 0.0
60.48443817606472 78.18442633456819 79.40805302421312 0.7360206193182555 -0.6559768131666786 0.1672365645606788 0.6207779443171844 0.7525542858706633 0.21976530815173487 0.0 0.0 0.0 0.0 0.0 0.0
60.715284532617964 78.38259617491956 79.85091166549672 0.75453699836117 -0.49739703524978696 -0.42810058097231707 0.6207779443171844 0.7525542858706633 0.21976530815173487 0.0 0.0 0.0 0.0 0.0 0.0
61.11812762168918 78.46738434543512 80.19618476587749 0.48639215654080276 -0.14984780760654745 -0.8607951583339069 0.6207779443171844 0.7525542858706633 0.21976530815173487 0.0 0.0 0.0 0.0 0.0 0.0
61.63184381814822 78.51801470349181 80.34523958283108 0.033458802407390464 0.25463110746815926 -0.9664592633168763 0.6207779443171844 0.7525542858706633 0.21976530815173487 0.0 0.0 0.0 0.0 0.0 0.0
62.15318694966881 78.62668823050784 80.27398998030192 -0.4321861101619342 0.5623714076106222 -0.7049493358285692 0.6207779443171844 0.7525542858706633 0.21976530815173487 0.0 0.0 0.0 0.0 0.0 0.0
62.57601324377922 78.86355433758375 80.04204715448937 -0.7336362937143119 0.6564574076532803 -0.17561736953462104 0.6207779443171844 0.7525542858706633 0.21976530815173487 0.0 0.0 0.0 0.0 0.0 0.0
62.83160712165357 79.2500599313897 79.77007234376558 -0.756365783539896 0.5011442631458933 0.4204345716113691 0.6207779443171844 0.7525542858706633 0.21976530815173487 0.0 0.0 0.0 0.0 0.0 0.0
62.91478739537091 79.75080137574827 79.59393560686961 -0.4917392664371427 0.1554380343841178 0.8567563897110188 0.6207779443171844 0.7525542858706633 0.21976530815173487 0.0 0.0 0.0 0.0 0.0 0.0
62.8858756878313 80.28697492493556 79.61309651596613 -0.0402927805728151 -0.24932170242553173 0.9675821311564935 0.6207779443171844 0.7525542858706633 0.21976530815173487 0.0 0.0 0.0 0.0 0.0 0.0
62.847779239692315 80.76631558421005 79.8528178023048 0.42646160629049124 -0.5593599560471505 0.710807243865072 0.6207779443171844 0.7525542858706633 0.21976530815173487 0.0 0.0 0.0 0.0 0.0 0.0
90.85698929834692 21.46566299583856 16.006351691724213 0.3680678390971435 0.24396080975496215 -0.8972230431314515 0.7714293505433978 0.4585661258861406 0.4411506152211145 0.0 0.0 0.0 0.0 0.0 0.0
91.38223164747123 21.37156119608243 16.06920412276215 -0.006211899111533359 0.6986838801675623 -0.7154035559762248 0.7714293505433978 0.4585661258861406 0.4411506152211145 0.0 0.0 0.0 0.0 0.0 0.0
91.90605799399762 21.43672440879461 15.968980290705103 -0.37813163299032415 0.8879652631329702 -0.26179029699602263 0.7714293505433978 0.4585661258861406 0.4411506152211145 0.0 0.0 0.0 0.0 0.0 0.0
92.34368922288594 21.704299331177825 15.80908135221057 -0.6063928374723264 0.7398937966466657 0.2912814727133242 0.7714293505433978 0.4585661258861406 0.4411506152211145 0.0 0.0 0.0 0.0 0.0 0.0
92.64309318539226 22.140533067787434 15.715580034586225 -0.6042752646510045 0.3107243064496963 0.7336905409723595 0.7714293505433978 0.4585661258861406 0.4411506152211145 0.0 0.0 0.0 0.0 0.0 0.0
92.80475258230784 22.64759641982921 15.789323498862135 -0.372583415845108 -0.23649454280087726 0.8973583060643029 0.7714293505433978 0.4585661258861406 0.4411506152211145 0.0 0.0 0.0 0.0 0.0 0.0
92.88148157785817 23.10075083339821 16.06761981724082 0.0006591019028653888 -0.6938651612634985 0.7201046476516176 0.7714293505433978 0.4585661258861406 0.4411506152211145 0.0 0.0 0.0 0.0 0.0 0.0
92.958360815708 23.395738661624698 16.510064012709822 0.37365121581834393 -0.887624804155265 0.26927119408841366 0.7714293505433978 0.4585661258861406 0.4411506152211145 0.0 0.0 0.0 0.0 0.0 0.0
93.12041385996056 23.48839238781484 17.013888585343906 0.6046869857292494 -0.7441609436531201 -0.28386288808326376 0.7714293505433978 0.4585661258861406 0.4411506152211145 0.0 0.0 0.0 0.0 0.0 0.0
93.42030532163663 23.411414603484197 17.45300660370765 0.6059920599343457 -0.3179778989496652 -0.7291527131377105 0.7714293505433978 0.4585661258861406 0.4411506152211145 0.0 0.0 0.0 0.0 0.0 0.0
93.85833269244229 23.26195374708279 17.72591423816883 0.3770706189234394 0.22901026587173146 -0.8974252316878841 0.7714293505433978 0.4585661258861406 0.4411506152211145 0.0 0.0 0.0 0.0 0.0 0.0
94.38231332269609 23.16469578799266 17.794253762829236 0.0048937454989632645 0.6889936018409956 -0.724750900570094 0.7714293505433978 0.4585661258861406 0.4411506152211145 0.0 0.0 0.0 0.0 0.0 0.0
94.90740948239036 23.2244939421214 17.697386296900365 -0.36914234365963067 0.8872167491121438 -0.27673158513684976 0.7714293505433978 0.4585661258861406 0.4411506152211145 0.0 0.0 0.0 0.0 0.0 0.0
95.34835963323233 23.486533182126568 17.537437857432177 -0.6029350847310695 0.7483714199225787 0.27642268619525534 0.7714293505433978 0.4585661258861406 0.4411506152211145 0.0 0.0 0.0 0.0 0.0 0.0
95.6518707125385 23.91916371085063 17.44049997797985 -0.6076627065761304 0.32520727620152684 0.7245593575009259 0.7714293505433978 0.4585661258861406 0.4411506152211145 0.0 0.0 0.0 0.0 0.0 0.0
95.81686505876048 24.42592524841749 17.508725426868157 -0.3815291066142529 -0.22150854892419106 0.8974238149055486 0.7714293505433978 0.4585661258861406 0.4411506152211145 0.0 0.0 0.0 0.0 0.0 0.0
95.89488983312492 24.882193905287302 17.78151866260166 -0.010446220223126579 -0.684069572888166 0.7293419609015039 0.7714293505433978 0.4585661258861406 0.4411506152211145 0.0 0.0 0.0 0.0 0.0 0.0
95.9705333912608 25.182528881492978 18.220565421271438 0.36460535988225373 -0.8867411290785792 0.2841709020036671 0.7714293505433978 0.4585661258861406 0.4411506152211145 0.0 0.0 0.0 0.0 0.0 0.0
96.12928875265418 25.280731189423843 18.724388945994402 0.6011372678918276 -0.7525249048109732 -0.2689614336494799 0.7714293505433978 0.4585661258861406 0.4411506152211145 0.0 0.0 0.0 0.0 0.0 0.0
96.42507337317831 25.20739542162482 19.166902703454085 0.6092870773501461 -0.33241188766021545 -0.7199108238638228 0.7714293505433978 0.4585661258861406 0.4411506152211145 0.0 0.0 0.0 0.0 0.0 0.0
53.076770752810035 81.961450093099 94.9722122795851 0.7468714075493151 -0.3060868149900016 0.5903337719244777 0.05563526385828479 0.9134126743677083 0.403214587682353 0.0 0.0 0.0 0.0 0.0 0.0
52.95044877447992 82.18818181734218 95.442659497805 0.9935489702450562 -0.09061580227234167 0.06818518976675247 0.05563526385828479 0.9134126743677083 0.403214587682353 0.0 0.0 0.0 0.0 0.0 0.0
53.05060631517923 82.39425766660614 95.92864953217767 0.8627606678917582 0.15928166874400243 -0.4798680859789416 0.05563526385828479 0.9134126743677083 0.403214587682353 0.0 0.0 0.0 0.0 0.0 0.0
53.34743017727127 82.6366417772721 96.30525362125239 0.4041951632172447 0.3486653707570128 -0.8456114528946845 0.05563526385828479 0.9134126743677083 0.403214587682353 0.0 0.0 0.0 0.0 0.0 0.0
53.7363903395367 82.95850417017289 96.48910055303257 -0.20793084174625187 0.4055852690453022 -0.8900928909861849 0.05563526385828479 0.9134126743677083 0.403214587682353 0.0 0.0 0.0 0.0 0.0 0.0
54.077952659883515 83.37281973791431 96.47005078230562 -0.7410604435120627 0.3084165425991993 -0.5964131582324961 0.05563526385828479 0.9134126743677083 0.403214587682353 0.0 0.0 0.0 0.0 0.0 0.0
54.250590228814254 83.85743886624557 96.31504861339342 -0.9926487929177489 0.09407521517005009 -0.07614609517003368 0.05563526385828479 0.9134126743677083 0.403214587682353 0.0 0.0 0.0 0.0 0.0 0.0
54.19695347416566 84.36350244283493 96.14268893969125 -0.8671132696912025 -0.15600685935592212 0.47305014254234445 0.05563526385828479 0.9134126743677083 0.403214587682353 0.0 0.0 0.0 0.0 0.0 0.0
53.94565822240719 84.83400425092533 96.07816106086617 -0.41214691794821035 -0.3468193197169856 0.8425267221262702 0.05563526385828479 0.9134126743677083 0.403214587682353 0.0 0.0 0.0 0.0 0.0 0.0
53.600414067734214 85.22544858417356 96.2056871748599 0.199400938652308 -0.40586932200776193 0.8919133136788221 0.05563526385828479 0.9134126743677083 0.403214587682353 0.0 0.0 0.0 0.0 0.0 0.0
53.300623363301185 85.52437499269942 96.53652495677083 0.7351930448529045 -0.3107227830945955 0.6024471253694076 0.05563526385828479 0.9134126743677083 0.403214587682353 0.0 0.0 0.0 0.0 0.0 0.0
53.168419936575255 85.75247213304198 97.00469057986572 0.9916730215416649 -0.09752746387589695 0.084101201753356 0.05563526385828479 0.9134126743677083 0.403214587682353 0.0 0.0 0.0 0.0 0.0 0.0
53.262268406312785 85.9583378849253 97.49202707454656 0.8713998374579944 0.15272016944149608 -0.4661961745059049 0.05563526385828479 0.9134126743677083 0.403214587682353 0.0 0.0 0.0 0.0 0.0 0.0
53.55475249641751 86.19901620423816 97.87309413657988 0.4200672860956826 0.3449468570429957 -0.8393778296859915 0.05563526385828479 0.9134126743677083 0.403214587682353 0.0 0.0 0.0 0.0 0.0 0.0
53.94299093760517 86.51832517046775 98.06282499592521 -0.1908558504048738 0.40612246644996325 -0.8936658137194402 0.05563526385828479 0.9134126743677083 0.403214587682353 0.0 0.0 0.0 0.0 0.0 0.0
54.28772378168775 86.93020976570327 98.04884470491398 -0.7292696583969653 0.3130053608470462 -0.6084352138252535 0.05563526385828479 0.9134126743677083 0.403214587682353 0.0 0.0 0.0 0.0 0.0 0.0
54.466219584192245 87.4134439427926 97.89617158776683 -0.9906217304255722 0.100972285487776 -0.0920499037045539 0.05563526385828479 0.9134126743677083 0.403214587682353 0.0 0.0 0.0 0.0 0.0 0.0
54.418903132076274 87.91969475553596 97.72251569217387 -0.875620044753402 -0.1494218492948876 0.4593067038258245 0.05563526385828479 0.9134126743677083 0.403214587682353 0.0 0.0 0.0 0.0 0.0 0.0
54.17198906320734 88.39188485303099 97.65355877417011 -0.427955664492962 -0.3430481253303266 0.8361650153741984 0.05563526385828479 0.9134126743677083 0.403214587682353 0.0 0.0 0.0 0.0 0.0 0.0
53.82752248715159 88.78587711956294 97.77520569773088 0.18229622774550264 -0.406344683093978 0.8953502576483752 0.05563526385828479 0.9134126743677083 0.403214587682353 0.0 0.0 0.0 0.0 0.0 0.0
