t = 20
b = 13 13 13
E = -1.02861773049317 -1.02861773049317 0
10.7322137909071 3.94980775034429 9.16838675157924 0.266372535122229 -0.370198288330076 0.889943200350471 0.266917813199741 0.915524728997864 0.300947423298584 0 0 0 0 0 0
10.6385002825041 4.23053538241938 9.4911140231702 0.794273845365449 -0.292440244512461 0.53254836583908 0.143706528330569 0.942092369522594 0.303002311876459 0 0 0 0 0 0
10.5707126118542 4.49939562767316 9.9513358200772 0.98476935864831 -0.131139415352223 -0.114156751918024 0.159562653454804 0.942454228413123 0.293802292313533 0 0 0 0 0 0
10.8136705870403 4.88027276773141 10.3354497456611 0.709014612499048 0.150896426198955 -0.688860325336863 0.288851998015466 0.828989717926759 0.4788951563904 0 0 0 0 0 0
11.2333999529672 5.03111581963656 10.6350473677961 0.191630550141567 0.418332133391347 -0.887849062861861 0.30873688548628 0.832998270976638 0.459124619346603 0 0 0 0 0 0
11.5956876361249 5.45282239112361 10.6194931699753 -0.455233413388623 0.378811905261919 -0.805769247220553 0.246247945506702 0.923246862753377 0.29491893759095 0 0 0 0 0 0
11.8077814362524 5.8585139908277 10.4671001496661 -0.868511293510909 0.329964676378043 -0.369880312245383 0.239369280333582 0.932648745857883 0.269941965026378 0 0 0 0 0 0
11.8555553591455 6.33087882901684 10.4578185154431 -0.996289862589429 0.0753051459861677 0.0416610692318175 0.0844981201745362 0.947780255588148 0.307526673321574 0 0 0 0 0 0
11.7706443180552 6.85127853466003 10.3712052623844 -0.682167353403968 -0.129018974055877 0.719723423464455 0.114567876770853 0.953292166291844 0.279478527437836 0 0 0 0 0 0
11.5826177396804 7.32720385983789 10.2947007508982 -0.0185717365051238 -0.27704302617104 0.960678016951141 0.117168954752356 0.953620083886351 0.277272738744416 0 0 0 0 0 0
11.4458540217496 7.7312137850804 10.6130105652037 0.341177417662362 -0.53093631753354 0.775696201100125 0.102610264657114 0.841314168994272 0.530718006700803 0 0 0 0 0 0
11.3960528288765 8.10688187629698 10.9857846174954 0.579402148890356 -0.662899748474551 0.474190967157341 0.103324378502096 0.636846337073391 0.764035873348471 0 0 0 0 0 0
11.3146750908923 8.14262230186639 11.4454145697161 0.999339787304022 -0.0220361686097202 -0.0288859270953205 0.0363310842660585 0.610593485939621 0.791110388785379 0 0 0 0 0 0
11.4533219558282 8.36241756287493 11.8990418169103 0.847073600657261 0.0741927789808311 -0.526271552163562 0.28982538400154 0.765534845572746 0.574419399918102 0 0 0 0 0 0
11.8043483429448 8.60534758911318 12.2149250356784 0.2939096126829 0.33368379447806 -0.895696524987851 0.566386987297121 0.694048156481136 0.4444130253555 0 0 0 0 0 0
12.2451930721894 8.84989883738641 12.4007629052949 -0.242702896268228 0.519053208580748 -0.819560291134853 0.616352979990562 0.734896225779881 0.282907301763741 0 0 0 0 0 0
12.6235444930423 9.226279623607 12.339949294907 -0.733419739037508 0.565603683847543 -0.377078187128668 0.476789276309992 0.823399173440588 0.30771055746131 0 0 0 0 0 0
12.818455905436 9.72356211138334 12.1892248947112 -0.871733372730087 0.427897827856314 0.238714004164973 0.477875539107947 0.850097113313078 0.221291362368847 0 0 0 0 0 0
12.9515508961363 10.2280051812194 12.0129570996633 -0.612462272201027 0.324417032551338 0.720863061975671 0.353282491067474 0.928104997374065 -0.117526998406524 0 0 0 0 0 0
12.7746281617662 10.7002007584136 11.8274448761859 0.068785776032112 0.0231888034635906 0.997361918467708 0.165553236859964 0.985603041089468 -0.0343332369633587 0 0 0 0 0 0
7.7282208659448 2.39661281381707 0.228169770739538 0.00577328404307384 -0.715980080489301 0.698096836788345 0.35793013938255 0.653335623237835 0.667112118560305 0 0 0 0 0 0
7.56777276849042 2.60819846820859 0.695259720318142 0.859657321856598 -0.450515535787702 0.240883874496117 0.191248956605401 0.721028649288146 0.665989131670373 0 0 0 0 0 0
7.63602465749248 2.60674580753356 1.22819937125713 0.935704397457434 0.182641419296474 -0.301826759145359 0.123176965004417 0.63256940085865 0.764645923542151 0 0 0 0 0 0
7.84886297571545 2.64245456853621 1.61191027046612 0.15252717625594 0.906130415852838 -0.394541670764639 0.14310345511528 0.374756207218497 0.916012656181822 0 0 0 0 0 0
7.98384687591399 2.95748892539238 2.00227510731977 -0.283593236763208 0.755388076445617 -0.590731521104095 0.0776431457609403 0.632087625398492 0.770997260523305 0 0 0 0 0 0
8.19805995740709 3.36996359925016 2.07670494138937 -0.969051328748659 0.221777594232029 -0.108416884972369 0.0615708521103788 0.642445375753769 0.763854023582387 0 0 0 0 0 0
8.18937174907239 3.86488331682444 2.15371606293209 -0.92887363261845 -0.264928985202159 0.258855958838039 0.00808215726653799 0.684197834885287 0.729251672245052 0 0 0 0 0 0
7.98782965881817 4.32467542489719 2.43912893951527 -0.527751012986325 -0.708740717287316 0.468151112303463 -0.126917491792813 0.610766481797571 0.781572936449081 0 0 0 0 0 0
7.7492100538568 4.62842573786134 2.67682160253308 0.186628901360703 -0.752434846355274 0.631673535275313 -0.158591905168341 0.611463197600276 0.775216979687315 0 0 0 0 0 0
7.45962826099501 4.66339110463109 3.12379140288789 0.777310080714649 -0.396992538051823 0.488042993137447 -0.0437737978876154 0.739748482202378 0.671458142923126 0 0 0 0 0 0
7.23882648484376 4.82410759454369 3.57037466832662 0.998209782205453 -0.049804379482774 0.0331172839115606 -0.00170103984298452 0.52984405936224 0.848093378833956 0 0 0 0 0 0
7.33768334523846 4.74168031031636 4.09202413500532 0.80479693239079 0.484354299971801 -0.343078430848111 0.0736421222729466 0.492062868397927 0.867439318552682 0 0 0 0 0 0
7.62430448642731 4.77130534972969 4.54221106306005 0.386611665465212 0.811226822599345 -0.43868264431316 0.124777659892538 0.42528443559555 0.896417137515742 0 0 0 0 0 0
7.8839912545167 4.8847261730262 4.95484290290604 -0.257320560409938 0.805058523211803 -0.534478159885273 0.0327729955300641 0.56005572316488 0.827806449427793 0 0 0 0 0 0
8.20590205522872 5.26025938743262 5.16468413665405 -0.6969002551209 0.616815486667803 -0.36588070435483 0.117735790991173 0.601651884688213 0.790033729134905 0 0 0 0 0 0
8.30867122531925 5.74541627006996 5.27576192639993 -0.965842034156424 0.25762254630301 -0.0279246968279715 0.163556981426583 0.689649113761077 0.705431225361612 0 0 0 0 0 0
8.31516225473651 6.37306394925662 5.33424990047306 -0.849757740374881 -0.272226676881821 0.451447027974332 0.125261165410845 0.727564523634915 0.674506860148818 0 0 0 0 0 0
8.09820447355187 6.85121571737937 5.44820300461198 -0.439025083793628 -0.539820088852006 0.718227852057974 0.136807485496217 0.749900442442545 0.647250367583269 0 0 0 0 0 0
7.79078941677424 7.19563744478544 5.72307526344396 0.228879959252344 -0.718169890076342 0.657149886434123 0.149272667173535 0.692978876248035 0.705335344292989 0 0 0 0 0 0
7.53123989530574 7.38197494218235 6.15504457379792 0.748521881344326 -0.449424424693039 0.487578383070949 0.0393747133164535 0.7641164719411 0.643875492047595 0 0 0 0 0 0
9.06070878342699 13.1381249035916 7.46674180174782 0.767188015130553 0.132477892336713 0.627592349763814 0.421810976161437 0.632906343554438 -0.649234210958024 0 0 0 0 0 0
9.07842110740187 13.6651708550514 7.42356044202449 0.925816830888632 -0.377780372105766 0.0120493192737514 0.292776744225998 0.696609530126034 -0.654993847740582 0 0 0 0 0 0
9.41950621403667 14.0802212825873 7.41466129866697 0.553009452449154 -0.698961442832793 -0.453468242476789 0.333430454734202 0.684441748683963 -0.648354551548906 0 0 0 0 0 0
9.88752614222186 14.3373274565143 7.3269316140177 -0.175206090998554 -0.598351152686733 -0.781843158028171 0.424411325564022 0.670649695621728 -0.60836174476661 0 0 0 0 0 0
10.3181478603027 14.4426595954554 7.11419793922744 -0.870596990970379 0.153409582961447 -0.467468051495412 0.440972627889024 0.664664126448427 -0.603129124205753 0 0 0 0 0 0
10.5751902647339 14.7799356950288 6.67574780195793 -0.943912626076623 -0.146447392439437 -0.29594275727043 0.221896827891729 0.382382600570011 -0.896964516886206 0 0 0 0 0 0
10.6528780112055 14.6967931896319 6.20953790578058 -0.807119575590793 0.583853668268588 -0.0875950041238242 0.324033434114464 0.314058752662272 -0.89239533473243 0 0 0 0 0 0
10.5139443601728 14.7300936553847 5.68360198588316 -0.274623900885451 0.908950244370001 0.313673662142958 0.335171558724395 0.396246234898558 -0.854780057997949 0 0 0 0 0 0
10.2955324478595 14.9795370259724 5.26080257298402 0.352536224115695 0.736960954139792 0.576720697356716 0.348622134916437 0.46849659743865 -0.811771855409334 0 0 0 0 0 0
10.0900011340787 15.2508343074045 4.89884646466199 0.73459018679164 0.406120907196485 0.543546747030398 0.267681577701881 0.56264923680686 -0.782158813336327 0 0 0 0 0 0
10.0587045178379 15.7697569651737 4.76310811641802 0.988057953500255 -0.149944923017662 0.0354683039644764 0.137861362336611 0.757490321230825 -0.638124328024183 0 0 0 0 0 0
10.2306330516825 16.2946944056083 4.55784281029077 0.885130565575388 -0.453352612666851 0.104953753969709 0.393393846975794 0.608521704515796 -0.689160805831829 0 0 0 0 0 0
10.4888907623197 16.7377037812591 4.47544793330156 0.424912533567944 -0.798630620358705 -0.426190651049904 0.343708453914343 0.577885617725746 -0.740211261420377 0 0 0 0 0 0
10.9349482249064 16.8868013027372 4.21566384741837 -0.406642866125785 -0.671660961354366 -0.619284371207232 0.143899058090029 0.622309520218322 -0.769430907961491 0 0 0 0 0 0
11.1980264556079 17.0171800358507 3.74407666539035 -0.827864726670205 -0.407018359208535 -0.385974156651011 0.133085708739017 0.525926732369934 -0.840053133026786 0 0 0 0 0 0
11.2650234761425 17.2175472075905 3.23352267654295 -0.952710828912514 -0.29399787575494 -0.0768591277885309 -0.0867009722387153 0.505398235410737 -0.858519402842228 0 0 0 0 0 0
11.1145958716519 17.1376435432239 2.73442475911759 -0.959584813521362 0.250442379935009 0.128357313744331 0.0171076334921281 0.507175550019252 -0.8616729601995 0 0 0 0 0 0
10.9384728655157 17.2590355534148 2.29005563566519 -0.469808218993341 0.64694557015068 0.600617737524223 0.0488486810112768 0.698389489835791 -0.714048966703518 0 0 0 0 0 0
10.6048274540878 17.5371218774603 1.97377437170805 0.469752329157029 0.681170496379589 0.561550980867749 -0.0445448523978068 0.653582509474989 -0.755543287597233 0 0 0 0 0 0
10.3521269526612 17.9257842116949 1.78376964141818 0.987091273288832 0.159193015544293 -0.0175613780480724 -0.124404369181602 0.69304906907293 -0.710075024758421 0 0 0 0 0 0
22.6548395338408 1.23215908467138 8.51361160348347 -0.170044506125768 -0.974335334461592 0.1474975320338 0.933315910967797 -0.111203305914525 0.341401867434894 0 0 0 0 0 0
22.7584510028331 1.05472465732204 8.97104049262786 0.28418776412926 -0.827791006105704 -0.483734808474353 0.884220964613193 0.0312313085842774 0.466023487715617 0 0 0 0 0 0
23.0893080081253 0.829016020435168 9.32919458712086 0.416650295356113 -0.23653813631172 -0.877754089395112 0.908315825007977 0.0690822142917641 0.412540918829424 0 0 0 0 0 0
23.5397287347559 0.596754814336407 9.48006334023434 0.266949512811601 0.477363609641374 -0.837174976811781 0.922044008443433 0.126159686196626 0.365948876309705 0 0 0 0 0 0
24.1121897045428 0.629080004021628 9.25229950127827 0.0278479450925649 0.944745924543336 -0.326618477757888 0.962749605290259 0.0625655343522923 0.263056555562985 0 0 0 0 0 0
24.6268332581468 0.657131999004756 9.10050951336841 -0.21665046357525 0.96134443050715 0.169939585045723 0.883559291141337 0.119054250886464 0.452933841066972 0 0 0 0 0 0
25.0907638191695 0.903858874997623 8.98835165439126 -0.339985749054615 0.468483778500761 0.815434019232348 0.935399349547962 0.0788893639937158 0.344680323073301 0 0 0 0 0 0
25.5737855341013 1.03050565637608 9.28814304294955 -0.671814725712737 0.419874428048237 0.610221631038007 0.739410362892467 0.331190402089838 0.586161439204936 0 0 0 0 0 0
25.7848318066422 1.47086023122633 9.48801454155308 -0.561236127379798 -0.359030722660913 0.745728469021607 0.688149033665786 0.298187852408123 0.661464218337679 0 0 0 0 0 0
26.0202678151121 1.87210499444013 9.84164651141856 -0.134827676384981 -0.830879493412894 0.539871063409181 0.657590569413616 0.332537327098801 0.676012994774703 0 0 0 0 0 0
26.0637944783972 2.02851780503435 10.3042827951356 0.568524345592378 -0.81942831929057 -0.0729198053575986 0.685873885424532 0.42317980268706 0.592026914836138 0 0 0 0 0 0
26.3712686596865 1.95976750335515 10.739504722407 0.631312523312529 -0.278275392526884 -0.723883487740103 0.759483941763337 0.410724420879344 0.504469614840132 0 0 0 0 0 0
26.7911911828961 1.88948975005188 11.0488258938481 0.338588280490542 0.249787890723607 -0.907173625036745 0.73325205339864 0.534144842467357 0.420750179384634 0 0 0 0 0 0
27.3068789344977 1.94722599094586 10.9672309114161 -0.30791097559693 0.84296549367499 -0.441134908593988 0.759864859085078 0.496905595164556 0.419154178580835 0 0 0 0 0 0
27.7800434960008 2.13582729807213 10.918249436906 -0.708706939340974 0.705496975574102 -0.00291403255690888 0.631900305841042 0.63660143444723 0.442086662474369 0 0 0 0 0 0
28.1090105767324 2.60554515311029 10.9119094668394 -0.811905972073413 0.250113664961691 0.527495826628948 0.541781649092618 0.659370112142116 0.521252050279111 0 0 0 0 0 0
28.1924603476272 3.13520222614357 10.9463278172034 -0.504129903828612 -0.199451929354765 0.840280886336477 0.601156703849791 0.617509274414036 0.507240488751741 0 0 0 0 0 0
28.18203128352 3.54548010236051 11.2587410556161 -0.0433075078222638 -0.687891363001396 0.724520484509793 0.582707104571136 0.571681165438112 0.577609795074187 0 0 0 0 0 0
28.0993255136338 3.81743860554509 11.7146834097482 0.464569629232503 -0.822987847458224 0.326903751172811 0.501444174071936 0.548756473780023 0.668894664931504 0 0 0 0 0 0
28.1994049243886 3.84591078830795 12.2365425236739 0.739002663017064 -0.661803480494137 -0.126060371487377 0.509863918793502 0.427099812096034 0.746742616180479 0 0 0 0 0 0
7.43236589333801 4.60934766489372 14.8482205116996 -0.760557040983086 0.589986023855472 0.271052539309751 0.639768867065114 0.752157762971622 0.157969922250235 0 0 0 0 0 0
7.53637923821886 5.04630752646553 14.5533774931623 -0.353229138054136 0.395366799753038 0.847888123329117 0.711691179171479 0.70181846138927 -0.03076544722101 0 0 0 0 0 0
7.7447196003577 5.55763006243399 14.5226827291691 0.124459857624429 -0.0969583004510344 0.987475990499898 0.789481430823854 0.612510871360324 -0.0393637250490623 0 0 0 0 0 0
7.84314856959055 6.03066073450218 14.5549543092144 0.648635815333544 -0.583604986501848 0.488545595412308 0.718148641767995 0.681883538005177 -0.138914970123192 0 0 0 0 0 0
8.1680606047517 6.3982771965331 14.7938673624906 0.604223885662328 -0.793875041045015 -0.0683806639401367 0.796808310931033 0.601649301606684 0.0558089016862362 0 0 0 0 0 0
8.60146711252709 6.45736473339293 15.0919809489706 0.420698797441819 -0.477509854229394 -0.771360396277142 0.855400335945045 0.49199309175793 0.161966240085942 0 0 0 0 0 0
9.0390963073745 6.36862804869313 15.1698589124432 0.0668121699695178 0.375487674476794 -0.924416107745843 0.751361771036222 0.590665863879267 0.294226657991881 0 0 0 0 0 0
9.44451612721343 6.52961051436038 15.1029909258043 -0.348755039750684 0.653539132354044 -0.671756298616115 0.819606062008513 0.560305709137845 0.119596887193753 0 0 0 0 0 0
9.92220580019416 6.63859587662624 14.9224130730424 -0.639988604922227 0.752680900763406 -0.154551115155113 0.755292759500309 0.653198710249229 0.0535190842144429 0 0 0 0 0 0
10.1621599055404 7.00345586554639 14.6061214620599 -0.562996804942377 0.689476307462236 0.455693997187714 0.786145402063176 0.616877911397153 0.0379084323760953 0 0 0 0 0 0
10.4526008225485 7.41304163472411 14.4251658298499 -0.355034670652756 0.347026026669474 0.86805720977853 0.816972705172274 0.566538780551002 0.107654118060016 0 0 0 0 0 0
10.7303183242096 7.84091305204552 14.3606327491691 -0.140848706092518 -0.123553572964116 0.982291278898405 0.792183398782648 0.581032599455804 0.186672389663827 0 0 0 0 0 0
10.8511038249274 8.32521908124404 14.5594885638104 0.290511835505234 -0.612705393077974 0.734979574358733 0.831821931855049 0.54135509037537 0.122502815517071 0 0 0 0 0 0
11.2012948578819 8.66006885526878 14.8781381032182 0.295927449184673 -0.895972111847142 0.331150901570909 0.874990422405004 0.393329260667158 0.282283285730026 0 0 0 0 0 0
11.4396083202834 8.79114406212892 15.3415073791775 0.487472711691921 -0.841153345817324 -0.234161064603079 0.8647425217362 0.427998827849092 0.262749642171253 0 0 0 0 0 0
11.8013900744843 8.69155595599576 15.7002517757509 0.635343073764588 -0.0685446710377053 -0.769181907413128 0.686697575222441 0.50578401674592 0.522138840336537 0 0 0 0 0 0
12.24361006319 8.56638539026161 15.9785661900044 0.239459681464155 0.559234969170296 -0.793672041973373 0.779015678472768 0.37722380573535 0.500836074060319 0 0 0 0 0 0
12.8280272580659 8.77919805939459 16.0290657608308 -0.283190581477078 0.856016646620408 -0.432479589427554 0.818801370540287 0.450592603429623 0.355711429863958 0 0 0 0 0 0
13.3608947654356 9.02259192804312 16.219789089073 -0.613347606630417 0.733598683179299 -0.292639172836341 0.700107237364561 0.67649266433058 0.228489674376493 0 0 0 0 0 0
13.6323981354158 9.36255445181548 16.0459231139025 -0.703568860525583 0.658778819685045 0.266460738633504 0.705343928466149 0.693024223185725 0.149021369788913 0 0 0 0 0 0
3.12183502958764 -0.0768484156218876 8.73093972126091 -0.00908183670257351 0.800167656929454 -0.599707629638088 0.729873869207548 0.415251302248857 0.543001372952805 0 0 0 0 0 0
3.63427884100633 0.0550926516642486 8.82586708228535 -0.434988223414126 0.889642113458411 -0.139004156241008 0.716888705158567 0.435577776028404 0.544373571590523 0 0 0 0 0 0
4.05373054102947 0.388207924059788 8.76524695115429 -0.702180707514919 0.543276891864088 0.460209161969146 0.692454272577773 0.370672855429835 0.618957764824289 0 0 0 0 0 0
4.33601886433724 0.842521379757132 9.01142180622896 -0.37665721600727 -0.243074665159147 0.893892638289085 0.71437346825116 0.538105606207214 0.447339808677 0 0 0 0 0 0
4.54543593294532 1.17934601607106 9.38015028103187 0.03106341280591 -0.714432452415399 0.699014545857644 0.801382582617215 0.435758157274408 0.409756982425652 0 0 0 0 0 0
4.77590080413759 1.38716634590985 9.79222417570118 0.379323136106578 -0.910123133174492 0.166702852029943 0.763017503389408 0.409600514836103 0.500031706762076 0 0 0 0 0 0
4.97841352477121 1.58824579331114 10.2019315015874 0.431115957573184 -0.794331001878427 -0.427992161821419 0.876776510248207 0.25678117503259 0.406603466814855 0 0 0 0 0 0
5.30126262206246 1.44211353402532 10.6057865811551 0.548652520049795 -0.229609241471861 -0.803902984491118 0.813082257662745 0.370376134303199 0.449131118285821 0 0 0 0 0 0
5.71675827680901 1.32863212313643 10.8549004953349 0.314682215425932 0.349496671196849 -0.882511858343529 0.887670730179154 0.220932711349962 0.404016598469372 0 0 0 0 0 0
6.25774106196385 1.20396472056632 10.8397797872763 -0.121649904948116 0.83865486460472 -0.530904246263818 0.946656458897979 0.25883252392099 0.191956436170893 0 0 0 0 0 0
6.74478123758644 1.32051074473001 10.6406995920789 -0.464657718539744 0.883103645761452 -0.0649704197637078 0.881356155351484 0.468323531032315 0.0623249364658733 0 0 0 0 0 0
7.1953875328764 1.45804239654584 10.4310162677684 -0.358801392073968 0.758798503106762 0.543586600946638 0.922100354096798 0.378541055892036 0.0802346931115417 0 0 0 0 0 0
7.55788671690565 1.89975715412751 10.4313946063368 -0.209873632632657 0.21829596557396 0.95304770590968 0.883179078284012 0.460513289695361 0.0890068856626335 0 0 0 0 0 0
7.84582546473387 2.3457551370983 10.4741247514131 0.119636052643927 -0.393316402539541 0.911586212270202 0.793705374413174 0.589474600783937 0.150171480841936 0 0 0 0 0 0
8.00500620510843 2.81854104159456 10.673674450791 0.401959916737704 -0.653731220043236 0.641142509335484 0.840617633502859 0.541066845017809 0.0246711059040147 0 0 0 0 0 0
8.25438480283706 3.14345899948549 11.0214153568594 0.48949500183527 -0.870364681950263 0.0534786274310399 0.860475847767448 0.492053547613342 0.132153780460553 0 0 0 0 0 0
8.62452445736014 3.27593034233434 11.3876571917058 0.460784920598215 -0.685629963455821 -0.563550184243485 0.853551930457374 0.516319691793834 0.0697357718707577 0 0 0 0 0 0
9.10010922362461 3.24449008829468 11.6356808652563 0.143355457801136 -0.240929992283602 -0.959896844216529 0.854450492891495 0.519525327009095 -0.00279102016712757 0 0 0 0 0 0
9.64943173327904 3.24900305871078 11.5947098185889 -0.15872279176665 0.466422553639917 -0.870205192371213 0.908100618882779 0.414889798390606 0.0567425869706098 0 0 0 0 0 0
10.1050608541462 3.3393046733354 11.3246490388886 -0.473565797301669 0.847697986568536 -0.239047190307032 0.873853891649516 0.486134633514326 -0.0072452844587597 0 0 0 0 0 0
8.38427327727706 8.5074646618911 13.5858088508118 -0.778677312038816 -0.0290941146322373 -0.626749691830615 -0.148655224876998 0.979036837629648 0.139242574957902 0 0 0 0 0 0
8.38445105299041 9.00713579420498 13.4109799415506 -0.946449007488628 -0.300489381425174 -0.118069504422215 -0.320350161796151 0.919510345851481 0.227764127353869 0 0 0 0 0 0
8.16099360365324 9.30974312691375 13.2387455801223 -0.63179591347631 -0.0651989751017669 0.772387867175757 0.0820917665108395 0.985224131955757 0.150314176587427 0 0 0 0 0 0
8.04338280016968 9.84430596688376 13.2959910774773 -0.242422587826606 -0.36522053738441 0.898802118368718 -0.0240472762570058 0.928414430411211 0.370767277289739 0 0 0 0 0 0
7.7842635377499 10.235756478193 13.5295762650078 0.357594026218915 -0.379094033438467 0.853471866099815 0.137019056796089 0.925309377909706 0.353593457556929 0 0 0 0 0 0
7.41252956563918 10.4905699745339 13.9284178097457 0.905020568374684 0.0212865516000156 0.424834854431396 -0.122873322139254 0.969253263061336 0.213190662908616 0 0 0 0 0 0
7.33228763384551 10.7974152818422 14.3621138921389 0.966595940259319 0.139696784995708 -0.214888567718401 -0.032691926345666 0.898759435499791 0.437221585757048 0 0 0 0 0 0
7.49271256962191 11.1934763298124 14.7771831220079 0.676873489948587 0.0834724561462526 -0.731351234134278 0.343702163514498 0.842754245389986 0.414287466226784 0 0 0 0 0 0
7.90413474354253 11.4133958779751 15.0172709120867 -0.265925053984656 0.459090463442229 -0.847655479566821 0.45862451854536 0.833678673711075 0.307641707166599 0 0 0 0 0 0
8.32850353638851 11.6604949698458 14.940095507325 -0.794433956509675 0.587632245959396 -0.153502548034551 0.574262940537102 0.809049692443635 0.125142599791363 0 0 0 0 0 0
8.55558831124668 12.1125313645298 14.7590410817313 -0.826449731676344 0.42265837346627 0.371941850765608 0.513202057513918 0.83720793782419 0.18896168132097 0 0 0 0 0 0
8.63044653085762 12.5761530767729 14.6077680007387 -0.337702871762784 0.0710341151023271 0.93856855098325 0.63139474550676 0.756616868178359 0.169916421026414 0 0 0 0 0 0
8.69424893446498 13.0689623443386 14.787068815103 0.160435534910653 -0.456225931327346 0.875281862443424 0.613648377830044 0.74066784946481 0.273581441541142 0 0 0 0 0 0
8.93335521920952 13.3757326089971 15.1469657183134 0.402967426475903 -0.829865857632584 0.385927339709333 0.717526708495815 0.548227193242108 0.429653775946449 0 0 0 0 0 0
9.25302443875112 13.5854027384639 15.524503966714 0.389818727553663 -0.905504309874862 -0.167640402190205 0.897803124449927 0.333187151170263 0.287985888583094 0 0 0 0 0 0
9.6656090463373 13.5896139307984 15.8686569988965 0.312850782537729 -0.643756802488563 -0.698356332480226 0.912676243588959 0.40731702393341 0.0333903639150182 0 0 0 0 0 0
10.2044906882931 13.7397850418458 16.1164324614994 0.119089203139866 -0.364776916466241 -0.923447650334816 0.941103093131841 0.337902782826688 -0.0121110468441732 0 0 0 0 0 0
10.6779681663517 13.5030389618858 16.1362308368656 -0.106231348412235 0.517337455897797 -0.849162444612168 0.992631671187583 0.105234433753566 -0.0600672898332519 0 0 0 0 0 0
11.1239501423522 13.4098097034787 15.8514616591481 -0.228930118405703 0.896584269478647 -0.379114294916707 0.972786847437402 0.225008342253172 -0.0552901019105581 0 0 0 0 0 0
11.543919972236 13.6457459292837 15.5249505609665 -0.347281236453382 0.922238618976564 0.169916663325322 0.92679072283007 0.365171712724503 -0.087798498289946 0 0 0 0 0 0
10.3157253844544 11.2835660973361 15.4141075156831 0.0262256051382753 -0.349113800881453 -0.93671328146303 0.992467102708964 0.121268040142543 -0.0174101258025969 0 0 0 0 0 0
10.777837210208 11.0266558317302 15.3185309597538 -0.262930168259985 0.291664086032849 -0.919673739723713 0.957293172844351 0.197657743396936 -0.21100046848485 0 0 0 0 0 0
11.1956233251901 10.821755002633 15.074564707886 -0.195028390131813 0.788130295511288 -0.583793254791355 0.955200927487736 0.0175305194090882 -0.295438435237897 0 0 0 0 0 0
11.4920894828292 10.7630771318544 14.6303239770046 -0.108284067457341 0.99234522368326 -0.0593760706675386 0.968019868356414 0.0916566024062967 -0.23353072967506 0 0 0 0 0 0
11.8584052489432 11.0267872654856 14.3049195130564 -0.0634553714605986 0.778974912678205 0.623836117302277 0.925936543407666 0.279153801652874 -0.254390787185802 0 0 0 0 0 0
12.1308161572591 11.3954165912223 14.0245807548446 0.0599401285612741 0.351657234607145 0.934207883897644 0.921417864042364 0.340464432331197 -0.18727810908113 0 0 0 0 0 0
12.5253588063512 11.7661777709004 13.9418520278686 0.108822005789414 -0.181213381350464 0.977404461559031 0.956664211052603 0.286247375966444 -0.053441809881651 0 0 0 0 0 0
12.9393512074313 12.0827984486051 14.0724151942525 0.068605612542153 -0.704610412625226 0.706270087394209 0.991659265702536 -0.0292624014579526 -0.125521363150746 0 0 0 0 0 0
13.361260706503 12.2399311862003 14.3656502185712 0.0179391746928354 -0.965152950921958 0.261070809049915 0.991606848587102 -0.0162638107338098 -0.128262801682997 0 0 0 0 0 0
13.7802260499152 12.2716878464964 14.6724397656414 0.148006634849516 -0.698222836489137 -0.700413382685958 0.985918267427495 0.159910179423757 0.0489275430552871 0 0 0 0 0 0
14.2544116458692 12.0756541851968 14.831825857712 0.0437491694682626 0.14900655582304 -0.987867934742591 0.958566256396312 0.272347619806535 0.0835314676279237 0 0 0 0 0 0
14.738726133378 11.9330999355628 14.8361006613028 -0.0902339332014302 0.612035635903938 -0.785665461683701 0.986893916614193 0.160922529795488 0.0120140232278515 0 0 0 0 0 0
15.1566814645697 11.7941179361325 14.528395531217 -0.078061244047784 0.969489484994128 -0.232371643415311 0.996891103653776 0.0784093081856662 -0.00775292498360061 0 0 0 0 0 0
15.6307920257028 11.8377801807216 14.2605829127154 -0.286645000293141 0.922123257552599 0.259852538351135 0.937951278547982 0.325364070441973 -0.119940071434179 0 0 0 0 0 0
15.9328811556416 12.2441898679296 14.0314772104831 -0.227381560018967 0.607942351761269 0.760725787060172 0.911400482689124 0.408008853051764 -0.0536463976928212 0 0 0 0 0 0
16.2128049053395 12.7010988225886 13.9919550189215 0.0157461148243275 -0.0425756808445327 0.998969154312867 0.979826028516657 0.199732078106455 -0.0069318696289229 0 0 0 0 0 0
16.6756320528681 13.097815150525 14.176078863821 0.130046722709928 -0.670028903147361 0.73085506009027 0.958926609311962 0.272401729891064 0.0791015518546841 0 0 0 0 0 0
16.975518167118 13.3705721428087 14.5287218047098 0.285657506555955 -0.938876790455879 0.192120174087738 0.953399068545662 0.298732004902301 0.0423013633741891 0 0 0 0 0 0
17.3601375329759 13.5198605811072 14.842152272042 0.32169522445595 -0.818962994912945 -0.475196586188764 0.946488919099485 0.291872374110718 0.137728875886147 0 0 0 0 0 0
17.8474635536297 13.4637328982709 15.0646165009525 0.07767089244165 -0.485776213799354 -0.870625466302291 0.993121216844412 0.114446842194862 0.0247420485226786 0 0 0 0 0 0
8.20109722315033 7.14363868676712 10.3782261671212 0.766381513004297 -0.541250699390248 0.345987076254031 0.437685645935406 0.834194234739379 0.335486592980537 0 0 0 0 0 0
8.27917670565197 7.40116120395897 10.8432754652282 0.925670014173625 -0.27027449614949 -0.26473896878046 0.349447392269648 0.878963698798794 0.324514000052211 0 0 0 0 0 0
8.62233961634411 7.54542560038865 11.2307184968682 0.719174894342178 0.0272725433508418 -0.694293655254816 0.494726359123885 0.681527873146642 0.53922684253683 0 0 0 0 0 0
8.96863067236911 7.73189262943051 11.556235205816 0.0936118245475763 0.462038273682858 -0.881905584491355 0.361789785209682 0.80945478363131 0.462483626276997 0 0 0 0 0 0
9.28482671466951 8.13926753457646 11.6937703456832 -0.467316001443733 0.373260005751725 -0.801431670762307 0.336776911325609 0.913314487447903 0.228993360200154 0 0 0 0 0 0
9.568413074942 8.61676283097258 11.7898514845065 -0.762238038186777 0.0226366151955555 -0.646900886375697 -0.0390244605192421 0.995963383077075 0.0808333535791372 0 0 0 0 0 0
9.51832478437263 9.03633030498223 11.4922025434042 -0.984638960936487 -0.0845390891165019 0.152771918287582 -0.078931730318738 0.995977301574893 0.0424145811777664 0 0 0 0 0 0
9.25698182312501 9.45787754721775 11.2526424516495 -0.583570384851018 -0.0734512432615838 0.808733899863338 -0.222303322456343 0.972307739243852 -0.0721033496543685 0 0 0 0 0 0
8.8988798104696 9.85140776896395 11.1779295663961 -0.0287728790403599 -0.110408680718927 0.993469699917232 -0.0371999954345342 0.993310971155969 0.109313653862895 0 0 0 0 0 0
8.53859891681139 10.2199501177106 11.3297825115882 0.617999258754759 -0.0906252222579055 0.78093788822753 -0.0185355062616822 0.991378152384315 0.129714278252959 0 0 0 0 0 0
8.44521208818858 10.6011598855121 11.6968320104389 0.984231463404575 -0.0915518511069594 0.15134954576535 0.0449679665469214 0.957029689344091 0.286482208345629 0 0 0 0 0 0
8.19327347453179 11.1939908368401 11.0370825222738 0.93438840066782 -0.0840051318906397 -0.346210130576027 0.262637524150086 0.819034742273107 0.510101579940641 0 0 0 0 0 0
8.44833394472977 11.4102587372846 11.4576267576381 0.645128554490803 0.0146061187060647 -0.763934427471986 0.352066517414135 0.881672166205784 0.314170906759178 0 0 0 0 0 0
8.86642421587121 11.6570427189909 11.6878077596091 0.0251458148274373 0.344655329164358 -0.938392450990135 0.327175509132867 0.884156236664067 0.333502526814542 0 0 0 0 0 0
9.25498621123741 12.1034651476558 11.7458719133736 -0.612797409571301 0.323740113062456 -0.720882566037639 0.10961713558255 0.938237012310836 0.328169761429529 0 0 0 0 0 0
9.49042756007802 12.5710505528632 11.624973765284 -0.983298380604909 0.105476004318475 -0.148320960126248 0.0744548322763745 0.976756832101229 0.201003902684176 0 0 0 0 0 0
9.50765122129074 13.0796064554189 11.4524648043904 -0.895892082951323 -0.0321393730106401 0.443107702943225 0.0680673954653889 0.975674640487452 0.208388640727463 0 0 0 0 0 0
9.38315347509761 13.5258447657172 11.2827092685592 -0.30216999695845 -0.263070581541228 0.916235320245672 0.189455109133441 0.925418289916533 0.328188589550574 0 0 0 0 0 0
9.33919097281006 13.8936475093288 11.561753548615 0.311261767455129 -0.547341205063492 0.776874325332195 0.206208707877087 0.8369061626649 0.507016808093355 0 0 0 0 0 0
9.16705050238794 14.129374696327 11.9748718100583 0.916837181705443 -0.337829008011408 0.212793664352226 0.213604248699844 0.865314832675269 0.453435183118322 0 0 0 0 0 0
-2.9832820242759 13.2978672719551 5.76052245438838 0.558880677539243 0.00895466915253685 -0.829199735994678 0.826836682566935 -0.082219555817428 0.556400076386488 0 0 0 0 0 0
-2.52812261980359 13.0221242378883 5.83455486487473 0.418036672763739 0.672318744277087 -0.610927856885167 0.853676145674611 -0.0607879316645768 0.517244493126879 0 0 0 0 0 0
-2.0080597992121 12.9462626382677 5.80574883510258 -0.056096704074121 0.978372738046156 0.199097828315855 0.885786417258824 -0.0432434787208475 0.462074046607139 0 0 0 0 0 0
-1.50467395161662 13.115119635253 5.72343780833185 -0.376878099691866 0.670965570958754 0.638567224777972 0.92625761053652 0.27067865327954 0.262259233549462 0 0 0 0 0 0
-1.08244894776942 13.4418014513084 5.78418432513174 -0.448485404335147 0.127304560672301 0.884677563257016 0.881077193830993 -0.103378797192641 0.461536350466467 0 0 0 0 0 0
-0.655084243677906 13.6571901689855 6.08770614306423 -0.522235104674975 -0.349158602262813 0.778048048587616 0.72891847524397 0.290810744579012 0.619763638240746 0 0 0 0 0 0
-0.5408100375654 14.0302693654469 6.46381376296082 -0.136485616795642 -0.856626384387145 0.497556945464255 0.686727437972221 0.280178086792763 0.670750076867127 0 0 0 0 0 0
-0.275380959221175 14.1290197454939 6.89068720235012 0.0147980423047935 -0.998250304595501 0.0572481206585579 0.709850959238977 0.0508110747996408 0.702516797197911 0 0 0 0 0 0
-0.107349087809205 13.9509541150905 7.36895807076796 0.415100878417927 -0.655083682828086 -0.631313416005915 0.837121999308837 0.00329370331501056 0.547006316043652 0 0 0 0 0 0
0.369100375091897 13.7175431147789 7.65133017572856 0.499661370753915 -0.010756225813519 -0.866154038368793 0.862026875203915 0.104451581457928 0.495983400485453 0 0 0 0 0 0
0.787136327111904 13.398145946412 7.76049286979712 0.388668114418507 0.661149927142292 -0.641730372254659 0.855722641543656 -0.000815091746078023 0.517434146896968 0 0 0 0 0 0
1.20000310543956 13.3037281835936 7.80359038303725 0.063533554825269 0.996544244425444 0.0535075351122207 0.71383070542187 -0.0828476752966581 0.695400594402143 0 0 0 0 0 0
1.73805492798019 13.3646996198176 7.84382786574971 -0.177531455759257 0.836692718682519 0.518100257401649 0.919434648117934 -0.0466947948849689 0.390460656111344 0 0 0 0 0 0
2.32560153174609 13.4879731304233 7.99243660979892 -0.663920984416984 0.449629856407615 0.597529847520315 0.746044243360146 0.34349005542433 0.570466974305944 0 0 0 0 0 0
2.60991023119747 13.871788683579 8.19059973949448 -0.653772254286783 -0.260625636548471 0.710391523808162 0.629854395195333 0.332862655283499 0.701773391894235 0 0 0 0 0 0
2.70262962552915 14.2323492137257 8.57194046397792 -0.519173114960932 -0.709482400839011 0.476543806592296 0.389906821571165 0.299556899341263 0.870768818085099 0 0 0 0 0 0
2.68156045213735 14.3872277313711 9.07261798039068 0.199760105778726 -0.978482738513053 0.0516471738942986 0.343186587037811 0.119238693804211 0.931667913141375 0 0 0 0 0 0
2.72413250913715 14.3251612027132 9.63364853121175 0.51103261152269 -0.811867951118893 -0.282340397227016 0.483379790819597 -0.000173644769349069 0.875410730842784 0 0 0 0 0 0
2.74552398785268 13.9937995623719 10.0560546983862 0.894265995741327 -0.0771484440338267 -0.440836076613442 0.426964784442436 -0.148137068372266 0.892051838078984 0 0 0 0 0 0
3.02335011819443 13.6084132288201 10.2476751048642 0.739704653976969 0.56040086727186 -0.372542471197258 0.543060969213472 -0.170192841109562 0.822264665756701 0 0 0 0 0 0
5.07964540768017 1.03379405169193 4.76451287155601 0.407922663593068 0.280536316903849 -0.868848937057047 0.596220240970166 0.638852435108694 0.486198509266708 0 0 0 0 0 0
5.52020084571047 1.01188133691959 4.96646093202419 -0.110055698550942 0.710202167237392 -0.69534209197184 0.302947070080157 0.690272229129838 0.657074822544566 0 0 0 0 0 0
5.97442594125827 1.2877333102812 5.04564649564195 -0.768807332601311 0.628539675601885 -0.117784385776446 0.388504225717954 0.605382652728658 0.69467712671032 0 0 0 0 0 0
6.1832884622448 1.75423845228504 5.21128013331705 -0.934801624004907 0.109950959048829 0.337722830679289 0.32789973639047 0.632567577240189 0.701669454301338 0 0 0 0 0 0
6.17276025879299 2.24274185955061 5.43474977362725 -0.754075332130534 -0.443741542891315 0.484214659613542 0.27929620345135 0.450615231988321 0.847903027142711 0 0 0 0 0 0
5.98381709452852 2.6192131119222 5.73859424307542 -0.175874069306932 -0.847978671589308 0.500000484274819 0.0541676011716592 0.498811772568888 0.865016003626518 0 0 0 0 0 0
5.63499062716436 2.76828226967431 6.14605686486604 0.331975021039734 -0.757974286901158 0.561486923981628 -0.0659245591256882 0.575145738731759 0.815390294106316 0 0 0 0 0 0
5.45213629099528 2.78683836575427 6.7096559705859 0.892378398229391 -0.420007674841773 0.165088907705983 0.0505675207596275 0.45657507143184 0.888246660557322 0 0 0 0 0 0
5.4416655017601 2.75502820498832 7.2459055191761 0.979182384836612 0.050781830504903 -0.196527511855863 0.138646205664168 0.539823851227814 0.830281542189455 0 0 0 0 0 0
5.6453701334898 3.08413682835381 7.64952581796291 0.810201172624924 0.026536617220306 -0.585550909677118 0.390567792346691 0.720455965545538 0.573061952402425 0 0 0 0 0 0
6.07663373383454 3.23952266290318 8.00630759053709 0.161690511286648 0.477609412828943 -0.86356553158232 0.278946292829866 0.817273249211192 0.504235462696007 0 0 0 0 0 0
6.4876762767029 3.59704927766506 8.12944313385364 -0.487955425593165 0.580689748700487 -0.651689280553516 0.40789510542596 0.811768569736878 0.417915508394805 0 0 0 0 0 0
6.80204264004025 4.04563889493543 8.12106203185497 -0.906219532598236 0.361455595114907 -0.219353622029731 0.265639354128155 0.89036220299557 0.369717298777393 0 0 0 0 0 0
7.00818794967423 4.50135232214599 8.01077218681256 -0.913771237697153 0.178212810237103 0.365051118920086 0.344137083293755 0.817090583550421 0.462528535525431 0 0 0 0 0 0
7.07981458960082 4.95680774337568 8.15524917854041 -0.488743119407252 -0.318846057071868 0.812075954034961 0.434142213202782 0.718502314396265 0.543392089492111 0 0 0 0 0 0
7.11396343049579 5.4119655944868 8.42369675015516 0.0667473021420408 -0.673738083229829 0.735949585815874 0.517521722972567 0.653997929377769 0.551777105923302 0 0 0 0 0 0
7.02066989559096 5.71513959695026 8.85736360696302 0.802173018931616 -0.543800541224526 0.246575382108698 0.370520422712024 0.777187119774578 0.508620484457517 0 0 0 0 0 0
7.21728565326143 5.81710354575813 9.30216739997876 0.900445797120664 -0.272791522571524 -0.338795147044406 0.430968219212878 0.664913028962793 0.610046767013812 0 0 0 0 0 0
7.52039317545801 5.94066754471194 9.72253868773501 0.517059517399375 0.311869693285034 -0.797111504042581 0.480486261212719 0.664937084846697 0.571831816167482 0 0 0 0 0 0
8.02853186856882 5.9145629254937 9.89516174395135 0.0845050393281525 0.821271245535679 -0.564245017332384 0.663115908200347 0.376312668286163 0.64704410049005 0 0 0 0 0 0
12.8189875904202 14.484690795263 11.4400853205502 0.252040820953815 0.251888742653126 -0.934359398677808 0.658932980469405 -0.751788575992699 -0.0249251731503828 0 0 0 0 0 0
13.110289545664 14.0291389234815 11.2881873387794 0.530582502659291 0.721788371585667 -0.444413945005685 0.746753144354989 -0.646105699538032 -0.157820044418975 0 0 0 0 0 0
13.338125964257 13.6759583872771 10.9534648009553 0.659975811944 0.66139988059872 0.356345514343675 0.704217031958226 -0.709860396112298 0.0132887144313639 0 0 0 0 0 0
13.7603812597886 13.4639943672619 10.6428690296264 0.354411008841525 0.398067354479854 0.846129551610947 0.825401710539003 -0.558407857154322 -0.0830221735899876 0 0 0 0 0 0
14.2880972292691 13.4914567343782 10.5456745026923 -0.221775953756722 -0.266589562984136 0.937947456547127 0.862653193361601 -0.502071062719489 0.0612708410482211 0 0 0 0 0 0
14.7833590309836 13.257599667693 10.6818518966949 -0.542917738627675 -0.461190507191335 0.701814537580985 0.722534779212388 -0.682449458749 0.110481804301447 0 0 0 0 0 0
15.1328787942382 13.1547165370182 11.0767393472872 -0.565697869378456 -0.824157441062038 -0.0273940307868449 0.815663608945338 -0.564130786916068 0.128254950375123 0 0 0 0 0 0
15.517495135997 12.7669924874049 11.1827511087318 -0.747997139247633 -0.623361863687617 -0.227860190856715 0.633716867207063 -0.772821087744977 0.0339189998958859 0 0 0 0 0 0
15.6218523743593 12.3074991615142 11.4409381579454 -0.345851096814054 -0.274768480709875 -0.897156229895832 0.576025357565931 -0.816947079504308 0.0281470554485423 0 0 0 0 0 0
15.5496658175443 11.8515035794785 11.4617904435101 0.414780111464421 0.00752307865367228 -0.909890577169109 0.465230850965639 -0.861134209190375 0.204958847264166 0 0 0 0 0 0
15.7854804750154 11.366837853357 11.4595625068733 0.529393494957991 0.520926072108911 -0.669610748788687 0.726738813967014 -0.685681391506102 0.0411305922164459 0 0 0 0 0 0
16.1982162384871 11.0566216954721 11.1753713538781 0.403313068765317 0.915054266436869 -0.00377598183091847 0.91164421766607 -0.402159556027854 -0.0846906836169098 0 0 0 0 0 0
16.5800170646424 11.0263202451027 10.7985490438021 0.337341305634537 0.698569210394042 0.631032409470569 0.930729496485592 -0.34805588906481 -0.112248396242361 0 0 0 0 0 0
17.1335251741773 11.1102451367814 10.7866053959538 -0.107026185472376 0.102829313803581 0.988924429795279 0.941449809089072 -0.309356426026732 0.134055431229464 0 0 0 0 0 0
17.6697281462512 11.2480492442641 10.8953736669723 -0.292990483844081 -0.43184115678258 0.853035633303495 0.955917140718098 -0.150471492200959 0.252152235992768 0 0 0 0 0 0
18.0360128241789 11.4554277699388 11.2315321460059 -0.159614984881358 -0.916360467201502 0.367160115959737 0.904959062284725 0.0127794975508196 0.425306689379676 0 0 0 0 0 0
18.4088701446701 11.3843655357432 11.6147357380117 -0.0453794666336889 -0.929487789070548 -0.366050753279906 0.974576152801922 -0.121674115984982 0.188140192115023 0 0 0 0 0 0
18.8228993762186 11.1387223620053 11.8533239370864 -0.0273497474737904 -0.315660761541886 -0.948477872665418 0.998951664390532 0.0262132563139249 -0.0375291540646269 0 0 0 0 0 0
19.3095842414864 10.8623804605331 11.7219687702132 -0.0784020667712364 0.20432729181419 -0.975757897096343 0.975245766744233 -0.187273631529907 -0.117576704244735 0 0 0 0 0 0
19.6840584981913 10.5352553852357 11.5183924496468 0.0392056364060195 0.772221372617024 -0.634142783407238 0.984416829297729 -0.13872460416996 -0.108069377685335 0 0 0 0 0 0
4.91867495010036 0.291039338495878 6.97728154572461 0.95197207785237 -0.0795782994620007 -0.295662742401164 0.302005938097565 0.40303735000337 0.863917419581335 0 0 0 0 0 0
5.13247732929562 0.189762574215261 7.45968869926366 0.720056711064163 0.594176657406561 -0.358430512993282 0.0238528146715748 0.495034511819405 0.868545839515663 0 0 0 0 0 0
5.41784219580683 0.272298922570079 7.89079651530527 0.0412415126902666 0.806928439755599 -0.589207629570947 -0.0801508752740358 0.590480747574391 0.803061843158293 0 0 0 0 0 0
5.5547650010101 0.62260893250816 8.18629578605787 -0.574963858928591 0.621493450965546 -0.532130107523414 -0.0515338735904014 0.621583324236197 0.781651092818431 0 0 0 0 0 0
5.75017043569187 1.09680634872297 8.34641645514961 -0.917881589177564 0.280458849169117 -0.28077788761155 -0.0670309774576768 0.587778999761007 0.806239849859221 0 0 0 0 0 0
5.7314529763044 1.62389268639808 8.44895791734258 -0.948259164438737 -0.293754544828005 0.120469184652511 -0.0666375874693359 0.555123404747362 0.829094347730078 0 0 0 0 0 0
5.49456319767584 2.08933049978732 8.57519569602677 -0.611790406276845 -0.66990691668545 0.420639063526686 -0.0753890113316594 0.578727299944406 0.812029069226893 0 0 0 0 0 0
5.12269030621566 2.38403889028408 8.88245176204847 -0.0349823153236233 -0.886593425855153 0.461224820282932 -0.42519758747513 0.430857727858278 0.795970244387396 0 0 0 0 0 0
4.63477933830293 2.39172152916857 9.10732720883756 0.5412930240996 -0.517298151487311 0.662875919406431 -0.381402106944208 0.551531271529133 0.741852875807581 0 0 0 0 0 0
4.39553821833388 2.41666366927502 9.60780404264443 0.936385699307899 -0.238832887926013 0.257178291806635 -0.0753693611363545 0.578828719249769 0.811958603115682 0 0 0 0 0 0
4.35228696774343 2.3407354982764 10.137944914762 0.94969832843894 0.279722523862989 -0.140813332479575 -0.0380241804067885 0.549313980774823 0.834750449074279 0 0 0 0 0 0
4.45597878863034 2.39358865573107 10.5945566037353 0.738006164377939 0.519045658422343 -0.431205874047512 0.0128490716700666 0.628093473495066 0.778031805204723 0 0 0 0 0 0
4.74089946176983 2.59470074063483 10.9486106522345 0.0773687289784282 0.796349936849039 -0.599867366887711 -0.0380153281456803 0.603589639925673 0.796388335801305 0 0 0 0 0 0
5.06931665143938 2.86196979491769 11.1708036966203 -0.584090887700519 0.691070958525213 -0.425744953215259 0.0782581808709871 0.570020459528652 0.817895062245462 0 0 0 0 0 0
5.13605828015869 3.31310752097422 11.5044544089838 -0.940202770107292 0.248900530394655 -0.232523712880719 -0.123758978126041 0.386373447520569 0.914001791236904 0 0 0 0 0 0
5.07515849431381 3.7510678745063 11.7334438760863 -0.920384802054289 -0.378709753202982 0.0973177218004215 -0.0863757116608559 0.439654213820958 0.894004143561179 0 0 0 0 0 0
4.8701842539273 4.14862288060574 12.0587684026922 -0.28937366177848 -0.827523552713314 0.481110853726716 -0.308064112836393 0.556385622055386 0.771706901583994 0 0 0 0 0 0
4.42268772386593 4.38053910070176 12.2766236982436 0.355999980882076 -0.715513146379924 0.601086475450466 -0.370768370179903 0.482282277601164 0.793684206965197 0 0 0 0 0 0
4.13494143755407 4.29357096538903 12.6107785652539 0.795668969508267 -0.182361706811111 0.577628859087383 -0.520667811344985 0.281407345626118 0.806048966289819 0 0 0 0 0 0
3.90578390946074 4.16663498380735 13.0732963575299 0.918629620509061 0.370154094166476 0.138222888463436 -0.292065999667969 0.400522163125777 0.868492630183469 0 0 0 0 0 0
6.83262216257131 12.0604513142364 14.9585699068061 -0.422467491994272 0.152414658663743 0.893471314610875 -0.250645137541459 0.927673871695701 -0.276763803269016 0 0 0 0 0 0
6.43326763916081 12.289750279956 14.8210743264678 0.364922105292441 0.417105090950239 0.832379240594289 -0.125702999200122 0.907920258183347 -0.39984942262354 0 0 0 0 0 0
6.10177449031904 12.7091908657538 14.8746186013714 0.845143582337418 0.348813008341173 0.405045442445484 -0.222362313292221 0.918488651606806 -0.327007031265145 0 0 0 0 0 0
6.04781565443642 13.2539176175276 14.8922127417488 0.993371160991777 0.0108290164438898 -0.114439804756501 -0.0656414667957887 0.870710757861062 -0.487395090231645 0 0 0 0 0 0
6.14276768849126 13.7081494412222 14.8113468892403 0.7077392439896 -0.422135078099212 -0.56648666211589 0.106389057373034 0.856390595293392 -0.505248965129379 0 0 0 0 0 0
6.38871444925367 14.180759706685 14.7131647314899 -0.0655858531110768 -0.563675893405483 -0.823388112049976 0.015021229983229 0.824513526624344 -0.56564282640486 0 0 0 0 0 0
6.71142492863747 14.4666995292466 14.3925692441733 -0.661404475518266 -0.32735003725276 -0.674822993736154 0.260700456172079 0.743290758320733 -0.616079638315259 0 0 0 0 0 0
6.87287814468454 14.6316763625281 13.9163002580395 -0.984606901395289 0.0623234689699554 -0.163294319987925 0.165742020549633 0.629519939409556 -0.759100934336083 0 0 0 0 0 0
6.98421008895535 14.8794770801871 13.4775394968062 -0.830675261397381 0.442304148140352 0.338150337335676 0.203431658049828 0.806484964305666 -0.555155440261543 0 0 0 0 0 0
6.83394186798222 15.0563578650659 12.9930162801361 -0.4220890187509 0.551002522682921 0.719886852392068 0.147557736586482 0.825258777208207 -0.545137290060302 0 0 0 0 0 0
6.65710798079537 15.4319642833301 12.6545037068941 0.145818671414837 0.572292944622942 0.806980607326851 0.220301973181552 0.776434212500596 -0.590437934308844 0 0 0 0 0 0
6.46645921467147 15.9105263185575 12.5515678823114 0.804249907903297 0.18456316139886 0.564905766559341 0.130702704500249 0.87234840946157 -0.471089222489955 0 0 0 0 0 0
6.52652576158869 16.4364291359671 12.6320850037683 0.929723720380255 -0.355960738399157 -0.0943703156751367 0.219670407701798 0.741749152823364 -0.633682180801975 0 0 0 0 0 0
6.857072677923 16.8673434271718 12.5094787663655 0.613473333853956 -0.627422499459721 -0.479574265178845 0.431171896793588 0.774884500041941 -0.462217272513881 0 0 0 0 0 0
7.30196591391137 17.1344809797142 12.4484439342439 0.0193411693778462 -0.64464088550558 -0.76424083108774 0.497208163613163 0.669364121516754 -0.55202872648308 0 0 0 0 0 0
7.74380473454619 17.3357841400287 12.2962149296322 -0.613099323673057 -0.220157077482962 -0.758709483627166 0.485698562339506 0.652392659110784 -0.581790963215911 0 0 0 0 0 0
8.08331183313435 17.3113898550928 11.8804927255234 -0.868120158977829 0.324194385438199 -0.375852883488552 0.492609482888488 0.469897680172472 -0.732483493013232 0 0 0 0 0 0
8.30768600810652 17.4755719157068 11.2863014711275 -0.833165785089693 0.525392901303657 0.17261828934271 0.226827360253757 0.609328699969736 -0.759781471235975 0 0 0 0 0 0
8.2493398677495 17.6551616133244 10.7832822164927 -0.375421648045236 0.705071442280043 0.601608550022471 0.315176492163812 0.7075201938019 -0.632517947689894 0 0 0 0 0 0
8.09991548813717 17.97157086723 10.4075811689828 0.0974698928929394 0.623729785228913 0.775539022227594 0.285693545758989 0.728917471981768 -0.622140271121686 0 0 0 0 0 0
7.24446447864358 3.58050721023172 6.63940834388896 0.424005286631144 -0.153937720436172 -0.892481201558754 0.373027977379321 0.927660378471401 0.0172148281022355 0 0 0 0 0 0
7.59691108436289 3.89912494421447 6.70003681839637 -0.546579601677516 0.0316726008862203 -0.836807974019818 0.234133643686773 0.965211469741873 -0.116396974070157 0 0 0 0 0 0
7.60333343166424 4.30189315019921 6.37627149174056 -0.993757793849416 -0.10127005766125 -0.0467955402237191 -0.0990262173246397 0.993925779202451 -0.0480140991706978 0 0 0 0 0 0
7.43036020356539 4.81952528732854 6.16116373404015 -0.823774333129214 -0.213089697338676 0.525346199154072 -0.291902220403031 0.953821650695987 -0.0708332717539013 0 0 0 0 0 0
7.06138480658298 5.13083674855249 5.92530904858605 -0.227937854973391 0.0306701527548418 0.973192517439445 -0.33710856988032 0.935200996497713 -0.108429277701777 0 0 0 0 0 0
6.61697748204821 5.46224121374814 5.93246374027873 0.360916096221676 0.0642606178148917 0.930381719772135 -0.457656353827791 0.881443321933412 0.116654755668353 0 0 0 0 0 0
6.13389181786789 5.75291047843071 6.05313105890201 0.720120216681179 0.113558541851259 0.684493485067365 -0.450781558287852 0.826525676843346 0.337122073181546 0 0 0 0 0 0
5.83716475028628 5.9788899303175 6.37305275089933 0.942442094884577 0.298336564675897 0.150990701591045 -0.334294001225511 0.831102135151319 0.444428578842041 0 0 0 0 0 0
5.8748429281459 6.395167812401 6.66260504508303 0.869825211021457 0.243366152502283 -0.429158499959764 -0.076835028202565 0.926077631841642 0.36942739238406 0 0 0 0 0 0
6.08322110305106 6.80337389180486 6.94301801746358 0.160711461133794 0.20704251355312 -0.965041565862242 -0.229927927052873 0.958703818739435 0.167392163184518 0 0 0 0 0 0
6.28114624327402 7.31096200868722 7.04542111432578 -0.461294453855382 0.0619317632979819 -0.885082981158868 -0.0829229973786106 0.990185089599858 0.112504510308999 0 0 0 0 0 0
6.53524147505387 7.74787057973591 6.86312570612992 -0.977647400945032 -0.0114686629980336 -0.20993815564223 -0.0702483642066269 0.958946377842004 0.274748997723364 0 0 0 0 0 0
6.3989242309021 8.30346918679009 6.84191281844749 -0.891835874172627 -0.420326823331254 0.167194901617854 -0.391006334242811 0.902148457544796 0.18232445565953 0 0 0 0 0 0
5.9874736107355 8.52202611249579 6.78562831372913 -0.260001686318924 -0.321571738501392 0.910489286103087 -0.366604667053215 0.90519108339942 0.215011908109725 0 0 0 0 0 0
5.58780946697698 8.82326889512143 6.98109304258855 0.541799204042798 -0.0745222449978905 0.837197740978238 -0.143667824397343 0.973191749294577 0.179603383425524 0 0 0 0 0 0
5.39954061950762 9.22501291422694 7.30901776086672 0.958356927887661 -0.103795792683358 0.266042162430989 0.0870272986599471 0.993446624762717 0.0740948921013886 0 0 0 0 0 0
5.55229604523817 9.67110624232267 7.4784524652043 0.955716263441049 -0.293213376303784 -0.0251463665529257 0.293517197655444 0.943534202127672 0.153593177243624 0 0 0 0 0 0
5.88574228175879 9.99709525389448 7.76111602370677 0.683037573360337 -0.218472857809545 -0.696942812416164 0.434015358794277 0.888878479555243 0.146716450728045 0 0 0 0 0 0
6.44752335909203 10.3127755034845 7.79643889155524 0.219143319144347 -0.102779844733138 -0.970264144030393 0.508174710734053 0.860931210732621 0.023577823411509 0 0 0 0 0 0
6.96931780983634 10.4386184705554 7.82050548519893 -0.279954661801093 0.423902046379804 -0.861355003706864 0.609704128878728 0.771558116356355 0.181545995033947 0 0 0 0 0 0
6.18383510368185 3.04290560550426 16.4522336550414 -0.758173607503075 -0.650209271042329 0.0489967829186573 -0.324043416071847 0.310509301209421 -0.893632943866174 0 0 0 0 0 0
6.07829719338311 2.97539692685612 15.9913339719727 -0.898659667003147 0.167973063271129 0.405210874628393 -0.239503673689872 0.586025609440395 -0.774087834401929 0 0 0 0 0 0
5.78922547324865 2.90737895300746 15.621985432082 -0.379672630925156 0.795860518426697 0.471651066505695 -0.31390117795059 0.368754933223862 -0.874920481932099 0 0 0 0 0 0
5.5851406449145 3.14687065612474 15.2157495992711 0.0653762090616563 0.760482880160646 0.646058619841339 -0.373775296646664 0.618970121221902 -0.690773491566695 0 0 0 0 0 0
5.25576710974247 3.47565387335187 14.9278355030936 0.602691545125007 0.581482441693833 0.546480623111753 -0.34197503873967 0.8069718770433 -0.481507489599294 0 0 0 0 0 0
5.04371545522323 3.92527220016404 14.9407756374445 0.980973687911948 0.192498094725994 0.0252013323317535 -0.167517210102722 0.904896138030976 -0.391281182394484 0 0 0 0 0 0
4.94411886833696 4.40001466225588 15.0023770511893 0.803731679575084 -0.14717953067552 -0.576501147438188 -0.167183828344433 0.874023014639867 -0.456216327436819 0 0 0 0 0 0
5.17881756712209 4.87116626423336 14.9080006136215 -0.0468471113018767 -0.375361217067031 -0.925693958543874 -0.147844647940748 0.919110397133701 -0.365209580865573 0 0 0 0 0 0
5.32957381951856 5.27249660306038 14.6202368407296 -0.626773764643538 -0.370890947413479 -0.685269693683661 -0.112700828133845 0.913354300370017 -0.391257517925908 0 0 0 0 0 0
5.35403219831673 5.55019433394621 14.2101249274806 -0.949291793636636 -0.307544898909233 -0.06527806437884 -0.242287245837585 0.847937791174177 -0.471485304970469 0 0 0 0 0 0
5.27902932592789 5.8303629291877 13.7578360491161 -0.901741475129102 -0.0897576459812878 0.422854439517773 -0.307970185240676 0.819835067118087 -0.48272645227531 0 0 0 0 0 0
5.0691440031772 6.0562968517236 13.3628947181427 -0.362963437012349 0.283656135956088 0.887579145725407 -0.451640748743844 0.779614845782036 -0.433844818236144 0 0 0 0 0 0
4.65749743340355 6.30101885431517 13.1349033199074 0.246387343950388 0.353201330388872 0.902519859589031 -0.339876294913812 0.903577460161905 -0.260829211636697 0 0 0 0 0 0
4.25734482893594 6.63928438898882 13.2538126269784 0.771764159463202 0.403146428808049 0.491785562117651 -0.290243995309651 0.911421964397533 -0.291664920757421 0 0 0 0 0 0
4.25455695758091 7.19246367983202 13.3739852995056 0.98847704693632 0.102507127708654 -0.111379605175161 -0.108376189414593 0.992951971248994 -0.0479685768051131 0 0 0 0 0 0
4.4123587851954 7.6624749944299 13.5538903300041 0.748252813147581 -0.181363524763108 -0.638141833374238 0.111766213192969 0.982619332503946 -0.148214577481444 0 0 0 0 0 0
4.59098244954098 8.07064741889666 13.6681770756381 0.234182379149185 -0.223196956712866 -0.946224990057937 0.227369140932582 0.958871467356685 -0.169908160018338 0 0 0 0 0 0
5.03687701366252 8.35244520855747 13.5659364499187 -0.429787101696968 0.0212275166534968 -0.902680696454536 0.298239733914667 0.946951813084923 -0.119730216777915 0 0 0 0 0 0
5.37832024899854 8.61836401197223 13.2475203555515 -0.837613068634111 0.354373142536227 -0.41572108811359 0.485109500870625 0.832426134129718 -0.267834843481772 0 0 0 0 0 0
5.61961045189349 8.80675930061331 12.8059647471361 -0.707233811478484 0.619615269374998 0.340436857374411 0.51024927677375 0.780663466379989 -0.360846543299843 0 0 0 0 0 0
14.133701835418 4.77763539867118 6.63067937582049 0.912539954492841 -0.406206725158495 0.0476122661739182 -0.12177441375267 -0.158722747550766 0.979784711844969 0 0 0 0 0 0
14.114572904889 4.4054160645815 7.01768319164794 0.892522177871291 0.416221864078577 0.173676486234731 -0.214397859322797 0.0527716846722553 0.975319797407319 0 0 0 0 0 0
14.2313368150914 4.20107106021947 7.51844119693472 0.447020664549731 0.892295874799839 -0.0630919747726092 -0.198482105035894 0.167713731867671 0.965648465086306 0 0 0 0 0 0
14.4614232537216 4.24375977647662 8.00209707292627 -0.384349802886475 0.86507491465891 -0.32236721460007 0.00104691697556683 0.34959750595458 0.936899401107282 0 0 0 0 0 0
14.6559681526369 4.50452106423855 8.42969610850648 -0.636377629428998 0.624357523591107 -0.452991385676935 -0.179438237011519 0.451320179107607 0.874135009611488 0 0 0 0 0 0
14.6960894251242 4.91249212871916 8.77702159872987 -0.925093827130309 -0.0216248121140361 -0.379122379326823 -0.329701715945146 0.5410902972827 0.773639495300845 0 0 0 0 0 0
14.5377832190907 5.38289896066881 8.86747694238114 -0.847750120802229 -0.496385629569503 -0.186871719199815 -0.463192714700638 0.521215903611993 0.716789014194684 0 0 0 0 0 0
14.1249008954253 5.66556118505411 8.96811604688248 -0.470460021717658 -0.829041151713499 0.302255085533686 -0.532606644690698 0.539881008757329 0.651811827458267 0 0 0 0 0 0
13.7777411367292 5.80700944754955 9.29586988825805 0.145753533275753 -0.899740321248052 0.411367550808381 -0.311931690075514 0.352803930632845 0.882172322880654 0 0 0 0 0 0
13.6863717065097 5.88026210176055 9.82020577085427 0.237577417268783 -0.966328262442769 0.0988264135149843 -0.17426118498555 0.0576891402225104 0.983008139593879 0 0 0 0 0 0
13.3693987749942 5.72253172376003 10.2243522673882 0.905512134860429 -0.388262273404022 0.171172955432946 -0.0998675025577771 0.197063212114192 0.975291019318905 0 0 0 0 0 0
13.4148374432709 5.51298756444311 10.6800221877171 0.972708477172304 0.225751776226047 0.0536130018551692 -0.0731846946996873 0.0792337054415861 0.994165992369337 0 0 0 0 0 0
13.5329595339061 5.41233685252651 11.1295896542152 0.588635019092245 0.804686169625703 -0.0773885179557402 0.0367577439148867 0.0689893956812639 0.996939983923717 0 0 0 0 0 0
13.7541403911849 5.42168560972212 11.5629591186508 -0.096821755120303 0.966425665766491 -0.238006261016845 0.0676083576098359 0.244963477245872 0.967172169159613 0 0 0 0 0 0
14.0607306481357 5.633725463549 11.8544838060343 -0.815802279622523 0.572269692018629 -0.0835107188305701 0.106829797213869 0.291030921425297 0.95073045454618 0 0 0 0 0 0
14.1178739681836 6.10895671224632 12.0985637178539 -0.960450252666697 -0.202995040819065 0.190599909641492 0.0819028454108307 0.448270187200057 0.890138058494993 0 0 0 0 0 0
13.9720754552027 6.43275220643297 12.5440802152525 -0.547395296006014 -0.830430015440513 0.103655098118515 -0.13545050302389 0.210142015490349 0.968242477149308 0 0 0 0 0 0
13.7412088641387 6.61381754623881 12.9624524059753 0.140129364173032 -0.980027737720068 0.141100654129409 -0.187860194626823 0.113602521421125 0.975603922912129 0 0 0 0 0 0
13.3910631059875 6.57361994125622 13.3679979678063 0.835490728375398 -0.509230577851118 0.206493247783466 -0.177643939406865 0.105300815694337 0.978444872747626 0 0 0 0 0 0
13.2945915322789 6.50464877646638 13.8467973474344 0.991379477407497 -0.125283517367232 0.0383506460354194 -0.0257213891629066 0.100910904938539 0.994562918775889 0 0 0 0 0 0
11.1853761182134 5.42424331148739 12.3024375218126 -0.765180906167203 0.454731422326636 0.455760369477133 0.602067774557095 0.756173374045276 0.256351756820294 0 0 0 0 0 0
11.2677617013648 5.88907991164873 12.3730218877651 -0.280233939275439 -0.0930361983972498 0.955412583686209 0.59712153568121 0.762399860942662 0.24938388813298 0 0 0 0 0 0
11.4235153275481 6.3519171217657 12.6219508194498 -0.0560123909326387 -0.587667611381265 0.80716131633983 0.419406656428583 0.71979649571496 0.553164587893929 0 0 0 0 0 0
11.4222900910419 6.76439046771388 12.9662607667301 0.419150562554217 -0.746254007982132 0.51712451255098 0.465689867571407 0.665651558535262 0.583130302643331 0 0 0 0 0 0
12.1758293437764 7.19233882814413 12.9440060605163 0.749258088707565 -0.66196911796585 -0.02022877568714 0.573195398127803 0.632872776059346 0.520498880775018 0 0 0 0 0 0
12.519580797596 7.45374942775707 13.2867041390894 0.634757885201079 -0.622894456333529 -0.457258049075149 0.770628895673808 0.466896541386173 0.433749610713597 0 0 0 0 0 0
12.9420275806967 7.48167917527958 13.6175269719917 0.414173618711586 0.21778770587433 -0.88375829768854 0.585217737538756 0.679936611528093 0.441821687984775 0 0 0 0 0 0
13.4384466484721 7.65070649315481 13.7436181656332 -0.03182546232041 0.4087114044002 -0.912108616263057 0.697449200114703 0.662746656993848 0.272638005242923 0 0 0 0 0 0
13.8991897248753 7.87539434543191 13.7633044497244 -0.516464351806405 0.480208295224616 -0.708988410702642 0.616330734967501 0.783254313721603 0.0815420454178173 0 0 0 0 0 0
14.3181254019729 8.13120437882122 13.6458728993321 -0.779305985278086 0.564426170475597 0.272222848769175 0.605464298795674 0.790193274644399 0.0949082272019918 0 0 0 0 0 0
14.5594010325374 8.65963078534176 13.7413428993743 -0.751046947508419 0.0899625410282694 0.654091143381427 0.469202649022644 0.769712425452049 0.432887579233751 0 0 0 0 0 0
14.5173323148616 9.19451205232405 13.7699323264917 -0.381591830427712 -0.290007961476645 0.877657710745476 0.488691059073214 0.74265291923576 0.457873006774263 0 0 0 0 0 0
14.3882797274331 9.66328599536262 13.9985838563892 0.165860273914445 -0.439150071277096 0.882970885383175 0.225822902027679 0.88849400794507 0.399477677430796 0 0 0 0 0 0
14.4870498054698 10.0524517588181 14.3224931518573 0.661158574238655 -0.666252548600706 0.344930255549979 0.546186261653184 0.742636178535425 0.38752041741258 0 0 0 0 0 0
14.6821103368106 10.3081629149648 14.7528979564931 0.801484382838685 -0.494764294343639 -0.33590337466053 0.575275287615894 0.791310581069554 0.207089129955718 0 0 0 0 0 0
15.1299057173861 10.5106918444471 15.0269098003935 0.521783871471685 -0.195001314720835 -0.830491468185656 0.734461357654668 0.597901571272213 0.321061092601207 0 0 0 0 0 0
15.5799172734894 10.5746133848136 15.1898692628682 0.102957446645645 0.31519687114328 -0.943424981968198 0.817611449690311 0.513349730764066 0.260736593633822 0 0 0 0 0 0
16.0972206576693 10.6375167380289 15.0946307589001 -0.411789906531289 0.695881870548559 -0.58836850282862 0.717568312616101 0.645594303824994 0.261349787828502 0 0 0 0 0 0
16.5815827654861 10.8546983968291 14.8433335726036 -0.726068938636879 0.645788785839348 -0.236179466573321 0.672440357246016 0.738617806198085 -0.0476203980871572 0 0 0 0 0 0
16.8261587191082 11.1308423856934 14.4526774547169 -0.696224676028889 0.617812098660356 0.365485172390557 0.674245371907254 0.73754701426066 0.037650766484016 0 0 0 0 0 0
10.3390073571138 2.47129332915469 7.32003231756233 -0.617856351489223 0.782827534193005 -0.0737196082038195 0.782743141600813 0.603462816242484 -0.152137449990398 0 0 0 0 0 0
10.4159258018295 2.71645073641808 6.89057617032628 -0.0331659266284832 0.686428261323959 0.726440818901748 0.803624302915532 0.450450733762171 -0.388950017632918 0 0 0 0 0 0
10.5796826560003 3.20041268152913 6.72429438986079 0.284660842359315 0.0639465901218177 0.956493093774899 0.828106171642124 0.486232527421163 -0.278958953550254 0 0 0 0 0 0
10.8112870261119 3.68250173786789 6.77562332538425 0.44438609800306 -0.510197483202332 0.736355569026011 0.869961518093206 0.441902243713107 -0.218836386458667 0 0 0 0 0 0
11.1970026309159 3.87636528517499 6.97982933790054 0.422168709588194 -0.889829624477828 -0.173138153063638 0.802218323465754 0.455663188905414 -0.385767831437956 0 0 0 0 0 0
11.703884860385 3.98646881082729 7.11994615061654 0.16127308864776 -0.769063097946176 -0.618492475504305 0.784755128130328 0.479956677720391 -0.392174675858548 0 0 0 0 0 0
12.2382612530141 3.93294357884228 7.10375903660285 -0.229622566349705 -0.340469111856434 -0.91178630220829 0.715594094410989 0.575923332403638 -0.395268778475111 0 0 0 0 0 0
12.7094682934677 3.85911894268188 6.80040699841388 -0.677761979769623 0.39050657899129 -0.623011485081359 0.733072241210792 0.424508577108887 -0.531410911750197 0 0 0 0 0 0
13.0116771671431 3.83609675253596 6.35675749987805 -0.673092003952998 0.689236390965465 -0.268142409147524 0.659165756005473 0.394705547480143 -0.640084398261772 0 0 0 0 0 0
13.3239179204806 3.99879528320372 5.97275644634924 -0.568710642558496 0.745013969933709 0.348600616242022 0.613123048917364 0.666483066783881 -0.424123152606209 0 0 0 0 0 0
13.3380579361448 4.23707341165197 5.62062795879672 0.213477403769143 0.589930589920241 0.778722862869931 0.773699937982348 0.384600415607609 -0.503458961863394 0 0 0 0 0 0
13.5050635708448 4.68019217184274 5.41677072327239 0.537119308858898 -0.260637534117469 0.802228722908938 0.807542346793973 0.43363828972354 -0.39979143540117 0 0 0 0 0 0
13.8797922733902 5.01561543975902 5.50062976618287 0.523134668103578 -0.7996876010305 0.294669068254956 0.851711041680528 0.47826515424646 -0.214127867670419 0 0 0 0 0 0
14.271608537954 5.30133801687213 5.73199036323755 0.484797939357509 -0.811903300361325 -0.325244506267365 0.772921742315431 0.571742028870162 -0.275141841019337 0 0 0 0 0 0
14.7476722217781 5.51911267458017 5.87272662208397 0.176141700294809 -0.538688559614481 -0.823886361798598 0.798684995141643 0.567447123732607 -0.200264925294433 0 0 0 0 0 0
15.2786893595408 5.62650710082892 5.69200889424583 -0.400831962788493 -0.215962256047221 -0.890333668671538 0.673281445902263 0.58962324984246 -0.446135089237526 0 0 0 0 0 0
15.724968058098 5.67401060533784 5.37196832209837 -0.749622809936949 0.380761063122252 -0.541374782966704 0.615989003158093 0.700577404623801 -0.360206674173143 0 0 0 0 0 0
15.9088415901733 5.80452832964062 4.87103642214349 -0.783241884249866 0.616836834526398 0.0777461917277785 0.505579986223324 0.704709833859206 -0.497767945525377 0 0 0 0 0 0
16.0082285463738 6.09642863465189 4.43103466420396 -0.587116254844292 0.626314440555452 0.512859361666845 0.49854905937772 0.778901027220216 -0.380476050742859 0 0 0 0 0 0
16.0363678459355 6.5234805529218 4.10619633358313 0.146075483098847 0.371112386567928 0.91702647168623 0.767131679377717 0.542804189478835 -0.34186634578348 0 0 0 0 0 0
5.52126429717886 10.6271459746726 12.9218209737549 0.44924106372426 0.199383240422274 -0.87087817179133 0.740732148640673 0.461866533244921 0.487847506336243 0 0 0 0 0 0
6.01667298491008 10.7844386424823 13.0265655096645 -0.0372065978570404 0.56253710852041 -0.82593442270764 0.578434941044407 0.686093551314957 0.44123537689422 0 0 0 0 0 0
6.50361551109351 10.9974084525068 12.9477242873846 -0.551084736900871 0.711372796666165 -0.436181564165952 0.627698686602915 0.697818831277541 0.345026430221546 0 0 0 0 0 0
6.92382688791042 11.416954474885 12.91431486682 -0.862669640816134 0.467030223172147 0.194123315080745 0.503816212994607 0.759836998917037 0.410873409459073 0 0 0 0 0 0
7.04742739113827 11.9221172899224 12.7793387651438 -0.7966763162835 0.0387676900173266 0.60316159798488 0.29052279634766 0.899655839206574 0.32590777189851 0 0 0 0 0 0
7.0158099637826 12.3897645455721 12.8565964106637 -0.27699728412814 -0.307880902521593 0.910209785954933 0.395814590650194 0.826610029566105 0.400058331808178 0 0 0 0 0 0
7.02436154398671 12.8948596353104 13.0958689859576 0.0573142184988555 -0.626021913143913 0.777696370456684 0.367218075255582 0.737586612094469 0.566671752308679 0 0 0 0 0 0
6.95536557068554 13.1458561144391 13.459584438732 0.904613007597998 -0.348514373690031 0.24538345057471 0.229611076536214 0.883484152981421 0.408331366616114 0 0 0 0 0 0
7.02817517882642 13.4907789159565 13.8650620880225 0.912930705076148 -0.0740920682376554 -0.401332646508397 0.13862580584171 0.981211131572006 0.134192403786206 0 0 0 0 0 0
7.35076346888777 13.8840604993953 14.0274874923151 0.517362190085448 -0.148855682977206 -0.842720801876504 0.371763370669898 0.926073373927302 0.064653710883901 0 0 0 0 0 0
7.81257638214027 14.082851735096 14.1020162914233 0.0774758678841195 -0.00488053751210978 -0.99698228181307 0.647996258153989 0.760214488442028 0.0466345470789109 0 0 0 0 0 0
8.26686035658814 14.3349849160246 14.0368092264625 -0.402162632455173 0.0889651762676754 -0.911235652544602 0.592569768130618 0.783991727729102 -0.184981190259883 0 0 0 0 0 0
8.66074250477829 14.4974540706642 13.7094780039276 -0.793995054251988 0.494985047277376 -0.352932935265607 0.563020789229977 0.817714476087129 -0.119794100407356 0 0 0 0 0 0
8.8329807753741 14.9670236302046 13.4162865781255 -0.852159814010022 0.376659815194643 0.36325065038337 0.340855638359564 0.926257117241028 -0.16082657292511 0 0 0 0 0 0
8.71077304319028 15.4255852928892 13.1551456942003 -0.4806322166185 0.341285592757199 0.807785130170613 0.334906186932428 0.922773072674148 -0.19059827465613 0 0 0 0 0 0
8.61843765780623 15.974514585432 12.9717474357571 -0.0363467482578767 0.0922871691126099 0.99506883797467 0.391739104960263 0.917350559588139 -0.07077022303385 0 0 0 0 0 0
8.43136143805362 16.4743532555847 13.0337868904725 0.454116647610786 -0.218036027689006 0.863850890485355 0.287739174089536 0.953526205591286 0.0894088527214035 0 0 0 0 0 0
8.49321585859601 16.9189662728317 13.3290467720553 0.896296092134011 -0.433062136936803 0.0954489432997025 0.442745034220076 0.88606877004631 -0.137327963001287 0 0 0 0 0 0
8.75894782283443 17.263579587331 13.6441868818003 0.778582863660319 -0.415845038223297 -0.469980455550614 0.429304826716131 0.89920462553864 -0.0844298949907406 0 0 0 0 0 0
9.29200145619064 17.5029343361976 13.6726631066275 0.216095037737992 -0.338748069644905 -0.915725220782341 0.505217441170944 0.841359155768265 -0.192015905959888 0 0 0 0 0 0
6.38092397449504 11.9120357226346 5.04472393739146 0.605425066577405 -0.0317628922874754 0.795268261301354 0.366760559080023 0.897925065727764 -0.243345985463288 0 0 0 0 0 0
6.4248732713263 12.4212833524022 5.21459793128339 0.859212571889432 -0.366561269724315 0.356912582918069 0.450106143973826 0.873235532192678 -0.186719480700822 0 0 0 0 0 0
6.72687252026326 12.8968860599559 5.32831816183035 0.669665512323023 -0.677117140558902 -0.305058157678957 0.661997400454848 0.730423358266852 -0.168051062148375 0 0 0 0 0 0
7.17022757812789 13.0679404553828 5.57610251866313 0.162800954218894 -0.317901594268773 -0.934041982818111 0.480594117522119 0.852326208460179 -0.206323359256849 0 0 0 0 0 0
7.61870041160552 13.338504298244 5.48587663579548 -0.407807975558949 -0.164338649227593 -0.898156703165189 0.437872936329903 0.82797790406035 -0.350313976337884 0 0 0 0 0 0
8.01571375559222 13.5550082458202 5.24387794608662 -0.772237999521706 0.172628418556403 -0.611431027346036 0.391120471093062 0.88757239272553 -0.243392737696545 0 0 0 0 0 0
8.25283862280657 13.831245423542 4.84774149371339 -0.955051069999318 0.289919116812596 -0.0618414052214355 0.29081286043624 0.87584554137194 -0.385126560839142 0 0 0 0 0 0
8.31668270329392 14.1353302780968 4.40940208556548 -0.650995432868761 0.396397481536794 0.647359237993327 0.101817865488812 0.890711405776813 -0.44301954120151 0 0 0 0 0 0
8.15511457008718 14.5938665158468 4.21759514456516 -0.119263214783047 0.270834534936667 0.955209369868854 0.0684467097982841 0.962029911629368 -0.26422243857814 0 0 0 0 0 0
8.02517809266402 15.1115365265051 4.14942486895199 0.272815729827869 -0.0251212757934378 0.96173826952087 0.322402250699915 0.9442434554924 -0.0667913579993789 0 0 0 0 0 0
7.99864508761561 15.597568212503 4.37692058752142 0.795854723332807 -0.300981744680891 0.525381050969397 0.328963362277497 0.943401981770118 0.0421403259515004 0 0 0 0 0 0
8.18253990895799 16.0397204991184 4.51949934320499 0.819497104920342 -0.529935581185588 0.218157683386743 0.495190356876268 0.846410865362361 0.195895782122262 0 0 0 0 0 0
8.37567314515413 16.2733399316547 4.96312826013466 0.861891920205139 -0.281809267348096 -0.421575443689298 0.491505417204476 0.668799073041769 0.557790484641971 0 0 0 0 0 0
8.82068685317804 16.337042955739 5.25738975355792 0.376444382870829 0.377862601793535 -0.8458779349119 0.466825050913006 0.711288540570752 0.525493086436729 0 0 0 0 0 0
9.04870236439893 16.7479173816443 5.43177311485796 -0.170563126219558 0.317149732185416 -0.932911714659501 0.0564929416190399 0.948375332130827 0.312078158404225 0 0 0 0 0 0
9.2935647795265 17.1566102083971 5.36099417298841 -0.889735613706846 0.238968385868658 -0.388927561709157 0.232717220294286 0.970443597851617 0.0638898956589443 0 0 0 0 0 0
9.41738718950846 17.5615319638128 5.03025033722476 -0.901263119227552 0.271130370276665 0.337954304949446 0.246429085582134 0.962329758178348 -0.114865757750321 0 0 0 0 0 0
9.32864149245537 18.0190293942718 4.7628453924381 -0.617475804715157 0.152179316093476 0.771728635172164 0.295112157952557 0.954258553096741 0.0479523520830799 0 0 0 0 0 0
9.27678100272462 18.5398048874027 4.59038074480811 -0.0958704317836783 -0.155252371585931 0.983211859889086 0.129681023010682 0.977394975129343 0.166978725779107 0 0 0 0 0 0
9.11501091642694 18.9670657251048 4.66822730736408 0.516362503111585 -0.246654106683277 0.82008018939407 0.00989393130670694 0.959277901758931 0.2822906610575 0 0 0 0 0 0
5.92246214542622 14.6738747333337 3.70266094184713 -0.555642325601895 -0.550071038507529 0.623444832038062 -0.776846250158645 0.610681670711363 -0.153550645298643 0 0 0 0 0 0
5.40476607929876 14.7356375481858 3.57281010459124 -0.0490579808267498 -0.0454449618229342 0.997761529606206 -0.781022713954004 0.624423175910119 -0.00996080690718103 0 0 0 0 0 0
4.89670552490199 14.8249444771774 3.7230893367509 0.493085711772556 0.474480002119045 0.729201761129842 -0.639231042734807 0.766153460327027 -0.0662763097425801 0 0 0 0 0 0
4.44061305903808 15.0557653009056 3.92339686356941 0.721092541565172 0.687562178448094 0.0853451654564679 -0.691950503220769 0.720918905758133 0.0384763877335368 0 0 0 0 0 0
4.12503823082421 15.4326435781047 4.14777699747667 0.754471984036323 0.596609764509161 -0.273548559119981 -0.624417262305428 0.78085612763584 -0.0191517745536899 0 0 0 0 0 0
4.04224396456888 15.8585138178427 4.46473874674475 0.309548612845999 0.419415634147145 -0.853387474783914 -0.694276225749087 0.71292943542881 0.0985502027332314 0 0 0 0 0 0
3.87789660358557 16.3129331234824 4.50449290689964 -0.0905756455573009 -0.110472130759654 -0.98974338126471 -0.595249732878966 0.802772506465375 -0.0351291669531011 0 0 0 0 0 0
3.62856564385632 16.7143804346168 4.21639198135525 -0.347656006074793 -0.750075003969727 -0.56260358144962 -0.623702452770933 0.633027313680984 -0.458553890553071 0 0 0 0 0 0
3.42992791379381 16.9296680074211 3.7458417083959 -0.506928559343923 -0.859623760744656 -0.0637998878110999 -0.787228014008679 0.491843158540621 -0.371970914665026 0 0 0 0 0 0
3.18430358440146 16.9859007043573 3.27129805948233 -0.631158620723781 -0.596155592407528 0.496223039698162 -0.774361986194701 0.521197755792714 -0.358770697930081 0 0 0 0 0 0
2.8597933526678 17.0835502371927 2.96505919121863 -0.461882896004611 -0.190224500572362 0.866301812165015 -0.751331590697083 0.602975349405509 -0.26818196962118 0 0 0 0 0 0
2.34071333627321 17.024927697944 2.83934349374939 -4.1715922862127e-05 0.307119258558309 0.951671035222979 -0.711970635234167 0.668263071283118 -0.215690245777391 0 0 0 0 0 0
1.81148657697342 17.0312866032708 2.93188377515404 0.451328969797557 0.731900929666141 0.510512673863554 -0.810852822611668 0.575230163014316 -0.107833017305525 0 0 0 0 0 0
1.35573626116713 17.4552591104112 2.93200112265969 0.691552442417393 0.58968306195696 0.417167958773926 -0.626268529255998 0.777256592973778 -0.0604972556594514 0 0 0 0 0 0
0.978518200430986 17.7277365987338 3.19815265936597 0.723079215078054 0.675386822745691 -0.144945121972373 -0.687274364172379 0.724477300541208 -0.0527881554136662 0 0 0 0 0 0
0.612167117570029 18.1727576237359 3.30804667877704 0.654539185101104 0.3932409450014 -0.645708923851599 -0.684456799525911 0.67095367159126 -0.285201788495365 0 0 0 0 0 0
0.41539908594013 18.7087761881142 3.3369586422495 0.359496228419671 -0.113881027032523 -0.926171460062363 -0.360981562678605 0.898280662580858 -0.250567680755932 0 0 0 0 0 0
0.558051632906093 19.2201019903915 3.25400518006756 -0.251458755416801 -0.388233844393949 -0.886590647588462 -0.452740548944307 0.856809947481436 -0.246784742718155 0 0 0 0 0 0
0.501216186736951 19.6365598358746 2.91931473037906 -0.553756924662514 -0.684408284586278 -0.474276889989364 -0.64564670415866 0.712601827083301 -0.274479451774811 0 0 0 0 0 0
0.347515511607901 19.901858061397 2.47809136731009 -0.675112742035842 -0.599738530339065 0.42957709525484 -0.736138711422237 0.585713658086231 -0.339174451096858 0 0 0 0 0 0
0.117981685228989 8.78911639082281 5.31146448355304 0.176965329469014 0.922584971219314 -0.342812256265994 0.487370065635714 0.220463736724669 0.844906006554359 0 0 0 0 0 0
0.58410860369254 8.8078822478352 5.38505591540707 -0.356850427077385 0.895792522748085 0.264978355499671 0.679270202191747 0.0541000885039144 0.731891503460896 0 0 0 0 0 0
0.993122857926183 9.09073405383955 5.53586918837187 -0.682561196263624 0.396221325292472 0.614100052710181 0.638484212295901 -0.0855556174042256 0.764864789998509 0 0 0 0 0 0
1.25808292097184 9.10519066808252 6.18648578260183 -0.80522945626658 0.00853772695385892 0.59290187213323 0.591399146217128 -0.0610161940966579 0.804067207335066 0 0 0 0 0 0
1.39819567450389 9.29527212956617 6.64401236162617 -0.766746815528564 -0.538975257568029 0.348719074049992 0.430905832143144 -0.0294641501410575 0.901915754204067 0 0 0 0 0 0
1.33492313396587 9.5159417068391 7.12979690789994 -0.315738344511841 -0.936292972110163 0.153833573000301 0.487733724112087 -0.0210829947068004 0.872737831022552 0 0 0 0 0 0
1.27094628390341 9.47899782923025 7.59610378275079 0.273618416399574 -0.94789916965684 -0.163156753984818 0.490644492341898 -0.00834725037199097 0.871319864083098 0 0 0 0 0 0
1.23693536332397 9.27042377824635 8.09009287641163 0.773669878863074 -0.511878409763905 -0.373383733118589 0.358285061348251 -0.132586378779381 0.924149699440978 0 0 0 0 0 0
1.43138943778386 9.02282524157619 8.53737252421164 0.744240564276982 -0.0482434233026402 -0.666167062074313 0.646940226846508 -0.195900295181234 0.736947363951927 0 0 0 0 0 0
1.71418240857593 8.61040811666725 8.73390586202179 0.700617190695506 0.624678298889435 -0.3448370267221 0.547125189517342 -0.160094923278428 0.821598224521017 0 0 0 0 0 0
2.18842821173123 8.41562925151816 9.03688243987482 0.276421638271894 0.958311268117405 -0.0723228269241 0.719235935182473 -0.156373197176115 0.67693950449587 0 0 0 0 0 0
2.72860898181046 8.37896173708043 9.04945323802003 -0.367055563188061 0.753120446746733 0.545966854511056 0.825846387802975 -0.00626401304496757 0.563860360278457 0 0 0 0 0 0
3.12347403142003 8.73241065003835 9.13800017836275 -0.467702233842533 0.0474195254367858 0.882613170684674 0.869883249834819 0.201734492504879 0.450118124707963 0 0 0 0 0 0
3.41421493917034 9.06152453480956 9.4401238460097 -0.421771392453483 -0.500763139976985 0.755873779243757 0.705491845767512 0.342417716134255 0.620508954998193 0 0 0 0 0 0
3.6536148052237 9.25688021556769 9.86131399756515 -0.191257563019641 -0.897937470468388 0.396394807883026 0.727523399091211 0.141408555349364 0.67135186321986 0 0 0 0 0 0
3.77108795375207 9.19172534544853 10.3882204365434 0.297520523092745 -0.92900405090393 -0.220075013899143 0.644872857355308 0.0255714467965532 0.763861963285993 0 0 0 0 0 0
3.84917247666455 9.06363774805609 10.8438000591395 0.827433845942601 -0.143290976843405 -0.542974149056747 0.543579493494219 -0.0383636816437814 0.838480507932834 0 0 0 0 0 0
4.11449043031444 8.74782351570993 11.208862269786 0.792752044079103 0.391726027604024 -0.467006333903487 0.539023844201145 -0.0927993418361727 0.837162814234719 0 0 0 0 0 0
4.51390554486064 8.73780907842872 11.5961895670055 0.348536719853312 0.677177839177186 -0.648037289853919 0.706573192502973 0.264455683135158 0.656366906001265 0 0 0 0 0 0
5.09466930642067 8.83373391343079 11.686121840691 -0.105233964489096 0.984962277790817 -0.137022348713754 0.897085836800185 0.153486050816589 0.414341687037692 0 0 0 0 0 0
9.78301219353375 15.0808578282194 -1.2643870211593 -0.0322711757470858 0.991040174794477 0.129606879289772 0.647921027918854 -0.0779932868994205 0.75770402452356 0 0 0 0 0 0
10.2518285395731 15.1297606999199 -1.06259205741223 -0.686383596873036 0.57672143372106 0.443023640261283 0.585333673263384 0.0765868262743803 0.807167237309104 0 0 0 0 0 0
10.5675991510442 15.4769279347148 -0.769570409578569 -0.872962236328774 -0.0108650664758675 0.487666775856568 0.486334664648562 0.0577251636096386 0.871863750506586 0 0 0 0 0 0
10.718436056767 15.8465884356812 -0.41000894888574 -0.549902143683815 -0.622720259042144 0.556621156039213 0.673217259932368 0.063982613744961 0.736671396259904 0 0 0 0 0 0
10.8685080622511 16.0344865772021 0.0704676725032256 -0.106332291430479 -0.977072525750998 0.184452495840283 0.827190704190898 0.0160157956005179 0.561693006179931 0 0 0 0 0 0
10.9975613108251 15.9570885212381 0.568181763954318 0.416113049605129 -0.811823874502144 -0.409624128606516 0.77509399241545 0.0811122705411505 0.626617987683994 0 0 0 0 0 0
11.3040175108997 15.7577437524255 1.00160709489357 0.548980155181465 -0.248743697323931 -0.79796451190423 0.777981805353339 -0.196939583630808 0.596623089511698 0 0 0 0 0 0
11.6186680059643 15.3813044405073 1.09978445678656 0.627270008096662 0.537716526368013 -0.563376671697659 0.758510969051399 -0.257758840577049 0.598516073245392 0 0 0 0 0 0
12.1167427887948 15.240842277637 1.15292558813129 0.286128379167874 0.946469277820518 -0.149420402812574 0.81853234962476 -0.160366182704736 0.551622588426616 0 0 0 0 0 0
12.5496774088048 15.3474825172072 1.07766738352762 -0.0249793121857446 0.724861829248101 0.68844125563611 0.685768062558751 -0.488654234862725 0.539387804019652 0 0 0 0 0 0
12.9790108840436 15.1950391122755 1.31680596395465 -0.396246107797008 0.598380434414676 0.696369067208923 0.643233272636258 -0.360291272510481 0.67560428945236 0 0 0 0 0 0
13.4174162196654 15.3488661125489 1.59157072869896 -0.728500554338367 -0.129252827447717 0.672741145557088 0.639891603183208 -0.479025418247772 0.600893821609251 0 0 0 0 0 0
13.7459485962972 15.3279712863232 2.04705584222777 -0.785891679045919 -0.563135269907758 0.255446543512147 0.579046257427472 -0.525239865688057 0.6235611559833 0 0 0 0 0 0
13.7545670328048 15.1742882506551 2.49882758484089 -0.356170414603725 -0.915404837926253 -0.187554308034289 0.540973915942553 -0.365663752291267 0.757388435698651 0 0 0 0 0 0
13.7741792783284 14.9299555713554 2.97835655238856 0.0474501119366123 -0.822540435339398 -0.566723670856332 0.530012326184336 -0.460172918687268 0.712269484815621 0 0 0 0 0 0
14.0155166620214 14.4650639763483 3.342383552141 0.356528737180834 -0.441657683996827 -0.823301736747105 0.528342774143317 -0.631464243972858 0.567544554721769 0 0 0 0 0 0
14.0955208691253 13.960176291721 3.5078309905487 0.688100594451923 0.0438139901135742 -0.724291313067635 0.633646326204308 -0.522659173216292 0.570368058310286 0 0 0 0 0 0
14.3770622230214 13.5106180611295 3.60436751174473 0.62034478519205 0.715101789264191 -0.322182833925369 0.744815105085764 -0.408359144008813 0.527724614491756 0 0 0 0 0 0
14.8415946324516 13.317369693198 3.53219921089667 0.213311850677573 0.887891211191833 0.40761164292597 0.749951940559937 -0.416205429462391 0.514145045037304 0 0 0 0 0 0
15.3392800226987 13.219509267572 3.47013533407872 -0.327612917894099 0.446188976988212 0.832817610790698 0.651654890365288 -0.531537334764206 0.541122874784249 0 0 0 0 0 0
8.6248527530365 11.53454974605 3.16021243040156 0.080408941620318 -0.97844585905522 0.190205423175035 0.758848910345598 0.183818217919514 0.624787319036 0 0 0 0 0 0
8.79217660802479 11.5073413076137 3.67006292863421 0.42671436645483 -0.818800561705515 -0.384031886191481 0.647800115235258 -0.0195861403923416 0.761558529468169 0 0 0 0 0 0
8.9773810172779 11.1930086665756 4.06449849965888 0.64018505634284 -0.141933243647816 -0.754995396001144 0.758651678821478 -0.0378304911363043 0.65039717416494 0 0 0 0 0 0
9.42078718028295 11.0006408594031 4.26607613163906 0.4262119050368 0.292893037946825 -0.855895484464769 0.880103450774532 0.0845357645533918 0.467195484188508 0 0 0 0 0 0
9.93657326703975 10.8969872163837 4.33274647646871 0.092495836284514 0.817408228184731 -0.5685844781261 0.985394153160724 0.00685148112417503 0.17015116844461 0 0 0 0 0 0
10.4425321062992 10.807063734606 4.18101718679394 -0.121791388781677 0.983746914008355 0.131942664811912 0.982592987231751 0.100711569433766 0.156103174936233 0 0 0 0 0 0
10.7829403452983 10.9542396332369 3.94110291450871 0.0119417209432679 0.53363871009547 0.845628241243489 0.996595550753559 0.0626413425217037 -0.0536038284573795 0 0 0 0 0 0
11.1534424481585 11.259234768871 3.79367358278197 0.0223620857225678 -0.154346664907421 0.987763658044825 0.987383282534109 0.158330525721748 0.00238704772536328 0 0 0 0 0 0
11.6834207812992 11.5052889656883 3.9650799933251 -0.141261831748803 -0.442323485513576 0.885660786675178 0.945507422221183 0.20482730146192 0.253103716093782 0 0 0 0 0 0
11.9430058726083 11.8313057797985 4.30421672003845 0.129924539711272 -0.908933284102425 0.396181649034372 0.934253941913634 0.246053276353339 0.258122756096054 0 0 0 0 0 0
12.3944518931373 11.811510964164 4.51170025715973 -0.0876023069277406 -0.994925923319149 -0.0494797223969202 0.984458060296217 -0.0940563626394715 0.148309568689424 0 0 0 0 0 0
12.7499967328271 11.6557698083191 4.81579992439657 0.254783293847598 -0.55734368688084 -0.79022369482966 0.951455328902679 -0.00144056650195819 0.307783498373205 0 0 0 0 0 0
13.1030144685571 11.3377056146859 4.99928363359852 0.512782996127407 0.187480738795072 -0.837797452528625 0.858478739704033 -0.121338075795992 0.498288395247473 0 0 0 0 0 0
13.5445220353607 11.04269871932 5.08130254763702 0.281844403997436 0.796069348279334 -0.535571960305472 0.787151300351295 0.127314186786392 0.603476534919283 0 0 0 0 0 0
14.0370712652809 11.0607784661674 5.19423926604011 -0.224765114734925 0.950333007063095 -0.215285435839521 0.737538637927387 0.310310498955039 0.599786755274314 0 0 0 0 0 0
14.4887309840387 11.335756668916 5.25008502122573 -0.792036535010004 0.400122844550838 0.461063809551232 0.578962618629116 0.252815608172665 0.775168726468247 0 0 0 0 0 0
14.6854228056804 11.7303332813239 5.33789121261427 -0.435517600257504 -0.519680737477804 0.735021326874583 0.525439714665597 0.516232353778986 0.676326299328914 0 0 0 0 0 0
14.869950051624 12.0567814032467 5.73202334517186 -0.163375609314573 -0.915568870321374 0.367480685178875 0.506532841646424 0.241795334649095 0.827622798426633 0 0 0 0 0 0
14.8457661631505 12.1014744342984 6.22709051388051 0.377816094122546 -0.925501913462851 -0.0264803171919457 0.547762530021453 0.200371194774376 0.812285414746065 0 0 0 0 0 0
15.0188710628092 12.0169761426569 6.70471369187152 0.86933463398615 -0.303788376313556 -0.389833190696919 0.469862965490366 0.263432342579836 0.842515397214496 0 0 0 0 0 0
