t = 0
b = 13 13 13
E = -0.991307169673638 -0.991307169673638 0
6.39773250211613 3.83973373292076 11.351869991419 0.750081365245642 -0.648545284279953 0.129487295706832 0.515055594630664 0.695672675680908 0.500756690170604 0 0 0 0 0 0
6.5380206867536 3.92827957510374 11.8629120260909 0.850850289373331 -0.344209407402361 -0.396955499935489 0.515055594630664 0.695672675680908 0.500756690170604 0 0 0 0 0 0
6.87226022162577 3.93836287203879 12.2834680420623 0.628366963109865 0.0908973782217851 -0.772588264410282 0.515055594630664 0.695672675680908 0.500756690170604 0 0 0 0 0 0
7.34973602551043 3.96916622919958 12.5279125388518 0.167156521825584 0.491470730136355 -0.854701830248661 0.515055594630664 0.695672675680908 0.500756690170604 0 0 0 0 0 0
7.86531516380481 4.11200035475911 12.5775277265429 -0.357559476808245 0.705326134719707 -0.612099880923018 0.515055594630664 0.695672675680908 0.500756690170604 0 0 0 0 0 0
8.29938860811014 4.4156135949211 12.4876147271179 -0.746432652126967 0.651216348298933 -0.136950953070454 0.515055594630664 0.695672675680908 0.500756690170604 0 0 0 0 0 0
8.56331270587658 4.8676716221684 12.3664837536312 -0.851723583214224 0.34969858340267 0.390227931551406 0.515055594630664 0.695672675680908 0.500756690170604 0 0 0 0 0 0
8.63308638604982 5.39944345250561 12.3343052494203 -0.633430484979476 -0.0846755199767931 0.769152700713796 0.515055594630664 0.695672675680908 0.500756690170604 0 0 0 0 0 0
8.55846956724107 5.91191349539979 12.4774551275385 -0.174486555108078 -0.486879977617875 0.855863499327629 0.515055594630664 0.695672675680908 0.500756690170604 0 0 0 0 0 0
8.4440785327052 6.31339923207628 12.8156991172582 0.35074773430851 -0.704110591562798 0.617417445272268 0.515055594630664 0.695672675680908 0.500756690170604 0 0 0 0 0 0
8.40964045524126 6.55438293725116 13.2946834330548 0.742727095271901 -0.653837819671703 0.144404181088772 0.515055594630664 0.695672675680908 0.500756690170604 0 0 0 0 0 0
8.54450704251448 6.64632429085884 13.8065846864743 0.852532015006673 -0.35516112850194 -0.383470645799507 0.515055594630664 0.695672675680908 0.500756690170604 0 0 0 0 0 0
8.87370832943344 6.65730665404934 14.2310737941178 0.63844576866523 0.0784472133631203 -0.765658563061254 0.515055594630664 0.695672675680908 0.500756690170604 0 0 0 0 0 0
9.34844334940836 6.6861710619943 14.4810310082201 0.181803300563847 0.482252147304066 -0.856959991087512 0.515055594630664 0.695672675680908 0.500756690170604 0 0 0 0 0 0
9.86462043746725 6.82496486209132 14.5356441653897 -0.343909281010832 0.702841427658267 -0.622687990892632 0.515055594630664 0.695672675680908 0.500756690170604 0 0 0 0 0 0
10.3024033940986 7.12397138773797 14.4483155754423 -0.738964976872944 0.656409498763069 -0.151846412169616 0.515055594630664 0.695672675680908 0.500756690170604 0 0 0 0 0 0
10.5717392610002 7.57260647928162 14.3263735910631 -0.853275523185467 0.360596626706212 0.376684157273262 0.515055594630664 0.695672675680908 0.500756690170604 0 0 0 0 0 0
10.6465709455433 8.10343958322914 14.2902967721867 -0.643412432233857 -0.0722129326904291 0.762106117544768 0.515055594630664 0.695672675680908 0.500756690170604 0 0 0 0 0 0
10.5747367459137 8.61781174689769 14.4279420667843 -0.189106200994399 -0.477587591622126 0.857991222026218 0.515055594630664 0.695672675680908 0.500756690170604 0 0 0 0 0 0
10.4597957818173 9.02331780402867 14.7611664874396 0.337044637689906 -0.701518739657858 0.627911116411655 0.515055594630664 0.695672675680908 0.500756690170604 0 0 0 0 0 0
9.76317927411752 2.19178603950396 10.9447215720856 0.444449007579816 -0.29990393108521 0.844110603997459 0.425390943658603 0.899929724746196 0.0957550811783792 0 0 0 0 0 0
9.7022743011994 2.61972237237251 11.2638550573284 0.822293277021607 -0.428532520976599 0.374424418314975 0.425390943658603 0.899929724746196 0.0957550811783792 0 0 0 0 0 0
9.82881110665185 2.94997470360065 11.6683386005074 0.887734582512447 -0.394354441467304 -0.237511863927808 0.425390943658603 0.899929724746196 0.0957550811783792 0 0 0 0 0 0
10.1577070381206 3.19033392748793 12.0186813068307 0.615910677976087 -0.210354516389922 -0.759213418077815 0.425390943658603 0.899929724746196 0.0957550811783792 0 0 0 0 0 0
10.6269998280137 3.38274283274532 12.1959612906145 0.110092009399216 0.053562606403955 -0.992477101328619 0.425390943658603 0.899929724746196 0.0957550811783792 0 0 0 0 0 0
11.1213880949134 3.58736133581784 12.1470060879222 -0.437552454188657 0.297130399505947 -0.848682140452431 0.425390943658603 0.899929724746196 0.0957550811783792 0 0 0 0 0 0
11.5160362661131 3.85971072280696 11.9045937646098 -0.818963424943344 0.427813386080268 -0.382458645209654 0.425390943658603 0.899929724746196 0.0957550811783792 0 0 0 0 0 0
11.7240016988284 4.22958018461424 11.5749999810878 -0.88923649822377 0.395962914624316 0.229067283715821 0.425390943658603 0.899929724746196 0.0957550811783792 0 0 0 0 0 0
11.7292656437936 4.68970940526913 11.2976220920965 -0.621673758587572 0.213679511755691 0.753566721756907 0.425390943658603 0.899929724746196 0.0957550811783792 0 0 0 0 0 0
11.5928190359278 5.19854687735216 11.1920197610407 -0.117926764232991 -0.0497843101598431 0.99177356323883 0.425390943658603 0.899929724746196 0.0957550811783792 0 0 0 0 0 0
11.4294910184445 5.6960360143678 11.3124922449313 0.430622579484059 -0.294334240296374 0.853189046476601 0.425390943658603 0.899929724746196 0.0957550811783792 0 0 0 0 0 0
11.3643234315042 6.12643165204663 11.627449198812 0.815571205629525 -0.42706167153824 0.390463746397751 0.425390943658603 0.899929724746196 0.0957550811783792 0 0 0 0 0 0
11.4850653265491 6.45947856826081 12.0314123759699 0.890670695132933 -0.397541233672346 -0.22060525914331 0.425390943658603 0.899929724746196 0.0957550811783792 0 0 0 0 0 0
11.8088356345746 6.70190594775072 12.3850885773648 0.627389496335433 -0.216988234599345 -0.747862638412584 0.425390943658603 0.899929724746196 0.0957550811783792 0 0 0 0 0 0
12.2756193980305 6.89487085233617 12.568289466802 0.125752538487098 0.0460022226477646 -0.990994497752392 0.425390943658603 0.899929724746196 0.0957550811783792 0 0 0 0 0 0
12.7710684565914 7.09832196502163 12.5255931292949 -0.423659911202809 0.291515666394841 -0.857630978851627 0.425390943658603 0.899929724746196 0.0957550811783792 0 0 0 0 0 0
13.1699442250632 7.36822408303436 12.2873997831731 -0.812116877410785 0.426277434596488 -0.398439112259819 0.425390943658603 0.899929724746196 0.0957550811783792 0 0 0 0 0 0
13.3836979257758 7.73529615567619 11.9583822288748 -0.89203706402029 0.399089278416289 0.212126434626206 0.425390943658603 0.899929724746196 0.0957550811783792 0 0 0 0 0 0
13.3941117496771 8.19334064189038 11.6777189020241 -0.63305745594411 0.220280432948831 0.742101602432879 0.425390943658603 0.899929724746196 0.0957550811783792 0 0 0 0 0 0
13.2602201065767 8.70159805972639 11.5662176587983 -0.133568736198528 -0.0422166318883267 0.99013996419816 0.425390943658603 0.899929724746196 0.0957550811783792 0 0 0 0 0 0
11.2223902161445 7.80388656233225 4.79684611453341 0.647859525447189 0.675059945017793 -0.352947738227514 0.038570072361443 0.433668247687672 0.900246744212684 0 0 0 0 0 0
11.5789243799 7.83986967912206 5.19718810271306 0.0786912217316876 0.896801041031617 -0.435379816283417 0.038570072361443 0.433668247687672 0.900246744212684 0 0 0 0 0 0
11.9533962101252 8.08027862143291 5.49828524807165 -0.520373192766749 0.777832427843705 -0.352403822970903 0.038570072361443 0.433668247687672 0.900246744212684 0 0 0 0 0 0
12.2092489546857 8.49799449014527 5.71905193089562 -0.921739131157275 0.363352270653285 -0.135543725434023 0.038570072361443 0.433668247687672 0.900246744212684 0 0 0 0 0 0
12.2549912352964 8.99853652038594 5.90892141724203 -0.972920962964695 -0.189171489084321 0.132811699565482 0.038570072361443 0.433668247687672 0.900246744212684 0 0 0 0 0 0
12.0789561517862 9.45595690373755 6.1290653346833 -0.654473854570775 -0.66982583734016 0.350709739406857 0.038570072361443 0.433668247687672 0.900246744212684 0 0 0 0 0 0
11.7537337325336 9.76069046639137 6.42915354825747 -0.0873811866060929 -0.896002151099684 0.435367285693415 0.038570072361443 0.433668247687672 0.900246744212684 0 0 0 0 0 0
11.4085927690446 9.86118031050927 6.82848374830431 0.512909055085775 -0.781772267299339 0.354621521192197 0.038570072361443 0.433668247687672 0.900246744212684 0 0 0 0 0 0
11.1803694408012 9.78346514169778 7.30864993526508 0.918336571368462 -0.370534028616689 0.139149111834407 0.038570072361443 0.433668247687672 0.900246744212684 0 0 0 0 0 0
11.1614809628967 9.62128672940426 7.82053516664685 0.974872670419579 0.181476282536035 -0.129188371558359 0.038570072361443 0.433668247687672 0.900246744212684 0 0 0 0 0 0
11.3648147408888 9.50047584142498 8.30297190466696 0.661038342976436 0.664540719831678 -0.348445032681716 0.038570072361443 0.433668247687672 0.900246744212684 0 0 0 0 0 0
11.7188322299619 9.53114703144113 8.70598058652344 0.096064497064828 0.89513502713493 -0.435321600199014 0.038570072361443 0.433668247687672 0.900246744212684 0 0 0 0 0 0
12.0947476241636 9.76586427905816 9.00975769591715 -0.505405857394449 0.785652571770064 -0.356812213611679 0.038570072361443 0.433668247687672 0.900246744212684 0 0 0 0 0 0
12.3554557372697 10.1796710551308 9.23219944999095 -0.914864076694255 0.377687568979232 -0.142743901491188 0.038570072361443 0.433668247687672 0.900246744212684 0 0 0 0 0 0
12.4076205553071 10.6795717244361 9.4221027272284 -0.976750137546237 -0.17376725586622 0.12555520535657 0.038570072361443 0.433668247687672 0.900246744212684 0 0 0 0 0 0
12.2371351487573 11.1398621422992 9.64062631747748 -0.667552490752967 -0.659204994974507 0.346153790518277 0.038570072361443 0.433668247687672 0.900246744212684 0 0 0 0 0 0
11.9144811309358 11.4498867608159 9.93805567516695 -0.104740491840183 -0.894199735172204 0.435242763279341 0.038570072361443 0.433668247687672 0.900246744212684 0 0 0 0 0 0
11.5679515147037 11.5560785215641 10.3346986344409 0.497864171090324 -0.78947304575567 0.358975733399641 0.038570072361443 0.433668247687672 0.900246744212684 0 0 0 0 0 0
11.3349100519369 11.4823098766915 10.8131701234384 0.911321911578568 -0.384812346971121 0.146327820647214 0.038570072361443 0.433668247687672 0.900246744212684 0 0 0 0 0 0
11.3096044475893 11.3208232452187 11.3249970437567 0.97855322136828 0.166044996147104 -0.121912477639785 0.038570072361443 0.433668247687672 0.900246744212684 0 0 0 0 0 0
11.0332283955102 0.0626793341049512 9.14038027129021 0.929806921270219 0.282745772583734 -0.235613915641721 0.0371294414836919 0.564845547084834 0.824360911563342 0 0 0 0 0 0
11.2825020225619 0.0423118660603438 9.61591463095343 0.538470338054189 0.683617907890459 -0.492662410832487 0.0371294414836919 0.564845547084834 0.824360911563342 0 0 0 0 0 0
11.6545199801161 0.177775121629435 9.97914657856573 -0.0574401293325835 0.824772170507688 -0.562540219271737 0.0371294414836919 0.564845547084834 0.824360911563342 0 0 0 0 0 0
12.0134444583815 0.501245219417246 10.2141474654947 -0.631528131238159 0.652581696093715 -0.418699593238743 0.0371294414836919 0.564845547084834 0.824360911563342 0 0 0 0 0 0
12.2284120792601 0.973471335363133 10.3537057669705 -0.965688037499068 0.232464524749618 -0.115787991450462 0.0371294414836919 0.564845547084834 0.824360911563342 0 0 0 0 0 0
12.2232510816054 1.4986877470402 10.4668701921519 -0.932966912871095 -0.275969806146449 0.231113404161832 0.0371294414836919 0.564845547084834 0.824360911563342 0 0 0 0 0 0
12.0054202468059 1.96099683272278 10.6327169250839 -0.545796059668435 -0.679558593718374 0.490210953522986 0.0371294414836919 0.564845547084834 0.824360911563342 0 0 0 0 0 0
11.6631751830315 2.26840051558492 10.9103072602961 0.0487318418257533 -0.824971709922891 0.563069165750684 0.0371294414836919 0.564845547084834 0.824360911563342 0 0 0 0 0 0
11.3320385441345 2.38775187121237 11.3162492295581 0.624745701857392 -0.65696428073625 0.422007987895273 0.0371294414836919 0.564845547084834 0.824360911563342 0 0 0 0 0 0
11.1433127076337 2.35734819837457 11.8183879329393 0.96340822456229 -0.239365137440877 0.12061891984115 0.0371294414836919 0.564845547084834 0.824360911563342 0 0 0 0 0 0
11.1741958062355 2.27238123492549 12.3480217228936 0.936055855429427 0.269172823539966 -0.226595292501424 0.0371294414836919 0.564845547084834 0.824360911563342 0 0 0 0 0 0
11.4184528665355 2.24877222507188 12.8260031087924 0.553080216799602 0.675447528528359 -0.487722164751446 0.0371294414836919 0.564845547084834 0.824360911563342 0 0 0 0 0 0
11.7887845796576 2.3791315005993 13.1928082118898 -0.0400198432004952 0.825108424548376 -0.563555232332649 0.0371294414836919 0.564845547084834 0.824360911563342 0 0 0 0 0 0
12.1499937682629 2.6975742674646 13.4311508820448 -0.617915695672627 0.661296835005265 -0.425284245009655 0.0371294414836919 0.564845547084834 0.824360911563342 0 0 0 0 0 0
12.370349054597 3.16675966867707 13.5725499951682 -0.961055044359225 0.246247521550181 -0.125440662634097 0.0371294414836919 0.564845547084834 0.824360911563342 0 0 0 0 0 0
12.3716318133297 3.69207720017511 13.6853549052972 -0.939073513710281 -0.262355342380826 0.222059924732192 0.0371294414836919 0.564845547084834 0.824360911563342 0 0 0 0 0 0
12.1588527350642 4.15759082312241 13.848778382256 -0.560322254730922 -0.671285025393946 0.485196234048767 0.0371294414836919 0.564845547084834 0.824360911563342 0 0 0 0 0 0
11.8183481812021 4.47008500340914 14.1228023560329 0.0313047969092341 -0.825182303972794 0.563998382001778 0.0371294414836919 0.564845547084834 0.824360911563342 0 0 0 0 0 0
11.4849795567806 4.59447885154088 14.5253897787334 0.611038632815279 -0.665579028959981 0.428528115082224 0.0371294414836919 0.564845547084834 0.824360911563342 0 0 0 0 0 0
11.2908972079356 4.56715393907872 15.0256601987506 0.958628676093656 -0.253111152957332 0.130252852634921 0.0371294414836919 0.564845547084834 0.824360911563342 0 0 0 0 0 0
0.35727677570898 9.33005954378992 2.83016455646334 -0.213894906850332 0.111197208241547 0.970507161077533 0.52095480333983 0.85341426750801 0.0170346966784407 0 0 0 0 0 0
0.245217496326531 9.85452287402575 2.86281475187749 0.311285278026388 -0.208526372963403 0.927155988743406 0.52095480333983 0.85341426750801 0.0170346966784407 0 0 0 0 0 0
0.204115705864801 10.3314526109833 3.10681018409869 0.718202981368574 -0.449027298704522 0.531562755064171 0.52095480333983 0.85341426750801 0.0170346966784407 0 0 0 0 0 0
0.326728307604327 10.7060265610725 3.47197536306243 0.852263364375335 -0.518935246331707 -0.0659800565192695 0.52095480333983 0.85341426750801 0.0170346966784407 0 0 0 0 0 0
0.643614370069716 10.962309205432 3.82210038606653 0.662534646172325 -0.391691017742837 -0.638455941503322 0.52095480333983 0.85341426750801 0.0170346966784407 0 0 0 0 0 0
1.11152522597677 11.1293058699725 4.0266893571159 0.221097938899875 -0.115636822788875 -0.968371739896163 0.52095480333983 0.85341426750801 0.0170346966784407 0 0 0 0 0 0
1.6298353640129 11.2699431171197 4.01053795958608 -0.304337571921046 0.204349734487157 -0.930386923990353 0.52095480333983 0.85341426750801 0.0170346966784407 0 0 0 0 0 0
2.07877174295364 11.4571618926732 3.78230483345799 -0.714150150916305 0.446700411086154 -0.538932560420764 0.52095480333983 0.85341426750801 0.0170346966784407 0 0 0 0 0 0
2.36491757252224 11.7462060409892 3.43122201322446 -0.852645147624666 0.519342133080922 0.0572712933245749 0.52095480333983 0.85341426750801 0.0170346966784407 0 0 0 0 0 0
2.45670291386128 12.1536342448821 3.0931941861063 -0.66720599728376 0.394677095780824 0.631716825210946 0.52095480333983 0.85341426750801 0.0170346966784407 0 0 0 0 0 0
2.39639862712582 12.6510291051768 2.89916622917198 -0.228284133485355 0.120067631144441 0.966162573457595 0.52095480333983 0.85341426750801 0.0170346966784407 0 0 0 0 0 0
2.2840569649794 13.1757933857688 2.92537506125767 0.297366689331313 -0.200157533987457 0.933547006670899 0.52095480333983 0.85341426750801 0.0170346966784407 0 0 0 0 0 0
2.23950004902271 13.6549317501904 3.16438596288808 0.710042935165098 -0.444339505502011 0.546261323976319 0.52095480333983 0.85341426750801 0.0170346966784407 0 0 0 0 0 0
2.35679744247844 14.0327829103517 3.52791715050704 0.852961998644856 -0.519709469915988 -0.048558168699159 0.52095480333983 0.85341426750801 0.0170346966784407 0 0 0 0 0 0
2.66852755036375 14.2921662804929 3.88037950204313 0.67182653807531 -0.397633117629913 -0.62492960123654 0.52095480333983 0.85341426750801 0.0170346966784407 0 0 0 0 0 0
3.13340053874238 14.4609091689589 4.09038913131392 0.235452943350232 -0.124489295885034 -0.963879829998409 0.52095480333983 0.85341426750801 0.0170346966784407 0 0 0 0 0 0
3.65194503296623 14.6012747185107 4.08068232300805 -0.290373161116884 0.195950090716603 -0.936635996132512 0.52095480333983 0.85341426750801 0.0170346966784407 0 0 0 0 0 0
4.10429895597688 14.786307097407 3.85746930991248 -0.705881646895336 0.441944761744193 -0.553548487617116 0.52095480333983 0.85341426750801 0.0170346966784407 0 0 0 0 0 0
4.39574713536715 15.0720807986488 3.50807490164717 -0.853213893306472 0.520037228862782 0.0398413461811959 0.52095480333983 0.85341426750801 0.0170346966784407 0 0 0 0 0 0
4.49270518093179 15.4763970025727 3.16776232949746 -0.676395916674902 0.400558858177595 0.618094786453486 0.52095480333983 0.85341426750801 0.0170346966784407 0 0 0 0 0 0
0.262432324686949 2.65033605982103 11.3768016415429 0.690362910816338 0.214577050960986 -0.690909357709157 0.545240654816378 0.473378605724121 0.691827524732931 0 0 0 0 0 0
0.720927264416831 2.55872671621612 11.641518887911 0.280395601857122 0.674768285176893 -0.682690316159983 0.545240654816378 0.473378605724121 0.691827524732931 0 0 0 0 0 0
1.2433383904127 2.62093082444891 11.7506168552296 -0.236098684212079 0.878603766329988 -0.415105809528227 0.545240654816378 0.473378605724121 0.691827524732931 0 0 0 0 0 0
1.71193081391358 2.88341268886192 11.7650914402049 -0.662895132789615 0.748642987182704 0.0101843343423336 0.545240654816378 0.473378605724121 0.691827524732931 0 0 0 0 0 0
2.02941627103703 3.31654774575931 11.781887544514 -0.837846637404787 0.334260220561449 0.431605279323251 0.545240654816378 0.473378605724121 0.691827524732931 0 0 0 0 0 0
2.15591456080119 3.8258774304512 11.8970680858253 -0.694486196421122 -0.207113592383965 0.689052162633811 0.545240654816378 0.473378605724121 0.691827524732931 0 0 0 0 0 0
2.1241047002391 4.28799556524232 12.1693180892901 -0.287278838227066 -0.669801488828106 0.684716609021981 0.545240654816378 0.473378605724121 0.691827524732931 0 0 0 0 0 0
2.02680961946392 4.59743242957975 12.597649265326 0.229070553655492 -0.878020601182747 0.420245767791484 0.545240654816378 0.473378605724121 0.691827524732931 0 0 0 0 0 0
1.98173117860222 4.70672447025061 13.1217754773531 0.658392212348909 -0.752665007426446 -0.00388346675754659 0.545240654816378 0.473378605724121 0.691827524732931 0 0 0 0 0 0
2.0867332632618 4.64444649879597 13.6450164530106 0.837579661840202 -0.341359393460984 -0.426537307357284 0.545240654816378 0.473378605724121 0.691827524732931 0 0 0 0 0 0
2.38266165819233 4.50435564286101 14.0710282360349 0.698556594213235 0.199634361305011 -0.687142493568507 0.545240654816378 0.473378605724121 0.691827524732931 0 0 0 0 0 0
2.83782605075389 4.40977144586704 14.3404058660294 0.294140197201233 0.664783684502704 -0.686690758063213 0.545240654816378 0.473378605724121 0.691827524732931 0 0 0 0 0 0
3.3600397105226 4.4667247106729 14.4532523161166 -0.222024978489362 0.87737057136733 -0.425353722712477 0.545240654816378 0.473378605724121 0.691827524732931 0 0 0 0 0 0
3.83164276945863 4.72367462482845 14.4691393717277 -0.653839152792164 0.756629709315812 -0.00241769656826949 0.545240654816378 0.473378605724121 0.691827524732931 0 0 0 0 0 0
4.15420317294261 5.15309830502993 14.48447531333 -0.837248901341546 0.348432570521081 0.421436852923955 0.545240654816378 0.473378605724121 0.691827524732931 0 0 0 0 0 0
4.28591266302171 5.66194720064513 14.5958777988169 -0.702573794216128 -0.192139927296527 0.685180495941937 0.545240654816378 0.473378605724121 0.691827524732931 0 0 0 0 0 0
4.25747043460273 6.1269977937874 14.8634671999129 -0.300979156260573 -0.659715254325911 0.688612612944587 0.545240654816378 0.473378605724121 0.691827524732931 0 0 0 0 0 0
4.16041999804383 6.44166627394811 15.2880258677969 0.214962495261515 -0.876653726386026 0.430429285300661 0.545240654816378 0.473378605724121 0.691827524732931 0 0 0 0 0 0
4.1123702690436 6.55650150959517 15.8107009048087 0.649236300852492 -0.760536790923401 0.00871867577713146 0.545240654816378 0.473378605724121 0.691827524732931 0 0 0 0 0 0
4.21231397525094 6.49797235982093 16.3353633642382 0.836854381097511 -0.355479213091921 -0.416304304442616 0.545240654816378 0.473378605724121 0.691827524732931 0 0 0 0 0 0
4.97026308659072 7.00358465905358 5.09857581293959 0.499731993108262 0.275274680584674 -0.821274488397789 0.634720524696061 0.528809149909472 0.563463165168389 0 0 0 0 0 0
5.48197687332162 6.95860419169694 5.25609044763828 0.0591931550823436 0.693759066325335 -0.717770526200956 0.634720524696061 0.528809149909472 0.563463165168389 0 0 0 0 0 0
6.00718374161605 7.07176612533831 5.24998926830479 -0.403834152216134 0.848672783735963 -0.34157354061714 0.634720524696061 0.528809149909472 0.563463165168389 0 0 0 0 0 0
6.44033660220616 7.37838304673582 5.16602638963999 -0.713438113340732 0.681161521553023 0.164392943852183 0.634720524696061 0.528809149909472 0.563463165168389 0 0 0 0 0 0
6.71086122241188 7.84027075840413 5.11953688769892 -0.751995007158027 0.254865608918768 0.607903800448611 0.634720524696061 0.528809149909472 0.563463165168389 0 0 0 0 0 0
6.80996855707438 8.36025509364482 5.21161907619784 -0.50485642506994 -0.268258009669472 0.820461839645071 0.634720524696061 0.528809149909472 0.563463165168389 0 0 0 0 0 0
6.79399385375685 8.8190900071406 5.49072556685972 -0.0659144463484824 -0.689465925349534 0.721312708569926 0.634720524696061 0.528809149909472 0.563463165168389 0 0 0 0 0 0
6.76299395032018 9.12076114125889 5.93425531213625 0.398069532571538 -0.84873420873376 0.348124819803696 0.634720524696061 0.528809149909472 0.563463165168389 0 0 0 0 0 0
6.82273400935847 9.22896328579085 6.4571401210408 0.710820240699963 -0.685554176140784 -0.15732150834256 0.634720524696061 0.528809149909472 0.563463165168389 0 0 0 0 0 0
7.04450556463031 9.18089333430053 6.94416348716854 0.753518455105808 -0.261920650177334 -0.602998765194124 0.634720524696061 0.528809149909472 0.563463165168389 0 0 0 0 0 0
7.43804167545301 9.07311856236094 7.29373326579688 0.509942410260219 0.261220909868229 -0.819586709546716 0.634720524696061 0.528809149909472 0.563463165168389 0 0 0 0 0 0
7.94781917473989 9.02488910504514 7.45647822819573 0.0726307179743336 0.685120278874142 -0.724799960183464 0.634720524696061 0.528809149909472 0.563463165168389 0 0 0 0 0 0
8.47415284847434 9.13283283685604 7.45400501686489 -0.392274598390849 0.848730999335553 -0.354649587937405 0.634720524696061 0.528809149909472 0.563463165168389 0 0 0 0 0 0
8.91106751516267 9.43424482667084 7.37068942080465 -0.708148236345811 0.689894623123801 0.150238092190981 0.634720524696061 0.528809149909472 0.563463165168389 0 0 0 0 0 0
9.18655976909405 9.89291831753428 7.32162060258659 -0.754984519705868 0.268955745164322 0.598047809249063 0.634720524696061 0.528809149909472 0.563463165168389 0 0 0 0 0 0
9.28995327800285 10.4129002789706 7.40887680130446 -0.514989561361634 -0.254163917083343 0.818649164747271 0.634720524696061 0.528809149909472 0.563463165168389 0 0 0 0 0 0
9.2759549001951 10.8749455675105 7.68274410288531 -0.07934145848981 -0.680722457836963 0.728232015473856 0.634720524696061 0.528809149909472 0.563463165168389 0 0 0 0 0 0
9.24387063442812 11.1818201503676 8.12261191530727 0.386449790980739 -0.848663155785752 0.361147348131911 0.634720524696061 0.528809149909472 0.563463165168389 0 0 0 0 0 0
9.29987761067486 11.29524194016 8.64480327709941 0.705422303761755 -0.694182531960231 -0.143143234827012 0.634720524696061 0.528809149909472 0.563463165168389 0 0 0 0 0 0
9.51668562326023 11.2504247999496 9.13436513400874 0.756393089311711 -0.275970358130011 -0.593051309647892 0.634720524696061 0.528809149909472 0.563463165168389 0 0 0 0 0 0
8.35201693014977 0.735466060599633 1.60817807758719 -0.01186184695745 0.97492287736865 -0.222226640549664 0.749113252096202 0.155873613085037 0.643842179635404 0 0 0 0 0 0
8.87566671710183 0.851454514597102 1.576198689183 -0.39798395862259 0.882865028165371 0.249315283770674 0.749113252096202 0.155873613085037 0.643842179635404 0 0 0 0 0 0
9.30859604816328 1.16869207954426 1.60105072755906 -0.63290531047006 0.455391994045951 0.626138163457275 0.749113252096202 0.155873613085037 0.643842179635404 0 0 0 0 0 0
9.59725459378869 1.58973626386311 1.76863097999667 -0.627375353257456 -0.145092072359642 0.765080686374625 0.749113252096202 0.155873613085037 0.643842179635404 0 0 0 0 0 0
9.74290290789866 1.97770670572226 2.11061139896667 -0.383495010185801 -0.69045323466572 0.613356265071318 0.749113252096202 0.155873613085037 0.643842179635404 0 0 0 0 0 0
9.8011335223701 2.20828831101422 2.59240639785896 0.00608149895008919 -0.97349966935981 0.228607543897529 0.749113252096202 0.155873613085037 0.643842179635404 0 0 0 0 0 0
9.86075041471856 2.21696063604439 3.12631249357584 0.3933475449576 -0.886697303617601 -0.24299300531724 0.749113252096202 0.155873613085037 0.643842179635404 0 0 0 0 0 0
10.0100308923168 2.02351028281497 3.60482832608487 0.631174282215472 -0.463023807442722 -0.622276449185592 0.749113252096202 0.155873613085037 0.643842179635404 0 0 0 0 0 0
10.303187567406 1.72451363810991 3.94149622242209 0.629207356988438 0.13656017452488 -0.765146666100924 0.749113252096202 0.155873613085037 0.643842179635404 0 0 0 0 0 0
10.7397720793187 1.45664588948467 4.10374891214623 0.388194037055484 0.684262663026118 -0.617324871994456 0.749113252096202 0.155873613085037 0.643842179635404 0 0 0 0 0 0
11.2648454341928 1.34475583642658 4.12528237787508 -0.000300687813037822 0.972002325582091 -0.234971037895837 0.749113252096202 0.155873613085037 0.643842179635404 0 0 0 0 0 0
11.7898502472705 1.45443374406904 4.09325418812219 -0.388681176354154 0.890462053637173 0.236652222005667 0.749113252096202 0.155873613085037 0.643842179635404 0 0 0 0 0 0
12.2262551739683 1.76709250485651 4.11517087982177 -0.629395187595604 0.470620359783886 0.618367346153062 0.749113252096202 0.155873613085037 0.643842179635404 0 0 0 0 0 0
12.5191894478498 2.18702919146481 4.2780444275339 -0.630991444143111 -0.128017877104114 0.765154376946213 0.749113252096202 0.155873613085037 0.643842179635404 0 0 0 0 0 0
12.6682892021847 2.57778419895914 4.61533493954654 -0.392863501446291 -0.678019982135496 0.621246467238521 0.749113252096202 0.155873613085037 0.643842179635404 0 0 0 0 0 0
12.7278357090034 2.81398453019176 5.09423860331374 -0.00548014622255466 -0.970430960064018 0.241316637939881 0.749113252096202 0.155873613085037 0.643842179635404 0 0 0 0 0 0
12.7861330163182 2.82897509354313 5.62815040229238 0.383985208174289 -0.894158991523797 -0.230293416711151 0.749113252096202 0.155873613085037 0.643842179635404 0 0 0 0 0 0
12.9319597639185 2.64014208664189 6.10956680968551 0.627568162095397 -0.478181072562571 -0.614411152053016 0.749113252096202 0.155873613085037 0.643842179635404 0 0 0 0 0 0
13.220840693815 2.34230768920403 6.45092817563569 0.632727478856329 0.119465830626366 -0.765103818323283 0.749113252096202 0.155873613085037 0.643842179635404 0 0 0 0 0 0
13.6539518724255 2.07170553161645 6.61788410212505 0.397503047760429 0.671725667398173 -0.625120752158852 0.749113252096202 0.155873613085037 0.643842179635404 0 0 0 0 0 0
5.62893593814813 11.2583611853383 10.9295470728062 0.540095955126006 -0.0946636203422347 -0.836262613202473 0.83730936723555 0.160688302552326 0.52258233127657 0 0 0 0 0 0
6.04671812486439 10.964551513847 11.0963374307984 0.38771245993406 0.499403051457858 -0.77477457405781 0.83730936723555 0.160688302552326 0.52258233127657 0 0 0 0 0 0
6.552879379022 10.7845807836494 11.0865179002558 0.0880305190065155 0.903738154435353 -0.418936720688489 0.83730936723555 0.160688302552326 0.52258233127657 0 0 0 0 0 0
7.07910719275702 10.8106171941914 10.9812017310504 -0.245095687883394 0.964728022846682 0.0960621971188376 0.83730936723555 0.160688302552326 0.52258233127657 0 0 0 0 0 0
7.54946543672709 11.0565633878966 10.8977829427009 -0.485105945165027 0.659201585986157 0.574565480166431 0.83730936723555 0.160688302552326 0.52258233127657 0 0 0 0 0 0
7.9092437652329 11.4527746038691 10.945336373634 -0.540816343339579 0.103233445346713 0.834781731076246 0.83730936723555 0.160688302552326 0.52258233127657 0 0 0 0 0 0
8.14574299125765 11.8725178869566 11.1831783264324 -0.391061570712352 -0.491954807151111 0.777850445543937 0.83730936723555 0.160688302552326 0.52258233127657 0 0 0 0 0 0
8.29309971993374 12.1801200562747 11.5983313127676 -0.0927359691707073 -0.900241203366476 0.425400770783562 0.83730936723555 0.160688302552326 0.52258233127657 0 0 0 0 0 0
8.41931728151944 12.2825122149592 12.1104544181882 0.240821577521611 -0.966510915192644 -0.0886657691190922 0.83730936723555 0.160688302552326 0.52258233127657 0 0 0 0 0 0
8.60043012927864 12.1645881801143 12.6023661587483 0.482886980591407 -0.665586971136358 -0.569046700920797 0.83730936723555 0.160688302552326 0.52258233127657 0 0 0 0 0 0
8.89161707945772 11.8949435742561 12.9645636859283 0.541495546294751 -0.111795408724644 -0.833237277089209 0.83730936723555 0.160688302552326 0.52258233127657 0 0 0 0 0 0
9.30623795645287 11.5998152014615 13.1368247495781 0.394380900637977 0.48446909858112 -0.780867080707065 0.83730936723555 0.160688302552326 0.52258233127657 0 0 0 0 0 0
9.81075797215766 11.4151215749323 13.1310871376106 0.0974343571318048 0.896675695444538 -0.431832424962933 0.83730936723555 0.160688302552326 0.52258233127657 0 0 0 0 0 0
10.3374881526364 11.4348252013936 13.0269133107852 -0.23652912766432 0.968220203990416 0.0812625888777449 0.83730936723555 0.160688302552326 0.52258233127657 0 0 0 0 0 0
10.8103015110217 11.6752346538196 12.9412632936514 -0.480631242304643 0.671921669261782 0.563484586565735 0.83730936723555 0.160688302552326 0.52258233127657 0 0 0 0 0 0
11.1735549626005 12.0688086718959 12.9840596057554 -0.542133512267587 0.120348858449367 0.831629368857512 0.83730936723555 0.160688302552326 0.52258233127657 0 0 0 0 0 0
11.4132290629997 12.4898162160425 13.2164258586576 -0.397670196931112 -0.476946495813574 0.783824249818748 0.83730936723555 0.160688302552326 0.52258233127657 0 0 0 0 0 0
11.5622542294958 12.8021037914612 13.6274648739692 -0.102125325089374 -0.89304190219677 0.438231193431236 0.83730936723555 0.160688302552326 0.52258233127657 0 0 0 0 0 0
11.6879999249243 12.9108224371746 14.1383987036123 0.232218665198198 -0.969855759071037 -0.0738532201756338 0.83730936723555 0.160688302552326 0.52258233127657 0 0 0 0 0 0
11.8666798723916 12.7984624320912 14.6324976893926 0.478338902087937 -0.678205197950641 -0.557879560677786 0.83730936723555 0.160688302552326 0.52258233127657 0 0 0 0 0 0
2.99114330170758 5.28482494695853 11.1101898685086 0.913002261658619 -0.0228557094373971 -0.407313744860593 0.32943445390973 0.63020948056152 0.703071085444123 0 0 0 0 0 0
3.30826114728085 5.25480604732844 11.542879410562 0.598474707926751 0.436562867402501 -0.67174465891237 0.32943445390973 0.63020948056152 0.703071085444123 0 0 0 0 0 0
3.76180132135706 5.32430166705922 11.8224447364798 0.05657660668999 0.730123911974282 -0.680968546071562 0.32943445390973 0.63020948056152 0.703071085444123 0 0 0 0 0 0
4.22823813470843 5.56022905549792 11.9467832608938 -0.506815893338719 0.746298675366198 -0.431481097391224 0.32943445390973 0.63020948056152 0.703071085444123 0 0 0 0 0 0
4.57914624922626 5.96627525046866 11.972765655581 -0.877660561978185 0.478942094538037 -0.0180667658327162 0.32943445390973 0.63020948056152 0.703071085444123 0 0 0 0 0 0
4.72999161102554 6.48149631095929 11.9946297304281 -0.915067309420058 0.0296274045100759 0.402211432125857 0.32943445390973 0.63020948056152 0.703071085444123 0 0 0 0 0 0
4.67224735084988 7.00347093924022 12.1081779138839 -0.604824686903704 -0.430943231835051 0.66968278240328 0.32943445390973 0.63020948056152 0.703071085444123 0 0 0 0 0 0
4.47663328426368 7.42721204426469 12.3743803086602 -0.0647990537031242 -0.727791329419431 0.682730447146659 0.32943445390973 0.63020948056152 0.703071085444123 0 0 0 0 0 0
4.26624827134695 7.68505309284802 12.7962111303456 0.499844823381676 -0.748139332935234 0.436397400374663 0.32943445390973 0.63020948056152 0.703071085444123 0 0 0 0 0 0
4.16980290164772 7.77235575694853 13.3175187531778 0.874589295103988 -0.484256695646331 0.0242696850248871 0.32943445390973 0.63020948056152 0.703071085444123 0 0 0 0 0 0
4.27272018928643 7.7492720920393 13.844358651475 0.917062671263057 -0.0363968433411941 -0.397078489433339 0.32943445390973 0.63020948056152 0.703071085444123 0 0 0 0 0 0
4.58468194169497 7.71789176554521 14.2806844956118 0.611128606139074 0.425290778272032 -0.667569906957528 0.32943445390973 0.63020948056152 0.703071085444123 0 0 0 0 0 0
5.0359504791021 7.78345648534003 14.5648377584524 0.0730165660174389 0.725403322737086 -0.684440355654908 0.32943445390973 0.63020948056152 0.703071085444123 0 0 0 0 0 0
5.50386314503038 8.01437691537761 14.6929728206857 -0.492835688306104 0.749923016797528 -0.441280470006483 0.32943445390973 0.63020948056152 0.703071085444123 0 0 0 0 0 0
5.85943390030218 8.41624232069055 14.720517985896 -0.871451424868858 0.489534418732375 -0.0304707559865795 0.32943445390973 0.63020948056152 0.703071085444123 0 0 0 0 0 0
6.01635727585488 8.92969711215676 14.7411173413204 -0.918988195233088 0.0431635104117757 0.391915307676499 0.32943445390973 0.63020948056152 0.703071085444123 0 0 0 0 0 0
5.96379726338818 9.45299102717948 14.8510538034613 -0.617385985565006 -0.419605937169667 0.665406193478759 0.32943445390973 0.63020948056152 0.703071085444123 0 0 0 0 0 0
5.77050409608586 9.88063575562145 15.1126696283428 -0.0812285178375564 -0.722960073783201 0.686098141380155 0.32943445390973 0.63020948056152 0.703071085444123 0 0 0 0 0 0
5.55869488558661 10.1434817124966 15.5306815461399 0.485789021884777 -0.751649591118648 0.446129934422026 0.32943445390973 0.63020948056152 0.703071085444123 0 0 0 0 0 0
5.45762129791137 10.2349891214255 16.0503887965261 0.868247190233763 -0.494774861877123 0.0366695064822311 0.32943445390973 0.63020948056152 0.703071085444123 0 0 0 0 0 0
13.1776108511686 6.77732319958169 6.98306725808177 -0.426370543878295 0.879545569495668 0.211205469847416 0.90287625888045 0.428010219892809 0.0402704956183943 0 0 0 0 0 0
13.4615802146364 7.11752281969551 6.67924046333765 -0.313140102173545 0.590583678189934 0.743743366670514 0.90287625888045 0.428010219892809 0.0402704956183943 0 0 0 0 0 0
13.6741692819607 7.59234600783546 6.54494999242799 -0.08094250022975 0.0772491735073042 0.993720723769508 0.90287625888045 0.428010219892809 0.0402704956183943 0 0 0 0 0 0
13.8683075038109 8.08477814750705 6.63717819176906 0.182006510837763 -0.465433583728057 0.866166963783959 0.90287625888045 0.428010219892809 0.0402704956183943 0 0 0 0 0 0
14.1039341155333 8.47111468712294 6.92684917775866 0.375808205451425 -0.831290340870586 0.409541892717516 0.90287625888045 0.428010219892809 0.0402704956183943 0 0 0 0 0 0
14.4252262195132 8.66795856738079 7.30987525107947 0.426834079635962 -0.881325999083052 -0.202674990567613 0.90287625888045 0.428010219892809 0.0402704956183943 0 0 0 0 0 0
14.8438151653764 8.6639041584167 7.64670155392322 0.315698550681548 -0.596531175258945 -0.737892256390967 0.90287625888045 0.428010219892809 0.0402704956183943 0 0 0 0 0 0
15.334367605801 8.52387044928246 7.81532529370484 0.0846238641249208 -0.0851041844845772 -0.992771917110764 0.90287625888045 0.428010219892809 0.0402704956183943 0 0 0 0 0 0
15.8442100587156 8.36443723861714 7.75764664374344 -0.178600843248322 0.458655308841568 -0.870480928258876 0.90287625888045 0.428010219892809 0.0402704956183943 0 0 0 0 0 0
16.313340443792 8.30955452003388 7.50154183879572 -0.373972104224668 0.828163982030971 -0.417479681096434 0.90287625888045 0.428010219892809 0.0402704956183943 0 0 0 0 0 0
16.6972238759434 8.44345180721279 7.15027252740604 -0.42726511032591 0.883039312283413 0.194129076802589 0.90287625888045 0.428010219892809 0.0402704956183943 0 0 0 0 0 0
16.983712212752 8.77863793341157 6.8432549451818 -0.31823295752264 0.602433244169396 0.731984952759229 0.90287625888045 0.428010219892809 0.0402704956183943 0 0 0 0 0 0
17.1976593368802 9.25114873657436 6.70309335597096 -0.0882987835852038 0.0929527144487074 0.991747507026859 0.90287625888045 0.428010219892809 0.0402704956183943 0 0 0 0 0 0
17.3914787505118 9.74484811392049 6.78900064219227 0.175181574513186 -0.451842105577555 0.874728602240903 0.90287625888045 0.428010219892809 0.0402704956183943 0 0 0 0 0 0
17.6252308095657 10.135550069083 7.07430234081777 0.372107523574282 -0.824974555297757 0.425385676781298 0.90287625888045 0.428010219892809 0.0402704956183943 0 0 0 0 0 0
17.9438047903268 10.3381990484075 7.45657071785034 0.427663603123482 -0.884685378621318 -0.185568379356766 0.90287625888045 0.428010219892809 0.0402704956183943 0 0 0 0 0 0
18.3598647028764 10.3391839678386 7.79653877696963 0.320743129691928 -0.608289435455888 -0.726021905639344 0.90287625888045 0.428010219892809 0.0402704956183943 0 0 0 0 0 0
18.8490380219314 10.2015092913177 7.97101011985411 0.0919669787512543 -0.100794165703751 -0.990647571530588 0.90287625888045 0.428010219892809 0.0402704956183943 0 0 0 0 0 0
19.3591752166865 10.0408585815531 7.91966331763743 -0.171748965022908 0.444994492787824 -0.878909662253219 0.90287625888045 0.428010219892809 0.0402704956183943 0 0 0 0 0 0
19.8301622294606 9.98164438042133 7.66796903025519 -0.370214605495303 0.821722303558139 -0.433259277699928 0.90287625888045 0.428010219892809 0.0402704956183943 0 0 0 0 0 0
1.33749296796974 4.40192938934736 7.59846195417876 -0.54185674133974 0.837348255046526 -0.0723821223453393 0.769958122778488 0.529081999224297 0.3567025753541 0 0 0 0 0 0
1.69439349329509 4.75197616422704 7.40154986075335 -0.636522489773799 0.597631147939918 0.487520390367603 0.769958122778488 0.529081999224297 0.3567025753541 0 0 0 0 0 0
1.9061986970483 5.23825297808412 7.31576805565208 -0.489362702254281 0.130863975870984 0.862205755873635 0.769958122778488 0.529081999224297 0.3567025753541 0 0 0 0 0 0
2.00645365742483 5.75436023935863 7.42652607973155 -0.156285842440292 -0.385620608560336 0.909324739411771 0.769958122778488 0.529081999224297 0.3567025753541 0 0 0 0 0 0
2.07108325509954 6.18256527077824 7.74456470677187 0.236166621876706 -0.755601476566825 0.610976051348479 0.769958122778488 0.529081999224297 0.3567025753541 0 0 0 0 0 0
2.18954704166205 6.4385309218394 8.20187534394147 0.53889543804739 -0.838516710642578 0.0805073464030624 0.769958122778488 0.529081999224297 0.3567025753541 0 0 0 0 0 0
2.43085206028383 6.50335666232563 8.67753763325681 0.636888867452622 -0.602865427093428 -0.480547445451929 0.769958122778488 0.529081999224297 0.3567025753541 0 0 0 0 0 0
2.81733591628118 6.43075920973672 9.04365911726094 0.492917567898584 -0.138175488419054 -0.859034228454898 0.769958122778488 0.529081999224297 0.3567025753541 0 0 0 0 0 0
3.31618034739067 6.32666465021499 9.21396372185923 0.161678643157619 0.379009628476689 -0.911159545781458 0.769958122778488 0.529081999224297 0.3567025753541 0 0 0 0 0 0
3.85187943029518 6.30896534743008 9.17656947932696 -0.230984701241687 0.752202650811071 -0.617120117890421 0.769958122778488 0.529081999224297 0.3567025753541 0 0 0 0 0 0
4.33492554328369 6.46273066256564 8.99850268650385 -0.535893095781015 0.839621309944664 -0.08862643951466 0.769958122778488 0.529081999224297 0.3567025753541 0 0 0 0 0 0
4.69581480822702 6.8078876817218 8.80023349400474 -0.637206743578373 0.608053795710577 0.47353790498777 0.769958122778488 0.529081999224297 0.3567025753541 0 0 0 0 0 0
4.91145277592193 7.29165058274264 8.70990728184749 -0.496434895961682 0.145476478368713 0.855797282253777 0.769958122778488 0.529081999224297 0.3567025753541 0 0 0 0 0 0
5.01392839346202 7.80857485158504 8.81466008710768 -0.167059131420306 -0.372369785342438 0.912924963824037 0.769958122778488 0.529081999224297 0.3567025753541 0 0 0 0 0 0
5.07832287673833 8.24061741614201 9.12751416659679 0.225785190227374 -0.748746541911187 0.623217188346107 0.769958122778488 0.529081999224297 0.3567025753541 0 0 0 0 0 0
5.19418510123131 8.50198318291097 9.58243062377895 0.532849943180602 -0.840661968833273 0.0967387833797572 0.769958122778488 0.529081999224297 0.3567025753541 0 0 0 0 0 0
5.43151048703846 8.57172002743293 10.0593986896764 0.637476093943554 -0.613195858677006 -0.466492302778769 0.769958122778488 0.529081999224297 0.3567025753541 0 0 0 0 0 0
5.81414856851826 8.50167885667523 10.4300298204773 0.499914418585428 -0.152766389721309 -0.852495163776259 0.769958122778488 0.529081999224297 0.3567025753541 0 0 0 0 0 0
6.31074215744443 8.39681458257375 10.6063346518715 0.172426897483339 0.365701584807345 -0.914620859096088 0.769958122778488 0.529081999224297 0.3567025753541 0 0 0 0 0 0
6.84664046307735 8.37531199623593 10.5741516296562 -0.220568484796662 0.745233413063247 -0.629266798400018 0.769958122778488 0.529081999224297 0.3567025753541 0 0 0 0 0 0
8.02331910390569 3.29763327154405 2.34728173802092 0.928251693412036 -0.364224579659549 -0.0754271121647475 0.311638756570024 0.650869259856329 0.692279200884704 0 0 0 0 0 0
8.17914339978953 3.27545045310565 2.86100521762526 0.870986552822291 0.0955545528013837 -0.481925048365065 0.311638756570024 0.650869259856329 0.692279200884704 0 0 0 0 0 0
8.53350910779484 3.27504929798495 3.264873867291 0.48281905869676 0.519030913066143 -0.705331601334365 0.311638756570024 0.650869259856329 0.692279200884704 0 0 0 0 0 0
8.99793343542201 3.39296125582901 3.50796215623927 -0.0887794681318542 0.745318751722973 -0.660770886441235 0.311638756570024 0.650869259856329 0.692279200884704 0 0 0 0 0 0
9.44212048049506 3.68076864657981 3.60042770083208 -0.626649190703625 0.688447535535236 -0.365172264288996 0.311638756570024 0.650869259856329 0.692279200884704 0 0 0 0 0 0
9.74346282282968 4.12550767471789 3.60965221629005 -0.926444408711335 0.370023590368683 0.0691614064213072 0.311638756570024 0.650869259856329 0.692279200884704 0 0 0 0 0 0
9.83362213304793 4.65459359192333 3.63464207651792 -0.874267906525106 -0.088978503243453 0.477219502515104 0.311638756570024 0.650869259856329 0.692279200884704 0 0 0 0 0 0
9.72449204646491 5.16339685651471 3.76841413735985 -0.489942409670082 -0.51417617583216 0.703973930918815 0.311638756570024 0.650869259856329 0.692279200884704 0 0 0 0 0 0
9.50367957218153 5.55499364564657 4.06265707790529 0.0805204000188666 -0.744029722655005 0.663276893150002 0.311638756570024 0.650869259856329 0.692279200884704 0 0 0 0 0 0
9.30122172561604 5.7769888360883 4.50809400711431 0.620392163511351 -0.691213938327621 0.370589874275221 0.311638756570024 0.650869259856329 0.692279200884704 0 0 0 0 0 0
9.24018229224362 5.84142178753917 5.038006909825 0.924566571682036 -0.375794422348807 -0.0628904337689987 0.311638756570024 0.650869259856329 0.692279200884704 0 0 0 0 0 0
9.38989783797765 5.82019238859123 5.55358393617919 0.877482681341974 0.082395677628006 -0.472477614552396 0.311638756570024 0.650869259856329 0.692279200884704 0 0 0 0 0 0
9.73963558853361 5.81774508695119 5.96145967542963 0.497028449632019 0.509282282091672 -0.70256265016288 0.311638756570024 0.650869259856329 0.692279200884704 0 0 0 0 0 0
10.2026709898222 5.93138869753853 6.20918623646928 -0.07225519996567 0.742684032843028 -0.665732388755374 0.311638756570024 0.650869259856329 0.692279200884704 0 0 0 0 0 0
10.6492358160051 6.21432715678103 6.30515907854484 -0.61408789105388 0.693927702502459 -0.375979262407724 0.311638756570024 0.650869259856329 0.692279200884704 0 0 0 0 0 0
10.9558192881 6.65544645764343 6.31542743592436 -0.922618325328699 0.381536636128721 0.0566146717666684 0.311638756570024 0.650869259856329 0.692279200884704 0 0 0 0 0 0
11.052091883906 7.18353704671643 6.33860110951447 -0.880630632455344 -0.0758065772626998 0.467699745590069 0.311638756570024 0.650869259856329 0.692279200884704 0 0 0 0 0 0
10.9476246993347 7.69434752411715 6.46838695482804 -0.504076638953193 -0.504349604533637 0.701097866541053 0.311638756570024 0.650869259856329 0.692279200884704 0 0 0 0 0 0
10.7282532290532 8.09019149329504 6.75798808087971 0.0639844973992488 -0.741281784766533 0.668137186261856 0.311638756570024 0.650869259856329 0.692279200884704 0 0 0 0 0 0
10.5234670269672 8.31706025631094 7.19989109956273 0.607736853425968 -0.696588621396102 0.381340018263731 0.311638756570024 0.650869259856329 0.692279200884704 0 0 0 0 0 0
6.32876718266423 11.2764881756304 3.79211047712673 0.567306531035864 0.484649189794881 -0.665791606041424 0.589828064691317 0.325072578093027 0.739209492007813 0 0 0 0 0 0
6.82550767426905 11.172725236006 3.96865293230132 0.122560829244615 0.868756116105634 -0.479835027758422 0.589828064691317 0.325072578093027 0.739209492007813 0 0 0 0 0 0
7.35018591075657 11.2669952803834 4.03581697780035 -0.368747780684455 0.922808069080172 -0.111581100016148 0.589828064691317 0.325072578093027 0.739209492007813 0 0 0 0 0 0
7.7908080790344 11.5716194531438 4.07754610803979 -0.719962943597379 0.626269808083006 0.299064353158768 0.589828064691317 0.325072578093027 0.739209492007813 0 0 0 0 0 0
8.06731467166554 12.0190018483624 4.18744696699185 -0.797652147099156 0.0918011763222913 0.596090258479326 0.589828064691317 0.325072578093027 0.739209492007813 0 0 0 0 0 0
8.16199643226726 12.4873103246121 4.43322661912028 -0.572299963885244 -0.47754425715708 0.666651508505937 0.589828064691317 0.325072578093027 0.739209492007813 0 0 0 0 0 0
8.12622239809391 12.8467625724169 4.83096950358885 -0.129521456046189 -0.865462643228272 0.483940704632301 0.589828064691317 0.325072578093027 0.739209492007813 0 0 0 0 0 0
8.06092394393942 13.008932583466 5.33902668690558 0.362464418428077 -0.924577301373288 0.11737273601175 0.589828064691317 0.325072578093027 0.739209492007813 0 0 0 0 0 0
8.07824926537057 12.9603451695752 5.87383898908932 0.716744000259611 -0.632429584618459 -0.293787097387163 0.589828064691317 0.325072578093027 0.739209492007813 0 0 0 0 0 0
8.25895640421329 12.7675954119713 6.34168251317963 0.798720553071878 -0.100011295008291 -0.593332300630362 0.589828064691317 0.325072578093027 0.739209492007813 0 0 0 0 0 0
8.62173191826052 12.5520480765233 6.67427592067202 0.577249813876624 0.47040295767521 -0.66746064287703 0.589828064691317 0.325072578093027 0.739209492007813 0 0 0 0 0 0
9.11609154554411 12.4437291100786 6.85472165361892 0.136472219287424 0.862103262019853 -0.488009527547868 0.589828064691317 0.325072578093027 0.739209492007813 0 0 0 0 0 0
9.64156001950838 12.5319266093375 6.92392559940604 -0.356153453102898 0.926276123525258 -0.123155433619076 0.589828064691317 0.325072578093027 0.739209492007813 0 0 0 0 0 0
10.0858433026315 12.8312687800992 6.96505626022459 -0.713470474091236 0.638541199192493 0.288487468590648 0.589828064691317 0.325072578093027 0.739209492007813 0 0 0 0 0 0
10.3674909687361 13.2761664373086 7.07194764858566 -0.799728133382112 0.108213797446967 0.590529158229524 0.589828064691317 0.325072578093027 0.739209492007813 0 0 0 0 0 0
10.4668405816727 13.7457314330511 7.31345017714618 -0.582155704059764 -0.463225835186873 0.668218947535989 0.589828064691317 0.325072578093027 0.739209492007813 0 0 0 0 0 0
10.4334877835514 14.1097040850872 7.70727323582306 -0.143412589640785 -0.858678228310263 0.492041186648508 0.589828064691317 0.325072578093027 0.739209492007813 0 0 0 0 0 0
10.367444081109 14.2779410079617 8.21325709847856 0.349815365313361 -0.927904406164198 0.128928752463317 0.589828064691317 0.325072578093027 0.739209492007813 0 0 0 0 0 0
10.3811408021967 14.2346620922545 8.74863027431483 0.710142614383946 -0.644604186381995 -0.283165870356477 0.589828064691317 0.325072578093027 0.739209492007813 0 0 0 0 0 0
10.5567145545779 14.044445631979 9.21945578109352 0.800674811298715 -0.116408058986 -0.587681044746961 0.589828064691317 0.325072578093027 0.739209492007813 0 0 0 0 0 0
1.48571984298482 0.104914762480938 10.0256007858935 0.846169866548256 -0.110749174131101 -0.521278406779894 0.511514928287529 0.443189896468614 0.736162477858756 0 0 0 0 0 0
1.83412775655729 -0.0479370208945626 10.4049862893031 0.597772542079348 0.431902063848924 -0.675372930445864 0.511514928287529 0.443189896468614 0.736162477858756 0 0 0 0 0 0
2.31879793990569 -0.102336715225883 10.6304205119669 0.122271434650561 0.810466486755316 -0.57288198620221 0.511514928287529 0.443189896468614 0.736162477858756 0 0 0 0 0 0
2.83133990062996 0.0280094516000349 10.7252662678502 -0.399682635071345 0.88112114106631 -0.252743597324304 0.511514928287529 0.443189896468614 0.736162477858756 0 0 0 0 0 0
3.25277419211368 0.359207210256535 10.7624991127708 -0.769790589392343 0.617023142326335 0.163416309824708 0.511514928287529 0.443189896468614 0.736162477858756 0 0 0 0 0 0
3.49873469452392 0.831055413620983 10.8369827106579 -0.847442228590874 0.118507735739778 0.517491628696314 0.511514928287529 0.443189896468614 0.736162477858756 0 0 0 0 0 0
3.55152071426207 1.32991745907617 11.0294285415892 -0.603136396669243 -0.425030740998001 0.67496322582755 0.511514928287529 0.443189896468614 0.736162477858756 0 0 0 0 0 0
3.46682177340175 1.73189373374724 11.3757322610856 -0.129688963750165 -0.807092933095604 0.576005008683556 0.511514928287529 0.443189896468614 0.736162477858756 0 0 0 0 0 0
3.35256022917391 1.94989314892396 11.8533363404355 0.393029474781444 -0.882527026035944 0.258212858450495 0.511514928287529 0.443189896468614 0.736162477858756 0 0 0 0 0 0
3.32788976608918 1.96672050074703 12.3898000489938 0.766429444741187 -0.622674346720207 -0.157678673796682 0.511514928287529 0.443189896468614 0.736162477858756 0 0 0 0 0 0
3.47792691904895 1.84160921564276 12.8903208988988 0.848650054626778 -0.126257272525558 -0.513665441621658 0.511514928287529 0.443189896468614 0.736162477858756 0 0 0 0 0 0
3.82141387866371 1.68771758129359 13.2737516952237 0.608454320087393 0.418127050410577 -0.674502120146363 0.511514928287529 0.443189896468614 0.736162477858756 0 0 0 0 0 0
4.30359801968743 1.6291380212419 13.503429712038 0.137096616533069 0.80365791618425 -0.579084166153396 0.511514928287529 0.443189896468614 0.736162477858756 0 0 0 0 0 0
4.81703333876361 1.75375230847155 13.6011054749566 -0.386346383775363 0.883865703155702 -0.263662455667803 0.511514928287529 0.443189896468614 0.736162477858756 0 0 0 0 0 0
5.24240098750179 2.0798438105464 13.6386793728097 -0.763009933520461 0.628278132051794 0.151929029927168 0.511514928287529 0.443189896468614 0.736162477858756 0 0 0 0 0 0
5.49384049788584 2.54915133259127 13.7108854978151 -0.849793252675341 0.133997194331209 0.509800136934886 0.511514928287529 0.443189896468614 0.736162477858756 0 0 0 0 0 0
5.55156960958377 3.04900351930016 13.8993005800757 -0.613725907353343 -0.41119151782942 0.673989648517285 0.511514928287529 0.443189896468614 0.736162477858756 0 0 0 0 0 0
5.46939988138959 3.45512458658168 14.2413516239229 -0.144493828877832 -0.80016169761109 0.582119224121968 0.511514928287529 0.443189896468614 0.736162477858756 0 0 0 0 0 0
5.3542927803562 3.67884876971562 14.7160967632251 0.379633870996356 -0.885137070480141 0.269091973968301 0.511514928287529 0.443189896468614 0.736162477858756 0 0 0 0 0 0
5.32572323216162 3.70080592978274 15.2521814264604 0.759532316139184 -0.633834071571148 -0.146167816073809 0.511514928287529 0.443189896468614 0.736162477858756 0 0 0 0 0 0
-0.235460832938629 5.39991597925274 9.68433087028694 0.393239845144479 -0.529508368557528 0.751653718023328 0.480848639214691 0.815243941920089 0.322741229668563 0 0 0 0 0 0
-0.27893970419183 5.73982561726088 10.0981619081056 0.778066194742885 -0.566438087853658 0.271589560232015 0.480848639214691 0.815243941920089 0.322741229668563 0 0 0 0 0 0
-0.145058361871502 5.95061567531978 10.5739017947248 0.867292188385411 -0.388168507234386 -0.31165601222674 0.480848639214691 0.815243941920089 0.322741229668563 0 0 0 0 0 0
0.186522262080668 6.07292270994087 10.9785996835505 0.6270193793082 -0.0624272208854177 -0.776498255029902 0.480848639214691 0.815243941920089 0.322741229668563 0 0 0 0 0 0
0.661031973275334 6.18099945759684 11.2062947707097 0.148531424826827 0.287031210405394 -0.9463358283887 0.480848639214691 0.815243941920089 0.322741229668563 0 0 0 0 0 0
1.16939942743282 6.35450497869618 11.2182725760112 -0.386386101259251 0.527441685957273 -0.756644598651325 0.480848639214691 0.815243941920089 0.322741229668563 0 0 0 0 0 0
1.58969015765061 6.64824084870545 11.0577732212422 -0.774509087445825 0.567468246659258 -0.279491435463241 0.480848639214691 0.815243941920089 0.322741229668563 0 0 0 0 0 0
1.83343151701516 7.07133112339612 10.8335637849652 -0.868383122210334 0.391904132892257 0.303845196904937 0.480848639214691 0.815243941920089 0.322741229668563 0 0 0 0 0 0
1.87922491634815 7.58375595751085 10.6786158708831 -0.632343890255578 0.0674490867518035 0.771745958948143 0.480848639214691 0.815243941920089 0.322741229668563 0 0 0 0 0 0
1.78087550600065 8.11155581307295 10.6995874724264 -0.156066642166675 -0.282630995134253 0.946447528282599 0.480848639214691 0.815243941920089 0.322741229668563 0 0 0 0 0 0
1.64695069966062 8.5749299244012 10.9363018178216 0.379502932576457 -0.52533483663056 0.761577857863667 0.480848639214691 0.815243941920089 0.322741229668563 0 0 0 0 0 0
1.59953359874246 8.91855394318983 11.34661785988 0.770892998283122 -0.568455190560833 0.287372026339561 0.480848639214691 0.815243941920089 0.322741229668563 0 0 0 0 0 0
1.72784158103912 9.13259858340365 11.8224403643846 0.86940792529842 -0.395609913533089 -0.296011242595005 0.480848639214691 0.815243941920089 0.322741229668563 0 0 0 0 0 0
2.05433112726352 9.25646393137971 12.2307870968257 0.637620245767494 -0.0724658161090935 -0.766934891423675 0.480848639214691 0.815243941920089 0.322741229668563 0 0 0 0 0 0
2.52616622857337 9.36381069429357 12.4643109966351 0.163589974427485 0.278209256418583 -0.946487152532899 0.480848639214691 0.815243941920089 0.322741229668563 0 0 0 0 0 0
3.03529166970133 9.53457526596192 12.4820831202434 -0.372590863276042 0.523187981022121 -0.766453119973564 0.480848639214691 0.815243941920089 0.322741229668563 0 0 0 0 0 0
3.45948501182193 9.82460055436638 12.3251422310372 -0.767218202633966 0.569398844398783 -0.29523073272347 0.480848639214691 0.815243941920089 0.322741229668563 0 0 0 0 0 0
3.70879094051156 10.2444203272677 12.1009034870173 -0.870366519606944 0.39928556694734 0.288154745882896 0.480848639214691 0.815243941920089 0.322741229668563 0 0 0 0 0 0
3.75969679367066 10.7552572577182 11.9423496263881 -0.642848044029048 0.0774770269139239 0.762065418837915 0.480848639214691 0.815243941920089 0.322741229668563 0 0 0 0 0 0
3.6640654149661 11.2837550788916 11.9575086019615 -0.171100848678378 -0.273766330990905 0.946454698122059 0.480848639214691 0.815243941920089 0.322741229668563 0 0 0 0 0 0
12.6786173516236 5.67112082955533 3.02691793697543 -0.244627798861482 0.922323359736785 0.299126829468764 0.783895990034598 0.00655692318977465 0.620857538865367 0 0 0 0 0 0
13.1570445222322 5.9147299617708 3.04806350963347 -0.532783851207337 0.520567547883203 0.667196220000943 0.783895990034598 0.00655692318977465 0.620857538865367 0 0 0 0 0 0
13.5140235971941 6.27700248290592 3.22129648163408 -0.618526410808558 -0.0789605788364747 0.781786611628833 0.783895990034598 0.00655692318977465 0.620857538865367 0 0 0 0 0 0
13.7300095573501 6.62127593761077 3.57273773635444 -0.469280445733493 -0.648490261505698 0.599363198723817 0.783895990034598 0.00655692318977465 0.620857538865367 0 0 0 0 0 0
13.8390230251353 6.81772601680062 4.06080385108287 -0.141746993373627 -0.971647651649923 0.189231685805328 0.783895990034598 0.00655692318977465 0.620857538865367 0 0 0 0 0 0
13.9157252613209 6.79268898322394 4.59200533454482 0.239638511652228 -0.92565985384992 -0.292792108335675 0.783895990034598 0.00655692318977465 0.620857538865367 0 0 0 0 0 0
14.0470531037778 6.55664775683623 5.05646484769893 0.529981339559147 -0.527998401364887 -0.663579285296954 0.783895990034598 0.00655692318977465 0.620857538865367 0 0 0 0 0 0
14.2991902092631 6.20024927824391 5.36966144189005 0.618975395752075 0.0702584714611786 -0.782261597319912 0.783895990034598 0.00655692318977465 0.620857538865367 0 0 0 0 0 0
14.6924227756862 5.85986622043185 5.5045414803582 0.472810350382047 0.641822976320141 -0.603749649804587 0.783895990034598 0.00655692318977465 0.620857538865367 0 0 0 0 0 0
15.1934324763559 5.66578673026695 5.50179676715639 0.147016747934374 0.969548201767163 -0.195863116172653 0.783895990034598 0.00655692318977465 0.620857538865367 0 0 0 0 0 0
15.7279546493431 5.69271578320176 5.45440505046017 -0.234630975042513 0.928925855381347 0.286435089949945 0.783895990034598 0.00655692318977465 0.620857538865367 0 0 0 0 0 0
16.2089926841867 5.93139351409944 5.47230622153074 -0.527138467780043 0.535389045724078 0.659911816461238 0.783895990034598 0.00655692318977465 0.620857538865367 0 0 0 0 0 0
16.5698694887135 6.29211319481596 5.6406343119278 -0.619377243322745 -0.061551013631264 0.782677010761707 0.783895990034598 0.00655692318977465 0.620857538865367 0 0 0 0 0 0
16.789559231136 6.63880232003853 5.98737365155496 -0.47630424869186 -0.635106813830019 0.608090123012012 0.783895990034598 0.00655692318977465 0.620857538865367 0 0 0 0 0 0
16.9006754050823 6.84071882706488 6.4727271538563 -0.152275306600568 -0.967374917035079 0.202479630805366 0.783895990034598 0.00655692318977465 0.620857538865367 0 0 0 0 0 0
16.9770804180977 6.82212219131459 7.00423589437074 0.229605570375639 -0.932121115612403 -0.280056258423137 0.783895990034598 0.00655692318977465 0.620857538865367 0 0 0 0 0 0
17.1058240281047 6.59104851793122 7.47190580196565 0.524255452365718 -0.542738918134594 -0.656194092785745 0.783895990034598 0.00655692318977465 0.620857538865367 0 0 0 0 0 0
17.3540716849742 6.23625749108177 7.78999624546288 0.619731922918319 0.0528388684533569 -0.783032820318875 0.783895990034598 0.00655692318977465 0.620857538865367 0 0 0 0 0 0
17.7435872531729 5.89351108595884 7.92959433293025 0.479761874589048 0.628342285497108 -0.612384287802254 0.783895990034598 0.00655692318977465 0.620857538865367 0 0 0 0 0 0
18.2424645557798 5.69399532458579 7.9295994027244 0.157522268912606 0.965127962957719 -0.209080725830262 0.783895990034598 0.00655692318977465 0.620857538865367 0 0 0 0 0 0
5.39098161692305 11.2199272339563 6.53224071295925 0.634742636847978 0.441271485364219 -0.634335290813724 0.00722430604845002 0.817483660912675 0.575906479858431 0 0 0 0 0 0
5.73799256385865 11.4586237542735 6.8658459827223 0.061084002208283 0.574485227668383 -0.816232483956026 0.00722430604845002 0.817483660912675 0.575906479858431 0 0 0 0 0 0
6.09892761101963 11.8282742003139 7.01339103208478 -0.535781466140394 0.489442427100528 -0.688029309764049 0.00722430604845002 0.817483660912675 0.575906479858431 0 0 0 0 0 0
6.33773125611553 12.3094930630123 7.00409977863768 -0.92909459771392 0.218452265436185 -0.298432297556092 0.00722430604845002 0.817483660912675 0.575906479858431 0 0 0 0 0 0
6.36474775842853 12.8405081264904 6.92678087357248 -0.969429157982628 -0.135531564194473 0.20454413401536 0.00722430604845002 0.817483660912675 0.575906479858431 0 0 0 0 0 0
6.17078285367626 13.3406287656458 6.89608781029207 -0.641461373142548 -0.438024686620737 0.629810829278826 0.00722430604845002 0.817483660912675 0.575906479858431 0 0 0 0 0 0
5.83059680873254 13.7409016637036 7.00896014536279 -0.0697916879833779 -0.574104907217561 0.815801860623734 0.00722430604845002 0.817483660912675 0.575906479858431 0 0 0 0 0 0
5.47450174631701 14.0103073300969 7.30779454023194 0.528393026295475 -0.492073075040252 0.691856125637939 0.00722430604845002 0.817483660912675 0.575906479858431 0 0 0 0 0 0
5.23885389087144 14.1675449235517 7.76433756070954 0.925832395624388 -0.223094454632066 0.305062681304723 0.00722430604845002 0.817483660912675 0.575906479858431 0 0 0 0 0 0
5.21424955913981 14.2739281290535 8.29041962898936 0.971532558763406 0.130641479031215 -0.197629176032197 0.00722430604845002 0.817483660912675 0.575906479858431 0 0 0 0 0 0
5.41110610474761 14.410091063811 8.77145212037423 0.648131259670034 0.434744530601486 -0.625238405210867 0.00722430604845002 0.817483660912675 0.575906479858431 0 0 0 0 0 0
5.75570419139068 14.6453540279984 9.10996149761813 0.0784940588512233 0.573680866455316 -0.815309110821251 0.00722430604845002 0.817483660912675 0.575906479858431 0 0 0 0 0 0
6.1181950012187 15.0113875637452 9.26262113739659 -0.520964347275847 0.494666249710174 -0.695630253989232 0.00722430604845002 0.817483660912675 0.575906479858431 0 0 0 0 0 0
6.36193197169302 15.4901802866781 9.25671183889017 -0.922499687813424 0.227719654321481 -0.311669833349075 0.00722430604845002 0.817483660912675 0.575906479858431 0 0 0 0 0 0
6.39538510930378 16.0208817119788 9.17975739206511 -0.973561973578394 -0.125741445013529 0.190699167822126 0.00722430604845002 0.817483660912675 0.575906479858431 0 0 0 0 0 0
6.20691476440418 16.5229203709322 9.14627282654548 -0.654751788492755 -0.431431267103049 0.620618366817642 0.00722430604845002 0.817483660912675 0.575906479858431 0 0 0 0 0 0
5.86919372871586 16.9266142589745 9.2542582372697 -0.0871904520925853 -0.573213137673996 0.81475427207338 0.00722430604845002 0.817483660912675 0.575906479858431 0 0 0 0 0 0
5.51159762672958 17.1996441942478 9.54796690994933 0.513495994804178 -0.497221753630002 0.699351407403441 0.00722430604845002 0.817483660912675 0.575906479858431 0 0 0 0 0 0
5.27105295291609 17.3593324151361 10.0010927579517 0.91909672807963 -0.232327512277568 0.318253250528939 0.00722430604845002 0.817483660912675 0.575906479858431 0 0 0 0 0 0
5.24001640718777 17.4660615722904 10.526764444426 0.975517247879796 0.120831835297977 -0.183754637132104 0.00722430604845002 0.817483660912675 0.575906479858431 0 0 0 0 0 0
9.10083438079066 2.27844841187396 4.85317708791957 0.975722710659005 0.0635593599203695 -0.209583872639947 0.135870126940893 0.574870919462604 0.806884585651062 0 0 0 0 0 0
9.32543178570381 2.22274830119441 5.3380880132398 0.689655583476079 0.529831762554836 -0.493612681733669 0.135870126940893 0.574870919462604 0.806884585651062 0 0 0 0 0 0
9.70723620257039 2.28782335746042 5.7104799122273 0.141576769704127 0.794812220280044 -0.590109780272833 0.135870126940893 0.574870919462604 0.806884585651062 0 0 0 0 0 0
10.1213130485457 2.53407588434807 5.94835626823377 -0.460289425915784 0.757830226969188 -0.462414307176959 0.135870126940893 0.574870919462604 0.806884585651062 0 0 0 0 0 0
10.4304669054006 2.9530758353185 6.08082526836937 -0.887283973001477 0.432935860187019 -0.159039907629627 0.135870126940893 0.574870919462604 0.806884585651062 0 0 0 0 0 0
10.5373643526913 3.47076352924091 6.17704111655659 -0.977184504146976 -0.0564380781817799 0.204756411831658 0.135870126940893 0.574870919462604 0.806884585651062 0 0 0 0 0 0
10.4215125615145 3.97558616146596 6.31993119526352 -0.69583630451338 -0.524370247054973 0.490762347093448 0.135870126940893 0.574870919462604 0.806884585651062 0 0 0 0 0 0
10.1470448628294 4.36087857937549 6.57469056643225 -0.15012825903254 -0.793085392068975 0.590319461585555 0.135870126940893 0.574870919462604 0.806884585651062 0 0 0 0 0 0
9.83835542277403 4.56538715720844 6.96401327744384 0.452616022065399 -0.760494136955327 0.465604343006235 0.135870126940893 0.574870919462604 0.806884585651062 0 0 0 0 0 0
9.63283981919006 4.59654107259343 7.45947051309396 0.883403909044353 -0.43897844442843 0.163998350029361 0.135870126940893 0.574870919462604 0.806884585651062 0 0 0 0 0 0
9.62869616446909 4.52762983775849 7.99231117779349 0.978571881251634 0.0493124984650277 -0.199913358029861 0.135870126940893 0.574870919462604 0.806884585651062 0 0 0 0 0 0
9.84761800087024 4.46995938850027 8.47958158623983 0.701964034922052 0.518868798730614 -0.487874639000433 0.135870126940893 0.574870919462604 0.806884585651062 0 0 0 0 0 0
10.2265525611192 4.53056509823892 8.85564095537502 0.158668315512783 0.791298167334745 -0.590484187785762 0.135870126940893 0.574870919462604 0.806884585651062 0 0 0 0 0 0
10.6416555688818 4.77154725011977 9.09709943532484 -0.444908149752559 0.763100132368563 -0.468758921262131 0.135870126940893 0.574870919462604 0.806884585651062 0 0 0 0 0 0
10.9553417499093 5.186478101185 9.23170430442344 -0.879456570459317 0.444987598761725 -0.168944303319794 0.135870126940893 0.574870919462604 0.806884585651062 0 0 0 0 0 0
11.0685557780284 5.70284388938953 9.32779831426445 -0.979884736318839 -0.0421831634105963 0.195055080051854 0.135870126940893 0.574870919462604 0.806884585651062 0 0 0 0 0 0
10.9584050496715 6.20959402416731 9.46835513574069 -0.7080383080517 -0.51332783653835 0.484949777364774 0.135870126940893 0.574870919462604 0.806884585651062 0 0 0 0 0 0
10.6868569667158 6.5993310624543 9.7194562742262 -0.167196288786491 -0.789450682181437 0.590603946328916 0.135870126940893 0.574870919462604 0.806884585651062 0 0 0 0 0 0
10.3771964844703 6.80911279289792 10.1051856008608 0.437166395961584 -0.765648014752257 0.471877801711298 0.135870126940893 0.574870919462604 0.806884585651062 0 0 0 0 0 0
10.1671880959398 6.84436503428762 10.5984794872431 0.875442257851486 -0.450962865566534 0.173877390847436 0.135870126940893 0.574870919462604 0.806884585651062 0 0 0 0 0 0
4.60841886237724 12.1844818615882 2.46799522227189 0.85968868120966 -0.463542931015101 0.214623676480312 0.267415109898212 0.766381835024739 0.584078797716748 0 0 0 0 0 0
4.65750651719248 12.2738894786657 2.99551942292209 0.951590051082452 -0.114710339245403 -0.285162958238093 0.267415109898212 0.766381835024739 0.584078797716748 0 0 0 0 0 0
4.92350915409379 12.3371488703027 3.45804071826926 0.681966450811797 0.27770262825822 -0.676611417451433 0.267415109898212 0.766381835024739 0.584078797716748 0 0 0 0 0 0
5.34496606491575 12.4637105847892 3.76632841971876 0.153252394006718 0.564611724346198 -0.811003886835336 0.267415109898212 0.766381835024739 0.584078797716748 0 0 0 0 0 0
5.80135686377364 12.7189755596059 3.88974775964587 -0.433684809524902 0.637015386550428 -0.637282420348591 0.267415109898212 0.766381835024739 0.584078797716748 0 0 0 0 0 0
6.15888919665441 13.1194482118305 3.8678985518024 -0.855857903094667 0.467406253074845 -0.221446707577544 0.267415109898212 0.766381835024739 0.584078797716748 0 0 0 0 0 0
6.32132869359514 13.6264661341505 3.7955705599988 -0.952876270097704 0.120221669440313 0.278520311793723 0.267415109898212 0.766381835024739 0.584078797716748 0 0 0 0 0 0
6.26656001478481 14.1608885898022 3.78673128203224 -0.687881010848964 -0.272637136413719 0.672672808103267 0.267415109898212 0.766381835024739 0.584078797716748 0 0 0 0 0 0
6.05498883790725 14.6331634016298 3.93122779183849 -0.16154825482151 -0.561916535894339 0.811265658124779 0.267415109898212 0.766381835024739 0.584078797716748 0 0 0 0 0 0
5.80659273126001 14.9773493214196 4.26065233394079 0.42615938415542 -0.63771444864522 0.641645120986201 0.267415109898212 0.766381835024739 0.584078797716748 0 0 0 0 0 0
5.65533966964011 15.1761682125749 4.7363399015613 0.851961948086764 -0.471233980338781 0.228252874650628 0.267415109898212 0.766381835024739 0.584078797716748 0 0 0 0 0 0
5.69829136089362 15.2675693030847 5.2640577191404 0.954089923895776 -0.125723844289637 -0.271856454949274 0.267415109898212 0.766381835024739 0.584078797716748 0 0 0 0 0 0
5.95872788031965 15.3303116393327 5.72980584925984 0.693743186083915 0.267550882195723 -0.668682972116405 0.267415109898212 0.766381835024739 0.584078797716748 0 0 0 0 0 0
6.37730318084217 15.4540422075958 6.0431276748452 0.169831813111239 0.559178555322723 -0.811465648393413 0.267415109898212 0.766381835024739 0.584078797716748 0 0 0 0 0 0
6.83459164850716 15.7052375451392 6.17147588034648 -0.418601505098892 0.638364946315735 -0.645958957863618 0.267415109898212 0.766381835024739 0.584078797716748 0 0 0 0 0 0
7.19645988991355 16.1019481922815 6.15257772107763 -0.84800111287801 0.475025821310658 -0.235041659383591 0.267415109898212 0.766381835024739 0.584078797716748 0 0 0 0 0 0
7.36502625095699 16.6069409903383 6.08010180815668 -0.955230920052235 0.131216444781459 0.265171895183246 0.267415109898212 0.766381835024739 0.584078797716748 0 0 0 0 0 0
7.31584769371815 17.1418445811117 6.06807183708641 -0.69955253008931 -0.262444252942182 0.664642213332305 0.267415109898212 0.766381835024739 0.584078797716748 0 0 0 0 0 0
7.107206115234 17.6169239961692 6.20754707945823 -0.178102438050868 -0.556397991139172 0.811603842411205 0.267415109898212 0.766381835024739 0.584078797716748 0 0 0 0 0 0
6.85796608039215 17.9651724716394 6.53202744324483 0.411011747917069 -0.638966830024058 0.650223602465461 0.267415109898212 0.766381835024739 0.584078797716748 0 0 0 0 0 0
2.32019212973226 6.53381762505632 3.21838206270918 0.906427287585621 -0.199404941170339 0.372326794304449 0.0524550294209494 0.927858013298786 0.369226186836305 0 0 0 0 0 0
2.29650086402218 6.76185919268802 3.70430476178743 0.979987767157511 0.0232667601416242 -0.197693282875643 0.0524550294209494 0.927858013298786 0.369226186836305 0 0 0 0 0 0
2.49619784067101 6.99520441902609 4.14516327081375 0.681234509464544 0.237099030276299 -0.69260637663585 0.0524550294209494 0.927858013298786 0.369226186836305 0 0 0 0 0 0
2.85118224518736 7.28259637677597 4.42814213449304 0.123668871992382 0.360853414724617 -0.924386728151002 0.0524550294209494 0.927858013298786 0.369226186836305 0 0 0 0 0 0
3.23435697296562 7.6522448817666 4.50040701440443 -0.480880637582963 0.347513553771693 -0.80497710671967 0.0524550294209494 0.927858013298786 0.369226186836305 0 0 0 0 0 0
3.50791494427591 8.10110911227401 4.38917733751044 -0.90273555304503 0.202147483624124 -0.379743223946022 0.0524550294209494 0.927858013298786 0.369226186836305 0 0 0 0 0 0
3.57569431786498 8.59605286803413 4.19138518076931 -0.981626138971715 -0.0200177952779428 0.189761458572848 0.0524550294209494 0.927858013298786 0.369226186836305 0 0 0 0 0 0
3.41971198218853 9.08643356673078 4.03684915448072 -0.687580542789211 -0.23457797907423 0.687172590337496 0.0524550294209494 0.927858013298786 0.369226186836305 0 0 0 0 0 0
3.10699564014853 9.52334220771644 4.03895414178148 -0.132311602667453 -0.360018066685555 0.923515366119896 0.0524550294209494 0.927858013298786 0.369226186836305 0 0 0 0 0 0
2.76411886411729 9.87818471907316 4.25157448584772 0.4732247274397 -0.348681271581952 0.808999213959825 0.0524550294209494 0.927858013298786 0.369226186836305 0 0 0 0 0 0
2.52911367959597 10.1535453236015 4.64860622619129 0.898975071696991 -0.204874631764386 0.387130734670857 0.0524550294209494 0.927858013298786 0.369226186836305 0 0 0 0 0 0
2.49902989095427 10.3822047493727 5.13388442968418 0.983189756154916 0.0167673059816488 -0.181815183200291 0.0524550294209494 0.927858013298786 0.369226186836305 0 0 0 0 0 0
2.69306423816419 10.6146862830701 5.57771785644573 0.693874214193469 0.232039063850849 -0.68168647318589 0.0524550294209494 0.927858013298786 0.369226186836305 0 0 0 0 0 0
3.0452672343323 10.9000611286734 5.86616083019527 0.140944257301715 0.359155301876848 -0.922573674818124 0.0524550294209494 0.927858013298786 0.369226186836305 0 0 0 0 0 0
3.42959847838715 11.2673054366403 5.94430310574119 -0.465532779401278 0.349822435963405 -0.812959712777669 0.0524550294209494 0.927858013298786 0.369226186836305 0 0 0 0 0 0
3.70781151072946 11.7142917798923 5.83713118917963 -0.895146129916719 0.207586177908234 -0.394488763891408 0.0524550294209494 0.927858013298786 0.369226186836305 0 0 0 0 0 0
3.78197595459145 12.2085973989302 5.64003554647642 -0.984678499631612 -0.0135155397900872 0.173855061897608 0.0524550294209494 0.927858013298786 0.369226186836305 0 0 0 0 0 0
3.63168290347946 12.6998221502476 5.48257017060312 -0.700115044389872 -0.22948247795438 0.676148442970096 0.0524550294209494 0.927858013298786 0.369226186836305 0 0 0 0 0 0
3.32179860596965 13.1387363634947 5.4792328535799 -0.149566178485096 -0.358265186001376 0.921561725959126 0.0524550294209494 0.927858013298786 0.369226186836305 0 0 0 0 0 0
2.97782069336805 13.4959840163199 5.68596556098604 0.457805379239321 -0.350936960011967 0.816858301565884 0.0524550294209494 0.927858013298786 0.369226186836305 0 0 0 0 0 0
2.94194542558614 1.5880589889504 2.49188337471178 -0.450712300803608 0.0355091022939076 0.891962737763523 0.620168621027342 0.731152155364298 0.284266436990347 0 0 0 0 0 0
2.90640017217625 2.11677575255332 2.58065398338178 0.0113942755359576 -0.37072558436184 0.928672553478665 0.620168621027342 0.731152155364298 0.284266436990347 0 0 0 0 0 0
2.8734522442333 2.56098560753606 2.88111552983796 0.469171976097285 -0.63611542331729 0.612564139550165 0.620168621027342 0.731152155364298 0.284266436990347 0 0 0 0 0 0
2.94745208300424 2.86019293175823 3.32121109117895 0.748703398802124 -0.659834377671779 0.0637323674803012 0.620168621027342 0.731152155364298 0.284266436990347 0 0 0 0 0 0
3.19211888509011 3.00899098882839 3.77583444769243 0.743789882648745 -0.432871220106268 -0.50931239654369 0.620168621027342 0.731152155364298 0.284266436990347 0 0 0 0 0 0
3.60633261432915 3.05911603765502 4.11436002738823 0.456298154573428 -0.0414530488015296 -0.888860865871562 0.620168621027342 0.731152155364298 0.284266436990347 0 0 0 0 0 0
4.12455952226064 3.09979186270302 4.25026974474056 -0.00454887132264726 0.365713828800926 -0.930716231293651 0.620168621027342 0.731152155364298 0.284266436990347 0 0 0 0 0 0
4.641749514831 3.22383216653339 4.17402266788448 -0.463667704950176 0.63393990843276 -0.618976939701714 0.620168621027342 0.731152155364298 0.284266436990347 0 0 0 0 0 0
5.05324643946864 3.49237909243795 3.95667977814725 -0.746631425356509 0.661321617940936 -0.0720779599745396 0.620168621027342 0.731152155364298 0.284266436990347 0 0 0 0 0 0
5.29454870720348 3.91167430196067 3.7229067151659 -0.745937384258162 0.437456188085526 0.502204641826189 0.620168621027342 0.731152155364298 0.284266436990347 0 0 0 0 0 0
5.36581452472572 4.43068766332206 3.60361121609071 -0.461849259472147 0.0473938384989935 0.885691303783299 0.620168621027342 0.731152155364298 0.284266436990347 0 0 0 0 0 0
5.33180178901917 4.96050445166054 3.68620907758124 -0.00229687930482597 -0.360674222716031 0.93268903146421 0.620168621027342 0.731152155364298 0.284266436990347 0 0 0 0 0 0
5.29726547960281 5.40810553958228 3.98141343314114 0.458128123712173 -0.631716116569806 0.625342602362839 0.620168621027342 0.731152155364298 0.284266436990347 0 0 0 0 0 0
5.36715949040167 5.71170691885495 4.41916465458609 0.744502593037152 -0.662758496008475 0.0804180634530648 0.620168621027342 0.731152155364298 0.284266436990347 0 0 0 0 0 0
5.60676289070916 5.86423247810876 4.87524717612551 0.748028079847754 -0.442007842082382 -0.49505864228085 0.620168621027342 0.731152155364298 0.284266436990347 0 0 0 0 0 0
6.01687931535467 5.9160023358521 5.21848106457998 0.467365192761635 -0.0533310189721629 -0.882454292873161 0.620168621027342 0.731152155364298 0.284266436990347 0 0 0 0 0 0
6.53353165039587 5.95561538614268 5.36055946920754 0.00914245501604745 0.355607149892669 -0.934590803753971 0.620168621027342 0.731152155364298 0.284266436990347 0 0 0 0 0 0
7.05226800834564 6.07628909744048 5.28959787071245 -0.452553654243833 0.629444217078786 -0.631660642763682 0.620168621027342 0.731152155364298 0.284266436990347 0 0 0 0 0 0
7.46784474657091 6.34044463782688 5.07464920882414 -0.742317063962876 0.66414490245057 -0.088752042784707 0.620168621027342 0.731152155364298 0.284266436990347 0 0 0 0 0 0
7.71421028670881 6.75599202962423 4.83946951599048 -0.750061810202957 0.44652583547076 0.487874942103203 0.620168621027342 0.731152155364298 0.284266436990347 0 0 0 0 0 0
5.53365095344213 4.87762131816105 0.843297629682798 -0.615051962585971 0.169944078526136 0.769954604826185 0.674205480572299 0.619687579441353 0.401788842369213 0 0 0 0 0 0
5.58248776238383 5.40809907012374 0.913250634502861 -0.258479555734869 -0.311633507658601 0.91437020739496 0.674205480572299 0.619687579441353 0.401788842369213 0 0 0 0 0 0
5.5724041484627 5.8675399542101 1.1916343568693 0.196293555887624 -0.674816314049437 0.711401280719766 0.674205480572299 0.619687579441353 0.401788842369213 0 0 0 0 0 0
5.60706565678253 6.17315643827576 1.63218202356009 0.576491463775167 -0.781625120405782 0.238159113504 0.674205480572299 0.619687579441353 0.401788842369213 0 0 0 0 0 0
5.77313841240925 6.30060145155105 2.1270180676678 0.737670626151246 -0.591481475444849 -0.325563682739973 0.674205480572299 0.619687579441353 0.401788842369213 0 0 0 0 0 0
6.10736321047798 6.2932182438877 2.54764186005106 0.618596384457298 -0.176624128919507 -0.765599392776525 0.674205480572299 0.619687579441353 0.401788842369213 0 0 0 0 0 0
6.58259707384792 6.24557356047966 2.79374724676129 0.26450703392801 0.305335677180314 -0.91477109335803 0.674205480572299 0.619687579441353 0.401788842369213 0 0 0 0 0 0
7.11812532392447 6.26753015429228 2.83133053395725 -0.190072961112304 0.671293354579046 -0.716405961415741 0.674205480572299 0.619687579441353 0.401788842369213 0 0 0 0 0 0
7.61032643653482 6.44250808940346 2.70560905970674 -0.572441060375611 0.78221546314683 -0.245866227062679 0.674205480572299 0.619687579441353 0.401788842369213 0 0 0 0 0 0
7.97203959142066 6.79579206395141 2.5238423712611 -0.737329230098078 0.595960839320006 0.318082197615599 0.674205480572299 0.619687579441353 0.401788842369213 0 0 0 0 0 0
8.16567852510555 7.28492533057428 2.4145825297704 -0.622093697818955 0.183290728701633 0.761185877368966 0.674205480572299 0.619687579441353 0.401788842369213 0 0 0 0 0 0
8.2175111807984 7.81583972457195 2.47883503297671 -0.270514368886437 -0.299014594208054 0.915102315960661 0.674205480572299 0.619687579441353 0.401788842369213 0 0 0 0 0 0
8.20768007759185 8.27859373241138 2.75168513789999 0.183837891545098 -0.667719273520685 0.721356085024076 0.674205480572299 0.619687579441353 0.401788842369213 0 0 0 0 0 0
8.23975482754746 8.58914111084196 3.18896838510201 0.568347063373012 -0.782746237151888 0.253554616956258 0.674205480572299 0.619687579441353 0.401788842369213 0 0 0 0 0 0
8.40138430848202 8.72126145988462 3.68404941521732 0.736931683569353 -0.600394818469893 -0.310576489300371 0.674205480572299 0.619687579441353 0.401788842369213 0 0 0 0 0 0
8.7309973898738 8.71652179116561 4.1083345248243 0.62554363633699 -0.189943370185129 -0.756714394709795 0.674205480572299 0.619687579441353 0.401788842369213 0 0 0 0 0 0
9.20320316285136 8.66848452523633 4.36012656434713 0.276501103128335 0.292670740116764 -0.915363849978969 0.674205480572299 0.619687579441353 0.401788842369213 0 0 0 0 0 0
9.73843737098714 8.68716156372556 4.40326138546529 -0.177588822010693 0.664094343054466 -0.726251274573692 0.674205480572299 0.619687579441353 0.401788842369213 0 0 0 0 0 0
10.2331902015577 8.85721892860982 4.28084720569285 -0.564209784541091 0.783217402000462 -0.261223697684078 0.674205480572299 0.619687579441353 0.401788842369213 0 0 0 0 0 0
10.5993313939893 9.20581072492405 4.09888707581391 -0.736478016839776 0.604783075229831 0.303047129383037 0.674205480572299 0.619687579441353 0.401788842369213 0 0 0 0 0 0
9.14043803950145 11.2489252648263 1.48056368248762 -0.370441091785706 0.925755106522915 0.0758345585031081 0.811179583864476 0.282656541428111 0.511950156079041 0 0 0 0 0 0
9.57358665349027 11.5529721992067 1.38770442332749 -0.565409330716351 0.60262525023596 0.563165247966292 0.811179583864476 0.282656541428111 0.511950156079041 0 0 0 0 0 0
9.87785019275167 11.9943875783401 1.42321870016129 -0.545569111767959 0.0505479860274753 0.83654004410625 0.811179583864476 0.282656541428111 0.511950156079041 0 0 0 0 0 0
10.0577512358192 12.4473253724789 1.64942230637088 -0.318458065829797 -0.520733303190105 0.792099291286558 0.811179583864476 0.282656541428111 0.511950156079041 0 0 0 0 0 0
10.1650597527605 12.7815619937707 2.05618497095268 0.029640523652032 -0.894179304329217 0.446726774513182 0.811179583864476 0.282656541428111 0.511950156079041 0 0 0 0 0 0
10.279124828001 12.9119704145052 2.56477901784104 0.366478182635325 -0.927911637872934 -0.0683647127711238 0.811179583864476 0.282656541428111 0.511950156079041 0 0 0 0 0 0
10.4767286165044 12.8308613481898 3.05778932630212 0.564084652846994 -0.609114826333457 -0.557483302676635 0.811179583864476 0.282656541428111 0.511950156079041 0 0 0 0 0 0
10.8029155193733 12.6109045380458 3.42372129837683 0.547385932449627 -0.0589051084130852 -0.83480466527152 0.811179583864476 0.282656541428111 0.511950156079041 0 0 0 0 0 0
11.2538790627676 12.3775203065857 3.59935952073573 0.322726144509902 0.513683645034311 -0.794969778340056 0.811179583864476 0.282656541428111 0.511950156079041 0 0 0 0 0 0
11.7784080409575 12.2612302781742 3.59378435710825 -0.0245427014225317 0.891115393400624 -0.4531125814313 0.811179583864476 0.282656541428111 0.511950156079041 0 0 0 0 0 0
12.2973425095859 12.3480700317273 3.4849221662863 -0.36248736475246 0.929997505159173 0.0608896608015772 0.811179583864476 0.282656541428111 0.511950156079041 0 0 0 0 0 0
12.7336479720133 12.6469027458439 3.38993977555997 -0.56271701774738 0.615558015978645 0.551758902875095 0.811179583864476 0.282656541428111 0.511950156079041 0 0 0 0 0 0
13.0416820725392 13.0860519290714 3.42073084410513 -0.549161067573249 0.0672577449466289 0.833005712829452 0.811179583864476 0.282656541428111 0.511950156079041 0 0 0 0 0 0
13.2245348904325 13.5405325173757 3.64140559110032 -0.326969646344618 -0.50659486788014 0.797779725367083 0.811179583864476 0.282656541428111 0.511950156079041 0 0 0 0 0 0
13.3328549671534 13.8795347896068 4.04393425159512 0.0194430101712972 -0.887983620584729 0.459463882072045 0.811179583864476 0.282656541428111 0.511950156079041 0 0 0 0 0 0
13.4456070786546 14.0161211675851 4.5511977184653 0.358468942053341 -0.932012549534763 -0.0534099718486167 0.811179583864476 0.282656541428111 0.511950156079041 0 0 0 0 0 0
13.6400721967761 13.9402552555711 5.04628638057203 0.561306529568218 -0.621954328497687 -0.54599248449688 0.811179583864476 0.282656541428111 0.511950156079041 0 0 0 0 0 0
13.9624871559742 13.7226148348063 5.41691603865802 0.550894381955411 -0.0756052595424962 -0.83114332377724 0.811179583864476 0.282656541428111 0.511950156079041 0 0 0 0 0 0
14.410478506873 13.4877401927498 5.59808654993703 0.33118824817485 0.499467511565419 -0.800528918379294 0.811179583864476 0.282656541428111 0.511950156079041 0 0 0 0 0 0
14.9339642293641 13.3667191856705 5.5967764690828 -0.0143418382595614 0.884784224378159 -0.465780192759284 0.811179583864476 0.282656541428111 0.511950156079041 0 0 0 0 0 0
4.88275419603487 11.3969344301551 8.13511227671962 0.208253499215252 -0.646379337966297 0.734046477762039 0.799224491532652 0.54507962539723 0.253235886302058 0 0 0 0 0 0
5.01963979206874 11.7235644349039 8.53916706968044 0.499290872008533 -0.836676360767318 0.225125059604912 0.799224491532652 0.54507962539723 0.253235886302058 0 0 0 0 0 0
5.27033875808717 11.8594740368898 8.99453912706177 0.600639294827556 -0.709106045630058 -0.369325132586397 0.799224491532652 0.54507962539723 0.253235886302058 0 0 0 0 0 0
5.65795347026068 11.8337428934622 9.3657235088492 0.473794807388106 -0.312134488137088 -0.823462532121204 0.799224491532652 0.54507962539723 0.253235886302058 0 0 0 0 0 0
6.15356972368628 11.7368606836424 9.54919958052932 0.166947751195167 0.203422180009506 -0.964752748143822 0.799224491532652 0.54507962539723 0.253235886302058 0 0 0 0 0 0
6.68724172224984 11.6863485661565 9.51276023291406 -0.203325546894367 0.641695360933009 -0.739517265340819 0.799224491532652 0.54507962539723 0.253235886302058 0 0 0 0 0 0
7.17456565600118 11.7821109263862 9.30774790139542 -0.49635207029687 0.836177745663757 -0.233326809365509 0.799224491532652 0.54507962539723 0.253235886302058 0 0 0 0 0 0
7.54874611971061 12.0684800300504 9.04954871634027 -0.60080614362952 0.712982224670466 0.361508402503977 0.799224491532652 0.54507962539723 0.253235886302058 0 0 0 0 0 0
7.7859728040753 12.5173734542622 8.87375538301079 -0.477003918054269 0.318912836097758 0.819000528164031 0.799224491532652 0.54507962539723 0.253235886302058 0 0 0 0 0 0
7.91446643031057 13.0389630694971 8.88465324584618 -0.171979928929983 -0.196316870846768 0.965340660215953 0.799224491532652 0.54507962539723 0.253235886302058 0 0 0 0 0 0
8.00375722633489 13.5158022478453 9.11560054255229 0.198382110545879 -0.636962516313561 0.744931735816685 0.799224491532652 0.54507962539723 0.253235886302058 0 0 0 0 0 0
8.13826923070024 13.8474458005579 9.51635505187712 0.493375469453348 -0.835615452387469 0.241510790386211 0.799224491532652 0.54507962539723 0.253235886302058 0 0 0 0 0 0
8.38524618885157 13.988610784606 9.97216195346963 0.600927238717532 -0.716804107354043 -0.35366414215707 0.799224491532652 0.54507962539723 0.253235886302058 0 0 0 0 0 0
8.76920452997676 13.9663802498285 10.3473511027294 0.480176703025275 -0.325666897611237 -0.814476154145748 0.799224491532652 0.54507962539723 0.253235886302058 0 0 0 0 0 0
9.26261916566535 13.8699139354934 10.5368803870241 0.176999009727364 0.189196611394244 -0.96585505785934 0.799224491532652 0.54507962539723 0.253235886302058 0 0 0 0 0 0
9.79638073119057 13.8165749946787 10.5062429804891 -0.193423566631605 0.632181164532395 -0.750289476856749 0.799224491532652 0.54507962539723 0.253235886302058 0 0 0 0 0 0
10.286051388616 13.9073417702108 10.3045770640967 -0.490361296157648 0.834989523759266 -0.249676379425179 0.799224491532652 0.54507962539723 0.253235886302058 0 0 0 0 0 0
10.6639441731531 14.1884444339567 10.0459974091582 -0.601002570869731 0.720571402629625 0.345792948916472 0.799224491532652 0.54507962539723 0.253235886302058 0 0 0 0 0 0
10.9048384027499 14.6338013716049 9.86624126780569 -0.483312920681267 0.332396158329593 0.809889754614955 0.799224491532652 0.54507962539723 0.253235886302058 0 0 0 0 0 0
11.0355614368699 15.1549280240032 9.87109952150084 -0.182004611364874 -0.182061943887257 0.966295901900611 0.799224491532652 0.54507962539723 0.253235886302058 0 0 0 0 0 0
