t = 20
b = 13 13 13
E = -1.01321748588767 -1.01321748588767 0
4.77147543418605 0.213905819395509 11.3214081590907 -0.363710924466014 0.647438725694785 -0.669729393034821 0.768957223119079 0.614474750992662 0.176424401389096 0 0 0 0 0 0
5.11725618124555 0.529599435551007 11.1654982799902 -0.673481621351262 0.738847777707911 -0.0229448704105395 0.739181352161363 0.673379307970506 -0.0130857255840471 0 0 0 0 0 0
5.41496055830136 0.815986305783598 10.9010656125444 -0.381739876591284 0.588137359999 0.713000078817301 0.770505746848405 0.628564527425253 -0.105960034618006 0 0 0 0 0 0
5.57138521727328 1.28692767733487 10.8300668964581 -0.0593012715342676 0.111291940543198 0.992016866371005 0.715241214313448 0.697973034004112 -0.0355478431204936 0 0 0 0 0 0
5.69384174302393 1.79720101040592 10.9454385869891 0.484957216615907 -0.495947595791592 0.720314153880577 0.799779910431248 0.584714051809655 -0.135873369307311 0 0 0 0 0 0
5.88479439302235 2.19769134131797 11.2484727144779 0.729237288612352 -0.684246306591038 -0.0044686478746982 0.682448377903167 0.727765142239454 -0.0679860959205805 0 0 0 0 0 0
6.35961698067609 2.52125984987638 11.2892667278831 0.342162225206073 -0.871988918398297 -0.35008618629217 0.868632412231712 0.435613607639284 -0.236047701238552 0 0 0 0 0 0
6.8357809480883 2.40720032061637 11.3165984756226 0.124847122818407 -0.415914310492359 -0.900793251668567 0.854596424244796 0.506322809527342 -0.115335008650223 0 0 0 0 0 0
7.35916399337248 2.45118194152832 11.2567981049097 -0.32136935820367 0.0910084333353809 -0.942570528220356 0.735639261095769 0.650766859069405 -0.187982373299766 0 0 0 0 0 0
7.79956709616477 2.54618418327021 11.0489705526163 -0.651568191300262 0.363508553815855 -0.665823117192855 0.674861588458928 0.678604846282182 -0.28992636828172 0 0 0 0 0 0
8.08815399030178 2.76399989945452 10.6586568975155 -0.711324940376316 0.694381884974243 -0.108860585237481 0.702473560712572 0.697194573734139 -0.143005674207261 0 0 0 0 0 0
8.32939224034325 3.13366577225273 10.2535858562353 -0.624280323347041 0.545745571366628 0.558959613223913 0.58134385770596 0.802505626440018 -0.134253635480257 0 0 0 0 0 0
8.30034295308399 3.64859072870839 10.1029421366609 -0.0801557679453483 0.123207496300632 0.989138496733608 0.475940607431963 0.876637045681818 -0.0706259749352056 0 0 0 0 0 0
8.33636031359831 4.12044271367672 10.2094268016713 0.338425690834958 -0.332408571597575 0.88032527699217 0.51192159584258 0.850011677327212 0.124162909588032 0 0 0 0 0 0
8.44118672332556 4.55215386491269 10.5152692565704 0.629793474854944 -0.629514816734899 0.455050848303089 0.535988683545262 0.776208005474048 0.331989854286869 0 0 0 0 0 0
8.55292352236091 4.7653560045892 10.9866187551358 0.802088969285661 -0.519399648063666 -0.294749539340786 0.595796257396971 0.729820983976689 0.335243420545518 0 0 0 0 0 0
8.92448948841241 4.85620179958594 11.3639394099137 0.554630534646998 -0.202844260107946 -0.806993913346591 0.636849776146028 0.727671227735385 0.254788043182626 0 0 0 0 0 0
9.37940124960491 5.05697385777841 11.7413356492436 0.279918039572208 0.0150319932869992 -0.95990620911622 0.745745154029659 0.626267329507676 0.227273837545381 0 0 0 0 0 0
9.89623574502557 5.173491172555 11.8047547908478 -0.175606641602933 0.507398198348517 -0.843628695420929 0.763570290418978 0.61110150261464 0.208603367881743 0 0 0 0 0 0
10.347548982249 5.2929361779009 11.5387954805706 -0.516427216249773 0.820455537926307 -0.245266468565444 0.814557202419063 0.559019760352342 0.154898261845763 0 0 0 0 0 0
9.43922477299822 8.84603447847096 -1.81809618158094 0.491190023719389 -0.796365157626121 0.352895021667448 0.344148792038082 0.54960140001104 0.761248914642664 0 0 0 0 0 0
9.45477621811403 9.04187063088093 -1.37467163753988 0.837736908519826 -0.510519951063896 -0.193820152897888 0.483472859839652 0.528398871360634 0.697888692087265 0 0 0 0 0 0
9.65993380877146 9.04136414969907 -0.875197269804461 0.808049264661697 -0.075133741159861 -0.584304121856944 0.554385852574151 0.432489241090653 0.711062151155905 0 0 0 0 0 0
10.0459078704609 9.11473782370104 -0.577221203619782 0.533536099579362 0.321070116317489 -0.782466108437621 0.719745359910556 0.313516153652914 0.61941443177077 0 0 0 0 0 0
10.5577618312621 9.04028186375329 -0.469771080791731 0.155856398508867 0.867997390180058 -0.471475676662597 0.627154956675652 0.281804818943579 0.72612857286939 0 0 0 0 0 0
11.0892584105428 9.10466865614718 -0.424484997979908 -0.429651301424432 0.902919633932912 0.0116573514465672 0.701221413987281 0.325484478078145 0.634309374907761 0 0 0 0 0 0
11.5472347066573 9.38417732064356 -0.39588918033076 -0.684708970115866 0.595672153389353 0.419938462062433 0.588346408484005 0.111697972623603 0.800857082465872 0 0 0 0 0 0
11.8803195307125 9.73868564302453 -0.167715011185555 -0.793763016148293 -0.141997914218613 0.591419366061619 0.575258468983318 0.140519811198149 0.805811315708464 0 0 0 0 0 0
11.9973822253441 9.91497003187324 0.256213306602322 -0.398668377611203 -0.868215862087186 0.295406062079056 0.587537885344867 0.00553230659808096 0.809177747388166 0 0 0 0 0 0
11.9588920901761 9.91632920080831 0.812187266286668 0.174561526429344 -0.96968526451756 -0.17099345387519 0.396116188701997 -0.0898295993859387 0.913795714655286 0 0 0 0 0 0
12.1091609587571 9.77238592132612 1.35719442541683 0.252188101226009 -0.825169649063903 -0.50546633108821 0.651676768184922 -0.241317760371573 0.719084924287322 0 0 0 0 0 0
12.1646074427938 9.41565824569204 1.75513431404706 0.625472969348752 -0.35527613536673 -0.694667137737877 0.644969142881465 -0.265608129469089 0.716566205099487 0 0 0 0 0 0
12.3955415976828 9.0967568657117 2.0777656956908 0.666528527920679 0.371079266503842 -0.646560050914733 0.704517913871842 -0.0300125612572675 0.70905130646551 0 0 0 0 0 0
12.8662102428438 8.84494851813058 2.13899219868661 0.290762373607874 0.94874516057048 -0.123854198104098 0.689853586245844 -0.118179378769971 0.714237820321278 0 0 0 0 0 0
13.3811182907625 8.87904167598576 2.37756452795397 -0.13709897088462 0.966084873216329 0.218823878781472 0.783761730606774 -0.0292923986040291 0.620370457888106 0 0 0 0 0 0
13.8966234442441 9.03436930189868 2.51055275895272 -0.509886680945944 0.670323755598533 0.539148991721404 0.763929595510121 0.0646806990488676 0.642049826940473 0 0 0 0 0 0
14.2922970710104 9.36615902330268 2.65902182633907 -0.632419943579318 0.0291752738395889 0.774076106309656 0.774618718462944 0.0280695044322215 0.631805305396967 0 0 0 0 0 0
14.5612526092533 9.65920990956925 3.03118192795468 -0.574199457108887 -0.611730515390856 0.54413303519957 0.665356765734376 0.0386086632548363 0.745526488740115 0 0 0 0 0 0
14.6609342770506 9.8771415528888 3.53002610206066 -0.186946295738596 -0.971005111748808 0.148997165970705 0.468297437951172 0.0452421840377989 0.882411839444518 0 0 0 0 0 0
14.4725348482854 9.8737413441322 3.98940005211368 0.703218631635306 -0.709458558323049 -0.0463908411558692 0.332853278533708 0.270863725742711 0.903239468273027 0 0 0 0 0 0
1.15488886449259 0.467211278504626 4.43327701758575 0.886918248234366 0.458153949813225 0.0589150169262903 0.211525497737872 -0.51620500299164 0.829933345933965 0 0 0 0 0 0
1.47903884559543 0.17420823984074 4.74594475049582 0.253581095155032 0.958586485190981 0.12964790237091 0.172011290402027 -0.176578503155762 0.969139901251362 0 0 0 0 0 0
1.83110900975178 0.0976581736553959 5.11171726035538 -0.402749724692432 0.878588552988063 0.2566608926551 0.344614902237989 -0.114223125685214 0.931769095170151 0 0 0 0 0 0
2.10986489798332 0.253702020768255 5.50264803695639 -0.81963064225323 0.542686651122168 0.183566905986248 0.159308448564913 -0.0918797341078 0.982944012991646 0 0 0 0 0 0
2.37709660094932 0.465173524136009 5.94972286522718 -0.973377933128831 -0.212112763298764 0.0868537560708148 0.164431806638736 -0.382233387161385 0.909318326387771 0 0 0 0 0 0
2.26754151602661 0.608808058706274 6.45573858233952 -0.742529427052123 -0.669063863801315 -0.031679585175665 0.143349744723386 -0.204934482377287 0.968221415080504 0 0 0 0 0 0
2.11834801091581 0.592879811812753 6.96685403493153 -0.194052541079079 -0.934319580488482 -0.298982495836428 0.299771974281683 -0.346674864590074 0.888793171495324 0 0 0 0 0 0
1.92971374795512 0.408409818895763 7.36977642865154 0.43260468114474 -0.818259429159712 -0.37855606776656 0.272744285643777 -0.281429960011926 0.920004202303637 0 0 0 0 0 0
1.83335701724179 0.0880417213616593 7.75560409176151 0.838770586632049 -0.289596840600605 -0.461083043404414 0.314209754522572 -0.434147383528287 0.844267895598552 0 0 0 0 0 0
1.9241005224664 -0.292140235424908 8.01680828905954 0.835604108219561 0.516728938608624 -0.186432235225019 0.285931735848418 -0.11934295381255 0.950789304635894 0 0 0 0 0 0
2.29818901965465 -0.467869925132082 8.36811689564081 0.0251284286972562 0.990542103197327 0.13488848677564 0.199317220798244 -0.137186269166139 0.970284789659994 0 0 0 0 0 0
2.54724896622904 -0.354828740893497 8.80917173890124 -0.550092637601753 0.833548715531106 0.050937499867874 0.009793067585609 -0.0545524307456817 0.998462882698702 0 0 0 0 0 0
2.66964003823698 -0.0104151854662011 9.12155981757401 -0.970102774244075 0.0710307316375911 0.232067323350309 0.2184071629395 -0.16143644937914 0.962411857776376 0 0 0 0 0 0
2.74498664328455 0.0929923628919015 9.59558969075875 -0.903151097118475 -0.42738027345524 0.0407945785003268 0.158902239423816 -0.244491812886777 0.956542645017688 0 0 0 0 0 0
2.5658096241129 0.244403217010821 10.0789688909464 -0.268931156013426 -0.962441530754245 -0.0371797418590797 0.332888649205016 -0.129102105726844 0.934086609221733 0 0 0 0 0 0
2.35546979406892 0.159480898436643 10.5660319852406 0.531704383772062 -0.790047306409199 -0.305148655433941 0.291417896911551 -0.167633962611376 0.94179321718669 0 0 0 0 0 0
2.46431620403211 -0.132009221970668 11.0660461111252 0.658755763143123 -0.520654956743887 -0.54310151955573 0.36161035724045 -0.413906687027659 0.835415587579153 0 0 0 0 0 0
2.5192716927657 -0.621670726380405 11.3609099405779 0.886532619705883 0.176370495130764 -0.427730478975668 0.457209752036379 -0.475528030589195 0.751553281389148 0 0 0 0 0 0
2.82242952542726 -1.01926653369562 11.4645074372622 0.743224762536506 0.664520309312352 0.0776512128943983 0.491964497561764 -0.62147734385084 0.609702258663117 0 0 0 0 0 0
3.24549477646693 -1.35047250123037 11.4626359270533 0.371844715457313 0.79202938845032 0.48417037850067 0.625934790347337 -0.599088647808243 0.499297937408243 0 0 0 0 0 0
17.0977905757844 2.6768865239577 4.79918059259619 0.474929878693214 -0.334447746677142 0.813994051002236 -0.556583137172617 0.602315052469354 0.572216557768061 0 0 0 0 0 0
16.7670263419258 2.64668256674167 5.22151676756438 0.849622048808576 0.284464497019479 0.444097201200112 -0.520253883471186 0.590140044433169 0.617309180791576 0 0 0 0 0 0
16.6345305816866 2.67213046653462 5.74159597310246 0.768994042533004 0.636610507928875 -0.0580966758368238 -0.463327420862754 0.617668588582445 0.635462993222453 0 0 0 0 0 0
16.680218699112 2.83928087125765 6.25018071554506 0.309423838518092 0.779767835607206 -0.544260057977051 -0.38362109911962 0.626067493711933 0.678877268456909 0 0 0 0 0 0
16.567961686699 3.19258667348808 6.63066092074089 -0.227233605608166 0.622947623656925 -0.748532662388558 -0.442759021363551 0.618516771118165 0.649154413715836 0 0 0 0 0 0
16.6042454853676 3.57708097523135 6.95853924113494 -0.65016273807231 0.154737246188213 -0.743871493380681 -0.45312830408215 0.706910890336664 0.543094589517387 0 0 0 0 0 0
16.3769569863474 3.99152356611838 7.03202689641955 -0.786895713198016 -0.392909064181856 -0.475833588383927 -0.603970900762998 0.648512422509863 0.463304207710142 0 0 0 0 0 0
16.1079789803139 4.44326460524175 6.92127506591391 -0.724733141136727 -0.675868847244277 0.134026771440576 -0.619149965175584 0.724147820525802 0.303748670204174 0 0 0 0 0 0
15.692641332583 4.76872400487343 6.97363759953817 -0.422243300094955 -0.815348100492073 0.396128855991191 -0.674880230148183 0.574503105348209 0.463122939294094 0 0 0 0 0 0
15.1685551166861 4.87445762054673 6.92035399097133 0.00112108123446685 -0.604484617429337 0.796616024486185 -0.694842129096637 0.572425358693727 0.435343111070809 0 0 0 0 0 0
14.6433411620706 4.94370621012677 7.00330885737715 0.359851041422193 -0.106735463107076 0.926884442043711 -0.729432278218925 0.587244429907528 0.350816948044036 0 0 0 0 0 0
14.1856499209824 5.06912841250698 7.32330970534796 0.77008414582692 0.151485802246971 0.619695457514104 -0.497704528722433 0.750338090983687 0.435066605599807 0 0 0 0 0 0
13.8900221279916 5.17975163635201 7.7840841431886 0.856721899417502 0.515773951605732 0.00219497231755905 -0.452077504623605 0.748857148982352 0.484601795530431 0 0 0 0 0 0
13.7864784287405 5.45632692068525 8.22919876176706 0.635008760410236 0.517755361200719 -0.573317765423476 -0.290228923515372 0.847683217042515 0.444072443976836 0 0 0 0 0 0
13.9546421129082 5.83327078489012 8.56651139374683 -0.107775089226988 0.497512223303809 -0.860735800234552 -0.332223387157462 0.797984603446538 0.502840127364449 0 0 0 0 0 0
14.0393112128985 6.35805765625541 8.64470976500747 -0.771838028739275 -0.0205040413603651 -0.635488506331752 -0.330333022710504 0.866933731356875 0.373237189388446 0 0 0 0 0 0
13.9161061172269 6.92157189855719 8.67802656209457 -0.781576378621698 -0.481927542212387 -0.396086112401989 -0.585600795729022 0.785630640915043 0.199640186578143 0 0 0 0 0 0
13.6711446742767 7.31058354550055 8.39990980221033 -0.72045317316059 -0.55515058918482 0.415638122181524 -0.517560203065351 0.829329630012862 0.210579678472739 0 0 0 0 0 0
13.2155082872464 7.53289228855282 8.29068433699208 -0.016667842825424 -0.256241251220719 0.966469142905446 -0.388871879357629 0.892163132130223 0.229833868506049 0 0 0 0 0 0
12.7394918068998 7.77169370555597 8.442102508078 0.614479197530515 0.0409011229640289 0.787872079682061 -0.279826129340151 0.94502613100434 0.169183181958126 0 0 0 0 0 0
3.36584180192953 1.4370382239816 -2.57962868684653 -0.403733730755046 -0.22563125905954 -0.88661694636738 -0.841802783154734 0.471140672941989 0.263428435391312 0 0 0 0 0 0
3.07706121543774 1.91845316340432 -2.78769848356502 -0.604597180703321 -0.617750948343111 -0.5028379608848 -0.794990508814149 0.50723660983191 0.332717767096456 0 0 0 0 0 0
2.67085550365038 2.24778844258326 -2.91106904617139 -0.509912278440067 -0.841434702591255 0.178821446060661 -0.58504627907378 0.491616691715789 0.645006883504623 0 0 0 0 0 0
2.15892229695278 2.34729494476008 -2.81893843336291 0.218972458345476 -0.673972058556699 0.70555845028671 -0.538377627485032 0.519613628802303 0.663438924835203 0 0 0 0 0 0
1.83974892360189 2.43519071223216 -2.51447959807441 0.761014568332404 -0.144774230023477 0.632374295102952 -0.541949527161745 0.393913094822438 0.742376712819422 0 0 0 0 0 0
1.41200965800202 2.45277566477724 -2.15346026821078 0.94452270361027 0.189686508435394 0.268134091234844 -0.325381720085246 0.429140497972068 0.842594308807419 0 0 0 0 0 0
1.33739101780942 2.40905914911159 -1.58943343437409 0.714610845645847 0.666826679784511 -0.211361109035918 -0.31309799506883 0.575096817216182 0.755799772632737 0 0 0 0 0 0
1.35852674175632 2.56643480893662 -1.03067882828183 0.248276396942182 0.897439498986405 -0.364638418684097 -0.318995298168066 0.431174153184357 0.843996948674827 0 0 0 0 0 0
1.56102972400729 2.81953674380459 -0.602173221709507 -0.308890885659363 0.748734332182774 -0.586500912673962 -0.352432278702004 0.482650946979718 0.80177275602785 0 0 0 0 0 0
1.69961288886504 3.24635664043332 -0.306699729872749 -0.802808330310924 0.348165603911857 -0.484024273188937 -0.247388259283628 0.5441139844073 0.801710060521277 0 0 0 0 0 0
1.4536276152127 3.65741196574001 0.0487816314967271 -0.819651866824206 0.11914170248041 -0.560335677912503 -0.270380883483879 0.781872496360526 0.561755798618435 0 0 0 0 0 0
1.3425318549982 4.18844187633182 0.161653292050566 -0.921475170414315 -0.307531081070876 -0.237293372189969 -0.388282494842327 0.746497147427182 0.540350546480799 0 0 0 0 0 0
1.14229663754907 4.67279704139668 0.132891003150188 -0.480783007142339 -0.6859838092091 0.546144590329468 -0.256109774011477 0.70555722856485 0.660754705526701 0 0 0 0 0 0
0.682185691800002 4.89744164815038 0.295733934764475 0.169243370839771 -0.655551687397681 0.735940667837324 -0.35865752719971 0.654548706439037 0.665530441889755 0 0 0 0 0 0
0.258363628322996 4.96438356029894 0.619120299700204 0.680204973105138 -0.440614041470879 0.585816064154729 -0.362198634102512 0.492775185181373 0.791191990811167 0 0 0 0 0 0
-0.00948920451909943 4.94484527078962 1.08447845993797 0.93871711541163 0.081251678915782 0.334975136251387 -0.311369006592201 0.616738410530279 0.722968239074422 0 0 0 0 0 0
-0.0609477767481081 4.94290454705139 1.61929931878127 0.725284963540419 0.624050066769382 -0.290728801165803 -0.311889380157193 0.674315617836259 0.669345547596505 0 0 0 0 0 0
0.0881154161201528 5.18704446608358 2.11198914201361 0.162878800267775 0.681883771784184 -0.713095378053108 -0.248730499115341 0.727781541322698 0.639114361378143 0 0 0 0 0 0
0.136486231934708 5.62540956381079 2.45397147932807 -0.321261108106317 0.400837294719108 -0.857974803581416 -0.270077553236908 0.829593118342479 0.488705814612808 0 0 0 0 0 0
0.224237518998316 6.15326288178179 2.50250691426016 -0.759914245912118 0.00843056294094159 -0.649968664220296 -0.332699308296064 0.853971989384102 0.400053760895557 0 0 0 0 0 0
4.12777611058319 13.2957334580749 12.6246484669412 0.199358801264416 0.919778491196985 0.338028986168068 0.969746390283571 -0.23477172981255 0.0668892623132169 0 0 0 0 0 0
4.53415200437047 13.5337111972739 12.3659781541632 0.14888108383131 0.45107993831667 0.879978017978542 0.987598248621857 -0.112680998877255 -0.109328366909341 0 0 0 0 0 0
5.00013768922046 13.7564251551657 12.2647489976757 0.0418406040798822 -0.192103225833113 0.980482388661185 0.978722580760403 -0.189421042179824 -0.0788782523209359 0 0 0 0 0 0
5.45913413087799 13.9943160199985 12.4110886884407 -0.108310750473697 -0.715212283680929 0.690463735907785 0.984136846258129 -0.175310963865051 -0.0272164249270614 0 0 0 0 0 0
5.89437584853765 14.0708585716643 12.7166880783477 -0.0933060976345686 -0.973014404477763 -0.21103777108137 0.988546077927336 -0.115789592586446 0.0967957750273492 0 0 0 0 0 0
6.30020408733016 13.9308649401762 13.0298672008495 -0.00987051716433554 -0.509562145388496 -0.860377238702874 0.916171519400952 -0.34936496732029 0.196402308153043 0 0 0 0 0 0
6.62006416606264 13.4935758080453 13.1538049773912 0.28921315361384 0.375994153851008 -0.880331839732383 0.94635687673808 -0.250736438287158 0.203813395942504 0 0 0 0 0 0
7.25770403238886 13.3179340342183 13.1733490444495 -0.0328102916260636 0.486726645157888 -0.872937946051585 0.994958385447783 -0.0669109673384193 -0.0747043082892665 0 0 0 0 0 0
7.74352342903612 13.2027699182866 12.9363509474476 -0.260391098158286 0.768512573982592 -0.58445264960523 0.964822987292322 0.229836640629233 -0.127639029362446 0 0 0 0 0 0
8.03814690859761 13.1757722524741 12.5244147671018 -0.0592147623243543 0.916915588065285 0.394663674900242 0.862891263261715 0.245797597006579 -0.441590544613891 0 0 0 0 0 0
8.22659079133881 13.4659773251312 12.1133733811321 0.202315988005726 0.607004624237762 0.768513908235395 0.843828508670793 0.29021229393856 -0.45136489939 0 0 0 0 0 0
8.61870029539392 13.8745824009445 12.0646319170354 0.281602705412585 -0.0144597835231741 0.959422133872664 0.871222319818703 0.422847744225462 -0.249342043492779 0 0 0 0 0 0
9.06826027636671 14.2182611594415 12.0531404787568 0.185209054178714 -0.582254281062355 0.79162968516522 0.949082808353209 0.314881819401978 0.0095531512332709 0 0 0 0 0 0
9.37400185738999 14.5465338082624 12.3488502279837 0.298563477673826 -0.924354270304327 0.237547958882972 0.9542309079459 0.284577964701338 -0.091971497362972 0 0 0 0 0 0
9.90015005447377 14.6926223865428 12.3740130972388 -0.0753149114606011 -0.941108412439308 -0.329609799835574 0.984316030772663 -0.0172834229347054 -0.175565471706737 0 0 0 0 0 0
10.380080422481 14.531054780866 12.5535899687415 -0.2007528677252 -0.610800997270902 -0.76591150130611 0.954843848887847 0.0527978378890879 -0.292379227297836 0 0 0 0 0 0
10.8372087726029 14.2489897385365 12.541016761958 -0.298239612963067 0.0223835819473989 -0.954228541031363 0.94381850679331 0.155997972283796 -0.291326721873893 0 0 0 0 0 0
11.1853883344384 13.9856650653165 12.2493711288258 -0.303888863135924 0.641286099008985 -0.704559222549669 0.949230357018295 0.266932813701261 -0.166459010823828 0 0 0 0 0 0
11.5862370372758 13.8549910154282 11.9133268859631 -0.119204873283931 0.980377833999664 0.157001594856517 0.981079272803142 0.140604291181167 -0.133093552727013 0 0 0 0 0 0
11.9043130196802 14.0704859243072 11.537727743548 0.0216836352154361 0.460380375167582 0.887456889163863 0.97415118873535 0.189912767207351 -0.122321716539417 0 0 0 0 0 0
0.779411509733136 8.20046712249722 0.869799105217232 0.0211911572060963 -0.916676679594055 -0.399067412782208 0.808310754964946 -0.219197767722954 0.546430290186473 0 0 0 0 0 0
0.946069015550474 7.8016608346495 1.18896038520938 0.446501251028715 -0.360439937093916 -0.818974776520942 0.821423415506845 -0.197835985307163 0.534906062196545 0 0 0 0 0 0
1.18331590782346 7.3629029919596 1.3176906626152 0.731556706090027 0.547831050332367 -0.405839778812336 0.647043840578499 -0.370294653578728 0.666495414763249 0 0 0 0 0 0
1.65955651818312 7.23982462040936 1.59025890708339 0.329379969224835 0.792006440064011 -0.514037581087783 0.851020401762037 -0.0132025366743813 0.524966635901885 0 0 0 0 0 0
2.1873705643728 7.13946565682049 1.58520784871836 -0.140881218991905 0.989166026477453 0.0412680772287849 0.793353334340334 0.0878610882699991 0.602387679205913 0 0 0 0 0 0
2.6336148928441 7.37637130678229 1.69972092635101 -0.556941243523612 0.599539448007542 0.574777262550619 0.727800505061577 0.0188737435779187 0.685529143534736 0 0 0 0 0 0
3.02781534406999 7.68296031493955 1.90540722389023 -0.742528252565738 -0.0568422578485296 0.66739849555146 0.634301441342677 0.260460305274267 0.72788880393027 0 0 0 0 0 0
3.25336556257665 7.92769837048071 2.32464783827238 -0.756384945465994 -0.52806880940998 0.38603775307699 0.507120921546916 -0.100626731308922 0.855980509051163 0 0 0 0 0 0
3.26861151613402 7.97614495720436 2.8584785753181 -0.231238221227964 -0.960287687691854 -0.156129567701833 0.746272127128275 -0.278034133676179 0.604793297567339 0 0 0 0 0 0
3.34751493458358 7.70149233986706 3.32474648120038 0.0895742821319698 -0.83474481467333 -0.543302440963162 0.716907729003502 -0.324634058805093 0.61697328626025 0 0 0 0 0 0
3.53804455000453 7.27319183765438 3.63640157587771 0.540048302785749 -0.250310792297564 -0.803549835366543 0.603601801741758 -0.550164728559552 0.577047343277047 0 0 0 0 0 0
3.72384385532548 6.84838927037866 3.86579216628264 0.669227022322743 0.470318940579781 -0.57526975126887 0.739422876725211 -0.345029640453879 0.578107564890549 0 0 0 0 0 0
4.15684538057544 6.49609216760064 3.96370625789321 0.445901319856651 0.879962481266919 -0.163823211153562 0.795750034818776 -0.305920869161179 0.522679924903938 0 0 0 0 0 0
4.65066044499048 6.36564700017485 4.03656484340756 0.044866252499681 0.969356378646248 0.241526873379478 0.949702512828837 -0.11639286764413 0.290719516868353 0 0 0 0 0 0
5.16860639297513 6.36226202599435 3.89371653563165 -0.0773165652039987 0.609936678217718 0.788669384032239 0.951285645131536 -0.191670319083373 0.241491428728134 0 0 0 0 0 0
5.69130663037131 6.45800684593045 3.97310478035175 -0.373316283950278 0.207273749328409 0.904252478557233 0.866522680791179 -0.270204202578731 0.419676223514342 0 0 0 0 0 0
6.12395865380046 6.60581663500365 4.25532737865876 -0.595237811287218 -0.184446436850781 0.782094278170511 0.802295844758711 -0.0820685611893919 0.591258089794304 0 0 0 0 0 0
6.52130696416542 6.65676506784621 4.59781245047962 -0.67672748690482 -0.526444745406491 0.5146803265148 0.731485337886244 -0.401506543082744 0.551109513907346 0 0 0 0 0 0
6.64833756146687 6.54647274427999 5.05625947225973 -0.557253291721511 -0.830208874906665 0.0148994258865801 0.694980819224527 -0.456515863341904 0.555513210848493 0 0 0 0 0 0
6.76722605231092 6.38509478413715 5.55156446776981 -0.105966948673014 -0.871130504298686 -0.479481647479074 0.772087997955949 -0.375945960070544 0.51239121627816 0 0 0 0 0 0
3.96096626431345 8.4069372725681 4.97250248437254 -0.851584123567286 -0.285979715661068 0.439340508852249 -0.403095443158479 0.893029700868688 -0.200030040422061 0 0 0 0 0 0
3.62139447256147 8.74753714868231 4.73298667120837 -0.38195639018361 -0.106053905023316 0.918075097814558 -0.204070032417286 0.978551806823478 0.0281386430325665 0 0 0 0 0 0
3.30776731959496 9.15134893728724 4.71000416281494 0.233113923058355 -0.135994598529378 0.962893227750188 -0.0985040116346873 0.981777814148216 0.162509333080367 0 0 0 0 0 0
3.13351844992798 9.64022335837269 4.89537498748799 0.733802981128422 -0.154446149049975 0.661573557460297 0.0632657935181737 0.985119069383417 0.159805689847599 0 0 0 0 0 0
3.10470536763634 10.0461168067232 5.17063501975466 0.961927389523738 -0.165487094935118 0.217507973862987 0.0868378808896016 0.939665946618264 0.330888336465047 0 0 0 0 0 0
3.07658692151038 10.4487391847564 5.51938356485064 0.86804360071258 -0.112050352288122 -0.483678638988789 0.232579463067381 0.952468084238377 0.19675198059121 0 0 0 0 0 0
3.37360313036262 10.8253134125149 5.76157837236199 0.443620246829941 -0.0292970441717472 -0.895735876140585 0.292748595184102 0.949377259164656 0.113934541727871 0 0 0 0 0 0
3.71730830547504 11.1752138578656 5.75976648511603 -0.394362213507979 0.188370265710871 -0.89944154204323 0.312146321430546 0.948029358961135 0.0616847514797427 0 0 0 0 0 0
4.07430418908998 11.4119292143831 5.40330385402991 -0.733143567587737 0.52505529008491 -0.432223844389197 0.648734186949438 0.730654634088195 -0.21280921119279 0 0 0 0 0 0
4.43534044026439 11.6434674561789 5.03818715884892 -0.786600963465357 0.61642720709152 0.0357270574315904 0.531968869734559 0.705929384168835 -0.467624663806717 0 0 0 0 0 0
4.49579696515707 11.9618819413165 4.66809259163012 -0.327726202957731 0.518213700278349 0.789968415026025 0.456915915856004 0.818794675142819 -0.347567440643157 0 0 0 0 0 0
4.36358812857394 12.368156071875 4.51379765254801 0.426424423093805 0.255416048490197 0.867712425612754 0.333111389569936 0.847537081533112 -0.413179982047922 0 0 0 0 0 0
4.50250389097814 12.8567909024916 4.46633486107754 0.559145756047506 -0.104510319450173 0.822455844785899 0.548963969200964 0.790069026202393 -0.272817694357834 0 0 0 0 0 0
4.58112974645903 13.3915338169123 4.57219048849423 0.782701084148429 -0.543992210116852 0.302409471090204 0.613493094457836 0.756209346831971 -0.227538231549146 0 0 0 0 0 0
4.88967333964751 13.7481399881981 4.813051061316 0.725210987041257 -0.616759964872546 -0.306065630225055 0.576185870250414 0.786981268922186 -0.220613520187224 0 0 0 0 0 0
5.3017066475541 14.063509993233 4.87686092482882 0.321914974109079 -0.63910665610442 -0.69850800393938 0.622589765984513 0.698722613691209 -0.352375782947518 0 0 0 0 0 0
5.81056318334636 14.3040677329669 4.76832845623372 -0.236342899758996 -0.280737598332646 -0.930230312673119 0.583337320505995 0.724639382687508 -0.366899626005742 0 0 0 0 0 0
6.2958846471941 14.443215654055 4.52696901382378 -0.726209340052757 0.131111863805606 -0.674855298259975 0.510870056707921 0.759805067290908 -0.40212938823009 0 0 0 0 0 0
6.60439168979648 14.5405969823812 4.09798721505313 -0.832873965962744 0.551765358879851 -0.043312187218829 0.522354907663377 0.757784513485105 -0.391034501754165 0 0 0 0 0 0
6.74539071639687 14.8511833098306 3.68035629596861 -0.502875821942283 0.523445143813585 0.687837981739777 0.529237473256713 0.815633191904516 -0.233773807695603 0 0 0 0 0 0
12.6135510881184 9.9602514574348 4.53988738167989 0.822553967527869 0.14479558252814 -0.549944733391001 0.568443927542877 -0.181069383745884 0.80254930036074 0 0 0 0 0 0
12.9801708125124 9.66528519292065 4.79925195636619 0.48247459921603 0.839362477519494 -0.250377499875026 0.440866424584155 0.0142925971030673 0.897458922370508 0 0 0 0 0 0
13.4613691924984 9.55853884101585 4.99747214306864 0.0463202920196494 0.994510594265948 -0.0938248817745271 0.537272468436066 0.0543799640622504 0.841653797097836 0 0 0 0 0 0
13.9472967427431 9.62403978323384 5.1694962086418 -0.509004505551279 0.824485602131797 0.247260804022525 0.43975529404119 0.0021453033007441 0.898115070041971 0 0 0 0 0 0
14.2447417738811 9.83921663054333 5.52303456373103 -0.846676079985983 0.415685279828547 0.332182726392317 0.419836897293816 0.138323258470584 0.89699702108579 0 0 0 0 0 0
14.426059339229 10.2167764926917 5.81834204613041 -0.754399789451373 -0.341555956619363 0.560553731745277 0.54918328541249 0.139345001282249 0.824002845651151 0 0 0 0 0 0
14.4197273013073 10.4412509495298 6.22208481863636 -0.313519189793719 -0.86449402173791 0.392881412146851 0.429533840563301 0.239883872929128 0.870606918947617 0 0 0 0 0 0
14.4378352320959 10.4113979616047 6.7800362285261 -0.139445004626033 -0.989472306472419 -0.0387252554413452 0.484685790686054 -0.102304085326456 0.868684959253095 0 0 0 0 0 0
14.3007793503032 10.3166046733473 7.29083464266394 0.549482274405944 -0.777693092321102 -0.305389397768999 0.598295666082452 0.111118691334222 0.793533195514293 0 0 0 0 0 0
14.4317108577598 10.0670525254956 7.7463314572869 0.817865954796154 -0.295436432392612 -0.493773829197641 0.505497324014145 -0.0410588117771864 0.861850700173751 0 0 0 0 0 0
14.689139075054 9.70614297410896 7.8772103713946 0.881017159038372 0.361174980738855 -0.305550975727854 0.368033434129308 -0.117432293644336 0.922367089489005 0 0 0 0 0 0
14.9778251658683 9.5228367256924 8.23263983592518 0.494618444751017 0.813588092181054 -0.305658322924926 0.441045053305976 0.0680743337338584 0.894899517287287 0 0 0 0 0 0
15.4718569027188 9.47189417392827 8.43763398589679 -0.156688517584884 0.981135128024411 0.113236782953131 0.400429433596702 -0.0416984400058351 0.915378341895036 0 0 0 0 0 0
15.8717447344182 9.60402368347332 8.78895401523355 -0.770766863871037 0.476199280366002 0.423264322778696 0.422308336343956 -0.115574014542256 0.899054123074349 0 0 0 0 0 0
16.1593035362298 9.80687404275658 9.24377574450365 -0.906208319685671 -0.169779516070108 0.387248495485098 0.385514249461165 0.044434840464231 0.921631329987926 0 0 0 0 0 0
16.1026123246507 10.1400595748423 9.70840620215267 -0.433045863803318 -0.85714852648278 0.27886857727474 0.129310645855872 0.247105468257681 0.960321635924907 0 0 0 0 0 0
15.8557007643808 10.3013299229026 10.1116171894452 0.121822551082345 -0.971467249577394 0.203496066414861 -0.0790130880539378 0.194880642772072 0.977639231510747 0 0 0 0 0 0
15.6909330116568 10.3946035291816 10.6262656366376 0.66910186857872 -0.74054647406328 0.0623987917904618 0.118204288246561 0.188941624013772 0.974848095323144 0 0 0 0 0 0
15.671065896591 10.2748405798847 11.1456940684067 0.969221540228431 -0.206211866680533 -0.134485211073028 0.191292713207391 0.286936472713612 0.938655718834348 0 0 0 0 0 0
15.8411381555997 10.0820512228132 11.6174914747519 0.738867434628877 0.526655043870152 -0.420368146760754 0.230995042609331 0.388075546711194 0.892209986681791 0 0 0 0 0 0
8.27345649758559 5.08400032303526 5.73056254071744 -0.142017638778592 -0.755647124830608 -0.639396913513811 -0.575336666450995 -0.462617795498019 0.674516490180639 0 0 0 0 0 0
7.76634735030207 4.90110581926752 5.87169901654722 0.603095656476817 -0.768517377654754 -0.213674213187875 -0.613499510235316 -0.618098887906104 0.49149986338784 0 0 0 0 0 0
7.36736652410506 4.44207930426131 5.8068299507969 0.682101994297521 -0.420543351066141 0.598230857821129 -0.728498395818379 -0.319801339629832 0.605819437176633 0 0 0 0 0 0
7.06470089599084 4.11643885829362 6.10288819914246 0.759552478706027 -0.0117312801956116 0.6503402256946 -0.638309816513752 -0.205684016250684 0.741791523004387 0 0 0 0 0 0
6.85083330900952 3.83161328334736 6.47517102932003 0.603424769319394 0.615101694624147 0.507472613095858 -0.652577137546917 0.0151764009781659 0.757570297995124 0 0 0 0 0 0
6.844035639183 3.77581027000666 7.04706009179252 0.178185293926714 0.979919610968786 -0.0894849544171149 -0.532088656723238 0.172450957575994 0.828940485570335 0 0 0 0 0 0
6.58882631046321 3.86256856927499 7.52535885125116 0.0609164900195635 0.91437425325086 -0.400261047612215 -0.519180078705298 0.371516220135588 0.769693279203947 0 0 0 0 0 0
6.54158968247935 4.14429637189158 8.03833013793468 -0.426645944157958 0.658660786600536 -0.619789646999954 -0.568184826877448 0.337973848264065 0.750293063006598 0 0 0 0 0 0
6.50291471315264 4.58377435204358 8.3450033415692 -0.852457394215316 0.0419883557089965 -0.521107828604107 -0.400064539674022 0.589274309597708 0.701928879690497 0 0 0 0 0 0
6.28216885758739 4.99033242135603 8.52453859480348 -0.761499979717069 -0.646154209202916 -0.0510148882215518 -0.477268135708181 0.505727467048687 0.718647935856046 0 0 0 0 0 0
5.91635850620008 5.34107078361413 8.6283187335585 -0.416103831770149 -0.89442056831552 0.163919029280744 -0.646404549315335 0.417734901923922 0.63848156617012 0 0 0 0 0 0
5.47952133847406 5.56122646293421 8.94046049869031 0.132600984621089 -0.934133188759439 0.331379185429082 -0.473992783952904 0.233861243740353 0.848905035582186 0 0 0 0 0 0
5.05999633708116 5.47646190810937 9.19703065436989 0.72257777955621 -0.515240706449513 0.460877822105842 -0.469942432673633 0.122830984260805 0.874109066008533 0 0 0 0 0 0
4.84911063120094 5.37183775517845 9.73045166798831 0.953434202413878 -0.200869040688814 0.224977443669735 -0.0934236086315904 0.512559039275469 0.853554486021402 0 0 0 0 0 0
4.83746253955892 5.23988620247832 10.2511610032412 0.914119499747218 0.393225370444393 -0.09878941350553 -0.113834892927769 0.482774081943515 0.868314921532343 0 0 0 0 0 0
5.03418801664708 5.19757038534385 10.7493512885771 0.282084794336045 0.871919761250011 -0.400230057274707 -0.0868758569703974 0.438672536325834 0.894437807423814 0 0 0 0 0 0
5.22032395580104 5.43646036501386 11.2155245338153 -0.228552768249716 0.624079554988604 -0.747186951954206 -0.180012176813138 0.727175656782666 0.662428245458852 0 0 0 0 0 0
5.24451921650874 5.9708331568496 11.4170223380868 -0.525764726816062 0.297364184483846 -0.796960471932134 -0.240674241263646 0.84661987857576 0.474669032898223 0 0 0 0 0 0
5.25664688966517 6.50711481766264 11.447681789122 -0.892295637040721 -0.273100006000919 -0.359478626402727 -0.437268808029713 0.720847377318289 0.537749986645857 0 0 0 0 0 0
5.04966440912446 7.00264214280101 11.4304764147062 -0.749446480275085 -0.559512013932 0.353943893108843 -0.413609468283063 0.813119401048986 0.409590096784994 0 0 0 0 0 0
8.07500797019858 3.79994001144287 12.3583583858593 0.402260575808817 0.88960809442129 -0.216295787037286 0.907832960221558 -0.357027866400536 0.219932760062805 0 0 0 0 0 0
8.51504335504802 3.55384966167865 12.2733719649314 0.114374851658471 0.797323039728226 0.592616540122402 0.868173890520988 -0.37018923893585 0.330505708261974 0 0 0 0 0 0
9.04300079702694 3.65153589058882 12.2934578370495 -0.248266202939262 0.224026181355749 0.942430985560897 0.859371321896453 -0.398041517500376 0.321004488205292 0 0 0 0 0 0
9.526026544881 3.8025954200843 12.508471068379 -0.470109748747696 -0.446339005034765 0.761431754471111 0.864254444520435 -0.407811726800999 0.29454006622234 0 0 0 0 0 0
9.85196824779443 3.83180224354669 12.9553015738302 -0.458935250189164 -0.878391815282697 0.133440080104057 0.853649056020689 -0.394312124856724 0.340295808592997 0 0 0 0 0 0
10.1408578708499 3.6335122917727 13.3964840483005 -0.335935163237775 -0.806227816029047 -0.486974614083159 0.715037129307155 -0.554830124194799 0.42530628610234 0 0 0 0 0 0
10.1931229712459 3.27542090701086 13.7129598381682 0.371123745183947 -0.236899576963387 -0.897856200176403 0.686928756248493 -0.580564284401924 0.437120115661338 0 0 0 0 0 0
10.2563129986847 2.74957682236866 13.7243434235697 0.685574093025056 0.327668254461926 -0.650093591716413 0.660536061040849 -0.655409085909883 0.366239050582283 0 0 0 0 0 0
10.6547884065567 2.39035996809841 13.6949205914866 0.52163347710915 0.819816700120697 -0.236218318007367 0.794694500923616 -0.366149738564312 0.484143593524741 0 0 0 0 0 0
11.1820040809855 2.34955420283997 13.6892535694438 0.0278806669036761 0.879873373433355 0.474389623765122 0.797663438876927 -0.305605252039055 0.519940831446407 0 0 0 0 0 0
11.7254726047787 2.33833732046894 13.7945076002418 -0.33543835839651 0.767928388928415 0.545680398396409 0.88873589112201 0.0658379616669248 0.453667145201315 0 0 0 0 0 0
12.1711532498649 2.57571207428247 13.7527264513691 -0.385456754351974 0.185630301242771 0.903860875237424 0.911216979158641 -0.0776516784532918 0.404541510510834 0 0 0 0 0 0
12.658811673789 2.75474918657786 14.0006381920718 -0.506963592260044 -0.500944857877618 0.701457172954105 0.853618158065852 -0.178782508533523 0.489257452536723 0 0 0 0 0 0
12.9285449093967 2.88282845598954 14.4507930211338 -0.0550484927993634 -0.99768095738406 -0.0400296229528134 0.747501660071285 -0.0677573520116004 0.660795134242868 0 0 0 0 0 0
13.1495439274567 2.68464098142443 14.8535900478051 0.248429842734796 -0.757277419873155 -0.603997949159616 0.772088422184698 -0.221738184750323 0.595576733722847 0 0 0 0 0 0
13.4797778720769 2.45278961172489 15.170998427251 0.351358284593872 -0.370019781398036 -0.860019021429992 0.900229282980593 -0.118795274611831 0.418897267589736 0 0 0 0 0 0
13.9794710016396 2.2356301574581 15.2474699639737 0.155527351132455 0.118783627439408 -0.980663904149662 0.985859851692591 0.0440285390274277 0.161684385677074 0 0 0 0 0 0
14.5010262259056 2.07669607023868 15.1619002244119 -0.0296161600190749 0.630229513100734 -0.775843826992609 0.998076539807621 0.0609364911528505 0.0114002075255096 0 0 0 0 0 0
14.9603548922601 1.91614144416011 14.9050466538241 -0.128838315923207 0.968677070480635 -0.212286178247966 0.989915519424698 0.112917108051101 -0.0855394126207698 0 0 0 0 0 0
15.3756783511195 1.95020178734399 14.5924028567239 -0.03914158569909 0.785257317414229 0.617931130237319 0.997907930606865 0.0625639005002668 -0.0162947962895043 0 0 0 0 0 0
9.68868383722928 3.86036803265705 6.39625737189508 0.403330329061486 0.0667938352103422 0.912613406233465 0.388220462053337 0.890634474823662 -0.236759593467029 0 0 0 0 0 0
9.62607230808519 4.36714496171022 6.56341610698252 0.857267040936828 -0.357630906963032 0.37039621340966 0.389664953816191 0.920868679191711 -0.0127318282716781 0 0 0 0 0 0
9.8079480421134 4.79290557936252 6.89524290426239 0.80236004916715 -0.541861368064712 -0.250209131127398 0.534217370318146 0.838954718446881 -0.103763103490976 0 0 0 0 0 0
10.2246527931299 4.97196601614998 7.1494956579663 0.454646314453482 -0.522000737478672 -0.721673027641735 0.675748512950752 0.729997963038065 -0.102307972343912 0 0 0 0 0 0
10.6405761906628 5.22597038991456 7.0862953618146 0.104749427857716 -0.497277484008045 -0.861244832357274 0.627877433032429 0.704656486815202 -0.330498358056231 0 0 0 0 0 0
11.0610336376847 5.32864930339174 7.12752203606023 -0.376126164191267 0.154102864803857 -0.913663732272442 0.676850281630586 0.719106936722856 -0.157349641924174 0 0 0 0 0 0
11.5143469688974 5.43310893821939 6.80286969777404 -0.693223533453625 0.472843007231096 -0.543930715421298 0.653693872262036 0.730335767312035 -0.198227113059253 0 0 0 0 0 0
11.8180605812526 5.61173600221839 6.39723992101249 -0.702912263854255 0.71120623497115 0.0100020328657587 0.694047946856595 0.688894703174082 -0.209096952160566 0 0 0 0 0 0
12.0489803420849 5.99270627521303 6.10324237769062 -0.427803033091093 0.519830752225989 0.739432589164302 0.725576664478229 0.685341070563871 -0.0620171021816929 0 0 0 0 0 0
12.2248121876404 6.43810492334933 5.89795013629719 -0.149768019456174 0.0637538541955872 0.986663562934896 0.699201224143228 0.71239416035217 0.0601016509984335 0 0 0 0 0 0
12.2403347196227 6.965677094668 5.99850736959903 0.450958333182995 -0.409146783092667 0.793243652113105 0.643972367355042 0.764527456535831 0.0282375332845697 0 0 0 0 0 0
12.4230084301609 7.41269115191387 6.2351134856868 0.606144136841803 -0.6828990575833 0.407723144454845 0.750171196577497 0.66119764145679 -0.00780094593393829 0 0 0 0 0 0
12.8876552913721 7.84354892853774 6.36005284704312 0.680147841056605 -0.665206351866648 -0.308057500707748 0.73228211935641 0.636050774341639 0.243315248454112 0 0 0 0 0 0
13.1935588890712 7.98525429307918 6.68622338927359 0.625159327138999 -0.245060778503944 -0.74102701066166 0.737770007181821 0.495367983737997 0.458591296461552 0 0 0 0 0 0
13.670244355789 7.96636250425915 6.94100475938669 0.285325466518724 0.259921461872665 -0.92251298734156 0.796337393944254 0.471311345240441 0.379094145106092 0 0 0 0 0 0
14.2093942735202 7.88329554503725 7.03013930921455 -0.180774228388038 0.704476756375671 -0.686318568943842 0.801874034068024 0.509625337004972 0.311897498178555 0 0 0 0 0 0
14.7136695633581 8.16224760043199 6.88947664241482 -0.554524202380626 0.764613592480633 -0.328434107802448 0.76040024767542 0.625907012784067 0.173297070612531 0 0 0 0 0 0
15.1481398925602 8.48300509546668 6.7436885540957 -0.765993402375437 0.629029155079546 0.132576127478566 0.635458819637074 0.772091027504609 0.00821789464121379 0 0 0 0 0 0
15.2725137098474 8.90104262340321 6.42990378561817 -0.676974488943366 0.332337275270504 0.656701969530811 0.383974387199791 0.92067888477648 -0.0701003644875182 0 0 0 0 0 0
15.1614093453994 9.42522977609192 6.38602031352826 -0.241602069979809 -0.0313563967973841 0.969868659232453 0.424346281406253 0.895431456094096 0.134657866067646 0 0 0 0 0 0
13.3045722737429 11.9020763742342 12.1918870442522 -0.0488187050821824 0.929514406094085 -0.365540289021142 -0.305478746579516 0.334544690636494 0.891494579543331 0 0 0 0 0 0
13.5366962794882 12.1143283956479 12.7368828638491 -0.575312535978746 0.707689696326768 -0.410110691958441 -0.098586277310116 0.437746414577503 0.893677135463739 0 0 0 0 0 0
13.6862576933738 12.4501051771998 13.1410746568778 -0.958565494585151 0.0258748889988686 -0.28369469982716 -0.260786656157006 0.321060380281789 0.91044524941578 0 0 0 0 0 0
13.4888881106943 12.8706935106635 13.3945310541358 -0.764705121958272 -0.636505971908391 0.100430195537695 -0.292751711117805 0.482014010921073 0.825808046045434 0 0 0 0 0 0
13.0925026164033 13.1454087838487 13.6313752238189 -0.203343442945543 -0.93772119767816 0.281656527771133 -0.195444018131204 0.320751746278578 0.926779344308003 0 0 0 0 0 0
12.6429818330414 13.1217942768465 13.9247325528615 0.54805718574705 -0.741623813733986 0.386817062774746 -0.283185973105817 0.270628417037698 0.920090193691782 0 0 0 0 0 0
12.3159284162297 12.9258438979664 14.3033149265755 0.936985508313184 0.135557716856147 0.321997302180986 -0.348788254588446 0.309870310343461 0.884492591392824 0 0 0 0 0 0
12.2655328142942 12.898361837252 14.8795367192143 0.712001576122537 0.667178295876805 -0.218922079996391 -0.161616441290131 0.45911432798258 0.873552608459168 0 0 0 0 0 0
12.4219206186867 12.9697699052569 15.3728019671751 0.026661368703415 0.876795010244106 -0.480124651970609 -0.160389578558965 0.477824951671501 0.863688889965481 0 0 0 0 0 0
12.4969077128168 13.2877637907203 15.7807188432162 -0.494308337007075 0.553373776965752 -0.670400425814273 -0.33830292919862 0.587948584797041 0.734756823534691 0 0 0 0 0 0
12.4928676311304 13.7768329480052 15.9484616916243 -0.841230003237447 0.221750642015176 -0.493111279955125 -0.235244174850943 0.671060368848268 0.703091857128161 0 0 0 0 0 0
12.3797501124568 14.3430066714079 16.061353370941 -0.957008409775522 -0.197418506682104 -0.212510792286733 -0.289078828968768 0.588932688194779 0.7547130046698 0 0 0 0 0 0
12.232477280472 14.8077070929252 16.251429677207 -0.573960624125487 -0.776139021889851 0.261108063171835 -0.235743433163535 0.461969364633439 0.854990841974607 0 0 0 0 0 0
11.8888417970285 14.9831524422984 16.5068197218413 0.0700343049990462 -0.881376469344624 0.467194515602342 -0.401777649024301 0.403754384702618 0.821922817287558 0 0 0 0 0 0
11.529120479282 14.985137332983 16.8541376786422 0.572899264048756 -0.618130481635022 0.538238925502467 -0.371181402747549 0.389824091386827 0.842770160855732 0 0 0 0 0 0
11.2341664070866 14.8595563336798 17.2853181629267 0.926911629166812 -0.0342180676757691 0.373716410610858 -0.318602187435751 0.454483746092814 0.831827608761934 0 0 0 0 0 0
11.1081273353731 14.7414351998212 17.7804635077826 0.567645490089725 0.820793752103758 -0.0638452354387691 -0.605203190742153 0.468604431008858 0.643536312226732 0 0 0 0 0 0
11.1006396483926 14.9652157470202 18.268880648511 0.0408234620040027 0.858380712749878 -0.511386348008059 -0.678698054264239 0.399439044281548 0.616293275187535 0 0 0 0 0 0
10.9936228790014 15.3384490613735 18.5438661727216 -0.311388893613668 0.464513364788858 -0.829014047448286 -0.647236966341982 0.535082287037197 0.542928407342506 0 0 0 0 0 0
10.800347394021 15.7052406877175 18.7715240753889 -0.619744422022126 -0.0978239097743108 -0.7786830767706 -0.74646440007334 0.379803627463824 0.546388235587544 0 0 0 0 0 0
9.47452585493147 2.44877277489612 19.0702622683562 -0.493413600369142 -0.779307450287254 -0.386293821976925 -0.197288789078491 0.532819239353585 -0.822909953687893 0 0 0 0 0 0
9.62645386683567 2.39807475143765 18.6166214732821 -0.990127079581714 -0.0982184290836152 -0.100007532053002 0.0377669671631356 0.500149697741818 -0.865114984288255 0 0 0 0 0 0
9.60803257120147 2.25024268851008 18.1003933849761 -0.711314434437463 0.688119184538605 0.143261171399783 0.268540091501307 0.454419517508159 -0.849346290604793 0 0 0 0 0 0
9.53244275161783 2.31893260850897 17.5922863701458 -0.0626649780239522 0.901876721809236 0.427424237950872 0.409314142566249 0.413816056921761 -0.81315324738267 0 0 0 0 0 0
9.50680714332064 2.56929640146725 17.0930614383284 0.473749319129566 0.59077124837225 0.653108654605776 0.36685902424685 0.541813333062141 -0.756209473918928 0 0 0 0 0 0
9.443009443817 3.04013597627004 16.8422127778657 0.859706431132998 0.267443127994721 0.435177004857751 0.260392015059581 0.503481938278806 -0.823833682438529 0 0 0 0 0 0
9.50090984252425 3.52360368978812 16.6879799477389 0.901079910715921 -0.433620865580822 0.00528577687072065 0.268492696672977 0.548282951828761 -0.792021133914502 0 0 0 0 0 0
9.72477637101739 3.96860692646184 16.4490814346218 0.524664311755754 -0.831415363220784 -0.182964077813962 0.379772160248682 0.420935282114556 -0.823763676409192 0 0 0 0 0 0
10.1863852343292 4.12509543086235 16.2229980265157 -0.136628771047306 -0.946369648898228 -0.292774771055067 0.470946467603707 0.197959605097721 -0.859663550117803 0 0 0 0 0 0
10.5848244984903 3.95983368167075 16.206993163309 -0.472227655228308 -0.456290465894142 -0.754188340119152 0.632773071344526 0.420182745560385 -0.650418865435614 0 0 0 0 0 0
10.9889239963243 3.99414822690399 15.8268054950198 -0.785374121787124 0.234321797374147 -0.572957925246221 0.619012109472634 0.302357793478522 -0.724847413632027 0 0 0 0 0 0
11.1291271393062 4.07917398693702 15.3486422185407 -0.776357646698271 0.618330897752672 -0.122211723240847 0.495161487759476 0.478366788128207 -0.725245004847137 0 0 0 0 0 0
11.2099491755931 4.36058344062455 14.9097221416301 -0.463462201882152 0.702776686202225 0.539729299517052 0.329480387762477 0.702096617517262 -0.631270951138025 0 0 0 0 0 0
11.1662216265653 4.67642328023792 14.488606162712 0.192794185791639 0.466115488779806 0.863462073888889 0.362218060615883 0.784013704314517 -0.504103747269049 0 0 0 0 0 0
11.0923939187703 5.19909305044076 14.3883520705452 0.683262308961851 0.018204367250091 0.729946037844678 0.495527517327015 0.722678514055357 -0.481859154623491 0 0 0 0 0 0
11.2607283551896 5.742677572191 14.2811202298482 0.748827782228649 -0.447464202545821 0.488909746274867 0.659296454191078 0.57829185061892 -0.480527544474627 0 0 0 0 0 0
11.6396623663623 6.16801191568457 14.2518601258983 0.588595265032758 -0.796181123955702 0.140182851439298 0.795360032162404 0.539256654951883 -0.276775503483826 0 0 0 0 0 0
12.0367071893167 6.44363099691286 14.4865399774971 0.382897788438099 -0.799460772136399 -0.462873370830819 0.861377107048985 0.490025189515759 -0.133808793029331 0 0 0 0 0 0
12.5574148275308 6.49138319515333 14.7262854830635 -0.0886623069734703 -0.195951180816191 -0.976597219972944 0.857011236376485 0.484653826548967 -0.175049733321396 0 0 0 0 0 0
13.0625886195581 6.54844929895877 14.6038883084377 -0.416773188040865 0.101033135215187 -0.903378334541428 0.863045037021245 0.35600325754664 -0.358350310016858 0 0 0 0 0 0
2.59596743699332 5.42255369390753 11.1178619170255 -0.418192725265131 0.316276104054207 0.85151880222319 0.724791849723577 0.681236298275834 0.102926578130797 0 0 0 0 0 0
2.59400983424125 5.95912351821634 11.0900393802785 0.213292781364738 -0.167615804592512 0.962502535824452 0.640615380503081 0.767817607380014 -0.00824960969524305 0 0 0 0 0 0
2.70497345430346 6.4577815140309 11.2564268485968 0.53355655541322 -0.543501831759393 0.64801478459196 0.579775887549062 0.792877550329587 0.187630249160551 0 0 0 0 0 0
2.86269418809936 6.85438323638581 11.5817031247412 0.705133941672453 -0.687738615312551 0.172631750583267 0.648331556234574 0.723920837576396 0.235806730423762 0 0 0 0 0 0
3.26239913526566 6.90984883564703 11.9667590905732 0.675805561926634 -0.471054104633183 -0.566916989494279 0.715555561228757 0.603798460463848 0.351294261177272 0 0 0 0 0 0
3.76122972398408 6.9970344844876 12.2172862463762 0.358875040465102 -0.266797765344281 -0.894442652012117 0.841334206182292 0.507427801229598 0.18620896876066 0 0 0 0 0 0
4.28865692309123 7.03440777084571 12.3153050577725 0.166513058470787 0.242142199360642 -0.95584546692836 0.803367369156968 0.52875365669273 0.273898595666132 0 0 0 0 0 0
4.81736839775036 7.09584636233701 12.2419935432765 -0.396589006559813 0.719631976068605 -0.569953488361547 0.829393142628574 0.547005426440173 0.11354328868631 0 0 0 0 0 0
5.20879995618019 7.37304428394458 12.1989554124803 -0.686820714526429 0.719980127422588 -0.0995284995062201 0.6602060203356 0.675260857557483 0.328862866501164 0 0 0 0 0 0
5.52548284454818 7.79568538482631 12.0985604324836 -0.705917479099328 0.43111968422386 0.561975382536255 0.655261747080426 0.698731142659163 0.287065903742203 0 0 0 0 0 0
5.65974897126593 8.31595286507987 12.1321930363109 -0.404802511861999 -0.191940347023526 0.894032342577552 0.649589688233777 0.627758452128782 0.428896913863017 0 0 0 0 0 0
5.63846104281297 8.79954804939821 12.3653616961361 0.195716286847605 -0.513109326989623 0.83571164501809 0.686967999380846 0.679892047240854 0.256557541158546 0 0 0 0 0 0
5.8584246236321 9.12643991287678 12.7610517322727 0.470141748026195 -0.84350717743354 0.25973520820439 0.671850373471129 0.532877186593751 0.514450172198079 0 0 0 0 0 0
6.1234722310193 9.15517003684353 13.1497647481718 0.657854073193897 -0.677553686145348 -0.328860184231918 0.711186355965704 0.415145094145866 0.567334573153129 0 0 0 0 0 0
6.40683020662413 9.04164063608483 13.5919235826904 0.715583324532419 -0.135728069594835 -0.68521412476334 0.673882704361769 0.392400072074048 0.626022590805117 0 0 0 0 0 0
6.81166809116413 8.94497030177557 13.9384753013737 0.405300804462555 0.38481236919284 -0.829247067174916 0.87578464333977 0.0966952254293218 0.472917848964707 0 0 0 0 0 0
7.39719100371927 8.91213689226714 13.9831662601527 -0.111219874298753 0.904153659551763 -0.412475816842788 0.944867175414728 0.22483417687539 0.238066406140301 0 0 0 0 0 0
7.908944927918 8.90485900825372 13.8196423915896 -0.400724395940007 0.912293478490774 0.08450187927923 0.907737101630221 0.382825303788772 0.171633741155406 0 0 0 0 0 0
8.29830709959701 9.21936842282339 13.6581535551074 -0.479561602853505 0.594075862168547 0.645828567854717 0.87121033422905 0.410352732477037 0.269449788422882 0 0 0 0 0 0
8.54735935937811 9.68918531217805 13.5811459938332 -0.173555085817503 -0.11817560074457 0.977708115735744 0.870455174961754 0.445948056801349 0.20841813504924 0 0 0 0 0 0
3.84468426800803 2.30588333143619 -1.37370618871428 0.095622033868577 -0.757030148147403 0.646344939977685 0.521816316240274 0.591072892907532 0.615093950039627 0 0 0 0 0 0
3.78686825980155 2.54395481356109 -0.895517543185887 0.650646349565688 -0.753780041944338 0.0920596337339888 0.529383248067143 0.537152017094678 0.656674262627218 0 0 0 0 0 0
4.04269002670404 2.53689562097027 -0.375930827290838 0.816770761498002 -0.259148890530893 -0.515487512650483 0.566934388782827 0.526337837132224 0.633682791322611 0 0 0 0 0 0
4.37104926854683 2.35793488699266 0.00986492969591893 0.638186591310655 0.329395112595281 -0.695856834750963 0.549213217504611 0.438616931612753 0.711322731972518 0 0 0 0 0 0
4.79698351805979 2.40236059311024 0.166735669556559 0.234115165203327 0.806805616269402 -0.542452566569621 0.350008995898503 0.450600664289826 0.821250719410151 0 0 0 0 0 0
5.27118328306997 2.55860196435719 0.365250955853407 -0.453691918909531 0.857635927130785 -0.242124470491327 0.367492034551259 0.427572745750184 0.825912314736271 0 0 0 0 0 0
5.7763972590221 2.71755583817606 0.580212853616739 -0.772292939685005 0.633849081483028 0.0424141157613193 0.517497072725287 0.588992479581741 0.620713008335503 0 0 0 0 0 0
5.97789307362337 3.19143382801875 0.67496662233617 -0.908946269449619 0.0133862523813299 0.416698317132195 0.293331372374067 0.730784346398906 0.616369162953071 0 0 0 0 0 0
5.88292797656117 3.698853131465 0.870121916414638 -0.730740722576335 -0.455681977736941 0.50830299186053 0.164770611855549 0.604848100606941 0.779108093053155 0 0 0 0 0 0
5.77152662983134 4.00005665570801 1.28025300943559 -0.213503120108818 -0.891486622310461 0.399584809452618 0.187521382750392 0.364013606407325 0.912321119651252 0 0 0 0 0 0
5.72804908871064 4.08551717075528 1.86316556559363 0.37148577404084 -0.927856859510427 -0.0328628657412365 0.280914882929918 0.0785921278206925 0.956509333981162 0 0 0 0 0 0
5.70974347753185 3.94121769034471 2.38039633292187 0.793441671025114 -0.503955372115394 -0.341290635085274 0.456514386698318 0.121893797813726 0.881326566484867 0 0 0 0 0 0
5.86115421020664 3.93159106985549 2.98857803364235 0.863962143006761 0.0110956033105263 -0.503434507198643 0.485396337347149 0.247720275733938 0.838465897148044 0 0 0 0 0 0
6.22012208219175 3.69663328736094 3.3120312906148 0.656073437615047 0.683263636319234 -0.320497188349278 0.435551499370025 0.00401504179218007 0.900154859363616 0 0 0 0 0 0
6.70660446082245 3.68578843608837 3.50946863576274 0.149534020055625 0.988664089070966 -0.0135238983832592 0.508274129123219 -0.0651292081952064 0.85872905849511 0 0 0 0 0 0
7.21423710572138 3.7720620153632 3.66293221277822 -0.443598696669826 0.849034487280088 0.286985427716931 0.509926352755597 -0.0242268793440065 0.859876835996078 0 0 0 0 0 0
7.66218388554564 3.97419963376798 3.86510869407888 -0.801728225003217 0.361821157347978 0.475728182188696 0.507145909740273 -0.0093795540509157 0.86180917272881 0 0 0 0 0 0
7.8833708483706 4.32961096473493 4.201923502861 -0.8452537751786 -0.238390064330588 0.478242859617145 0.460745261879128 0.128188310544791 0.878226372124868 0 0 0 0 0 0
7.82390782768799 4.6732456102456 4.54938546278914 -0.439571184209274 -0.769873428091474 0.462679239572665 0.461900862484661 0.248032354668414 0.851544211578922 0 0 0 0 0 0
7.70598159191398 4.70967221291423 5.03602773124619 0.306078354426925 -0.95125012687335 0.037937278167285 0.445792488958233 0.178423130831616 0.877174009631309 0 0 0 0 0 0
1.64917552281395 14.1966561080206 0.831678017835428 0.635666785738929 0.65210043131441 -0.413149809376573 0.765668705549232 -0.464380268701847 0.445086957102727 0 0 0 0 0 0
1.99341773690914 13.9492682442972 0.76426388363342 0.238763927983367 0.823688095668012 0.514324515990399 0.732529807095214 -0.500471507265672 0.461441602082294 0 0 0 0 0 0
2.48796705885834 13.8928648696075 0.763620346313895 -0.206403345136184 0.440161098775437 0.87387405628122 0.786513970790447 -0.456645634828991 0.415777029119059 0 0 0 0 0 0
2.98005517570127 14.0452454600934 0.916311351364947 -0.429647862798215 -0.0627674612900313 0.900812388789214 0.848458555200325 -0.369498619549107 0.378931194623352 0 0 0 0 0 0
3.47368262120362 14.0064130707696 1.28757411680731 -0.601092913839754 -0.581009310013182 0.548739911624478 0.79899962481922 -0.42234803599553 0.428044081876461 0 0 0 0 0 0
3.78986803479693 13.945341521198 1.74163751421764 -0.461094869159978 -0.862911536229264 -0.206821667812621 0.794916755021209 -0.505265062282824 0.335878801687282 0 0 0 0 0 0
4.01289806472401 13.5292875494326 2.03767113419588 -0.29228988052181 -0.65521458333835 -0.696606399285348 0.772580619106742 -0.591090375033196 0.231800249188302 0 0 0 0 0 0
4.14243558049433 13.0393848545152 2.29732696580705 0.138908795967135 -0.240442300231611 -0.960672601182262 0.735262498193761 -0.624804317979256 0.262694923788691 0 0 0 0 0 0
4.38840621067484 12.5662379062379 2.24150209731312 0.378521774261764 0.290574276790655 -0.878799098814578 0.820957434851113 -0.543906639636518 0.17376552454958 0 0 0 0 0 0
4.66985720402566 12.2621289217252 2.0440255597936 0.578261218805722 0.795078688222027 -0.182931250365982 0.796249972978927 -0.598853053278171 -0.0857962767867516 0 0 0 0 0 0
4.98357175636442 12.0855459993711 1.6451687517758 0.553952429518782 0.693502202261592 0.460642378954173 0.827839650571767 -0.517587916182812 -0.216296698917826 0 0 0 0 0 0
5.42782221403948 12.0686114753523 1.34344063762314 0.32858123327436 0.308062868781752 0.892822290278339 0.796917743412429 -0.597786805050792 -0.0870232494314503 0 0 0 0 0 0
5.95173704648413 12.1290824403001 1.24076828077311 -0.0515775628262413 -0.162430473089044 0.985371045051038 0.880168248122177 -0.473582257702849 -0.0319953150728457 0 0 0 0 0 0
6.44351481480692 12.2438260725367 1.42136435918628 -0.307027189224248 -0.749108365598953 0.587001670923281 0.930043717790937 -0.367002905603952 0.0180983500869228 0 0 0 0 0 0
6.86606648134972 12.2604311143752 1.77991151581816 -0.347139824154387 -0.936381471524118 -0.0518042688625927 0.935492720384933 -0.349635764430312 0.0510705623429881 0 0 0 0 0 0
7.20458264530878 11.9402026251833 2.04999088063704 -0.231562508270326 -0.725182694127391 -0.648451127612323 0.936232468969643 -0.347212018894931 0.0539683053459472 0 0 0 0 0 0
7.64322931676636 11.6174033369023 2.28586589392908 -0.0764516677137087 -0.327229804681995 -0.941847013814652 0.936636071507276 -0.347442302032645 0.0446846316944844 0 0 0 0 0 0
7.87389209298258 11.1329989746824 2.31471376471536 0.317967620616768 0.352492474829145 -0.880139561335664 0.908792991021216 -0.377847700849575 0.17699269598885 0 0 0 0 0 0
8.24604575295781 10.7544439295322 2.23107326836467 0.0466429599995287 0.655586693343048 -0.753677996092503 0.913274335270254 -0.333640140344615 -0.233696909024279 0 0 0 0 0 0
8.57026652657273 10.5069644753766 1.88133063177922 0.263218147539423 0.962452790640849 0.0663387714203061 0.943498132238543 -0.242465089912802 -0.225880398963604 0 0 0 0 0 0
6.84264587770623 12.1431147595439 5.98769635921087 -0.548735216268348 -0.696554558376288 0.462278497912399 0.835409677389346 -0.477597147530892 0.272014035657326 0 0 0 0 0 0
7.10861080163672 12.0995916326516 6.39855515730979 -0.233156279219117 -0.856376472820372 -0.460714104690138 0.830660609081993 -0.421724865650878 0.363525914084925 0 0 0 0 0 0
7.23371266691206 11.7697791578553 6.77041310447757 0.24258262707024 -0.400076221433545 -0.88379448181529 0.899129323268161 -0.249386780690864 0.359684158194361 0 0 0 0 0 0
7.46042516694843 11.3207305373534 6.95920367858256 0.506287736117643 0.175954617796289 -0.844223134445529 0.855655752258742 -0.224372796205703 0.466379761513468 0 0 0 0 0 0
7.82100976336509 10.9634212617729 6.95794766359435 0.475698911780882 0.717772845392774 -0.508441430006687 0.872800606488465 -0.313397387438291 0.374167313992313 0 0 0 0 0 0
8.30197163384152 10.6627366633033 6.88622433775812 0.278742015711266 0.959271161391023 0.0458446027438234 0.8357209629273 -0.265806640659534 0.480538554025752 0 0 0 0 0 0
8.8947461337985 10.6370275267643 6.90462976845379 -0.114878641472476 0.930431741995255 0.347993780434526 0.795011115676827 -0.123930572991634 0.593800083385185 0 0 0 0 0 0
9.40309670754644 10.7950536927676 6.97737952547616 -0.452470694483726 0.398891329110067 0.797593867951741 0.793196933389796 -0.228739308138315 0.564373062586645 0 0 0 0 0 0
9.80118029539802 10.9205713357354 7.30817233061906 -0.649888779346883 -0.123502997683801 0.749927719211748 0.753218264897408 -0.236460736418636 0.613798473081593 0 0 0 0 0 0
10.0536149481794 11.1487474626422 7.72398178614322 -0.630204066711132 -0.649794831209946 0.424981778001821 0.726171052845109 -0.29955047358343 0.618825593997024 0 0 0 0 0 0
10.3649924130402 11.2310091085828 8.16033303671312 -0.426918534830036 -0.902189195531674 0.0616053575956368 0.664730604084925 -0.266905124572555 0.697778531104103 0 0 0 0 0 0
10.433284455246 11.101833312875 8.6183207733711 0.218715723513694 -0.86989158656182 -0.442099604067728 0.605880976304482 -0.234085445432882 0.760336929781013 0 0 0 0 0 0
10.6160757200561 10.7686648348142 9.03992990007634 0.529826926794644 -0.35185915241476 -0.771672575970735 0.683260736290335 -0.361938967112082 0.634156881481096 0 0 0 0 0 0
10.7914988350184 10.3124833744422 9.26311213070449 0.821077305245052 0.246435529334591 -0.514880169256016 0.568827693308859 -0.428483634108973 0.70202338324709 0 0 0 0 0 0
11.1441833946329 9.91817424490725 9.35702173560873 0.582677761538628 0.769609541650322 -0.261127898948227 0.641310568966696 -0.238050070146776 0.729419576262337 0 0 0 0 0 0
11.625259551926 9.75581068743971 9.35466521228202 0.0484572908063495 0.761029765947727 0.646904619174463 0.756249341887046 -0.451044266934145 0.473968355653889 0 0 0 0 0 0
12.0487223425443 9.78620652595127 9.60726267783052 -0.417809438774231 0.476509342728034 0.77354645572458 0.726773686506736 -0.335627257546134 0.599294879498791 0 0 0 0 0 0
12.4303702184671 10.0084309929006 10.0277717277477 -0.701118580846619 -0.0433302855101906 0.711726929341041 0.691957177833343 -0.282297837243032 0.664457067938044 0 0 0 0 0 0
12.6873338606198 10.1091186077728 10.505106248944 -0.73583323612179 -0.582108980851555 0.345974830053429 0.564819787400531 -0.24577198719991 0.787765661899925 0 0 0 0 0 0
12.7980496024794 10.0869057534622 11.0304001816391 -0.265907935249719 -0.850399136523369 -0.45399810414972 0.661850503373589 -0.503464058602704 0.555407825727563 0 0 0 0 0 0
6.2808600360246 4.47412198250615 -0.686918367792802 -0.991825148373729 0.0608814603102369 0.112144205574449 0.123654312194739 0.675536443757196 0.726883845075352 0 0 0 0 0 0
6.23041026787631 4.99081959251355 -0.548486063669874 -0.769184634281342 -0.424710316821293 0.477468475578266 0.170867703588127 0.583282611099327 0.79409421573241 0 0 0 0 0 0
6.07419489970026 5.33606147343804 -0.152518345146332 -0.2827577399221 -0.826804312240769 0.486253729830646 0.239570012499543 0.429999864618534 0.870463282131424 0 0 0 0 0 0
5.91885518040688 5.48461828636127 0.261594712059437 0.304066636282259 -0.897736305470276 0.318767950930722 0.299042505386029 0.407644577030369 0.862785882354468 0 0 0 0 0 0
5.92990717906033 5.51589739978161 0.758560257135046 0.839013231213101 -0.525731332263741 -0.140226117843801 0.460176941904378 0.548102776507883 0.698441499714818 0 0 0 0 0 0
6.15486370202983 5.5314422635348 1.25495004598956 0.801565125093244 0.0353180949241979 -0.59686345373559 0.481017323136653 0.554822251112557 0.678818535775832 0 0 0 0 0 0
6.5704593494912 5.6675031984131 1.59634160485778 0.515047323878669 0.160502808891842 -0.842000654692887 0.641216250479032 0.579737555043603 0.502738587532006 0 0 0 0 0 0
6.98811170028111 5.81510562794174 1.8150176686715 0.160801071602792 0.502686815114062 -0.849381528691244 0.56613014864323 0.657958926256048 0.496574975363422 0 0 0 0 0 0
7.48791889206441 6.01216042570279 1.82189370236835 -0.427482890437524 0.759950581082963 -0.489625870124167 0.511834364927123 0.649897132738778 0.561835651892583 0 0 0 0 0 0
7.84685428192443 6.4107345658182 1.85334434394616 -0.830575432065854 0.55440325231349 -0.0527397902237583 0.396152697865593 0.654730952838955 0.643731636140719 0 0 0 0 0 0
8.00840227779475 6.91960180291114 1.91368903851029 -0.876039293284509 -0.0894078998777952 0.473879081687534 0.336901414752531 0.589621350427594 0.734060011073811 0 0 0 0 0 0
8.08006246678303 7.43937284889888 2.07063517872262 -0.507489125405358 -0.542235386170483 0.669653323429259 0.370401375955253 0.5644147177527 0.737725455081087 0 0 0 0 0 0
7.87045984702405 7.81845718667604 2.3885139429718 0.135813320381841 -0.725721100972923 0.674450610207677 0.326869300504741 0.675462825912333 0.660988979634356 0 0 0 0 0 0
7.83450601159754 8.04982271126174 2.88591504278283 0.679868135086564 -0.725930234551309 0.103945242595314 0.465347409610476 0.536613042173406 0.703916352515142 0 0 0 0 0 0
8.00108907777083 8.04398465673558 3.39713970341283 0.924322157259712 -0.169148537252825 -0.342077947175759 0.378418077826857 0.52202458002276 0.764388707547336 0 0 0 0 0 0
8.28422362243208 8.12685626250441 3.86819549470007 0.738506549891428 -0.0338210826919726 -0.673397512716674 0.581894605618411 0.536487675053537 0.61121161840057 0 0 0 0 0 0
8.66831661463094 8.08323407245782 4.22155175983463 0.163272837823803 0.490045852905091 -0.856269258165609 0.652740603178502 0.597141334153488 0.466210180077137 0 0 0 0 0 0
9.22077476458529 8.06627421295464 4.30001207194926 -0.321800403120722 0.800941243310396 -0.504913483000541 0.796648618925389 0.517237345173915 0.312756305646603 0 0 0 0 0 0
9.68791037945564 8.32999622058938 4.26967855703337 -0.767132772075709 0.607150293216924 0.207064800132813 0.575738884157736 0.509299476100302 0.639639571096695 0 0 0 0 0 0
10.0152458616037 8.69892088417392 4.3644255567137 -0.848693123737672 0.00955193335192235 0.528799340288575 0.454496110710579 0.524481895296192 0.719966684545523 0 0 0 0 0 0
12.1522436389204 8.22868301441846 5.69418215840447 0.94843619495133 -0.0709343770497469 0.308928953416164 0.0135948784230038 0.982843964454061 0.183937274136829 0 0 0 0 0 0
12.2178617648643 8.51700110046916 6.14743605813998 0.970265687637087 0.0577822142835055 -0.235044062053535 0.0458953490686035 0.909548358041466 0.413056172109731 0 0 0 0 0 0
12.4170322333765 8.85628904090326 6.50857908126544 0.536775663527077 0.242288872853509 -0.808188090197105 0.0227801442675037 0.953369930068103 0.30094325290508 0 0 0 0 0 0
12.7556964322799 9.24624197681855 6.58882140488916 -0.135670724870823 0.221094089921794 -0.965769567658186 0.306609513831898 0.936298816798056 0.171275017706396 0 0 0 0 0 0
13.0099650925825 9.68731538258389 6.52280488258338 -0.741214759250965 0.249840831209298 -0.623041122020996 0.257527431573756 0.962971801897147 0.0797805160298278 0 0 0 0 0 0
13.363605487251 10.1958125880033 6.46189317570923 -0.869007603251633 0.0266314587355761 -0.494081522520796 0.0248213435015716 0.999639611416366 0.010224881129578 0 0 0 0 0 0
13.4414311011108 10.5917562835359 6.24615582452767 -0.982175237050341 0.0404112336856885 0.183572154525428 0.0380557645513231 0.999142052326731 -0.0163376270230061 0 0 0 0 0 0
13.2869769848309 11.0081914489712 5.9438136655895 -0.697862279727686 0.0948753448443037 0.709920352908656 0.0892788895286043 0.99498011838475 -0.0452088918644097 0 0 0 0 0 0
13.1912059371135 11.585443536044 5.93459252894015 -0.337531207768885 -0.20089252217617 0.919627575878287 0.164351392169254 0.949377774437272 0.267713393943151 0 0 0 0 0 0
12.8800153852286 12.0014003553583 6.07179845811915 0.41958355956574 -0.203262438303101 0.884666048697033 -0.0428124227250812 0.969089816088235 0.242965069124102 0 0 0 0 0 0
12.5892436215372 12.2911534627808 6.41846835917367 0.916676657215359 -0.00387912776671348 0.399610883841074 -0.126641391109112 0.945595579887225 0.299684763302526 0 0 0 0 0 0
12.533265844336 12.6924409376397 6.82313748210898 0.97399162459065 -0.0467241368105653 -0.221714163432498 0.127657954232762 0.921584145423483 0.36658711055515 0 0 0 0 0 0
12.6970724983475 12.9378160773168 7.24989840517209 0.645152460011493 0.213571590077694 -0.733597627622121 0.124793258308965 0.917791009734395 0.3769433712527 0 0 0 0 0 0
13.0632407556923 13.2430373800772 7.51734697225873 -0.0175533956100261 0.396863344092355 -0.917709847619818 0.17085999893312 0.905540988935141 0.388332818755949 0 0 0 0 0 0
13.465287726894 13.6400094737721 7.51919038596404 -0.530072834172438 0.436641957182734 -0.726888293825146 0.273196876600234 0.899459536892423 0.341080647514842 0 0 0 0 0 0
13.6479672578953 14.110025129045 7.45293599021196 -0.877256745955558 0.220036985020198 -0.426619651327368 0.0993364366190652 0.95272920583298 0.287122504713033 0 0 0 0 0 0
13.7305748539302 14.592266561543 7.23089030126923 -0.973563835953447 -0.0992288438821132 0.205735494908942 -0.0672089261730501 0.985281416341211 0.157173441952905 0 0 0 0 0 0
13.6372327159194 15.1210489277309 7.04084841702281 -0.57754877814928 -0.256210202708009 0.775108857443001 -0.0761932353393103 0.962247068622543 0.2612951775595 0 0 0 0 0 0
13.2696683386007 15.5122970575114 7.0183443820978 0.183116056486137 -0.219287189619093 0.958322303990638 0.00555756196041219 0.975020316215783 0.222046158425515 0 0 0 0 0 0
13.081122941763 16.0109190864387 7.14940421382855 0.545294438345536 -0.377357415004753 0.748502075381463 0.205657811742698 0.92587484171542 0.316955268054737 0 0 0 0 0 0
7.06051347436054 10.6945436862285 9.00140373208693 0.908379553694984 -0.256419868263932 0.330295984820295 0.314863689201642 0.939229149252549 -0.136782536957996 0 0 0 0 0 0
7.03197026794352 11.2196950988574 9.16020763046032 0.908753462241882 -0.365493830624147 -0.20144826789794 0.338379221470905 0.927831909456834 -0.156931355281315 0 0 0 0 0 0
7.37668570226676 11.5448885242216 9.30799490618656 0.534558044699103 -0.257754152859885 -0.804866755140846 0.375413643314846 0.925659674600525 -0.0471037496546001 0 0 0 0 0 0
7.80786255663709 11.8625335917767 9.35127577299357 -0.101589601221957 -0.241739468967319 -0.965008591706293 0.168357269267209 0.951857889500819 -0.256168671152301 0 0 0 0 0 0
8.15872369781752 12.1104398428328 9.17835764574239 -0.736280607927239 -0.0349300173673324 -0.675774193260599 0.259791364695485 0.907542565739831 -0.329962025390835 0 0 0 0 0 0
8.29835406523654 12.4049909758422 8.73814602150391 -0.982580299649414 0.146494639676373 0.114347169999775 0.115447883604693 0.963347454927597 -0.242143484850861 0 0 0 0 0 0
8.27338065865647 12.807647626967 8.36389507489074 -0.751454405357295 0.220417312442559 0.621878191485047 0.0120787949773682 0.946984593876445 -0.32105183642608 0 0 0 0 0 0
7.98983078357594 13.142842313543 8.08656132971042 -0.025841463707662 0.296606652146189 0.954650047219438 0.0981247232724904 0.951109911666233 -0.292850601182494 0 0 0 0 0 0
7.87859453061891 13.6385594064318 8.11526764756188 0.506748101494297 -0.0918868439883101 0.857183276513135 0.197901700297596 0.980149308832351 -0.0119268359083711 0 0 0 0 0 0
7.86094421620738 14.044041431699 8.40199086223448 0.93980312438398 -0.136971096862275 0.313063900861236 0.14401592467215 0.989575171046176 0.000627924961624284 0 0 0 0 0 0
7.92868741279881 14.532110245113 8.63170580531301 0.935610008758642 -0.225438387342511 -0.271682618183537 0.249556879841297 0.966663952204029 0.0572902018949413 0 0 0 0 0 0
8.22134630515389 14.8736930053904 8.89797178313064 0.516263661536281 -0.25134419518801 -0.818717245037897 0.329141909043149 0.940776941809417 -0.0812671487819807 0 0 0 0 0 0
8.6823195260083 15.1359899016306 8.98393183196876 -0.123134119464822 -0.0147200465829364 -0.992280861879447 0.307757778751163 0.950027149156706 -0.052283510625561 0 0 0 0 0 0
9.07741253010772 15.4324840575155 8.77256050998743 -0.558589584678701 0.0602085386879949 -0.827256071454016 0.493406536869106 0.825826011061944 -0.273059313755004 0 0 0 0 0 0
9.46474332038688 15.6765292958459 8.48661447187803 -0.907476219353058 0.335441476512974 -0.252914861452378 0.419966707859516 0.709000405963593 -0.566521304659498 0 0 0 0 0 0
9.49161977845982 15.9321588568117 8.00786318382162 -0.74838904791964 0.518647593445731 0.413422915144876 0.327223367706141 0.830900169864789 -0.450033082501404 0 0 0 0 0 0
9.45721139474651 16.3525426848209 7.65401335671913 -0.536402636799317 0.35122661686806 0.767406069065236 0.122595143788414 0.932071969478371 -0.34089921447872 0 0 0 0 0 0
9.16826060129963 16.7559174931908 7.44790342232168 0.21728026827954 0.204659291027359 0.954412834999902 0.131477921974937 0.9627257717719 -0.236373950340031 0 0 0 0 0 0
9.15516123196153 17.2525242708082 7.57636663859518 0.731276764447023 -0.177572367680671 0.65856081573092 0.351048893053371 0.925804760779638 -0.140179240987244 0 0 0 0 0 0
9.0778494402115 17.6986135827883 7.83424505973838 0.968817900572857 -0.24754661091689 0.0106090034010938 0.242723154489981 0.939597737498356 -0.241332886201621 0 0 0 0 0 0
1.42707986690283 5.31925304609195 5.5525173328829 -0.648304681834664 0.730418923482691 -0.214916811184332 0.70043895063481 0.461504661139984 -0.544425131840617 0 0 0 0 0 0
1.62539936580363 5.47523137118212 5.07814907870039 -0.426935369645894 0.809039016608715 0.403957992556314 0.786160164979669 0.552820388786526 -0.276300222115464 0 0 0 0 0 0
1.90338805306716 5.86252292256753 4.84254410949452 -0.135057632216304 0.318598203569646 0.938218855418244 0.730139674704933 0.672112389886521 -0.123129975159599 0 0 0 0 0 0
2.05887923571978 6.37656809589088 4.82626055894118 0.288916722761182 -0.247800975118315 0.92472796218096 0.824296438121507 0.555636532166776 -0.108643574231872 0 0 0 0 0 0
2.3160133746578 6.76173771083029 4.9997814301189 0.4723198057888 -0.672406541816992 0.569897748356092 0.844166382758732 0.531085619120434 -0.0730149531500365 0 0 0 0 0 0
2.60965930242297 7.07348894368279 5.3242322585047 0.535396495297233 -0.844288227354239 -0.0229778583527193 0.844513941745066 0.535533520718647 0.000224465812224365 0 0 0 0 0 0
3.07696151743785 7.12909795571229 5.60234368306707 0.300725586320825 -0.6451637213909 -0.702373044993215 0.868861074396019 0.489004915536638 -0.0771662230538751 0 0 0 0 0 0
3.62017534326198 7.12406866603573 5.80524967080795 -0.0024845029613895 0.319130509869838 -0.947707520765374 0.893418068771364 0.426439517593586 0.141256830728275 0 0 0 0 0 0
4.16568831287701 7.20209369146659 5.74560933927003 -0.357418918403234 0.67804975306931 -0.642261822880755 0.804475399178676 0.572842070454231 0.157070985334717 0 0 0 0 0 0
4.55796525270432 7.59578483637026 5.76118038598536 -0.617919916452061 0.74820230259481 -0.24159530468058 0.712213423408909 0.662825309007853 0.231116094755009 0 0 0 0 0 0
4.79574442829136 7.99512384132304 5.46078687972228 -0.601991742658662 0.612863581781551 0.511863430903865 0.764182067758676 0.628093937717905 0.146709824886037 0 0 0 0 0 0
4.95793352748554 8.49128138064684 5.33347822175632 -0.325420831727361 0.194739299916329 0.925298809761458 0.72736653992165 0.676820700166781 0.113365146443494 0 0 0 0 0 0
5.07297025530899 8.97484493083825 5.41471901036926 0.0993374562896605 -0.507992865427131 0.855614000851454 0.676085013880245 0.665363770281079 0.316544005161835 0 0 0 0 0 0
5.3269398574008 9.32928084703494 5.70724943710367 0.369183241303303 -0.825916446167985 0.426105337082316 0.747277169069071 0.536397157313193 0.392243447637358 0 0 0 0 0 0
5.4304566819442 9.46920222076353 6.30197458970037 0.551106102691314 -0.825127662957616 0.12428356045147 0.536415888105355 0.464415873449382 0.704681411331668 0 0 0 0 0 0
5.51774910984339 9.47073205464877 6.83212814647247 0.788264303336149 -0.393573811249595 -0.473010616354902 0.599474292312073 0.317767890382849 0.734611557694659 0 0 0 0 0 0
5.79148932159873 9.36789036771265 7.28287750699851 0.596243992804363 0.436724630545496 -0.673620589144669 0.353021444514004 0.610974244998475 0.708580504714735 0 0 0 0 0 0
6.15025811760805 9.40367174472005 7.68531872400228 0.0540213647809279 0.742985431859193 -0.66712393165904 0.23417243805561 0.640041389893497 0.73178568480006 0 0 0 0 0 0
6.5753258122974 9.62726861487609 7.81535589524386 -0.631131605445735 0.732993721589231 -0.253757956955558 0.377291687765794 0.575930004398063 0.725227972693336 0 0 0 0 0 0
6.86499861997018 10.1865347549631 8.08514699246374 -0.867491842773705 0.496186566686869 -0.0354512871498315 0.314306209480741 0.601954785598334 0.734072232669996 0 0 0 0 0 0
10.2979087236915 5.47261668852748 5.81587675426437 -0.538348832425394 -0.658892690490072 0.525396000217902 0.368188189008224 0.376900408510577 0.849931491085843 0 0 0 0 0 0
10.1484852376556 5.78017704565212 6.23032138345455 0.12088143437694 -0.914392699013165 0.386359509801937 0.424179392292281 0.399470659266787 0.812708456667894 0 0 0 0 0 0
10.0632401537495 5.89502573164054 6.74822886275461 0.741515201452157 -0.662453790713015 0.106349335612989 0.391301542929284 0.55575644410628 0.733497019309216 0 0 0 0 0 0
10.2086730260504 5.99711622780061 7.29779334657584 0.904551671261052 -0.227610371793798 -0.360527103933569 0.426155276162088 0.456193444825386 0.781203700386501 0 0 0 0 0 0
10.5194754788522 5.91260798422336 7.72214275307883 0.667088081283103 0.320526667510042 -0.672499923587308 0.510854465755231 0.460228522892413 0.726097391218427 0 0 0 0 0 0
10.9170988805025 5.84082003071499 8.02206057834185 0.312866384787689 0.775010736733346 -0.549065554572419 0.465537932291326 0.378754993680518 0.799886922233379 0 0 0 0 0 0
11.4258933146221 5.88757419251384 8.18827542208859 -0.241400203632981 0.926748626390084 -0.287859210674328 0.531507747709358 0.374448798966488 0.759794453176304 0 0 0 0 0 0
11.9585307017962 6.04782649646247 8.39217698340401 -0.709756909916461 0.704445968107636 -0.00100341553376023 0.493510625830547 0.498246717644936 0.712879702718761 0 0 0 0 0 0
12.2603068269211 6.48943879061806 8.44311669358767 -0.868387733839958 0.12397134291348 0.480139406685736 0.463367010815707 0.547716166923358 0.696633342425196 0 0 0 0 0 0
12.324059671159 6.93612466461337 8.68388014570531 -0.654429391423512 -0.38967786130703 0.647976339111414 0.52114643652967 0.388451405300216 0.759942035561077 0 0 0 0 0 0
12.2520951876152 7.31734816390517 9.07355141284143 -0.125195084154403 -0.916904942775995 0.378961101983464 0.14820277216929 0.360397367331326 0.920950419915202 0 0 0 0 0 0
12.0554259821551 7.36894164959464 9.57088876110362 0.649473781416438 -0.743177850952843 0.16084305737503 0.213739282410258 0.381431972862813 0.899347079404125 0 0 0 0 0 0
12.1344540186631 7.20567399385993 10.1470558528767 0.706186856690081 -0.617487868919199 -0.346422942623335 0.3830088511781 -0.0783456817084501 0.92041630476479 0 0 0 0 0 0
12.1463202986214 6.84761241555814 10.5474758819241 0.82211887295684 -0.292118152881511 -0.488658923468374 0.414197084535565 -0.281975106162392 0.865407889186911 0 0 0 0 0 0
12.3653526538433 6.46595438457629 10.8557729413836 0.738534493421614 0.569969510615196 -0.360141026537598 0.533147412680579 -0.166739623695679 0.829428558853521 0 0 0 0 0 0
12.7981669845828 6.22228156380678 10.9763095421831 0.179961772789649 0.969689326919029 0.165276645639144 0.739000539653768 -0.244170111996178 0.627900596272382 0 0 0 0 0 0
13.3901680945256 6.17428129384672 11.0095472609716 -0.376458133303508 0.737923841142471 0.560131840322597 0.680756698659611 -0.189749320713267 0.707506545919485 0 0 0 0 0 0
13.8537384494058 6.36861984636367 11.231424349286 -0.68883485828455 0.264130580358318 0.675086345982262 0.636996720763026 -0.223990135567276 0.737606668154311 0 0 0 0 0 0
14.1377205439488 6.65137935429825 11.5893158590623 -0.786606298379751 -0.366334674216925 0.497040680242258 0.593979929294144 -0.229094998878323 0.771170101264737 0 0 0 0 0 0
14.3037788197581 6.7515236107407 12.1039237157139 -0.646788780753145 -0.756002526983392 0.100620337340849 0.571457091593521 -0.393021878222079 0.720396138042302 0 0 0 0 0 0
10.2405497684284 -0.407191433984978 6.94444215855566 0.375892510571397 -0.610476626803566 0.697153576066904 0.524284373776324 0.760443164934736 0.383212849886339 0 0 0 0 0 0
10.2211672547589 -0.193848392938465 7.43718363957713 0.87523863542731 -0.483687501101807 -0.00193192474713971 0.420566539390916 0.759035442330759 0.496979861996942 0 0 0 0 0 0
10.3959705826807 -0.179420775356406 7.89199403227152 0.905935115511766 -0.0205011807681793 -0.422919931038718 0.339593804939047 0.631760278639063 0.696817765259263 0 0 0 0 0 0
10.7274996146878 -0.01217612407665 8.28032743242291 0.565001618202165 0.196127769873508 -0.801440621202457 0.438126914325994 0.751764976339637 0.492843004710678 0 0 0 0 0 0
11.1176507700444 0.309152401586532 8.54868855465866 0.0336958125795162 0.263320322299715 -0.964119805874031 0.379536688288024 0.889031234356021 0.256076876314065 0 0 0 0 0 0
11.4680254478098 0.654467547117592 8.61255599044816 -0.571100174176545 0.402808438335651 -0.715255166399457 0.399253288973858 0.897624639174272 0.186726587262807 0 0 0 0 0 0
11.7959685998907 1.08278584554741 8.51260148339999 -0.907621305842288 0.351414582611821 -0.229633090622626 0.265938802044802 0.904579170211397 0.333186251797153 0 0 0 0 0 0
11.8561844108856 1.59130252363341 8.34990561273031 -0.858224719596903 0.104646563662283 0.502493211283987 0.211954489880027 0.963881145309385 0.161271299172436 0 0 0 0 0 0
11.7484881836573 2.1214284227321 8.2883569062463 -0.433212383176454 -0.24884028808923 0.86625951197447 0.0195435164658042 0.958311426412196 0.285056592577639 0 0 0 0 0 0
11.5337532297745 2.5335524402662 8.40673823985038 0.394442183729013 -0.295531378905265 0.870101469816849 0.0784877784801653 0.954248107350826 0.288531139128197 0 0 0 0 0 0
11.3800471326195 2.93254255463091 8.67247287500683 0.91441028070164 -0.195054870202069 0.354693439687856 0.0760464461703403 0.94342059545271 0.322760775343777 0 0 0 0 0 0
11.0494295067986 3.51058154894474 8.76785553813119 0.877444245816267 -0.214802623754026 0.428895591388288 -0.0340497428690117 0.863984068683363 0.502366543543553 0 0 0 0 0 0
11.0158883528402 3.61933438127195 9.20450547254025 0.919872244737741 0.319875513034814 -0.226968520993252 -0.121886890756515 0.783163892994231 0.609752328877742 0 0 0 0 0 0
11.2062952032129 3.84127907703941 9.65525028445735 0.288111585547754 0.54601936326448 -0.786673101874859 -0.285002427251677 0.833173453378088 0.473915196049551 0 0 0 0 0 0
11.1659726842354 4.43645137538782 9.72943140711784 0.371664763775214 0.356766407848053 -0.857078195731936 -0.133138493867449 0.934150719959577 0.331114140214083 0 0 0 0 0 0
11.3579090685196 5.01162430251245 9.83966284548474 -0.3111762561998 0.0908305370764888 -0.946001665491068 -0.21500367973231 0.96288497890934 0.163174554058919 0 0 0 0 0 0
11.465227648777 5.52044848237195 9.70451189861355 -0.853852143683388 -0.176366558621841 -0.489725794427016 -0.334742943743646 0.906540848956093 0.257159193473236 0 0 0 0 0 0
11.3215755879387 5.99361849836991 9.49437069966452 -0.899252628233324 -0.399860308420262 0.17735964694798 -0.330789413061202 0.886922830091371 0.322406975218184 0 0 0 0 0 0
11.0291009033004 6.3485213426262 9.34603659067696 -0.495649817266286 -0.459638486931332 0.736928571827265 -0.411850598641622 0.871407756909348 0.266510047834518 0 0 0 0 0 0
10.5577860909026 6.60572330068798 9.32617198642868 0.442273893805574 -0.0827862123546376 0.89305108806945 -0.237582865279406 0.949345180695155 0.205665043253612 0 0 0 0 0 0
14.3530700309098 7.03643026631606 9.91145191165074 -0.908314474628921 0.151308053276309 -0.389962418949983 -0.317891864242017 0.356225069388423 0.878662883356267 0 0 0 0 0 0
14.156347973055 7.39222883789234 10.1993961172347 -0.743813119013028 -0.659449290782454 0.108943457218093 -0.2485254620222 0.424180173432225 0.870807829083811 0 0 0 0 0 0
13.7497403201248 7.63857859825519 10.4060117196539 -0.201945033251022 -0.911216337233237 0.359030625858697 -0.36436157095642 0.410169632319919 0.836063106668816 0 0 0 0 0 0
13.4012371572969 7.77614729924207 10.7909249892992 0.366924071285576 -0.883992244195625 0.289697148955939 -0.09578920412454 0.273859046114922 0.956987800985055 0 0 0 0 0 0
13.0124817879984 7.71325901425745 11.1430754813883 0.906957443517538 -0.348684113226781 0.236320936083507 0.00194852225977467 0.564503168105995 0.825428601672669 0 0 0 0 0 0
13.0947442607008 7.79601647715201 11.6122424270507 0.963983991071368 0.119835905718157 -0.237432560233062 0.106113620281734 0.645304252637139 0.756519874900275 0 0 0 0 0 0
13.2868521358804 7.93167434622532 12.1209962934189 0.693708417325121 0.216726120750748 -0.686875840539328 0.446295432137199 0.619173692752484 0.646099315474582 0 0 0 0 0 0
13.7113010947395 8.08810505694195 12.4804368612854 0.0298119242722008 0.556876867314976 -0.830059879659682 0.593525314015456 0.658318065535439 0.462974109656826 0 0 0 0 0 0
14.2018057254699 8.30334807082773 12.522398204493 -0.477257799303279 0.680486097590989 -0.556024877131931 0.434476239853751 0.732712772452776 0.523796134089507 0 0 0 0 0 0
14.5559294921747 8.64068001627965 12.6584689463585 -0.867455691938834 0.491307473065336 -0.0783427688626934 0.358790128994609 0.726862447597844 0.585611326400117 0 0 0 0 0 0
14.6705092864124 9.12998017905759 12.8394544093915 -0.96746522858838 0.0810592469130519 0.239667331862986 0.223574430550835 0.717326285346725 0.659892017192616 0 0 0 0 0 0
14.5086264688428 9.65510926523443 12.8915110147018 -0.572852960854685 -0.220754994317901 0.789371089997425 0.0969927592926854 0.938025800409436 0.332716098815535 0 0 0 0 0 0
14.4172221003894 10.1697533407229 12.8380498162139 0.00133031296291935 -0.379483592830114 0.925197510286409 0.244699371046906 0.897194854857239 0.367646039318998 0 0 0 0 0 0
14.300697644203 10.5459730139406 13.1087018677252 0.705821850389345 -0.397257216116455 0.58651702426815 0.0868547998571867 0.870242343034221 0.484906700440484 0 0 0 0 0 0
14.1990425645748 10.7396913881898 13.5994406356888 0.996196579549502 -0.0427196125792916 -0.0759434631482385 0.0820544874207379 0.753173127681924 0.652684687143761 0 0 0 0 0 0
14.3208937613031 10.8405410408237 14.1129255288822 0.680998726224196 0.501005493186896 -0.534073244674903 0.0795685588021033 0.674380874422798 0.734083973849654 0 0 0 0 0 0
14.5672183668216 11.2287842718975 14.4526779540094 0.178242448364425 0.527485754187466 -0.830655409138071 0.176449570079187 0.813355737581908 0.554362691170195 0 0 0 0 0 0
14.855385668466 11.6651092479182 14.6851575103261 -0.279855483543889 0.452284402566462 -0.846829219810886 0.0167969159796695 0.88424675304525 0.466717841251547 0 0 0 0 0 0
15.1520842491079 12.1092487599694 14.6300278458639 -0.83751775085502 0.215222861537508 -0.502238127658939 0.115573900519939 0.968139222623908 0.222146616305047 0 0 0 0 0 0
15.1697804627504 12.5611832087012 14.5067758324562 -0.99539241774275 -0.00598549146182728 0.0956980072530444 0.0360303454698331 0.901558548643435 0.431154261921726 0 0 0 0 0 0
