t = 0
b = 13 13 13
E = -0.991307002545803 -0.991307002545803 0
12.9760884069957 3.92463910152484 1.16215567253019 -0.25663258707795 0.689467612135155 0.677328669898393 0.966236009821463 0.166363148459014 0.196751813610704 0 0 0 0 0 0
13.3315235118369 4.31608207647747 1.06663925653213 -0.221352918617073 0.145132946767195 0.964333610936783 0.966236009821463 0.166363148459014 0.196751813610704 0 0 0 0 0 0
13.6365012119145 4.7406081112123 1.19094271748991 -0.101977575550127 -0.454340151571093 0.884972090382106 0.966236009821463 0.166363148459014 0.196751813610704 0 0 0 0 0 0
13.9182331204367 5.06156729410066 1.51697559429598 0.0561407534424523 -0.881201830165275 0.46939487674695 0.966236009821463 0.166363148459014 0.196751813610704 0 0 0 0 0 0
14.2127623154725 5.18165649207579 1.95000704802604 0.192930271578902 -0.97328020057074 -0.124513298428203 0.966236009821463 0.166363148459014 0.196751813610704 0 0 0 0 0 0
14.5512699719854 5.07988643770652 2.35465569146158 0.2564223539204 -0.695593150402197 -0.671116789779147 0.966236009821463 0.166363148459014 0.196751813610704 0 0 0 0 0 0
14.9482291121427 4.8195559028162 2.60632324155025 0.222495296854406 -0.15363863269857 -0.96275179221863 0.966236009821463 0.166363148459014 0.196751813610704 0 0 0 0 0 0
15.3959060622188 4.52420343676799 2.63853149030965 0.104038556590434 0.4466857702682 -0.888621292442672 0.966236009821463 0.166363148459014 0.196751813610704 0 0 0 0 0 0
15.8672986045433 4.3306730061074 2.46817848749623 -0.05394417075415 0.877306780922263 -0.47688870671202 0.966236009821463 0.166363148459014 0.196751813610704 0 0 0 0 0 0
16.326394571447 4.33712468376255 2.18911868898249 -0.191432605730793 0.974624277716781 0.116021871852514 0.966236009821463 0.166363148459014 0.196751813610704 0 0 0 0 0 0
16.741853469851 4.56574199618983 1.93650607980816 -0.25619259320782 0.701665716557738 0.664853801518025 0.966236009821463 0.166363148459014 0.196751813610704 0 0 0 0 0 0
17.0989132585721 4.95430403078439 1.83544691560951 -0.223620731213457 0.162132618453228 0.961096656224055 0.966236009821463 0.166363148459014 0.196751813610704 0 0 0 0 0 0
17.4049986945769 5.37982420085687 1.95346976443809 -0.106091614691854 -0.438997372114487 0.892202822551381 0.966236009821463 0.166363148459014 0.196751813610704 0 0 0 0 0 0
17.6869005436745 5.70527490614278 2.27487027474046 0.0517434800083914 -0.873344921371253 0.484346219755725 0.966236009821463 0.166363148459014 0.196751813610704 0 0 0 0 0 0
17.9805973206681 5.83164660912228 2.70667752107612 0.189920361548598 -0.975894133450663 -0.107521609762086 0.966236009821463 0.166363148459014 0.196751813610704 0 0 0 0 0 0
18.3175864500525 5.73556321367515 3.11397521308334 0.255943322437378 -0.707684848152353 -0.65854018206583 0.966236009821463 0.166363148459014 0.196751813610704 0 0 0 0 0 0
18.7129178678399 5.47816303482435 3.37115864986766 0.224729135988044 -0.17061425718127 -0.959368328998071 0.966236009821463 0.166363148459014 0.196751813610704 0 0 0 0 0 0
19.1594762992468 5.1818713306807 3.4096540458703 0.108136593506065 0.43127554261124 -0.895716407960848 0.966236009821463 0.166363148459014 0.196751813610704 0 0 0 0 0 0
19.630684470546 4.98388890004539 3.24397085849451 -0.0495388487962972 0.869316553223189 -0.491766847959572 0.966236009821463 0.166363148459014 0.196751813610704 0 0 0 0 0 0
20.0906002597033 4.98406720507038 2.96618940265287 -0.188393654195563 0.977089671067954 0.0990131594847883 0.966236009821463 0.166363148459014 0.196751813610704 0 0 0 0 0 0
7.08145413295506 8.35736624600733 1.35698233402512 0.675397792871948 -0.25751965419992 -0.691029267892797 0.676051049478546 0.590554435246029 0.440681787132393 0 0 0 0 0 0
7.52558154548443 8.28911476426582 1.65156284729511 0.374351417420665 0.239859786688193 -0.895727804081705 0.676051049478546 0.590554435246029 0.440681787132393 0 0 0 0 0 0
8.05504237539383 8.27553932844709 1.74196217944057 -0.0689173203306594 0.646112484371684 -0.760124371729713 0.676051049478546 0.590554435246029 0.440681787132393 0 0 0 0 0 0
8.56879349996537 8.40924525377084 1.65909113713289 -0.486003215852216 0.806896246817703 -0.335736981955828 0.676051049478546 0.590554435246029 0.440681787132393 0 0 0 0 0 0
8.97176017619128 8.72688320394571 1.4996888392244 -0.718448364131064 0.661126634511852 0.216202500486074 0.676051049478546 0.590554435246029 0.440681787132393 0 0 0 0 0 0
9.2109565252075 9.19522499125994 1.38956990810453 -0.677942967060434 0.264183960307074 0.686003038280272 0.676051049478546 0.590554435246029 0.440681787132393 0 0 0 0 0 0
9.29561575355079 9.72378752063872 1.43582539114576 -0.379875702201585 -0.233126617338633 0.89517955247263 0.676051049478546 0.590554435246029 0.440681787132393 0 0 0 0 0 0
9.29368230362443 10.1992088302598 1.68613708134 0.0625126931066925 -0.641868495388205 0.764262388076654 0.676051049478546 0.590554435246029 0.440681787132393 0 0 0 0 0 0
9.3059986240587 10.5283161961608 2.11066240694386 0.481151471147245 -0.806753800570841 0.342989164664638 0.676051049478546 0.590554435246029 0.440681787132393 0 0 0 0 0 0
9.42799343748044 10.673524007837 2.61337212342519 0.716992760875352 -0.665139848712363 -0.208591376876501 0.676051049478546 0.590554435246029 0.440681787132393 0 0 0 0 0 0
9.71342677330392 10.6671131700707 3.06853342898419 0.680436513267217 -0.270828147782822 -0.680924566880414 0.676051049478546 0.590554435246029 0.440681787132393 0 0 0 0 0 0
10.1539656337366 10.5989670474956 3.36847795809748 0.385371057977035 0.226375694494576 -0.894563129474806 0.676051049478546 0.590554435246029 0.440681787132393 0 0 0 0 0 0
10.6823498389609 10.5824232716035 3.46450679369951 -0.0561033052991177 0.637575625633708 -0.76834220288378 0.676051049478546 0.590554435246029 0.440681787132393 0 0 0 0 0 0
11.197945293977 10.7112148796359 3.38539199997827 -0.476263084894892 0.80654991689859 -0.350215227420622 0.676051049478546 0.590554435246029 0.440681787132393 0 0 0 0 0 0
11.6049765638056 11.0238595666035 3.22644563414695 -0.71548255584495 0.669102409938201 0.200964368225984 0.676051049478546 0.590554435246029 0.440681787132393 0 0 0 0 0 0
11.8489135625167 11.4890261689699 3.11330910237611 -0.682878241599096 0.277451710646562 0.675794240438481 0.676051049478546 0.590554435246029 0.440681787132393 0 0 0 0 0 0
11.9371884445685 12.0174378975081 3.15421988897711 -0.390837066254395 -0.219607532264935 0.89387858203123 0.676051049478546 0.590554435246029 0.440681787132393 0 0 0 0 0 0
11.9363720050699 12.4957900821566 3.39889032647805 0.0496896450076316 -0.633234202026844 0.772363505457399 0.676051049478546 0.590554435246029 0.440681787132393 0 0 0 0 0 0
11.9468823217143 12.8297965105284 3.81962104935047 0.471338429364697 -0.806284611327483 0.357414619931124 0.676051049478546 0.590554435246029 0.440681787132393 0 0 0 0 0 0
12.064834248163 12.9800103363782 4.32182444608225 0.713917864047817 -0.673014016424987 -0.193322055360762 0.676051049478546 0.590554435246029 0.440681787132393 0 0 0 0 0 0
2.28351608147997 11.4383206593257 3.59525586109689 0.366616902979946 0.3829071610376 -0.847923435503182 0.338069369368199 0.79425600025141 0.504843052403042 0 0 0 0 0 0
2.76202032720017 11.6255644882255 3.75228623231547 -0.211278702158636 0.586786590141907 -0.781692271705303 0.338069369368199 0.79425600025141 0.504843052403042 0 0 0 0 0 0
3.19236358611542 11.9465663388114 3.73112982560285 -0.708905995955627 0.56773598310269 -0.418483144688747 0.338069369368199 0.79425600025141 0.504843052403042 0 0 0 0 0 0
3.46111170094682 12.3969836246094 3.61458017289083 -0.937208049612878 0.332992984043312 0.103714725660126 0.338069369368199 0.79425600025141 0.504843052403042 0 0 0 0 0 0
3.51622321137967 12.9233066715977 3.52167229515644 -0.809449095939214 -0.0282596169999186 0.586509637712976 0.338069369368199 0.79425600025141 0.504843052403042 0 0 0 0 0 0
3.38682077492383 13.4431879380016 3.56245930779326 -0.374166897451057 -0.37877591706928 0.846479732480451 0.338069369368199 0.79425600025141 0.504843052403042 0 0 0 0 0 0
3.17212698242085 13.8767272221915 3.79620140208353 0.203267561115678 -0.585388913448402 0.78485802449219 0.338069369368199 0.79425600025141 0.504843052403042 0 0 0 0 0 0
3.00376803687 14.1768270851415 4.20885190775239 0.703477274762176 -0.569602874427772 0.42505563087295 0.338069369368199 0.79425600025141 0.504843052403042 0 0 0 0 0 0
2.99576675823613 14.3470859549431 4.71839385785313 0.936424210213705 -0.337415180159824 -0.0962325034660961 0.338069369368199 0.79425600025141 0.504843052403042 0 0 0 0 0 0
3.20122340778511 14.4404310238105 5.20599960576081 0.813607932027161 0.022962182331817 -0.580960300816714 0.338069369368199 0.79425600025141 0.504843052403042 0 0 0 0 0 0
3.5921420110399 14.5390103228629 5.56117543481738 0.381688397664281 0.374615827848385 -0.844971566748812 0.338069369368199 0.79425600025141 0.504843052403042 0 0 0 0 0 0
4.07006649655209 14.7229833116607 5.72373996864649 -0.195240940460958 0.583946657122714 -0.787964007301811 0.338069369368199 0.79425600025141 0.504843052403042 0 0 0 0 0 0
4.50348580354295 15.0400669593235 5.70668808221783 -0.69799498105063 0.571426388288659 -0.431595747425192 0.338069369368199 0.79425600025141 0.504843052403042 0 0 0 0 0 0
4.77779713264087 15.4874072701766 5.59125393158342 -0.935569058485411 0.34181168080401 0.0887429527943475 0.338069369368199 0.79425600025141 0.504843052403042 0 0 0 0 0 0
4.83884546541932 16.0126635644242 5.49604873983078 -0.817704808721073 -0.0176629990046292 0.575366721544266 0.338069369368199 0.79425600025141 0.504843052403042 0 0 0 0 0 0
4.71349796132068 16.5338935774929 5.53199841035809 -0.389180830828256 -0.370427210181815 0.843399053160926 0.338069369368199 0.79425600025141 0.504843052403042 0 0 0 0 0 0
4.49943667458915 16.9706846963451 5.76020092159103 0.187199451452716 -0.582459930998244 0.791009983601549 0.338069369368199 0.79425600025141 0.504843052403042 0 0 0 0 0 0
4.32804750870651 17.2747040555992 6.16871418347511 0.692459532318878 -0.573206385817712 0.438102996290276 0.338069369368199 0.79425600025141 0.504843052403042 0 0 0 0 0 0
4.31450451500422 17.4480610011701 6.67709303714848 0.93464265955111 -0.346182151165325 -0.0812466440031613 0.338069369368199 0.79425600025141 0.504843052403042 0 0 0 0 0 0
4.51401334495519 17.5425057144903 7.1669517157649 0.821739414027927 0.0123624705716821 -0.569729325868349 0.338069369368199 0.79425600025141 0.504843052403042 0 0 0 0 0 0
7.324186289253 12.0262194283813 -0.368981539026616 0.523656756339201 -0.219339132673125 0.823209539800474 0.192080139293502 0.97180536199719 0.136746328954379 0 0 0 0 0 0
7.16672471531943 12.41043155317 -0.0279947386691509 0.910868885403246 -0.228403286449459 0.343729271874444 0.192080139293502 0.97180536199719 0.136746328954379 0 0 0 0 0 0
7.21689573247407 12.7425791416259 0.391345160027551 0.952026695986956 -0.150693213004337 -0.266339493283646 0.192080139293502 0.97180536199719 0.136746328954379 0 0 0 0 0 0
7.4840812649345 13.0403762074359 0.749972962849862 0.631493647727685 -0.0157322684827023 -0.775221431984418 0.192080139293502 0.97180536199719 0.136746328954379 0 0 0 0 0 0
7.89521579426442 13.3345871021503 0.931889015858947 0.0710456046859106 0.125205627865013 -0.989583787663147 0.192080139293502 0.97180536199719 0.136746328954379 0 0 0 0 0 0
8.32254517141796 13.657338623676 0.88822941333292 -0.516393851395208 0.218575812860344 -0.827986717450023 0.192080139293502 0.97180536199719 0.136746328954379 0 0 0 0 0 0
8.6321625538976 14.0299145086208 0.655830212511521 -0.907646649686504 0.22890539215732 -0.351823650077945 0.192080139293502 0.97180536199719 0.136746328954379 0 0 0 0 0 0
8.73488185402206 14.4546693849104 0.343232799584708 -0.954069310719165 0.152269985879664 0.25800310413649 0.192080139293502 0.97180536199719 0.136746328954379 0 0 0 0 0 0
8.62012102474826 14.9141342092724 0.0894472023638864 -0.638025089421381 0.0177846661479215 0.769810165507605 0.192080139293502 0.97180536199719 0.136746328954379 0 0 0 0 0 0
8.35992235626536 15.3776530488424 0.0111398565926349 -0.0795844694417768 -0.123457345597177 0.98915347446277 0.192080139293502 0.97180536199719 0.136746328954379 0 0 0 0 0 0
8.08158240546908 15.813029782599 0.15831007644893 0.50909162106013 -0.217795847653164 0.832700840705357 0.192080139293502 0.97180536199719 0.136746328954379 0 0 0 0 0 0
7.91928990571204 16.1987599460301 0.495294479144981 0.904355293163292 -0.229390065833325 0.359891235548352 0.192080139293502 0.97180536199719 0.136746328954379 0 0 0 0 0 0
7.96314522348716 16.5322006367367 0.914316100308273 0.956039269379533 -0.153835162806028 -0.249647067054055 0.192080139293502 0.97180536199719 0.136746328954379 0 0 0 0 0 0
8.22492972279917 16.8305745972412 1.27643066468144 0.644507943034302 -0.0198357094419574 -0.764340275006248 0.192080139293502 0.97180536199719 0.136746328954379 0 0 0 0 0 0
8.63362982800531 17.1244270071543 1.46431383931692 0.0881172735321712 0.12169966157449 -0.988647833395649 0.192080139293502 0.97180536199719 0.136746328954379 0 0 0 0 0 0
9.06241626848573 17.4460208587526 1.42683470922203 -0.501750621427081 0.216999296448953 -0.837351550567739 0.192080139293502 0.97180536199719 0.136746328954379 0 0 0 0 0 0
9.37682863902423 17.8170797068043 1.19848126682791 -0.900995066483151 0.229857270567698 -0.367931413907796 0.192080139293502 0.97180536199719 0.136746328954379 0 0 0 0 0 0
9.48585915580805 18.2405345269144 0.88625784705653 -0.957936421948081 0.155388624589149 0.241272018380915 0.192080139293502 0.97180536199719 0.136746328954379 0 0 0 0 0 0
9.3765280350673 18.6994101888889 0.629032391466715 -0.650941714872048 0.0218852421699222 0.758812177033685 0.192080139293502 0.97180536199719 0.136746328954379 0 0 0 0 0 0
9.11881472993955 19.1632745925047 0.544778195507788 -0.0966433671510264 -0.119932709651394 0.988066902968309 0.192080139293502 0.97180536199719 0.136746328954379 0 0 0 0 0 0
1.71178573320714 3.42092369651727 7.34390017918218 0.763588961694997 -0.440499245645474 0.472114723518897 0.0623964692016245 0.778080921852441 0.625057405108064 0 0 0 0 0 0
1.59702547881093 3.51642822754599 7.86003395126289 0.995389095665466 -0.0942283946539495 0.0179320347764854 0.0623964692016245 0.778080921852441 0.625057405108064 0 0 0 0 0 0
1.70916420009163 3.59045339304844 8.38025533123513 0.849024270174426 0.287841398881355 -0.443063333785147 0.0623964692016245 0.778080921852441 0.625057405108064 0 0 0 0 0 0
2.01483803047318 3.73009201448284 8.79948041033004 0.380100929515307 0.560555432530081 -0.735731534217892 0.0623964692016245 0.778080921852441 0.625057405108064 0 0 0 0 0 0
2.40715587969763 3.99750926440037 9.05099546305016 -0.233229109215324 0.620305085373584 -0.748883024025981 0.0623964692016245 0.778080921852441 0.625057405108064 0 0 0 0 0 0
2.74630914613789 4.40632507804674 9.13180260687992 -0.757951509972292 0.444390465335694 -0.477521332350136 0.0623964692016245 0.778080921852441 0.625057405108064 0 0 0 0 0 0
2.91268734203098 4.91643971224914 9.10375874797523 -0.994715459817323 0.0996444777044081 -0.0247413027835513 0.0623964692016245 0.778080921852441 0.625057405108064 0 0 0 0 0 0
2.85232011755995 5.44926830827958 9.07007510832255 -0.853570375722146 -0.282958112973607 0.437438361363028 0.0623964692016245 0.778080921852441 0.625057405108064 0 0 0 0 0 0
2.59738149908543 5.9175965935544 9.13610555690658 -0.388139634954479 -0.558060185725583 0.733427878448407 0.0623964692016245 0.778080921852441 0.625057405108064 0 0 0 0 0 0
2.2539664386102 6.25871504193368 9.36932091346027 0.224751842481028 -0.621145863651667 0.750775882251027 0.0623964692016245 0.778080921852441 0.625057405108064 0 0 0 0 0 0
1.96178356770035 6.45824327114919 9.77367565599629 0.752256337307573 -0.448247842971451 0.482891576083117 0.0623964692016245 0.778080921852441 0.625057405108064 0 0 0 0 0 0
1.84107755254954 6.55559339045521 10.2881055484946 0.993966072535717 -0.1050529724421 0.0315486866446203 0.0623964692016245 0.778080921852441 0.625057405108064 0 0 0 0 0 0
1.94694613490843 6.62899668138756 10.8097269651063 0.858051478581022 0.278053278710039 -0.431780076316079 0.0623964692016245 0.778080921852441 0.625057405108064 0 0 0 0 0 0
2.2484075788085 6.76578222595082 11.2329240997358 0.396148782057706 0.555522440477325 -0.731068369306396 0.0623964692016245 0.778080921852441 0.625057405108064 0 0 0 0 0 0
2.64017115004345 7.02919912830042 11.4894741765787 -0.216257460023765 0.621939339267369 -0.752611565985893 0.0623964692016245 0.778080921852441 0.625057405108064 0 0 0 0 0 0
2.98263882646144 7.43438712260538 11.5744664232743 -0.74650387741029 0.452071084798504 -0.488225045752988 0.0623964692016245 0.778080921852441 0.625057405108064 0 0 0 0 0 0
3.15494092053498 7.94262473491458 11.5481677554284 -0.993140990889392 0.110453466989212 -0.0383536679510556 0.0623964692016245 0.778080921852441 0.625057405108064 0 0 0 0 0 0
3.10085649448606 8.47604021849941 11.5131263677662 -0.862467237497723 -0.273127269612771 0.426088909544615 0.0623964692016245 0.778080921852441 0.625057405108064 0 0 0 0 0 0
2.85017263451195 8.94719633238203 11.5752119604417 -0.404127760897427 -0.552942390044431 0.728653186477617 0.0623964692016245 0.778080921852441 0.625057405108064 0 0 0 0 0 0
2.50736783872539 9.29230921105568 11.8033940699018 0.207746608723647 -0.62268545179445 0.754389935436155 0.0623964692016245 0.778080921852441 0.625057405108064 0 0 0 0 0 0
4.97967664366033 9.76207344024667 7.87134831135781 -0.00158567851022782 0.844966856663457 -0.534816320584871 0.804523700717878 0.318716008123379 0.501160374679711 0 0 0 0 0 0
5.50202377998108 9.83150189244205 7.76638040520728 -0.349541814691802 0.93629220517432 -0.0343136461450965 0.804523700717878 0.318716008123379 0.501160374679711 0 0 0 0 0 0
5.94469284864449 10.1143581822674 7.6535907023383 -0.564701171444467 0.67190449096858 0.47922535615877 0.804523700717878 0.318716008123379 0.501160374679711 0 0 0 0 0 0
6.25863826750878 10.5503751219505 7.65004043448456 -0.565321111865276 0.152249026999852 0.810698633437239 0.804523700717878 0.318716008123379 0.501160374679711 0 0 0 0 0 0
6.44371872113552 11.0210972321288 7.83128894563151 -0.351166110223512 -0.425248387794108 0.834173945714562 0.804523700717878 0.318716008123379 0.501160374679711 0 0 0 0 0 0
6.54875084888736 11.394883958929 8.20268743395141 -0.00359723212356971 -0.84118683029119 0.540732629370293 0.804523700717878 0.318716008123379 0.501160374679711 0 0 0 0 0 0
6.65296298746345 11.5769221212963 8.69734594215045 0.345338294602631 -0.937544332066842 0.0418579465608 0.804523700717878 0.318716008123379 0.501160374679711 0 0 0 0 0 0
6.83589500116029 11.5452470236691 9.20154597058509 0.563074029460907 -0.677713067184975 -0.472919269974687 0.804523700717878 0.318716008123379 0.501160374679711 0 0 0 0 0 0
7.14717975758989 11.3590872110528 9.59794403654856 0.566888526431244 -0.160407277321297 -0.808026549058248 0.804523700717878 0.318716008123379 0.501160374679711 0 0 0 0 0 0
7.58768677145667 11.1363625545238 9.81015242522962 0.355332594339623 0.417839919063401 -0.83615103267111 0.804523700717878 0.318716008123379 0.501160374679711 0 0 0 0 0 0
8.10919186138372 11.0088845206928 9.83176015970377 0.00877986881421378 0.837342744285009 -0.546607759272457 0.804523700717878 0.318716008123379 0.501160374679711 0 0 0 0 0 0
8.63269832268323 11.0722787917685 9.72876863825273 -0.341108475665294 0.938725061328626 -0.0493990593318132 0.804523700717878 0.318716008123379 0.501160374679711 0 0 0 0 0 0
9.07844909622184 11.3496554701111 9.61451659967265 -0.561404007209973 0.683470032927432 0.466577169157214 0.804523700717878 0.318716008123379 0.501160374679711 0 0 0 0 0 0
9.39622780865234 11.782829163965 9.60662084148283 -0.568412770241126 0.168553312007533 0.805292930329145 0.804523700717878 0.318716008123379 0.501160374679711 0 0 0 0 0 0
9.58443681222124 12.2544245905945 9.78229163210012 -0.359472018502949 -0.410399630205124 0.83806444348923 0.804523700717878 0.318716008123379 0.501160374679711 0 0 0 0 0 0
9.69070415786159 12.6324694086055 10.1489992389805 -0.013961836883855 -0.833434891386946 0.552441262877474 0.804523700717878 0.318716008123379 0.501160374679711 0 0 0 0 0 0
9.79378890234495 12.8205327169008 10.6416358491164 0.33685267999688 -0.939834303042567 0.056936410173202 0.804523700717878 0.318716008123379 0.501160374679711 0 0 0 0 0 0
9.97365922583269 12.7943607662455 11.1472511157428 0.559691231870326 -0.689174949780719 -0.460199536681883 0.804523700717878 0.318716008123379 0.501160374679711 0 0 0 0 0 0
10.281111183236 12.6110913641029 11.5479638835024 0.569893727217855 -0.176686510706478 -0.802497985425578 0.804523700717878 0.318716008123379 0.501160374679711 0 0 0 0 0 0
10.7184704336903 12.3875462662853 11.7657472102335 0.363584067480314 0.40292808782608 -0.83991403245528 0.804523700717878 0.318716008123379 0.501160374679711 0 0 0 0 0 0
12.8348098694023 8.72132847748528 5.04763007180464 -0.152618164155624 0.549633503816185 -0.821346886189088 0.211399632089722 0.830002840040166 0.516144825681309 0 0 0 0 0 0
13.2394650374362 9.07410349971386 5.06974524291909 -0.68971723725084 0.500848927935742 -0.522915369849353 0.211399632089722 0.830002840040166 0.516144825681309 0 0 0 0 0 0
13.4868991395368 9.54104705082464 4.97266183902281 -0.964781200457201 0.261783470584989 -0.0258195618250922 0.211399632089722 0.830002840040166 0.516144825681309 0 0 0 0 0 0
13.5144113366363 10.0676641522923 4.8696928651961 -0.873308655328391 -0.076737904027225 0.481085529416575 0.211399632089722 0.830002840040166 0.516144825681309 0 0 0 0 0 0
13.342852798275 10.5767888461224 4.87638735293727 -0.450051551098243 -0.38610526591016 0.805218184711765 0.211399632089722 0.830002840040166 0.516144825681309 0 0 0 0 0 0
13.06870499468 10.9979008324394 5.06663135121971 0.144187661854799 -0.548784781938028 0.823434989104833 0.211399632089722 0.830002840040166 0.516144825681309 0 0 0 0 0 0
12.8274247731416 11.2939173104461 5.44457738117802 0.683647571380054 -0.502971784115377 0.528815074038126 0.211399632089722 0.830002840040166 0.516144825681309 0 0 0 0 0 0
12.7419820370103 11.4752813544378 5.94306682390251 0.963378338560167 -0.266071396267509 0.0332894710277837 0.211399632089722 0.830002840040166 0.516144825681309 0 0 0 0 0 0
12.8761414234666 11.5959944152782 6.44914460259524 0.877105568094393 0.0719139634989034 -0.474883358596288 0.211399632089722 0.830002840040166 0.516144825681309 0 0 0 0 0 0
13.2102370517681 11.7331002663611 6.84697270475371 0.45760572788648 0.382578006194731 -0.802640060663277 0.211399632089722 0.830002840040166 0.516144825681309 0 0 0 0 0 0
13.64864392014 11.9574147859938 7.06183897982889 -0.135746179105279 0.54789426797402 -0.8254603842581 0.211399632089722 0.830002840040166 0.516144825681309 0 0 0 0 0 0
14.0561074427135 12.3066218212507 7.08854153433929 -0.677525843099858 0.505056337046317 -0.53467450691162 0.211399632089722 0.830002840040166 0.516144825681309 0 0 0 0 0 0
14.309128928034 12.770956464429 6.99336501817563 -0.961902111672781 0.270339059583066 -0.040756845108371 0.211399632089722 0.830002840040166 0.516144825681309 0 0 0 0 0 0
14.3428847967325 13.2969149047455 6.88889797788709 -0.880835685875532 -0.067084546443835 0.468645023569659 0.211399632089722 0.830002840040166 0.516144825681309 0 0 0 0 0 0
14.1758541431201 13.8075814205893 6.8912585854672 -0.465125056226846 -0.379021611682919 0.800000812466622 0.211399632089722 0.830002840040166 0.516144825681309 0 0 0 0 0 0
13.9027982183055 14.231849948124 7.07597940342113 0.127294358758657 -0.546962029740247 0.827422917407206 0.211399632089722 0.830002840040166 0.516144825681309 0 0 0 0 0 0
13.6587590465754 14.5314384637692 7.44931130143294 0.671352518603562 -0.507102427981786 0.540493222251336 0.211399632089722 0.830002840040166 0.516144825681309 0 0 0 0 0 0
13.5677547025851 14.715432965 7.94584864646358 0.960352632215436 -0.274586135532576 0.0482211153974069 0.211399632089722 0.830002840040166 0.516144825681309 0 0 0 0 0 0
13.6956627713258 14.8368355479963 8.45337799626634 0.884498724608897 0.0622500206408266 -0.462370999410053 0.211399632089722 0.830002840040166 0.516144825681309 0 0 0 0 0 0
14.0251923521719 14.9724280251564 8.85550986220505 0.472608963493375 0.375436353207936 -0.797300641110769 0.211399632089722 0.830002840040166 0.516144825681309 0 0 0 0 0 0
5.02832091210028 1.99326063466836 3.97753138517239 -0.184913638631196 0.982379843416701 0.0271438666506646 0.714814309944662 0.115492472723649 0.689711527410202 0 0 0 0 0 0
5.5231315238762 2.20193896331201 3.99487830843818 -0.545251214371007 0.709607088868663 0.44627221810716 0.714814309944662 0.115492472723649 0.689711527410202 0 0 0 0 0 0
5.8936521041799 2.57237225019109 4.11395299786348 -0.69843873765711 0.167242737261573 0.695854292631151 0.714814309944662 0.115492472723649 0.689711527410202 0 0 0 0 0 0
6.10496355225825 2.98092852429125 4.39164769518913 -0.586277707234305 -0.438659926380643 0.681069687321214 0.714814309944662 0.115492472723649 0.689711527410202 0 0 0 0 0 0
6.18263297852529 3.28949225437049 4.82459224916954 -0.251379973792644 -0.877908349987989 0.407535320920011 0.714814309944662 0.115492472723649 0.689711527410202 0 0 0 0 0 0
6.20300033185662 3.39793674844654 5.35043449237678 0.179021214541876 -0.983624713590022 -0.0208285275259141 0.714814309944662 0.115492472723649 0.689711527410202 0 0 0 0 0 0
6.26417557667567 3.28216395810994 5.87152887207912 0.541409250396844 -0.715645603170987 -0.441279270130335 0.714814309944662 0.115492472723649 0.689711527410202 0 0 0 0 0 0
6.44876507715815 3.00325973001271 6.29203362827038 0.698106860146101 -0.175780763150873 -0.694080640216286 0.714814309944662 0.115492472723649 0.689711527410202 0 0 0 0 0 0
6.7924880583769 2.68428627142427 6.55432268068506 0.589582002001578 0.430866127687893 -0.683189170674602 0.714814309944662 0.115492472723649 0.689711527410202 0 0 0 0 0 0
7.27060627550313 2.46352876019952 6.66087874014789 0.25706508401125 0.873819772920531 -0.41274271287983 0.714814309944662 0.115492472723649 0.689711527410202 0 0 0 0 0 0
7.80732248661829 2.44195849370678 6.67335008522279 -0.173115157293961 0.984794676933146 0.0145116022281516 0.714814309944662 0.115492472723649 0.689711527410202 0 0 0 0 0 0
8.30457709218122 2.64487220480756 6.6891293504822 -0.537526056012113 0.721629618289896 0.436252717028607 0.714814309944662 0.115492472723649 0.689711527410202 0 0 0 0 0 0
8.6793026163629 3.01228141010363 6.804352436315 -0.697721819094861 0.184305402654496 0.692254130873426 0.714814309944662 0.115492472723649 0.689711527410202 0 0 0 0 0 0
8.89498242992807 3.42170303773397 7.0773748730622 -0.59284139781674 -0.423039516871354 0.68525662652757 0.714814309944662 0.115492472723649 0.689711527410202 0 0 0 0 0 0
8.97552402820712 3.73469279418252 7.50660157938799 -0.26273061772844 -0.869664651094234 0.417918672884064 0.714814309944662 0.115492472723649 0.689711527410202 0 0 0 0 0 0
8.99617617390815 3.84944246605011 8.03109286034754 0.167195916656574 -0.985889644348833 -0.00819357181569537 0.714814309944662 0.115492472723649 0.689711527410202 0 0 0 0 0 0
9.05494063407187 3.73945856246732 8.55371641635388 0.5336019269371 -0.727558678519469 -0.431192941593457 0.714814309944662 0.115492472723649 0.689711527410202 0 0 0 0 0 0
9.23533967027071 3.46362763522336 8.9780495277565 0.697283643825758 -0.192816006588139 -0.690374903698328 0.714814309944662 0.115492472723649 0.689711527410202 0 0 0 0 0 0
9.57468453501969 3.14384429321066 9.2450116581384 0.596055646464179 0.415180689957742 -0.687271897435348 0.714814309944662 0.115492472723649 0.689711527410202 0 0 0 0 0 0
10.0499003031351 2.9187014025375 9.35531013787487 0.268376143491887 0.865443300937712 -0.42306280676332 0.714814309944662 0.115492472723649 0.689711527410202 0 0 0 0 0 0
3.58872815137393 2.94604555692912 6.43043520494159 0.118369289758628 -0.620114409451493 0.775530031934718 0.516335169741385 0.705564893228795 0.485361899958346 0 0 0 0 0 0
3.50506266873029 3.27103991243701 6.85003484509917 0.593225544102357 -0.7034333565237 0.391490698170805 0.516335169741385 0.705564893228795 0.485361899958346 0 0 0 0 0 0
3.55662296753065 3.43568661219177 7.35887480222307 0.842705496039419 -0.519506210674008 -0.141282497203621 0.516335169741385 0.705564893228795 0.485361899958346 0 0 0 0 0 0
3.80027801066896 3.48191185487709 7.83550940966393 0.772027540746561 -0.138209969708605 -0.620380109773004 0.516335169741385 0.705564893228795 0.485361899958346 0 0 0 0 0 0
4.21991675601233 3.49663213061856 8.17072835156176 0.408043415111937 0.295594549496563 -0.863784946437313 0.516335169741385 0.705564893228795 0.485361899958346 0 0 0 0 0 0
4.73256901066958 3.57873319321867 8.30904748774016 -0.110963226045804 0.617097757270669 -0.779023440235927 0.516335169741385 0.705564893228795 0.485361899958346 0 0 0 0 0 0
5.21992719445821 3.80150170900563 8.26978820620478 -0.587813082422539 0.704155209733346 -0.398297904511562 0.516335169741385 0.705564893228795 0.485361899958346 0 0 0 0 0 0
5.57329336761307 4.18478242700758 8.13973690480353 -0.841342921076302 0.523692325171037 0.133747664322589 0.516335169741385 0.705564893228795 0.485361899958346 0 0 0 0 0 0
5.73487539543569 4.68743882701028 8.04017338769299 -0.775232517509673 0.144269970607494 0.61498025933889 0.516335169741385 0.705564893228795 0.485361899958346 0 0 0 0 0 0
5.71974314649925 5.22298157135241 8.08079464004913 -0.414598319344617 -0.289962957855114 0.862571571910721 0.516335169741385 0.705564893228795 0.485361899958346 0 0 0 0 0 0
5.61010319762285 5.69242725032777 8.31803910936317 0.103548712053706 -0.614034110706438 0.782457522886049 0.516335169741385 0.705564893228795 0.485361899958346 0 0 0 0 0 0
5.52406718091726 6.02190383444699 8.73364479563914 0.582355856500683 -0.704823438797523 0.405074778924818 0.516335169741385 0.705564893228795 0.485361899958346 0 0 0 0 0 0
5.57077920002486 6.19071589351502 9.24158729051673 0.839916274592354 -0.527838558469947 -0.126202646039095 0.516335169741385 0.705564893228795 0.485361899958346 0 0 0 0 0 0
5.80895016035378 6.23920713657135 9.72076188825873 0.778378457315141 -0.150318984789558 -0.609533575777034 0.516335169741385 0.705564893228795 0.485361899958346 0 0 0 0 0 0
6.22455251451941 6.25343316231511 10.0609932882234 0.421121650310096 0.284309284411787 -0.861292509219347 0.516335169741385 0.705564893228795 0.485361899958346 0 0 0 0 0 0
6.73614956212383 6.33246749838635 10.2048930336108 -0.0961263124262797 0.610923703067347 -0.785832018366397 0.516335169741385 0.705564893228795 0.485361899958346 0 0 0 0 0 0
7.22583461378606 6.55076191179452 10.1696623456854 -0.576854281925673 0.705437992828001 -0.411820805325347 0.516335169741385 0.705564893228795 0.485361899958346 0 0 0 0 0 0
7.58402571373259 6.92986093786448 10.0405570922282 -0.838425665232228 0.53194459481902 0.118648016935491 0.516335169741385 0.705564893228795 0.485361899958346 0 0 0 0 0 0
7.75109765690833 7.43021675106109 9.93849765796461 -0.781465120587471 0.156356551598945 0.604040473873478 0.516335169741385 0.705564893228795 0.485361899958346 0 0 0 0 0 0
7.74003460125733 7.96621404511445 9.97412926872667 -0.427612911231465 -0.278633959715705 0.859947855768766 0.516335169741385 0.705564893228795 0.485361899958346 0 0 0 0 0 0
3.67221592852197 4.16663610412923 10.8811191304921 -0.737479629761803 0.278077365556363 0.615464681725626 0.66570858480577 0.452893919396266 0.593059168961906 0 0 0 0 0 0
3.80758424853246 4.67287701015893 10.9997811088935 -0.530646031948187 -0.271455432668062 0.802948775983025 0.66570858480577 0.452893919396266 0.593059168961906 0 0 0 0 0 0
3.82199178886356 5.11723964177059 11.301475286045 -0.122211134668921 -0.717857773529083 0.685379205656842 0.66570858480577 0.452893919396266 0.593059168961906 0 0 0 0 0 0
3.80854129720149 5.39796657131886 11.7594016746915 0.332653815932278 -0.891533944284468 0.307422616172384 0.66570858480577 0.452893919396266 0.593059168961906 0 0 0 0 0 0
3.87091925334816 5.47546831021534 12.2874050583675 0.661138020185594 -0.72650146395352 -0.18732896502801 0.66570858480577 0.452893919396266 0.593059168961906 0 0 0 0 0 0
4.08400364199887 5.38736401754421 12.7727067985711 0.73844483693217 -0.285458931009895 -0.610911140440988 0.66570858480577 0.452893919396266 0.593059168961906 0 0 0 0 0 0
4.46541655446347 5.2341893525674 13.1187513250888 0.535204113988933 0.264034222443202 -0.80239795971085 0.66570858480577 0.452893919396266 0.593059168961906 0 0 0 0 0 0
4.96882926155207 5.14120129690436 13.281889211443 0.128630400005698 0.713216360373339 -0.689040378708085 0.66570858480577 0.452893919396266 0.593059168961906 0 0 0 0 0 0
5.50156327236933 5.21079093302981 13.2879603217899 -0.326812153525304 0.891435678655997 -0.31390483769333 0.66570858480577 0.452893919396266 0.593059168961906 0 0 0 0 0 0
5.95980044250733 5.48358336015396 13.2224768145076 -0.658093305924219 0.730983678607491 0.180488399370133 0.66570858480577 0.452893919396266 0.593059168961906 0 0 0 0 0 0
6.26802522285298 5.92300353981713 13.1981356435409 -0.739353808669199 0.292818757660632 0.606311075907767 0.66570858480577 0.452893919396266 0.593059168961906 0 0 0 0 0 0
6.40771427924868 6.42917176450258 13.3120031014049 -0.539721438164271 -0.256592904990054 0.801786037727433 0.66570858480577 0.452893919396266 0.593059168961906 0 0 0 0 0 0
6.42437381683247 6.87684962842185 13.6086377117971 -0.135039869639502 -0.708520633030423 0.692649078666763 0.66570858480577 0.452893919396266 0.593059168961906 0 0 0 0 0 0
6.41025101188291 7.1630201917482 14.0631617014656 0.320945603107534 -0.891269526749262 0.320363154145554 0.66570858480577 0.452893919396266 0.593059168961906 0 0 0 0 0 0
6.46928776726027 7.24602583840822 14.5907124822018 0.654998475309686 -0.735410226024217 -0.173634088821854 0.66570858480577 0.452893919396266 0.593059168961906 0 0 0 0 0 0
6.67763144569404 7.1613947009063 15.0786833669277 0.740206475751173 -0.30015628502928 -0.601664838438686 0.66570858480577 0.452893919396266 0.593059168961906 0 0 0 0 0 0
7.05470521356591 7.00834292878753 15.4295047328001 0.544197660462476 0.24913204699375 -0.801113056633002 0.66570858480577 0.452893919396266 0.593059168961906 0 0 0 0 0 0
7.55582885526341 6.91208081461994 15.597712352206 0.141439055464405 0.703770949098153 -0.696205030716399 0.66570858480577 0.452893919396266 0.593059168961906 0 0 0 0 0 0
8.08919353410441 6.97624331044345 15.6072200129539 -0.315054611439496 0.891035501217375 -0.326797073703254 0.66570858480577 0.452893919396266 0.593059168961906 0 0 0 0 0 0
8.55074150435457 7.24351737680593 15.5422342704685 -0.651853764025329 0.739780769104976 0.16676655536546 0.66570858480577 0.452893919396266 0.593059168961906 0 0 0 0 0 0
