t = 0
b =  13.0 13.0 13.0
E = 0. 0. 0.
3.261576118740949 4.5924366014363045 9.005443834027133 -0.2565126796140568 0.8689388968345709 0.4232569417802087 0.9648131487448923 0.20402599212285807 0.165858320705504 0.0 0.0 0.0 0.0 0.0 0.0
3.628711604744262 4.929635890955129 8.8049612258451 -0.2416579437494521 0.4394763363208629 0.8651369764590913 0.9648131487448923 0.20402599212285807 0.165858320705504 0.0 0.0 0.0 0.0 0.0 0.0
3.9407611548661095 5.3670138251664365 8.801686618668489 -0.13499331474907136 -0.15695063201365053 0.9783370094622679 0.9648131487448923 0.20402599212285807 0.165858320705504 0.0 0.0 0.0 0.0 0.0 0.0
4.222038974643335 5.768614857871774 9.021423963582222 0.022957531492345196 -0.6937494311715467 0.7198504556482082 0.9648131487448923 0.20402599212285807 0.165858320705504 0.0 0.0 0.0 0.0 0.0 0.0
4.508549964446601 6.0120756859127 9.40525124251109 0.172186427690362 -0.9669812225554246 0.18788067847558867 0.9648131487448923 0.20402599212285807 0.165858320705504 0.0 0.0 0.0 0.0 0.0 0.0
4.834310855859739 6.03511311384601 9.831905928010142 0.2559988212052593 -0.8728406804266083 -0.4154681096473381 0.9648131487448923 0.20402599212285807 0.165858320705504 0.0 0.0 0.0 0.0 0.0 0.0
5.21842668662163 5.859186481212102 10.163854644842361 0.24255298247223456 -0.4470933706857646 -0.8609736166588758 0.9648131487448923 0.20402599212285807 0.165858320705504 0.0 0.0 0.0 0.0 0.0 0.0
5.6578324773700075 5.581344900662563 10.299544398666615 0.13695721042839923 0.14851218558113408 -0.9793808519904733 0.9648131487448923 0.20402599212285807 0.165858320705504 0.0 0.0 0.0 0.0 0.0 0.0
6.128457668544903 5.337356677489185 10.21198425646338 -0.020670895659633353 0.6876954795544292 -0.7257049272762528 0.9648131487448923 0.20402599212285807 0.165858320705504 0.0 0.0 0.0 0.0 0.0 0.0
6.594370928403775 5.250128660518609 9.958999653253183 -0.17044578288762582 0.9656117631897223 -0.1963215675504326 0.9648131487448923 0.20402599212285807 0.165858320705504 0.0 0.0 0.0 0.0 0.0 0.0
7.021431066690328 5.383011875350147 9.6612635425426 -0.2554654674950875 0.8766759938214911 0.4076476380093676 0.9648131487448923 0.20402599212285807 0.165858320705504 0.0 0.0 0.0 0.0 0.0 0.0
7.390257843623143 5.715733410557943 9.456450723742902 -0.2434295498463199 0.454676357159496 0.8567446903843569 0.9648131487448923 0.20402599212285807 0.165858320705504 0.0 0.0 0.0 0.0 0.0 0.0
7.703594847008969 6.152098435686659 9.44693288407383 -0.1389106762859018 -0.1400624293706974 0.9803501108749724 0.9648131487448923 0.20402599212285807 0.165858320705504 0.0 0.0 0.0 0.0 0.0 0.0
7.985267157364592 6.556536225633253 9.660885883025466 0.01838268565818617 -0.6815891572640222 0.7315041336644045 0.9648131487448923 0.20402599212285807 0.165858320705504 0.0 0.0 0.0 0.0 0.0 0.0
8.27112980149441 6.8056057457352805 10.041585272262715 0.1686921579786148 -0.964168768749735 0.20474750597781774 0.9648131487448923 0.20402599212285807 0.165858320705504 0.0 0.0 0.0 0.0 0.0 0.0
8.595445828343362 6.834892964663192 10.468956861929996 0.2549126591004908 -0.8804445449452553 -0.3997961224254906 0.9648131487448923 0.20402599212285807 0.165858320705504 0.0 0.0 0.0 0.0 0.0 0.0
8.977869203855107 6.663482821867605 10.805194912910784 0.2442875791177083 -0.4622247182682789 -0.8524505196846432 0.9648131487448923 0.20402599212285807 0.165858320705504 0.0 0.0 0.0 0.0 0.0 0.0
9.415977940713253 6.3867085399988435 10.947116841107063 0.14085356355759032 0.13160200686399023 -0.9812447123029489 0.9648131487448923 0.20402599212285807 0.165858320705504 0.0 0.0 0.0 0.0 0.0 0.0
9.886194251816317 6.139932939735591 10.865364006258977 -0.016093075744055003 0.6754309293204099 -0.7372476331806445 0.9648131487448923 0.20402599212285807 0.165858320705504 0.0 0.0 0.0 0.0 0.0 0.0
10.352742145797153 6.04712184106339 10.615555550229832 -0.16692568650865588 0.9626523491250766 -0.2131578520899106 0.9648131487448923 0.20402599212285807 0.165858320705504 0.0 0.0 0.0 0.0 0.0 0.0
7.825335499972365 9.318746156078273 1.8994456165039355 0.22473728730507825 -0.9698022212839982 0.09474599351623153 0.8651168775226914 0.24332698648682585 0.4385940787021967 0.0 0.0 0.0 0.0 0.0 0.0
8.030381415206946 9.297211751265236 2.3956084367286286 0.4449781355885516 -0.7758451782900034 -0.4472792395945617 0.8651168775226914 0.24332698648682585 0.4385940787021967 0.0 0.0 0.0 0.0 0.0 0.0
8.336860110450193 9.09882341364899 2.7898139402140796 0.4961643505242461 -0.28713158062399274 -0.8193756114732854 0.8651168775226914 0.24332698648682585 0.4385940787021967 0.0 0.0 0.0 0.0 0.0 0.0
8.756439485007276 8.834983423194895 2.997242747282505 0.35884943327021496 0.3106681051050965 -0.8801774893236329 0.8651168775226914 0.24332698648682585 0.4385940787021967 0.0 0.0 0.0 0.0 0.0 0.0
9.257818599169518 8.641960237074695 3.004035067964784 0.0852016166742522 0.7904397836110314 -0.6065852231970701 0.8651168775226914 0.24332698648682585 0.4385940787021967 0.0 0.0 0.0 0.0 0.0 0.0
9.778619424533527 8.62911782449985 2.87255626793306 -0.22081571859132468 0.9699101728747033 -0.10254108921383503 0.8651168775226914 0.24332698648682585 0.4385940787021967 0.0 0.0 0.0 0.0 0.0 0.0
10.249085299896668 8.837366466350064 2.717703223388582 -0.44294147052211996 0.7808954714299492 0.4404601189573228 0.8651168775226914 0.24332698648682585 0.4385940787021967 0.0 0.0 0.0 0.0 0.0 0.0
10.61858265311712 9.223620255483644 2.6632530768195233 -0.49678635221509787 0.29520552451291515 0.8161231638361154 0.8651168775226914 0.24332698648682585 0.4385940787021967 0.0 0.0 0.0 0.0 0.0 0.0
10.874837541718733 9.677166153218598 2.794838231126259 -0.3618937928766817 -0.3026379367397422 0.8817273739219172 0.8651168775226914 0.24332698648682585 0.4385940787021967 0.0 0.0 0.0 0.0 0.0 0.0
11.048598728847104 10.061725723751213 3.127413168062087 -0.08951173108285895 -0.7855041859884987 0.6123486129592319 0.8651168775226914 0.24332698648682585 0.4385940787021967 0.0 0.0 0.0 0.0 0.0 0.0
11.201955714058645 10.267229590371823 3.5995729905895484 0.21687733390567768 -0.969944262050584 0.11032837601049086 0.8651168775226914 0.24332698648682585 0.4385940787021967 0.0 0.0 0.0 0.0 0.0 0.0
11.40474989435804 10.251634631938664 4.096882169900089 0.4408710737477905 -0.7858862963563856 -0.4336074555767146 0.8651168775226914 0.24332698648682585 0.4385940787021967 0.0 0.0 0.0 0.0 0.0 0.0
11.708040649790275 10.056896867523118 4.495350516068439 0.49737052170184176 -0.3032569873582111 -0.8128085652602699 0.8651168775226914 0.24332698648682585 0.4385940787021967 0.0 0.0 0.0 0.0 0.0 0.0
12.124707031294228 9.793031663297276 4.7085391242106525 0.3649105928696921 0.2945847213237948 -0.8832101115669311 0.8651168775226914 0.24332698648682585 0.4385940787021967 0.0 0.0 0.0 0.0 0.0 0.0
12.624554793924757 9.596317055566312 4.720399959630938 0.09381502882658495 0.7805087691809999 -0.6180653700037129 0.8651168775226914 0.24332698648682585 0.4385940787021967 0.0 0.0 0.0 0.0 0.0 0.0
13.145787695328199 9.577519446328902 4.591372774511423 -0.21292243317137904 0.9699044862156178 -0.11810726087415986 0.8651168775226914 0.24332698648682585 0.4385940787021967 0.0 0.0 0.0 0.0 0.0 0.0
13.618484921390612 9.779811595242428 4.435423035559393 -0.43876710293429344 0.7908172729986721 0.4267217713095847 0.8651168775226914 0.24332698648682585 0.4385940787021967 0.0 0.0 0.0 0.0 0.0 0.0
13.991165172533325 10.162370566419105 4.3767445378042025 -0.49791681449771 0.31128535600981266 0.8094320681652635 0.8651168775226914 0.24332698648682585 0.4385940787021967 0.0 0.0 0.0 0.0 0.0 0.0
14.250345270144312 10.615887044292824 4.5025761054561 -0.3678996035082468 -0.28650907214078747 0.884625589342462 0.8651168775226914 0.24332698648682585 0.4385940787021967 0.0 0.0 0.0 0.0 0.0 0.0
14.425662641559615 11.00409377015703 4.830058104033396 -0.09811118219264639 -0.7754539136088654 0.6237350589773305 0.8651168775226914 0.24332698648682585 0.4385940787021967 0.0 0.0 0.0 0.0 0.0 0.0
0.6217532013770616 1.6508092031205377 8.826353699272085 0.11575772849899943 0.6315492795043082 -0.7666457172973323 0.39072462863708884 0.6806570530458272 0.6197098036301982 0.0 0.0 0.0 0.0 0.0 0.0
1.108521812134054 1.8574586280522083 8.92141913397617 -0.44170671138378353 0.7292916318844002 -0.522521671112224 0.39072462863708884 0.6806570530458272 0.6197098036301982 0.0 0.0 0.0 0.0 0.0 0.0
1.4946033641327916 2.2303501034191218 8.897375737309057 -0.8313593866694748 0.5499639002057541 -0.07988290597511713 0.39072462863708884 0.6806570530458272 0.6197098036301982 0.0 0.0 0.0 0.0 0.0 0.0
1.691176517781462 2.7286058671425755 8.855123029711395 -0.9051647313717209 0.16169568793287423 0.39310471071290165 0.39072462863708884 0.6806570530458272 0.6197098036301982 0.0 0.0 0.0 0.0 0.0 0.0
1.6814173424328998 3.2637201680180903 8.902478553289798 -0.6350828610785795 -0.28800341959344017 0.716745275440815 0.39072462863708884 0.6806570530458272 0.6197098036301982 0.0 0.0 0.0 0.0 0.0 0.0
1.5268910089185646 3.7331840803352394 9.113216184957356 -0.12372239384248322 -0.6282852128558125 0.7680823266868018 0.39072462863708884 0.6806570530458272 0.6197098036301982 0.0 0.0 0.0 0.0 0.0 0.0
1.3441621518349047 4.059430358612884 9.499038207160915 0.43464227934248745 -0.7298709493856768 0.5276120603727864 0.39072462863708884 0.6806570530458272 0.6197098036301982 0.0 0.0 0.0 0.0 0.0 0.0
1.260510016003404 4.219302531012641 10.005129415127788 0.82787908377386 -0.5541665094523959 0.0866931511199149 0.39072462863708884 0.6806570530458272 0.6197098036301982 0.0 0.0 0.0 0.0 0.0 0.0
1.3655729433674066 4.25285243014585 10.530982329620251 0.9065907828793929 -0.16792494740820224 -0.387161935675604 0.39072462863708884 0.6806570530458272 0.6197098036301982 0.0 0.0 0.0 0.0 0.0 0.0
1.6772932682146868 4.2481238322335955 10.96858166869339 0.6408734861794639 0.2821141097117675 -0.7139277301055867 0.39072462863708884 0.6806570530458272 0.6197098036301982 0.0 0.0 0.0 0.0 0.0 0.0
2.135100724401689 4.3077031545068705 11.243441159225194 0.1316776372466655 0.6249732998558529 -0.7694604436333421 0.39072462863708884 0.6806570530458272 0.6197098036301982 0.0 0.0 0.0 0.0 0.0 0.0
2.622924102142311 4.5097451601471 11.342902117419671 -0.42754474760883304 0.7303946843883475 -0.5326622699322181 0.39072462863708884 0.6806570530458272 0.6197098036301982 0.0 0.0 0.0 0.0 0.0 0.0
3.013288641212785 4.878280657075554 11.320942694422854 -0.8243357346807513 0.5583269167738001 -0.09349679424560867 0.39072462863708884 0.6806570530458272 0.6197098036301982 0.0 0.0 0.0 0.0 0.0 0.0
3.2157458236250207 5.374086792250378 11.277670674235873 -0.9079477939889394 0.17414141874863742 0.3811896767579461 0.39072462863708884 0.6806570530458272 0.6197098036301982 0.0 0.0 0.0 0.0 0.0 0.0
3.2112362778288595 5.909588469308321 11.321290852860013 -0.6466153062831331 -0.27620331574839085 0.7110558164096275 0.39072462863708884 0.6806570530458272 0.6197098036301982 0.0 0.0 0.0 0.0 0.0 0.0
3.059330752619679 6.38212959185067 11.526996227208134 -0.13962285288896065 -0.6216137927194267 0.7707799631880127 0.39072462863708884 0.6806570530458272 0.6197098036301982 0.0 0.0 0.0 0.0 0.0 0.0
2.8755981937012205 6.712973830783518 11.908400918417586 0.42041465668734157 -0.7308627970079641 0.5376719151975087 0.39072462863708884 0.6806570530458272 0.6197098036301982 0.0 0.0 0.0 0.0 0.0 0.0
2.7876991690030075 6.877217872141771 12.412367939614182 0.8207296092299012 -0.5624448053388414 0.10029331722843315 0.39072462863708884 0.6806570530458272 0.6197098036301982 0.0 0.0 0.0 0.0 0.0 0.0
2.8868854845530443 6.9132526024256835 12.939196825628732 0.909235661358711 -0.18034462854581904 -0.3751883887705674 0.39072462863708884 0.6806570530458272 0.6197098036301982 0.0 0.0 0.0 0.0 0.0 0.0
3.1933320977189403 6.9081777689580255 13.380501506617712 0.652307884127756 0.27027148783315535 -0.7081297530602841 0.39072462863708884 0.6806570530458272 0.6197098036301982 0.0 0.0 0.0 0.0 0.0 0.0
11.00214274703548 3.3913650048934594 6.988825855828008 0.9737244220278781 -0.16920404652176166 0.1524163396330472 0.037825205236867235 0.7801579491057186 0.6244380099705239 0.0 0.0 0.0 0.0 0.0 0.0
11.048858196118392 3.4642655052512565 7.519097753992454 0.920436773538046 0.21608943570866557 -0.3257322546110263 0.037825205236867235 0.7801579491057186 0.6244380099705239 0.0 0.0 0.0 0.0 0.0 0.0
11.305387236690883 3.586423599278108 7.975118974469137 0.5174598058989107 0.5192869284906692 -0.680129719375494 0.037825205236867235 0.7801579491057186 0.6244380099705239 0.0 0.0 0.0 0.0 0.0 0.0
11.67987125629993 3.8269531649937942 8.276104604013863 -0.0821087934678123 0.6251986351246153 -0.776134532586702 0.037825205236867235 0.7801579491057186 0.6244380099705239 0.0 0.0 0.0 0.0 0.0 0.0
12.03563857385443 4.20999677925804 8.400170342434343 -0.6504828894102942 0.4935869275109627 -0.5772728605908323 0.037825205236867235 0.7801579491057186 0.6244380099705239 0.0 0.0 0.0 0.0 0.0 0.0
12.24312829630038 4.705553549179144 8.392646714119225 -0.9717276601718596 0.1744532938025456 -0.1590955773689683 0.037825205236867235 0.7801579491057186 0.6244380099705239 0.0 0.0 0.0 0.0 0.0 0.0
12.229112668034702 5.240876952911719 8.348857243936903 -0.923796846414042 -0.21095806292498986 0.31952477563157194 0.037825205236867235 0.7801579491057186 0.6244380099705239 0.0 0.0 0.0 0.0 0.0 0.0
12.004517519561633 5.728112459562738 8.377903456413659 -0.5249001656439078 -0.516222924516598 0.6767523242003151 0.037825205236867235 0.7801579491057186 0.6244380099705239 0.0 0.0 0.0 0.0 0.0 0.0
11.660271361814027 6.097674934327221 8.561215382485917 0.07341486391711971 -0.625366066297313 0.7768703501098848 0.037825205236867235 0.7801579491057186 0.6244380099705239 0.0 0.0 0.0 0.0 0.0 0.0
11.332760124606333 6.32468519460206 8.921614929309985 0.6438383592449649 -0.4969221839286216 0.5818423414331068 0.037825205236867235 0.7801579491057186 0.6244380099705239 0.0 0.0 0.0 0.0 0.0 0.0
11.15201186164693 6.438422027414692 9.414645456171426 0.9696568974923224 -0.1796892557895835 0.1657626993607087 0.037825205236867235 0.7801579491057186 0.6244380099705239 0.0 0.0 0.0 0.0 0.0 0.0
11.1922969189812 6.511198688716156 9.94546159556787 0.9270865685835589 0.20581062486806465 -0.31329296360336323 0.037825205236867235 0.7801579491057186 0.6244380099705239 0.0 0.0 0.0 0.0 0.0 0.0
11.44391138879491 6.6308898884321374 10.404862594053151 0.5323005522090575 0.5131196081681862 -0.6733233917154955 0.037825205236867235 0.7801579491057186 0.6244380099705239 0.0 0.0 0.0 0.0 0.0 0.0
11.81686378623354 6.8675467189753885 10.710779504210734 -0.0647153435403028 0.6254858734228586 -0.7775470059481313 0.037825205236867235 0.7801579491057186 0.6244380099705239 0.0 0.0 0.0 0.0 0.0 0.0
12.175064319075885 7.246783074046321 10.839454549896889 -0.6371447982958577 0.5002195977980615 -0.5863675127283873 0.037825205236867235 0.7801579491057186 0.6244380099705239 0.0 0.0 0.0 0.0 0.0 0.0
12.388027675098899 7.740044502174753 10.834467102606528 -0.9675122916858618 0.18491153374409738 -0.17241719788111667 0.037825205236867235 0.7801579491057186 0.6244380099705239 0.0 0.0 0.0 0.0 0.0 0.0
12.380446573789303 8.275456520238402 10.79017714963405 -0.9303056895215163 -0.20064751353522786 0.3070372931030128 0.037825205236867235 0.7801579491057186 0.6244380099705239 0.0 0.0 0.0 0.0 0.0 0.0
12.160802261281166 8.765130931278312 10.815876357285347 -0.5396604020262711 -0.5099772157749894 0.6698431830475189 0.037825205236867235 0.7801579491057186 0.6244380099705239 0.0 0.0 0.0 0.0 0.0 0.0
11.818142343150704 9.138556019935859 10.994266339588973 0.05601089483951947 -0.6255580473774764 0.7781644485714788 0.037825205236867235 0.7801579491057186 0.6244380099705239 0.0 0.0 0.0 0.0 0.0 0.0
11.488250110261294 9.369385132010498 11.350038932429447 0.6304027163035537 -0.5034789180084506 0.590848029867359 0.037825205236867235 0.7801579491057186 0.6244380099705239 0.0 0.0 0.0 0.0 0.0 0.0
1.0031953830969298 1.0107630730461947 0.6045343269838638 -0.46971078471442107 0.8515455929966629 0.23289886597174414 0.5179420492530673 0.052173990438619054 0.8538231130259032 0.0 0.0 0.0 0.0 0.0 0.0
1.4030595685929999 1.3116920280636157 0.8000733238823016 -0.7996934740263374 0.38388980709579124 0.46164809498972664 0.5179420492530673 0.052173990438619054 0.8538231130259032 0.0 0.0 0.0 0.0 0.0 0.0
1.6206336015223752 1.7001286766876322 1.1008450185594254 -0.8258592423937627 -0.2296121348160731 0.5150094943765654 0.5179420492530673 0.052173990438619054 0.8538231130259032 0.0 0.0 0.0 0.0 0.0 0.0
1.6499529941623945 2.0362252319555685 1.5190131436844847 -0.5382672769455944 -0.7558805878011373 0.37271017635017917 0.5179420492530673 0.052173990438619054 0.8538231130259032 0.0 0.0 0.0 0.0 0.0 0.0
1.5565743440860618 2.2000187834504192 2.0221405652359095 -0.04617857363683912 -0.9949773678310586 0.08881203094651659 0.5179420492530673 0.052173990438619054 0.8538231130259032 0.0 0.0 0.0 0.0 0.0 0.0
1.4526692866962005 2.1370072126411728 2.5455126920360676 0.46345414186113 -0.8560656106874844 -0.22882728987170106 0.5179420492530673 0.052173990438619054 0.8538231130259032 0.0 0.0 0.0 0.0 0.0 0.0
1.4544086155261895 1.878855458939571 3.0167236309099104 0.7970128803260158 -0.3919202153899855 -0.45953129747939353 0.5179420492530673 0.052173990438619054 0.8538231130259032 0.0 0.0 0.0 0.0 0.0 0.0
1.6378270555045396 1.5313654798080352 3.383184396064153 0.8277731002102994 0.22112222229073727 -0.515651682221085 0.5179420492530673 0.052173990438619054 0.8538231130259032 0.0 0.0 0.0 0.0 0.0 0.0
2.009936399721745 1.2342803182052935 3.6321023440310958 0.5440484796964905 0.750156630756803 -0.3758673716506107 0.5179420492530673 0.052173990438619054 0.8538231130259032 0.0 0.0 0.0 0.0 0.0 0.0
2.5060616120042756 1.108193384187277 3.7953413128035978 0.05363074574047357 0.9941939932483266 -0.09328476242273581 0.5179420492530673 0.052173990438619054 0.8538231130259032 0.0 0.0 0.0 0.0 0.0 0.0
3.014411954465841 1.2087330022125755 3.9373160170466286 -0.4571622051806013 0.8605204356676592 0.224738287687592 0.5179420492530673 0.052173990438619054 0.8538231130259032 0.0 0.0 0.0 0.0 0.0 0.0
3.418552157871859 1.5054282806246306 4.130519821039446 -0.7942715910090973 0.3999207774423969 0.4573795048816082 0.5179420492530673 0.052173990438619054 0.8538231130259032 0.0 0.0 0.0 0.0 0.0 0.0
3.641638127115562 1.8932855128382056 4.427983297561492 -0.8296239199004019 -0.2126154704520646 0.5162546011935756 0.5179420492530673 0.052173990438619054 0.8538231130259032 0.0 0.0 0.0 0.0 0.0 0.0
3.675611297713815 2.232677041872277 4.843127026669588 -0.5497882510492891 -0.744375546380687 0.37899594319546 0.5179420492530673 0.052173990438619054 0.8538231130259032 0.0 0.0 0.0 0.0 0.0 0.0
3.58426021918627 2.4023881416870605 5.344662892954214 -0.06107883365518076 -0.9933349069438302 0.09775038990312857 0.5179420492530673 0.052173990438619054 0.8538231130259032 0.0 0.0 0.0 0.0 0.0 0.0
3.4789862186051788 2.345668518208671 5.868480963692979 0.4508354538281719 -0.8649097286850176 -0.2206321708127672 0.5179420492530673 0.052173990438619054 0.8538231130259032 0.0 0.0 0.0 0.0 0.0 0.0
3.476480173909777 2.091792694862108 6.342005924152772 0.7914698148353753 -0.4078908839792498 -0.4551928810637107 0.5179420492530673 0.052173990438619054 0.8538231130259032 0.0 0.0 0.0 0.0 0.0 0.0
3.6543896984097324 1.7449381316781702 6.711769653051428 0.8314115605169836 0.20409252712214287 -0.5168182053794256 0.5179420492530673 0.052173990438619054 0.8538231130259032 0.0 0.0 0.0 0.0 0.0 0.0
4.021819514289936 1.4446064664735054 6.963724655772136 0.5554861538981778 0.7385377749247471 -0.3820956527318938 0.5179420492530673 0.052173990438619054 0.8538231130259032 0.0 0.0 0.0 0.0 0.0 0.0
4.515872416429627 1.312624510301061 7.128580942429951 0.06852227018022806 0.9924001743403176 -0.10220857331287546 0.5179420492530673 0.052173990438619054 0.8538231130259032 0.0 0.0 0.0 0.0 0.0 0.0
7.953624338982762 12.630894956135059 11.102418360217849 -0.7276256770820293 0.002248089323870843 0.685970713766492 0.6408566148315163 0.3589017423574217 0.6785958580477016 0.0 0.0 0.0 0.0 0.0 0.0
8.03439447012152 13.09942009880285 11.352709148546772 -0.44593905577016074 -0.5454828687683274 0.7096384984054156 0.6408566148315163 0.3589017423574217 0.6785958580477016 0.0 0.0 0.0 0.0 0.0 0.0
8.013512779465977 13.44360240437126 11.764762054916016 0.005167268532208552 -0.8859757650282204 0.46370275297713653 0.6408566148315163 0.3589017423574217 0.6785958580477016 0.0 0.0 0.0 0.0 0.0 0.0
7.993808967834939 13.585826506424219 12.282516018416826 0.454310461127069 -0.88987165542903 0.041598578996247214 0.6408566148315163 0.3589017423574217 0.6785958580477016 0.0 0.0 0.0 0.0 0.0 0.0
8.077665240112717 13.525204336622279 12.809752379308732 0.7308535138739054 -0.5556904260716748 -0.3963095906364682 0.6408566148315163 0.3589017423574217 0.6785958580477016 0.0 0.0 0.0 0.0 0.0 0.0
8.328119593874389 13.337912516712477 13.246649956545156 0.7297330974809162 -0.010393113201215654 -0.6836531208433803 0.6408566148315163 0.3589017423574217 0.6785958580477016 0.0 0.0 0.0 0.0 0.0 0.0
8.744916630167921 13.148251586321438 13.527708783374155 0.4513748768681613 0.5388527171379716 -0.7112654003712513 0.6408566148315163 0.3589017423574217 0.6785958580477016 0.0 0.0 0.0 0.0 0.0 0.0
9.264604583846081 13.081422149757024 13.64663463980853 0.0015317939476929578 0.8833793910994494 -0.4686560625747483 0.6408566148315163 0.3589017423574217 0.6785958580477016 0.0 0.0 0.0 0.0 0.0 0.0
9.784641710002816 13.215959073189302 13.658730332032707 -0.4488932431037329 0.8922954650664412 -0.047996451094582254 0.6408566148315163 0.3589017423574217 0.6785958580477016 0.0 0.0 0.0 0.0 0.0 0.0
10.20235360726961 13.553894775959593 13.659885231719663 -0.7287762320052555 0.5622135734700796 0.3908978146142845 0.6408566148315163 0.3589017423574217 0.6785958580477016 0.0 0.0 0.0 0.0 0.0 0.0
10.453940939519827 14.019987080492463 13.750145300547564 -0.7317849458791534 0.01853734560275157 0.6812834650882456 0.6408566148315163 0.3589017423574217 0.6785958580477016 0.0 0.0 0.0 0.0 0.0 0.0
10.538717870331245 14.490304973538759 13.995703956678945 -0.4567763240217196 -0.5321815297869525 0.7128381367230726 0.6408566148315163 0.3589017423574217 0.6785958580477016 0.0 0.0 0.0 0.0 0.0 0.0
10.519372623709426 14.839312070125002 14.403754088505833 -0.008230739775554927 -0.880715744409904 0.47357368219871915 0.6408566148315163 0.3589017423574217 0.6785958580477016 0.0 0.0 0.0 0.0 0.0 0.0
10.498151179696787 14.987559985061248 14.919755356090937 0.44344184012197346 -0.8946513229495254 0.05439066807734042 0.6408566148315163 0.3589017423574217 0.6785958580477016 0.0 0.0 0.0 0.0 0.0 0.0
10.578012317092872 14.931872102780906 15.448154978175676 0.7266434510049663 -0.5686939061281665 -0.3854562702100958 0.6408566148315163 0.3589017423574217 0.6785958580477016 0.0 0.0 0.0 0.0 0.0 0.0
10.823511852009405 14.746550426704669 15.888689831337624 0.733781066020541 -0.026680166313649688 -0.6788619269595485 0.6408566148315163 0.3589017423574217 0.6785958580477016 0.0 0.0 0.0 0.0 0.0 0.0
11.236276804013777 14.555147005877743 16.174478086888723 0.4621429858897217 0.5254698147520155 -0.7143565876909177 0.6408566148315163 0.3589017423574217 0.6785958580477016 0.0 0.0 0.0 0.0 0.0 0.0
11.75438726419306 14.483524445857471 16.297428735798412 0.014929058800715964 0.8779850278065918 -0.4784552373532758 0.6408566148315163 0.3589017423574217 0.6785958580477016 0.0 0.0 0.0 0.0 0.0 0.0
12.27590080379571 14.61203860055155 16.311315498298807 -0.4379566673272342 0.8969390496705834 -0.06078074300014279 0.6408566148315163 0.3589017423574217 0.6785958580477016 0.0 0.0 0.0 0.0 0.0 0.0
12.69758210730079 14.945010039840264 16.31134728851985 -0.7244553332925691 0.5751309305435135 0.3799853718185756 0.6408566148315163 0.3589017423574217 0.6785958580477016 0.0 0.0 0.0 0.0 0.0 0.0
1.060211323384412 7.028036300059887 1.1149433386914742 0.7530805146085607 -0.3768826697654557 -0.5392858163788176 0.6526200971024195 0.323996579456825 0.684918407810964 0.0 0.0 0.0 0.0 0.0 0.0
1.3710661821484174 6.80606904668182 1.492812227764082 0.6589342039386523 0.20353247230056834 -0.7241410412336488 0.6526200971024195 0.323996579456825 0.684918407810964 0.0 0.0 0.0 0.0 0.0 0.0
1.8321251134336334 6.6304970267688255 1.7056131437023492 0.3144477724000604 0.7066222252581376 -0.6338829775312458 0.6526200971024195 0.323996579456825 0.684918407810964 0.0 0.0 0.0 0.0 0.0 0.0
2.364862424331556 6.615999565337324 1.7739204149672125 -0.14950262515971008 0.9412543807465527 -0.3028021727065033 0.6526200971024195 0.323996579456825 0.684918407810964 0.0 0.0 0.0 0.0 0.0 0.0
2.8635206071202166 6.81606106961361 1.7732039214359447 -0.5566544758707094 0.8182882600553211 0.1433182401117914 0.6526200971024195 0.323996579456825 0.684918407810964 0.0 0.0 0.0 0.0 0.0 0.0
3.2352893846189907 7.202651408516983 1.8051568252476744 -0.7523239844318984 0.38444074831894415 0.5349896573584231 0.6526200971024195 0.323996579456825 0.684918407810964 0.0 0.0 0.0 0.0 0.0 0.0
3.4355658861946052 7.676875028096106 1.9590606382877302 -0.6621730331211556 -0.19546223121034728 0.7234095592245112 0.6526200971024195 0.323996579456825 0.684918407810964 0.0 0.0 0.0 0.0 0.0 0.0
3.484900024034949 8.106543025920601 2.2778656831151274 -0.3204514755849603 -0.7011058411485945 0.6369940747783635 0.6526200971024195 0.323996579456825 0.684918407810964 0.0 0.0 0.0 0.0 0.0 0.0
3.4611872379326805 8.376393925194948 2.7418735473313003 0.14301495518892118 -0.940387620169927 0.3085738913509238 0.6526200971024195 0.323996579456825 0.684918407810964 0.0 0.0 0.0 0.0 0.0 0.0
3.4700747153656986 8.431883436862222 3.276220839790207 0.5521476134039917 -0.8224004198461371 -0.13707867248107322 0.6526200971024195 0.323996579456825 0.684918407810964 0.0 0.0 0.0 0.0 0.0 0.0
3.6048242586475063 8.2999067469487 3.7793210445438667 0.7515101618710799 -0.39196955022102553 -0.5306527568043249 0.6526200971024195 0.323996579456825 0.684918407810964 0.0 0.0 0.0 0.0 0.0 0.0
3.9108805669741273 8.07858058572896 4.161458936686968 0.6653614352634788 0.1873771049144564 -0.7226229867766456 0.6526200971024195 0.323996579456825 0.684918407810964 0.0 0.0 0.0 0.0 0.0 0.0
4.368606035404686 7.899967041470297 4.378874896256968 0.32643077514931534 0.695536065114806 -0.6400566624604647 0.6526200971024195 0.323996579456825 0.684918407810964 0.0 0.0 0.0 0.0 0.0 0.0
4.90074140930169 7.879900965139628 4.450389919479694 -0.13651639407559044 0.9394492454351665 -0.3143221108988263 0.6526200971024195 0.323996579456825 0.684918407810964 0.0 0.0 0.0 0.0 0.0 0.0
5.401757866873669 8.073982373865718 4.450255207632873 -0.5475987027587874 0.826449950660929 0.1308286657787233 0.6526200971024195 0.323996579456825 0.684918407810964 0.0 0.0 0.0 0.0 0.0 0.0
5.777949182921565 8.45645307484925 4.479942894266842 -0.7506391089018455 0.3994685021242856 0.5262754449882898 0.6526200971024195 0.323996579456825 0.684918407810964 0.0 0.0 0.0 0.0 0.0 0.0
5.983032290476391 8.929982633461309 4.629595085145173 -0.6684991675564554 -0.17927770912656646 0.7217813837905878 0.6526200971024195 0.323996579456825 0.684918407810964 0.0 0.0 0.0 0.0 0.0 0.0
6.035730991752367 9.362645832636986 4.943777365169451 -0.33238521574631497 -0.6899133213167818 0.6430705073496389 0.6526200971024195 0.323996579456825 0.684918407810964 0.0 0.0 0.0 0.0 0.0 0.0
6.012662472640455 9.638043268510348 5.404547587578323 0.1300074367103058 -0.9384393280031406 0.3200463936010358 0.6526200971024195 0.323996579456825 0.684918407810964 0.0 0.0 0.0 0.0 0.0 0.0
6.019229152817347 9.69952343003736 5.9382723954788235 0.5430080903522532 -0.830436544112247 -0.12456869596695098 0.6526200971024195 0.323996579456825 0.684918407810964 0.0 0.0 0.0 0.0 0.0 0.0
3.3838600456695143 10.973838162616797 1.228373496187402 -0.6910396278280921 0.09518892101285867 0.7165216689588804 0.6577805624018453 0.493761435228659 0.5687920330026142 0.0 0.0 0.0 0.0 0.0 0.0
3.456054017065398 11.481243447335997 1.3896589873249419 -0.3840655300696223 -0.4297367756058699 0.8172025283271032 0.6577805624018453 0.493761435228659 0.5687920330026142 0.0 0.0 0.0 0.0 0.0 0.0
3.4407002387972723 11.89069022053415 1.7372258205079594 0.06882148379553 -0.7913982863561901 0.607414484286197 0.6577805624018453 0.493761435228659 0.5687920330026142 0.0 0.0 0.0 0.0 0.0 0.0
3.4410343199258087 12.119737729456029 2.2232528044963393 0.49556206533291197 -0.8523943566460503 0.16685952223635328 0.6577805624018453 0.493761435228659 0.5687920330026142 0.0 0.0 0.0 0.0 0.0 0.0
3.554331789439865 12.154481917959814 2.7473154218287386 0.7340303328944274 -0.5895515595724209 -0.33708816205352227 0.6577805624018453 0.493761435228659 0.5687920330026142 0.0 0.0 0.0 0.0 0.0 0.0
3.8349514964335043 12.054837809908799 3.1945387820145426 0.6936282046566395 -0.10272826824079218 -0.7129704177657402 0.6577805624018453 0.493761435228659 0.5687920330026142 0.0 0.0 0.0 0.0 0.0 0.0
4.273683774503666 11.931776789879946 3.4792405130370003 0.3897051246246457 0.4231232097205667 -0.8179832915390471 0.6577805624018453 0.493761435228659 0.5687920330026142 0.0 0.0 0.0 0.0 0.0 0.0
4.801249347994104 11.905166718820485 3.5774829270152515 -0.062273447774476784 0.788223106066269 -0.612230636905343 0.6577805624018453 0.493761435228659 0.5687920330026142 0.0 0.0 0.0 0.0 0.0 0.0
5.314619687104915 12.058232129590309 3.5361673480470652 -0.4905932962075512 0.8538638660298357 -0.1738813273609099 0.6577805624018453 0.493761435228659 0.5687920330026142 0.0 0.0 0.0 0.0 0.0 0.0
5.716159268908673 12.405935835488496 3.4552155150357757 -0.7325285491288734 0.595107467446126 0.3305284055886951 0.6577805624018453 0.493761435228659 0.5687920330026142 0.0 0.0 0.0 0.0 0.0 0.0
5.950718944889461 12.889294307316112 3.4496076424785205 -0.6961639590119117 0.11025979231337035 0.7093648711149099 0.6577805624018453 0.493761435228659 0.5687920330026142 0.0 0.0 0.0 0.0 0.0 0.0
6.026588024508654 13.39778650227089 3.6056995146121067 -0.3953150416256243 -0.4164774213646553 0.8187017621563893 0.6577805624018453 0.493761435228659 0.5687920330026142 0.0 0.0 0.0 0.0 0.0 0.0
6.012345027950681 13.811342655921113 3.9484144791897298 0.055720669389273995 -0.7849878995350912 0.6170001657911411 0.6577805624018453 0.493761435228659 0.5687920330026142 0.0 0.0 0.0 0.0 0.0 0.0
6.010803559733245 14.045960793172632 4.431774650973381 0.485587166503275 -0.8552683503743546 0.18088989074917883 0.6577805624018453 0.493761435228659 0.5687920330026142 0.0 0.0 0.0 0.0 0.0 0.0
6.119951701399253 14.085620483045261 4.956368679045016 0.7309709804782035 -0.6006180555821328 -0.32394347810608987 0.6577805624018453 0.493761435228659 0.5687920330026142 0.0 0.0 0.0 0.0 0.0 0.0
6.395724701065302 13.98836926824947 5.407119781089472 0.6986466977863968 -0.11778291967587566 -0.7057053035827264 0.6577805624018453 0.493761435228659 0.5687920330026142 0.0 0.0 0.0 0.0 0.0 0.0
6.830754237474711 13.864269433207516 5.697005336977197 0.4008948538556587 0.40979991664064924 -0.8193578854648105 0.6577805624018453 0.493761435228659 0.5687920330026142 0.0 0.0 0.0 0.0 0.0 0.0
7.357167768434691 13.833583502058174 5.800118237092085 -0.049163647659365865 0.7816929131361595 -0.621722707725501 0.6577805624018453 0.493761435228659 0.5687920330026142 0.0 0.0 0.0 0.0 0.0 0.0
7.872374444363782 13.981084495054219 5.761509426418413 -0.48054405745624235 0.8566077027226863 -0.1878846786719235 0.6577805624018453 0.493761435228659 0.5687920330026142 0.0 0.0 0.0 0.0 0.0 0.0
8.278041087275382 14.3238492408391 5.680072297329676 -0.7293577455573009 0.6060829043278195 0.3173338810734286 0.6577805624018453 0.493761435228659 0.5687920330026142 0.0 0.0 0.0 0.0 0.0 0.0
12.570381666525583 7.608064656387812 5.232033377744237 0.5554828452471356 0.20867265391842965 -0.8049189599846595 0.579860431633295 0.5965927386732433 0.5548323926992801 0.0 0.0 0.0 0.0 0.0 0.0
13.069383125422625 7.591735591035163 5.430568029031342 0.10049384276954607 0.6234372447983388 -0.7753882829677435 0.579860431633295 0.5965927386732433 0.5548323926992801 0.0 0.0 0.0 0.0 0.0 0.0
13.59129215894103 7.717519065250776 5.452352896818322 -0.3926744507436456 0.8013476030644776 -0.4512746334506207 0.579860431633295 0.5965927386732433 0.5548323926992801 0.0 0.0 0.0 0.0 0.0 0.0
14.023691039056901 8.025969750799375 5.371269697710857 -0.7366591552526152 0.6748126091089733 0.0442857942239113 0.579860431633295 0.5965927386732433 0.5548323926992801 0.0 0.0 0.0 0.0 0.0 0.0
14.288168441553925 8.488243991827371 5.300281446790187 -0.80077473039684 0.2919050226878033 0.5230213082537848 0.579860431633295 0.5965927386732433 0.5548323926992801 0.0 0.0 0.0 0.0 0.0 0.0
14.370109219060575 9.01705799196186 5.348515919542856 -0.5606625972237773 -0.20190216224418242 0.8030522828280929 0.579860431633295 0.5965927386732433 0.5548323926992801 0.0 0.0 0.0 0.0 0.0 0.0
14.324246939888793 9.499848387859924 5.579806185434265 -0.10754536958665843 -0.6190033401154648 0.7779902688378346 0.579860431633295 0.5965927386732433 0.5548323926992801 0.0 0.0 0.0 0.0 0.0 0.0
14.253869690335813 9.841536952901702 5.988439357586757 0.38643014201912473 -0.8009347998929337 0.4573567444124379 0.579860431633295 0.5965927386732433 0.5548323926992801 0.0 0.0 0.0 0.0 0.0 0.0
14.271579203815133 10.000652405106436 6.501327014018815 0.7335943819044057 -0.6785777382753301 -0.03703425381223492 0.579860431633295 0.5965927386732433 0.5548323926992801 0.0 0.0 0.0 0.0 0.0 0.0
14.456511579732142 10.00508604051983 7.005772711129089 0.8020538510602044 -0.29841764867215914 -0.5173553198339353 0.579860431633295 0.5965927386732433 0.5548323926992801 0.0 0.0 0.0 0.0 0.0 0.0
14.824272156234986 9.941495363528679 7.39228724680461 0.5657996525729464 0.19511629493858396 -0.8011244501310459 0.579860431633295 0.5965927386732433 0.5548323926992801 0.0 0.0 0.0 0.0 0.0 0.0
15.321006781344746 9.922381452108123 7.596185438865342 0.11458870640749758 0.6145222959316716 -0.7805330077368422 0.579860431633295 0.5965927386732433 0.5548323926992801 0.0 0.0 0.0 0.0 0.0 0.0
15.843861905685632 10.043347917381162 7.622161107252954 -0.38015640514316434 0.8004610024354324 -0.4634040258874398 0.579860431633295 0.5965927386732433 0.5548323926992801 0.0 0.0 0.0 0.0 0.0 0.0
16.280060365512494 10.346779493345899 7.542503813358497 -0.7304737425037885 0.6822911911196962 0.02977989309874643 0.579860431633295 0.5965927386732433 0.5548323926992801 0.0 0.0 0.0 0.0 0.0 0.0
16.54974731275123 10.805739367794695 7.469634847032924 -0.8032718922175333 0.30490754899719724 0.5116499328034576 0.579860431633295 0.5965927386732433 0.5548323926992801 0.0 0.0 0.0 0.0 0.0 0.0
16.63632840688399 11.334202927631331 7.513396498988988 -0.5708936200879902 -0.18831556877170294 0.7991356087054416 0.579860431633295 0.5965927386732433 0.5548323926992801 0.0 0.0 0.0 0.0 0.0 0.0
16.592774282354505 11.8197399476411 7.739321138094295 -0.12162331685469599 -0.6099944534958239 0.7830163060253537 0.579860431633295 0.5965927386732433 0.5548323926992801 0.0 0.0 0.0 0.0 0.0 0.0
16.521496118921107 12.166228712782992 8.143734368795723 0.37385371788511645 -0.7999262467734851 0.4694160173517282 0.579860431633295 0.5965927386732433 0.5548323926992801 0.0 0.0 0.0 0.0 0.0 0.0
16.535437922242945 12.330374264803154 8.655150995422675 0.7272974746995351 -0.6859526848482612 -0.02252326453110129 0.579860431633295 0.5965927386732433 0.5548323926992801 0.0 0.0 0.0 0.0 0.0 0.0
16.71516720780699 12.338156880728622 9.161433443191065 0.804428761110276 -0.3113742294318822 -0.505905581649664 0.579860431633295 0.5965927386732433 0.5548323926992801 0.0 0.0 0.0 0.0 0.0 0.0
5.198340649688375 5.02753805735816 6.617477060345934 0.12943403485426258 -0.7365494976686188 0.663883776052293 0.2505410530361769 0.6720844304405685 0.6968010470018686 0.0 0.0 0.0 0.0 0.0 0.0
4.9732000385701145 5.2323313279589 7.060259765134984 0.6674210469825899 -0.6412823711746108 0.3785578772992744 0.2505410530361769 0.6720844304405685 0.6968010470018686 0.0 0.0 0.0 0.0 0.0 0.0
4.900198076111969 5.29094426187241 7.589334749965745 0.9518436446773928 -0.3023813502018845 -0.050588488189927935 0.2505410530361769 0.6720844304405685 0.6968010470018686 0.0 0.0 0.0 0.0 0.0 0.0
5.044168902407837 5.280629357492957 8.106878087321842 0.8746449277821713 0.15139940125911208 -0.4605154412213585 0.2505410530361769 0.6720844304405685 0.6968010470018686 0.0 0.0 0.0 0.0 0.0 0.0
5.3875150675123935 5.304825951394308 8.519446915361392 0.46515397953913684 0.5476609889187692 -0.6954848787252097 0.2505410530361769 0.6720844304405685 0.6968010470018686 0.0 0.0 0.0 0.0 0.0 0.0
5.8368930968889865 5.453861884951871 8.773479943412068 -0.12105674249062605 0.7358570104847413 -0.6662279829142703 0.2505410530361769 0.6720844304405685 0.6968010470018686 0.0 0.0 0.0 0.0 0.0 0.0
6.258676238005786 5.770636447203204 8.875646281794543 -0.661275984087399 0.6444886508944287 -0.38385993765632903 0.2505410530361769 0.6720844304405685 0.6968010470018686 0.0 0.0 0.0 0.0 0.0 0.0
6.529721497742785 6.2343222177047855 8.890311735310087 -0.9502654233845035 0.30826827755370056 0.04434291571316269 0.2505410530361769 0.6720844304405685 0.6968010470018686 0.0 0.0 0.0 0.0 0.0 0.0
6.584153724319141 6.768277751774409 8.915085157857698 -0.878233140747205 -0.14506836840042978 0.45569915402920874 0.2505410530361769 0.6720844304405685 0.6968010470018686 0.0 0.0 0.0 0.0 0.0 0.0
6.438392678828527 7.269164946702572 9.043735216904862 -0.4725454046649559 -0.5432911157854591 0.6939276648460005 0.2505410530361769 0.6720844304405685 0.6968010470018686 0.0 0.0 0.0 0.0 0.0 0.0
6.184914893475875 7.646208914692761 9.330566108988139 0.11267023118735818 -0.7351084849405307 0.6685214539359408 0.2505410530361769 0.6720844304405685 0.6968010470018686 0.0 0.0 0.0 0.0 0.0 0.0
5.957120290867554 7.855684880410534 9.769786487531169 0.6550805624657853 -0.6476458503082434 0.38913276559295545 0.2505410530361769 0.6720844304405685 0.6968010470018686 0.0 0.0 0.0 0.0 0.0 0.0
5.878651323085448 7.917529954172338 10.297709692235193 0.9486148357005206 -0.31413172908267334 -0.03809396635168683 0.2505410530361769 0.6720844304405685 0.6968010470018686 0.0 0.0 0.0 0.0 0.0 0.0
6.016419136949485 7.907768690405576 10.816949376110722 0.8817544728583525 0.13872628802383713 -0.4508481635821703 0.2505410530361769 0.6720844304405685 0.6968010470018686 0.0 0.0 0.0 0.0 0.0 0.0
6.355182910646027 7.929630088358879 11.233418206911738 0.4799008436286753 0.5388798689302431 -0.6923176056884649 0.2505410530361769 0.6720844304405685 0.6968010470018686 0.0 0.0 0.0 0.0 0.0 0.0
6.803340096747827 8.07432916939071 11.492073217712264 -0.10427513960976542 0.7343039780391021 -0.6707640144606095 0.2505410530361769 0.6720844304405685 0.6968010470018686 0.0 0.0 0.0 0.0 0.0 0.0
7.227727761494559 8.386412865321462 11.597827550310875 -0.6488352539230928 0.6507537289830927 -0.3943759595628948 0.2505410530361769 0.6720844304405685 0.6968010470018686 0.0 0.0 0.0 0.0 0.0 0.0
7.504213409693892 8.846835894249905 11.613683870518066 -0.946892007324088 0.3199712582642645 0.03184211598718495 0.2505410530361769 0.6720844304405685 0.6968010470018686 0.0 0.0 0.0 0.0 0.0 0.0
7.564854995029699 9.380196381567597 11.63679860206645 -0.885208655952541 -0.13237364310331223 0.4459628393019438 0.2505410530361769 0.6720844304405685 0.6968010470018686 0.0 0.0 0.0 0.0 0.0 0.0
7.423713239387995 9.883382292774748 11.761570576865953 -0.4872197362851411 -0.5344275842866514 0.6906548238648378 0.2505410530361769 0.6720844304405685 0.6968010470018686 0.0 0.0 0.0 0.0 0.0 0.0
8.783570580727224 0.8054592221198202 12.017995792467914 0.3286980265638559 0.917016736699736 -0.2259157186775493 0.03334581801177911 0.22778946344314058 0.9731392586703156 0.0 0.0 0.0 0.0 0.0 0.0
9.166098099827508 0.8835722963861407 12.387124695262056 -0.28718623654507114 0.9348013989895358 -0.20897466350322177 0.03334581801177911 0.22778946344314058 0.9731392586703156 0.0 0.0 0.0 0.0 0.0 0.0
9.483161507271014 1.1747733789656936 12.70861781693524 -0.7939636468927035 0.5974393807572814 -0.11264063979396667 0.03334581801177911 0.22778946344314058 0.9731392586703156 0.0 0.0 0.0 0.0 0.0 0.0
9.619240876423229 1.6021607871873258 13.004434501223146 -0.9991009934215135 0.033100153121561816 0.026487446224084207 0.03334581801177911 0.22778946344314058 0.9731392586703156 0.0 0.0 0.0 0.0 0.0 0.0
9.52757514268825 2.0370933763545156 13.306288999711263 -0.8246631684716709 -0.5438143760900874 0.1555525085751206 0.03334581801177911 0.22778946344314058 0.9731392586703156 0.0 0.0 0.0 0.0 0.0 0.0
9.247927413752091 2.3480634613808262 13.643601697423543 -0.3369220181865269 -0.9141247317336048 0.22552057221921465 0.03334581801177911 0.22778946344314058 0.9731392586703156 0.0 0.0 0.0 0.0 0.0 0.0
8.891478300169046 2.450658785045486 14.03232181666921 0.27882143984342567 -0.9371438184410373 0.2098095999743339 0.03334581801177911 0.22778946344314058 0.9731392586703156 0.0 0.0 0.0 0.0 0.0 0.0
8.598586542571441 2.3396321458092393 14.468868040830694 0.7886359712309815 -0.6041263003136255 0.11438845286975673 0.03334581801177911 0.22778946344314058 0.9731392586703156 0.0 0.0 0.0 0.0 0.0 0.0
8.485464379430402 2.0908948974076407 14.931489116423077 0.99883451185759 -0.04159110024396034 -0.024490779952985174 0.03334581801177911 0.22778946344314058 0.9731392586703156 0.0 0.0 0.0 0.0 0.0 0.0
8.600026574695676 1.832676956396765 15.388527517954572 0.8295591218070147 0.536745254174499 -0.15406555600758295 0.03334581801177911 0.22778946344314058 0.9731392586703156 0.0 0.0 0.0 0.0 0.0 0.0
8.903686797878972 1.6968101129636803 15.81044667114646 0.3451203518930663 0.9111631126299743 -0.22510825149616714 0.03334581801177911 0.22778946344314058 0.9731392586703156 0.0 0.0 0.0 0.0 0.0 0.0
9.286017216135521 1.7686429297243862 16.181052391326755 -0.27043540980963515 0.9394148707624649 -0.21062855863209712 0.03334581801177911 0.22778946344314058 0.9731392586703156 0.0 0.0 0.0 0.0 0.0 0.0
9.6067018742167 2.054615395834127 16.50364532493943 -0.7832482378867222 0.6107672133132307 -0.11612755482198782 0.03334581801177911 0.22778946344314058 0.9731392586703156 0.0 0.0 0.0 0.0 0.0 0.0
9.748845071826661 2.4798122674364365 16.79976697877647 -0.9984919651784439 0.05007888004304883 0.022492248614172882 0.03334581801177911 0.22778946344314058 0.9731392586703156 0.0 0.0 0.0 0.0 0.0 0.0
9.6633819945566 2.916424621320293 17.101015741392835 -0.8343919010034643 -0.5296352570297117 0.15256687075146638 0.03334581801177911 0.22778946344314058 0.9731392586703156 0.0 0.0 0.0 0.0 0.0 0.0
9.387719257198622 3.23230660169923 17.437042126997518 -0.3532924033486211 -0.9081321049276057 0.22467878790822624 0.03334581801177911 0.22778946344314058 0.9731392586703156 0.0 0.0 0.0 0.0 0.0 0.0
9.031523505380964 3.3411798401855015 17.82428404937541 0.26202878507235444 -0.9416143830043912 0.21143147710963894 0.03334581801177911 0.22778946344314058 0.9731392586703156 0.0 0.0 0.0 0.0 0.0 0.0
8.735057223365297 3.2354120504379833 18.259721783613145 0.7778008571566789 -0.6173616140248606 0.11785781321131318 0.03334581801177911 0.22778946344314058 0.9731392586703156 0.0 0.0 0.0 0.0 0.0 0.0
8.615890671212034 2.9889166613481875 18.7220252100808 0.9980733794703305 -0.05856284614153364 -0.020492004403546253 0.03334581801177911 0.22778946344314058 0.9731392586703156 0.0 0.0 0.0 0.0 0.0 0.0
8.724234977313454 2.7290718696377465 19.179657483499884 0.839161138026173 0.5224849261095352 -0.15105656693745534 0.03334581801177911 0.22778946344314058 0.9731392586703156 0.0 0.0 0.0 0.0 0.0 0.0
11.629830400143165 4.2988381905873085 5.7315121670860725 0.002393347619423361 -0.3029307480469134 0.9530095664655787 0.7159149196546414 0.6658983523829256 0.20986951210119448 0.0 0.0 0.0 0.0 0.0 0.0
11.663502947681161 4.763717265325676 5.998792371237185 0.41133417358106206 -0.6451584675252926 0.6438747932826697 0.7159149196546414 0.6658983523829256 0.20986951210119448 0.0 0.0 0.0 0.0 0.0 0.0
11.79093913302961 5.081532447091713 6.41284385477663 0.6640022698586152 -0.7422796987164542 0.09012122111920458 0.7159149196546414 0.6658983523829256 0.20986951210119448 0.0 0.0 0.0 0.0 0.0 0.0
12.069734656685192 5.230144948179471 6.847438473505868 0.6644048022909476 -0.5573964621104829 -0.497870909693912 0.7159149196546414 0.6658983523829256 0.20986951210119448 0.0 0.0 0.0 0.0 0.0 0.0
12.499981275928521 5.251698908190639 7.168543402704847 0.4123888420770327 -0.16074899037686294 -0.896713557956599 0.7159149196546414 0.6658983523829256 0.20986951210119448 0.0 0.0 0.0 0.0 0.0 0.0
13.024231944699144 5.236610130787427 7.285242448152487 0.003699465984296228 0.2969697103807238 -0.9548797333003877 0.7159149196546414 0.6658983523829256 0.20986951210119448 0.0 0.0 0.0 0.0 0.0 0.0
13.549325906857291 5.289215608209666 7.18427662834897 -0.40639539908764716 0.6418646530958918 -0.6502711332255814 0.7159149196546414 0.6658983523829256 0.20986951210119448 0.0 0.0 0.0 0.0 0.0 0.0
13.98178202500616 5.488134153501415 6.935081483265871 -0.6620938574774594 0.7429044826952121 -0.0986136576848058 0.7159149196546414 0.6658983523829256 0.20986951210119448 0.0 0.0 0.0 0.0 0.0 0.0
14.263313827510228 5.856397798999059 6.663407351810638 -0.6662517897926054 0.5617024786180385 0.4905087951428608 0.7159149196546414 0.6658983523829256 0.20986951210119448 0.0 0.0 0.0 0.0 0.0 0.0
14.392973513567428 6.352701542171679 6.503544715642101 -0.41728952802964 0.16710031174923898 0.8932787558260333 0.7159149196546414 0.6658983523829256 0.20986951210119448 0.0 0.0 0.0 0.0 0.0 0.0
14.42751203858024 6.887095806665356 6.547304999971165 -0.009791997859357771 -0.2909860573213234 0.9566771823465386 0.7159149196546414 0.6658983523829256 0.20986951210119448 0.0 0.0 0.0 0.0 0.0 0.0
14.459818477372906 7.355159790236749 6.809139878118012 0.4014256760111682 -0.6385219581880773 0.6566179525040708 0.7159149196546414 0.6658983523829256 0.20986951210119448 0.0 0.0 0.0 0.0 0.0 0.0
14.583629911643193 7.677672673348048 7.220650839198676 0.6601350240856564 -0.7434726916213408 0.10709858443857603 0.7159149196546414 0.6658983523829256 0.20986951210119448 0.0 0.0 0.0 0.0 0.0 0.0
14.857919145424985 7.8307109330108595 7.656574925971975 0.6680480396409721 -0.5659657193071272 -0.4831093264479772 0.7159149196546414 0.6658983523829256 0.20986951210119448 0.0 0.0 0.0 0.0 0.0 0.0
15.284489950863096 7.854737289149475 7.982374226580401 0.4221584357690862 -0.17343890778591975 -0.8897759270597421 0.7159149196546414 0.6658983523829256 0.20986951210119448 0.0 0.0 0.0 0.0 0.0 0.0
15.807291785018005 7.839228240801027 8.105349076618719 0.015883784035871533 0.28498024454706006 -0.9584017767213275 0.7159149196546414 0.6658983523829256 0.20986951210119448 0.0 0.0 0.0 0.0 0.0 0.0
16.333714328243676 7.888680448163997 8.009856211497256 -0.39642538281527784 0.635130637361009 -0.6629147677832773 0.7159149196546414 0.6658983523829256 0.20986951210119448 0.0 0.0 0.0 0.0 0.0 0.0
16.769771692983063 8.082910704297824 7.763251904200951 -0.6581259188559521 0.7439842822235314 -0.11557535522049221 0.7159149196546414 0.6658983523829256 0.20986951210119448 0.0 0.0 0.0 0.0 0.0 0.0
17.055809233811274 8.446732200974003 7.490302191045552 -0.6697934150446665 0.570185859515466 0.47567306710745105 0.7159149196546414 0.6658983523829256 0.20986951210119448 0.0 0.0 0.0 0.0 0.0 0.0
17.189167344604975 8.940527582267654 7.325782168504371 -0.42699519450919504 0.17976429577827713 0.8862053384116978 0.7159149196546414 0.6658983523829256 0.20986951210119448 0.0 0.0 0.0 0.0 0.0 0.0
9.253556407242032 10.716659062102162 11.675025735204224 -0.6603725138057318 0.7236754874732176 0.20050419407159337 0.36855842277537804 0.07970791911174242 0.9261810495967847 0.0 0.0 0.0 0.0 0.0 0.0
9.552129295520595 11.071389869894997 11.946513094957862 -0.9185766890312435 0.18423611803430864 0.34967687824625504 0.36855842277537804 0.07970791911174242 0.9261810495967847 0.0 0.0 0.0 0.0 0.0 0.0
9.64131259863143 11.468117306590749 12.29770931011033 -0.8277982223105408 -0.4251976329094643 0.36600147008952916 0.36855842277537804 0.07970791911174242 0.9261810495967847 0.0 0.0 0.0 0.0 0.0 0.0
9.541799270919869 11.767920929485927 12.732335571885958 -0.42252537088584496 -0.8730916941856123 0.24327598422753513 0.36855842277537804 0.07970791911174242 0.9261810495967847 0.0 0.0 0.0 0.0 0.0 0.0
9.345971271620101 11.868703273219625 13.222416601920944 0.14327193318586426 -0.9892836235259609 0.028125884599947054 0.36855842277537804 0.07970791911174242 0.9261810495967847 0.0 0.0 0.0 0.0 0.0 0.0
9.182802113998108 11.743978383842727 13.71890892823547 0.6546378344612809 -0.7296301643486489 -0.1977097088268747 0.36855842277537804 0.07970791911174242 0.9261810495967847 0.0 0.0 0.0 0.0 0.0 0.0
9.168857671339772 11.452934275544708 14.170333320201966 0.9172958774639343 -0.1927780069694698 -0.3484320783403116 0.36855842277537804 0.07970791911174242 0.9261810495967847 0.0 0.0 0.0 0.0 0.0 0.0
9.364010852812097 11.11794641449223 14.542332608947355 0.8314578802488215 0.4173137383338079 -0.3667792758185736 0.36855842277537804 0.07970791911174242 0.9261810495967847 0.0 0.0 0.0 0.0 0.0 0.0
9.748694884249 10.87808523322374 14.830724550229174 0.4297351330927449 0.8688610173304406 -0.24578089419088542 0.36855842277537804 0.07970791911174242 0.9261810495967847 0.0 0.0 0.0 0.0 0.0 0.0
10.231337052796029 10.836280948194473 15.063090728946676 -0.1352511759135424 0.9903134692616986 -0.03140624162266537 0.36855842277537804 0.07970791911174242 0.9261810495967847 0.0 0.0 0.0 0.0 0.0 0.0
10.683148711537882 11.020218649643668 15.288297853898092 -0.6488533019112025 0.7355292770621867 0.1949001672223635 0.36855842277537804 0.07970791911174242 0.9261810495967847 0.0 0.0 0.0 0.0 0.0 0.0
10.987054239692878 11.371820272942653 15.557932478100387 -0.9159452102641013 0.20130521511302976 0.34716074398259184 0.36855842277537804 0.07970791911174242 0.9261810495967847 0.0 0.0 0.0 0.0 0.0 0.0
11.082170028347914 11.769309426360728 15.906702404816944 -0.8350542194504017 -0.4093980637012818 0.3675291498857198 0.36855842277537804 0.07970791911174242 0.9261810495967847 0.0 0.0 0.0 0.0 0.0 0.0
10.986935181404213 12.073476278276368 16.33925061281427 -0.43691216930547305 -0.8645641733448672 0.2482670869875626 0.36855842277537804 0.07970791911174242 0.9261810495967847 0.0 0.0 0.0 0.0 0.0 0.0
10.79210619171987 12.180565699674496 16.828391311102145 0.12722011874052808 -0.9912678987925978 0.034684206938488886 0.36855842277537804 0.07970791911174242 0.9261810495967847 0.0 0.0 0.0 0.0 0.0 0.0
10.626277032105417 12.061695572352562 17.32543827545299 0.6430193566700455 -0.7413723763735591 -0.1920757832155327 0.36855842277537804 0.07970791911174242 0.9261810495967847 0.0 0.0 0.0 0.0 0.0 0.0
10.607024155076532 11.77382958850896 17.778701558976177 0.91452479029028 -0.2098170930850742 -0.34586297199013133 0.36855842277537804 0.07970791911174242 0.9261810495967847 0.0 0.0 0.0 0.0 0.0 0.0
10.796237232769881 11.43813579169471 18.153125367151624 0.8385869660401264 0.4014512118211555 -0.3682510351851561 0.36855842277537804 0.07970791911174242 0.9261810495967847 0.0 0.0 0.0 0.0 0.0 0.0
11.176606235758253 11.193952811246774 18.44360634026958 0.44405593296493406 0.8602014894501971 -0.2507343732843616 0.36855842277537804 0.07970791911174242 0.9261810495967847 0.0 0.0 0.0 0.0 0.0 0.0
11.658197802638222 11.145852787385289 18.676932405107994 -0.11917937326291919 0.992146839435154 -0.037959530917669654 0.36855842277537804 0.07970791911174242 0.9261810495967847 0.0 0.0 0.0 0.0 0.0 0.0
7.8638104369610184 4.452692409171876 12.284663539671667 -0.11769793957858649 0.9795329686913148 -0.16328612392280933 0.7646957718710646 0.1943028370018061 0.614399531262489 0.0 0.0 0.0 0.0 0.0 0.0
8.371344090475326 4.621578174224785 12.233945781132165 -0.46683734985152664 0.8242767411193715 0.320360332802349 0.7646957718710646 0.1943028370018061 0.614399531262489 0.0 0.0 0.0 0.0 0.0 0.0
8.77246215540192 4.978357848351759 12.25625417053511 -0.6386174458116108 0.3558639984239861 0.6822965429567611 0.7646957718710646 0.1943028370018061 0.614399531262489 0.0 0.0 0.0 0.0 0.0 0.0
9.02800735346163 5.416256732116759 12.43409207837354 -0.5677760969935564 -0.2477474270014398 0.7850168890520316 0.7646957718710646 0.1943028370018061 0.614399531262489 0.0 0.0 0.0 0.0 0.0 0.0
9.15412797234656 5.797681582101395 12.790874610771974 -0.2812271162175327 -0.7572354627929289 0.589496194213965 0.7646957718710646 0.1943028370018061 0.614399531262489 0.0 0.0 0.0 0.0 0.0 0.0
9.21614286124088 6.006494584515936 13.282032819190004 0.11216474787617481 -0.9790370859675913 0.17001603934323603 0.7646957718710646 0.1943028370018061 0.614399531262489 0.0 0.0 0.0 0.0 0.0 0.0
9.30372570794284 5.992136052378719 13.811946189125885 0.4629433489571442 -0.8288861515559901 -0.3140560513905812 0.7646957718710646 0.1943028370018061 0.614399531262489 0.0 0.0 0.0 0.0 0.0 0.0
9.496836505606115 5.788832895913374 14.270270472265498 0.6378420317692564 -0.36382750993084256 -0.6788129974639472 0.7646957718710646 0.1943028370018061 0.614399531262489 0.0 0.0 0.0 0.0 0.0 0.0
9.835343414480922 5.502595247111444 14.573859311274322 0.5704138625621518 0.23945528558861232 -0.7856775366526663 0.7646957718710646 0.1943028370018061 0.614399531262489 0.0 0.0 0.0 0.0 0.0 0.0
10.303876181274868 5.27094143819391 14.698352931081791 0.2862759301564802 0.7517650146340747 -0.5940500438391285 0.7646957718710646 0.1943028370018061 0.614399531262489 0.0 0.0 0.0 0.0 0.0 0.0
10.837665555355668 5.2106524880165335 14.687432824704322 -0.10662301439394921 0.9784666457792751 -0.17673300738402312 0.7646957718710646 0.1943028370018061 0.614399531262489 0.0 0.0 0.0 0.0 0.0 0.0
11.34715020995047 5.373405040532039 14.63622642373275 -0.4590140931343808 0.8334324391030045 0.3077278533945823 0.7646957718710646 0.1943028370018061 0.614399531262489 0.0 0.0 0.0 0.0 0.0 0.0
11.752002587572392 5.726138543765064 14.655166596625145 -0.6370180435866771 0.3717633145642023 0.6752777577332448 0.7646957718710646 0.1943028370018061 0.614399531262489 0.0 0.0 0.0 0.0 0.0 0.0
12.011646682114929 6.163615506250547 14.828036355640478 -0.5730081889066662 -0.2311449087286985 0.7862783518670106 0.7646957718710646 0.1943028370018061 0.614399531262489 0.0 0.0 0.0 0.0 0.0 0.0
12.140673541966462 6.54840297951834 15.18013828970418 -0.29130294307498383 -0.7462373166587797 0.5985586542534952 0.7646957718710646 0.1943028370018061 0.614399531262489 0.0 0.0 0.0 0.0 0.0 0.0
12.203297886778193 6.763085632973372 15.66868168783864 0.10107316115636972 -0.9778216915675951 0.18343651652204807 0.7646957718710646 0.1943028370018061 0.614399531262489 0.0 0.0 0.0 0.0 0.0 0.0
12.28896186185579 6.754873801068368 16.19903944568614 0.45504988161127985 -0.8379152575430161 -0.3013762207311308 0.7646957718710646 0.1943028370018061 0.614399531262489 0.0 0.0 0.0 0.0 0.0 0.0
12.478354471764844 6.555659159841392 16.660698484535164 0.6361455440137631 -0.37967080798181774 -0.6716910929868469 0.7646957718710646 0.1943028370018061 0.614399531262489 0.0 0.0 0.0 0.0 0.0 0.0
12.812756478448183 6.269898545988602 16.969245517603042 0.5755588784591041 0.22281692928907113 -0.7868192889406596 0.7646957718710646 0.1943028370018061 0.614399531262489 0.0 0.0 0.0 0.0 0.0 0.0
13.27835714958626 6.034929058178201 17.098437068999594 0.2963077721465474 0.7406527898226459 -0.6030216821089263 0.7646957718710646 0.1943028370018061 0.614399531262489 0.0 0.0 0.0 0.0 0.0 0.0
0.9224043242281366 8.054960750517822 10.752341478798304 0.18404752836325738 -0.43894182028098094 0.8794638057997584 0.749742909888627 0.6412960810537907 0.1631713991384038 0.0 0.0 0.0 0.0 0.0 0.0
1.0119772788580161 8.476302450479883 11.0734846864025 0.5217958325999575 -0.7245890009920755 0.4502220437990826 0.749742909888627 0.6412960810537907 0.1631713991384038 0.0 0.0 0.0 0.0 0.0 0.0
1.2204936099473853 8.732474064866578 11.497256023056954 0.6613051760708417 -0.7349527057442217 -0.15006659995202248 0.749742909888627 0.6412960810537907 0.1631713991384038 0.0 0.0 0.0 0.0 0.0 0.0
1.5797544767301 8.821113186853557 11.886819673530493 0.5495736267194835 -0.46609558983017596 -0.6933424334016013 0.749742909888627 0.6412960810537907 0.1631713991384038 0.0 0.0 0.0 0.0 0.0 0.0
2.0642906690158798 8.803505804473028 12.118335894494086 0.22904986819635018 -0.02016096663695158 -0.9732058843346038 0.749742909888627 0.6412960810537907 0.1631713991384038 0.0 0.0 0.0 0.0 0.0 0.0
2.601038785964082 8.781302729113241 12.128009803501639 -0.17849376476415385 0.4334331448550375 -0.8833321486742067 0.749742909888627 0.6412960810537907 0.1631713991384038 0.0 0.0 0.0 0.0 0.0 0.0
3.097099243617981 8.857900752761154 11.936328121424822 -0.5182246322341526 0.7223587580008612 -0.45786576120652456 0.749742909888627 0.6412960810537907 0.1631713991384038 0.0 0.0 0.0 0.0 0.0 0.0
3.4750303800481435 9.099160478024412 11.64027592467421 -0.6610732976645908 0.7368482017877733 0.14155148405081414 0.749742909888627 0.6412960810537907 0.1631713991384038 0.0 0.0 0.0 0.0 0.0 0.0
3.7022698374749616 9.508384774070157 11.376490393166906 -0.5527691647561217 0.4713966942705443 0.6871909539026414 0.749742909888627 0.6412960810537907 0.1631713991384038 0.0 0.0 0.0 0.0 0.0 0.0
3.8035055464027154 10.025063961407389 11.269350061224202 -0.23445878434921186 0.026853701267500793 0.9717550911467998 0.749742909888627 0.6412960810537907 0.1631713991384038 0.0 0.0 0.0 0.0 0.0 0.0
3.8512963680608103 10.5478644507935 11.383721332884729 0.17292640817379623 -0.42789146181700893 0.887133222385574 0.749742909888627 0.6412960810537907 0.1631713991384038 0.0 0.0 0.0 0.0 0.0 0.0
3.9385057699032586 10.973127067994803 11.700314650501733 0.5146139670562142 -0.7200735045935 0.46547461036355126 0.749742909888627 0.6412960810537907 0.1631713991384038 0.0 0.0 0.0 0.0 0.0 0.0
4.143021441728523 11.23424890716687 12.12301292019729 0.6607910759672728 -0.7386875839879353 -0.13302558845605647 0.749742909888627 0.6412960810537907 0.1631713991384038 0.0 0.0 0.0 0.0 0.0 0.0
4.498164460112348 11.32698688832605 12.515388002818632 0.5559226072807303 -0.4766619000275577 -0.6809871421519738 0.749742909888627 0.6412960810537907 0.1631713991384038 0.0 0.0 0.0 0.0 0.0 0.0
4.980030054317946 11.31106977437576 12.75253204495914 0.23984984555790076 -0.033544390884730525 -0.9702302950465022 0.749742909888627 0.6412960810537907 0.1631713991384038 0.0 0.0 0.0 0.0 0.0 0.0
5.516569428365353 11.28750621546782 12.768512060815459 -0.16734588256794483 0.42231719318751343 -0.8908667374673808 0.749742909888627 0.6412960810537907 0.1631713991384038 0.0 0.0 0.0 0.0 0.0 0.0
6.014962303215851 11.360209874035203 12.581418975834927 -0.5109641120322759 0.7177334148008856 -0.47304801182684064 0.749742909888627 0.6412960810537907 0.1631713991384038 0.0 0.0 0.0 0.0 0.0 0.0
6.396880892651084 11.596520887089962 12.286494581673988 -0.6604585324711636 0.7404707122686311 0.12448956244770815 0.749742909888627 0.6412960810537907 0.1631713991384038 0.0 0.0 0.0 0.0 0.0 0.0
6.628247938828157 12.0016222223053 12.019947587190075 -0.559033714146453 0.4818908061354124 0.6747314705938823 0.749742909888627 0.6412960810537907 0.1631713991384038 0.0 0.0 0.0 0.0 0.0 0.0
6.732183232275525 12.51657058194192 11.907205652658494 -0.24522264127223425 0.040232525966721895 0.9686316121528374 0.749742909888627 0.6412960810537907 0.1631713991384038 0.0 0.0 0.0 0.0 0.0 0.0
5.091071238788347 2.1905828383206725 -0.4084022873554568 0.48953218002621424 -0.5349071499839185 0.6886454716433296 0.45270850679271607 0.8308766871097252 0.32357215376956855 0.0 0.0 0.0 0.0 0.0 0.0
5.061114534018147 2.5074161285123573 0.024499969723415782 0.8335416215587296 -0.5232211839215577 0.17733572066836115 0.45270850679271607 0.8308766871097252 0.32357215376956855 0.0 0.0 0.0 0.0 0.0 0.0
5.221163668109684 2.704981133365945 0.49782590990851766 0.8608746649883501 -0.31275474229570177 -0.40134683548365613 0.45270850679271607 0.8308766871097252 0.32357215376956855 0.0 0.0 0.0 0.0 0.0 0.0
5.577449209172775 2.831253684872386 0.8796648263167239 0.5611470301320468 0.016532454908732733 -0.8275510186741807 0.45270850679271607 0.8308766871097252 0.32357215376956855 0.0 0.0 0.0 0.0 0.0 0.0
6.061648233410982 2.961294809995467 1.072863461979221 0.04823025665054934 0.33953869608543374 -0.9393547339551898 0.45270850679271607 0.8308766871097252 0.32357215376956855 0.0 0.0 0.0 0.0 0.0 0.0
6.55684134617025 3.1687337915748226 1.0519361564797935 -0.48300999769938135 0.5335485098350099 -0.6942818806329917 0.45270850679271607 0.8308766871097252 0.32357215376956855 0.0 0.0 0.0 0.0 0.0 0.0
6.941932314756012 3.4977951727591967 0.872747274444465 -0.8307466784268034 0.5248543242428888 -0.18543973308429204 0.45270850679271607 0.8308766871097252 0.32357215376956855 0.0 0.0 0.0 0.0 0.0 0.0
7.1376545518549035 3.9464971136693023 0.6512873994177029 -0.8628688066761067 0.3167592057745488 0.39385406945013063 0.45270850679271607 0.8308766871097252 0.32357215376956855 0.0 0.0 0.0 0.0 0.0 0.0
7.13668581732177 4.467404325502559 0.519606571914734 -0.5671726488720363 -0.011678030899042896 0.8235161261115646 0.45270850679271607 0.8308766871097252 0.32357215376956855 0.0 0.0 0.0 0.0 0.0 0.0
7.006430059632144 4.985649529824929 0.5756462712708681 -0.05599811914047692 -0.33567858838782366 0.9403106380078269 0.45270850679271607 0.8308766871097252 0.32357215376956855 0.0 0.0 0.0 0.0 0.0 0.0
6.863409528922462 5.427376789362152 0.8460298101478028 0.4764510322911742 -0.5321492379013607 0.6998654173694218 0.45270850679271607 0.8308766871097252 0.32357215376956855 0.0 0.0 0.0 0.0 0.0 0.0
6.828996026015107 5.747800613375661 1.275947692935394 0.8278884707189482 -0.5264474948753732 0.1935296235465892 0.45270850679271607 0.8308766871097252 0.32357215376956855 0.0 0.0 0.0 0.0 0.0 0.0
6.983299726057684 5.948220714367635 1.7499806594998484 0.864797237563502 -0.32073954681349354 -0.3863313099043488 0.45270850679271607 0.8308766871097252 0.32357215376956855 0.0 0.0 0.0 0.0 0.0 0.0
7.334733983613744 6.0755282255713885 2.1359493918156742 0.5731550752189156 0.006822717562086189 -0.819418519607573 0.45270850679271607 0.8308766871097252 0.32357215376956855 0.0 0.0 0.0 0.0 0.0 0.0
7.816818958600307 6.204390975458097 2.335131646803914 0.06376171715682598 0.33179291746607475 -0.9411949337648193 0.45270850679271607 0.8308766871097252 0.32357215376956855 0.0 0.0 0.0 0.0 0.0 0.0
8.313438419019034 6.408885931321076 2.319768487025722 -0.4698557832922033 0.5307094407429453 -0.7053956566446802 0.45270850679271607 0.8308766871097252 0.32357215376956855 0.0 0.0 0.0 0.0 0.0 0.0
8.702954238852271 6.734356120900205 2.1436103651200686 -0.8249672160987476 0.528000574492898 -0.20160477597877302 0.45270850679271607 0.8308766871097252 0.32357215376956855 0.0 0.0 0.0 0.0 0.0 0.0
8.904418755818167 7.180184058048553 1.9214964281865514 -0.8666598107930586 0.3246954622941542 0.37877912973357514 0.45270850679271607 0.8308766871097252 0.32357215376956855 0.0 0.0 0.0 0.0 0.0 0.0
8.908328141644297 7.700026336043411 1.7857252057941047 -0.5790938535877572 -0.0019668846487725035 0.8152585112108054 0.45270850679271607 0.8308766871097252 0.32357215376956855 0.0 0.0 0.0 0.0 0.0 0.0
8.780233065323882 8.219420262620694 1.8357921866843068 -0.07152045947155031 -0.3278819792290729 0.9420075538836211 0.45270850679271607 0.8308766871097252 0.32357215376956855 0.0 0.0 0.0 0.0 0.0 0.0
6.1018017546892445 9.579122023243372 3.311621830997457 0.13102228763097412 0.8277626728216797 -0.5455658691918467 0.6360171512207008 0.35194912147661667 0.6867415811241824 0.0 0.0 0.0 0.0 0.0 0.0
6.632182201581938 9.65690751228932 3.3481060928941866 -0.33978535590413506 0.9267480151573181 -0.16026237336028537 0.6360171512207008 0.35194912147661667 0.6867415811241824 0.0 0.0 0.0 0.0 0.0 0.0
7.085108565904923 9.945945240550547 3.348058541740776 -0.6815028618230625 0.673646292134159 0.2859274775548422 0.6360171512207008 0.35194912147661667 0.6867415811241824 0.0 0.0 0.0 0.0 0.0 0.0
7.382686331431822 10.388540662300066 3.413188168092713 -0.7643060364151814 0.16461507996384625 0.6234886992943912 0.6360171512207008 0.35194912147661667 0.6867415811241824 0.0 0.0 0.0 0.0 0.0 0.0
7.506040511908957 10.868660096706966 3.620442063066906 -0.5567365692576931 -0.40695615330209917 0.7241761399968463 0.6360171512207008 0.35194912147661667 0.6867415811241824 0.0 0.0 0.0 0.0 0.0 0.0
7.50248657390606 11.256013863163759 3.9927719319396147 -0.1376535713001512 -0.8239179399845328 0.5497369575351084 0.6360171512207008 0.35194912147661667 0.6867415811241824 0.0 0.0 0.0 0.0 0.0 0.0
7.4675544999940175 11.455555509276461 4.49041435757995 0.3337263198392994 -0.9278595260934844 0.166443513793994 0.6360171512207008 0.35194912147661667 0.6867415811241824 0.0 0.0 0.0 0.0 0.0 0.0
7.508695351190057 11.443591547221013 5.025997587426779 0.6783180024652802 -0.6792917652555173 -0.28008460362460963 0.6360171512207008 0.35194912147661667 0.6867415811241824 0.0 0.0 0.0 0.0 0.0 0.0
7.704458812391362 11.276783005901622 5.497735523064502 0.7652053350824826 -0.1726497056443152 -0.6202038973613726 0.6360171512207008 0.35194912147661667 0.6867415811241824 0.0 0.0 0.0 0.0 0.0 0.0
8.074650853801941 11.070618958748181 5.828097960783959 0.5613783673508983 0.3995848636903074 -0.724697361234355 0.6360171512207008 0.35194912147661667 0.6867415811241824 0.0 0.0 0.0 0.0 0.0 0.0
8.572809111713951 10.9555402938459 5.9932656122074075 0.1442743721169262 0.8200104626063279 -0.5538661812806606 0.6360171512207008 0.35194912147661667 0.6867415811241824 0.0 0.0 0.0 0.0 0.0 0.0
9.103854717289616 11.027383039696398 6.032179450180506 -0.327641869223134 0.9289003769343844 -0.17261197890971486 0.6360171512207008 0.35194912147661667 0.6867415811241824 0.0 0.0 0.0 0.0 0.0 0.0
9.560214348466602 11.310968655696982 6.031746382129892 -0.675081486565395 0.684885507678966 0.27422040016741933 0.6360171512207008 0.35194912147661667 0.6867415811241824 0.0 0.0 0.0 0.0 0.0 0.0
9.862689133539535 11.750673944722937 6.0938218629257985 -0.7660463604009042 0.1806711833812587 0.6168718645003527 0.6360171512207008 0.35194912147661667 0.6867415811241824 0.0 0.0 0.0 0.0 0.0 0.0
9.990543626655398 12.231563235685478 6.296513304644462 -0.5659774143079649 -0.3921831441440899 0.7251633939620257 0.6360171512207008 0.35194912147661667 0.6867415811241824 0.0 0.0 0.0 0.0 0.0 0.0
9.989383550371258 12.623054366600314 6.664505764834066 -0.15088418588168348 -0.8160405382565958 0.5579532259721279 0.6360171512207008 0.35194912147661667 0.6867415811241824 0.0 0.0 0.0 0.0 0.0 0.0
9.953829419167809 12.828529031142807 7.1596836804400406 0.32153246741011016 -0.9298704884151966 0.17876729895494725 0.6360171512207008 0.35194912147661667 0.6867415811241824 0.0 0.0 0.0 0.0 0.0 0.0
9.99156862402753 12.822039688592637 7.6956116074677166 0.6717935605966235 -0.690427093419363 -0.2683353137650688 0.6360171512207008 0.35194912147661667 0.6867415811241824 0.0 0.0 0.0 0.0 0.0 0.0
10.182443192163264 12.658167468373206 8.170372491279462 0.7668290483231123 -0.18867890230809087 -0.6134928544585346 0.6360171512207008 0.35194912147661667 0.6867415811241824 0.0 0.0 0.0 0.0 0.0 0.0
10.548116465992562 12.451285886435855 8.505287659613806 0.5705333598936614 0.3847515583330469 -0.725574202689662 0.6360171512207008 0.35194912147661667 0.6867415811241824 0.0 0.0 0.0 0.0 0.0 0.0
5.055142509446318 13.28698914728476 5.6382022959847236 0.5156983974421502 -0.8184747140072115 0.2532870020478969 0.5234234104810294 0.5350181884327959 0.6631617234178231 0.0 0.0 0.0 0.0 0.0 0.0
5.079290444834053 13.328556563081674 6.173341650993152 0.8154701766478128 -0.5402033792183792 -0.20781891174536715 0.5234234104810294 0.5350181884327959 0.6631617234178231 0.0 0.0 0.0 0.0 0.0 0.0
5.289324832647461 13.246984601588236 6.661108678530191 0.8054312018106844 -0.05669974894562531 -0.5899709464196516 0.5234234104810294 0.5350181884327959 0.6631617234178231 0.0 0.0 0.0 0.0 0.0 0.0
5.682957288256543 13.152487930538582 7.0143918102674085 0.4893954473140987 0.4483450639208209 -0.7479831547608997 0.5234234104810294 0.5350181884327959 0.6631617234178231 0.0 0.0 0.0 0.0 0.0 0.0
6.188147451479725 13.160191530916878 7.197172158341556 -0.012569819872651268 0.7830560910740192 -0.6218240569970303 0.5234234104810294 0.5350181884327959 0.6631617234178231 0.0 0.0 0.0 0.0 0.0 0.0
6.690472323867425 13.34639279189439 7.238207693057509 -0.5097596023335998 0.8202710172285212 -0.25942360363616956 0.5234234104810294 0.5350181884327959 0.6631617234178231 0.0 0.0 0.0 0.0 0.0 0.0
7.076597478863572 13.719574857059008 7.220107609161821 -0.8132831891419604 0.545851269737847 0.20153621407742464 0.5234234104810294 0.5350181884327959 0.6631617234178231 0.0 0.0 0.0 0.0 0.0 0.0
7.277334705304819 14.217183736335604 7.247947711606429 -0.8078268950254847 0.0640534987272113 0.5859290545571938 0.5234234104810294 0.5350181884327959 0.6631617234178231 0.0 0.0 0.0 0.0 0.0 0.0
7.293927765606695 14.729393612662513 7.409350360473633 -0.4954636573433944 -0.4420792673672812 0.7477176509993023 0.5234234104810294 0.5350181884327959 0.6631617234178231 0.0 0.0 0.0 0.0 0.0 0.0
7.19757986962736 15.140831506083007 7.7411952714130985 0.00513450747405056 -0.7802587286177476 0.6254358106543101 0.5234234104810294 0.5350181884327959 0.6631617234178231 0.0 0.0 0.0 0.0 0.0 0.0
7.102402384788292 15.37440939776421 8.215608295070579 0.5037819870577165 -0.8220048536360617 0.2655404491126248 0.5234234104810294 0.5350181884327959 0.6631617234178231 0.0 0.0 0.0 0.0 0.0 0.0
7.122062019750553 15.420611257194652 8.750551272458525 0.8110342669725001 -0.5514575915697761 -0.19523816864650215 0.5234234104810294 0.5350181884327959 0.6631617234178231 0.0 0.0 0.0 0.0 0.0 0.0
7.326596941388424 15.341108341275126 9.240989703160324 0.8101610690945988 -0.07140237058687694 -0.581842541928716 0.5234234104810294 0.5350181884327959 0.6631617234178231 0.0 0.0 0.0 0.0 0.0 0.0
7.715808104218165 15.245329252733644 9.59879710812177 0.5014941358969173 0.4357798047659511 -0.7473952056436758 0.5234234104810294 0.5350181884327959 0.6631617234178231 0.0 0.0 0.0 0.0 0.0 0.0
8.219334871105143 15.248886184400389 9.786235752439916 0.002301195937172645 0.7774019464383963 -0.6289999349531366 0.5234234104810294 0.5350181884327959 0.6631617234178231 0.0 0.0 0.0 0.0 0.0 0.0
8.723386195678408 15.429651914218756 9.830293841793983 -0.4977660068330482 0.8236760911914756 -0.2716370726557997 0.5234234104810294 0.5350181884327959 0.6631617234178231 0.0 0.0 0.0 0.0 0.0 0.0
9.11397174333185 15.798174634941226 9.81243225188909 -0.808723581403564 0.5570219177710515 0.18892525507314062 0.5234234104810294 0.5350181884327959 0.6631617234178231 0.0 0.0 0.0 0.0 0.0 0.0
9.320208725157826 16.29367051934633 9.83763617982266 -0.8124335462616363 0.078745804879576 0.5777117197379742 0.5234234104810294 0.5350181884327959 0.6631617234178231 0.0 0.0 0.0 0.0 0.0 0.0
9.341251454550203 16.80711651245147 9.994529512448226 -0.5074864237303789 -0.42944715584529886 0.7470158432494803 0.5234234104810294 0.5350181884327959 0.6631617234178231 0.0 0.0 0.0 0.0 0.0 0.0
9.246612637685159 17.2226700128691 10.321705130047398 -0.009736724103416635 -0.7744859620909906 0.632516158471643 0.5234234104810294 0.5350181884327959 0.6631617234178231 0.0 0.0 0.0 0.0 0.0 0.0
6.382786422785099 4.627749300942195 3.9671052266012183 -0.8191655101368936 0.5721599950421644 -0.04001008717202818 0.4299303534579612 0.6587122293260269 0.6174610029077532 0.0 0.0 0.0 0.0 0.0 0.0
6.590559713135464 5.12160414917154 3.926821845217409 -0.8861695239359048 0.1769711800121992 0.42823448750924015 0.4299303534579612 0.6587122293260269 0.6174610029077532 0.0 0.0 0.0 0.0 0.0 0.0
6.596330632621276 5.655799583453071 3.9841545287357487 -0.6165029196273272 -0.28545194510474425 0.7337856206869273 0.4299303534579612 0.6587122293260269 0.6174610029077532 0.0 0.0 0.0 0.0 0.0 0.0
6.461569692179747 6.124926237866218 4.208753667578271 -0.11261654877318096 -0.6394271037743798 0.7605593283243102 0.4299303534579612 0.6587122293260269 0.6174610029077532 0.0 0.0 0.0 0.0 0.0 0.0
6.301137805901887 6.448295463854392 4.606722329243353 0.4340547318081841 -0.7504732150690616 0.4983838312574266 0.4299303534579612 0.6587122293260269 0.6174610029077532 0.0 0.0 0.0 0.0 0.0 0.0
6.239648709397255 6.6005942968539 5.118297600925235 0.8158213627675038 -0.5764020047159668 0.04686398416254301 0.4299303534579612 0.6587122293260269 0.6174610029077532 0.0 0.0 0.0 0.0 0.0 0.0
6.36412611820533 6.621502274741888 5.640555519271547 0.8876438182056432 -0.18334603584367287 -0.4224602740397223 0.4299303534579612 0.6587122293260269 0.6174610029077532 0.0 0.0 0.0 0.0 0.0 0.0
6.690941963303134 6.600616517990321 6.0665136048577715 0.6222355464942343 0.2793661574278818 -0.7312848109751774 0.4299303534579612 0.6587122293260269 0.6174610029077532 0.0 0.0 0.0 0.0 0.0 0.0
7.159596420802968 6.6434122856147075 6.325775294772296 0.12042958744610864 0.6359424767395124 -0.7622820217911308 0.4299303534579612 0.6587122293260269 0.6174610029077532 0.0 0.0 0.0 0.0 0.0 0.0
7.655702806550465 6.831171160821825 6.411274773834293 -0.42712958534812173 0.7509136167465924 -0.5036755478528738 0.4299303534579612 0.6587122293260269 0.6174610029077532 0.0 0.0 0.0 0.0 0.0 0.0
8.054444989878206 7.190100818593859 6.381961395915055 -0.8124150874427589 0.5806001191454784 -0.05371431227922317 0.4299303534579612 0.6587122293260269 0.6174610029077532 0.0 0.0 0.0 0.0 0.0 0.0
8.267997128460694 7.681378291793712 6.340403838821644 -0.8890505149619727 0.18970692916466336 0.41665388858471436 0.4299303534579612 0.6587122293260269 0.6174610029077532 0.0 0.0 0.0 0.0 0.0 0.0
8.278890174183585 8.215899465465789 6.393822548741152 -0.6279207877151933 -0.27325909493652173 0.7287283110937869 0.4299303534579612 0.6587122293260269 0.6174610029077532 0.0 0.0 0.0 0.0 0.0 0.0
8.146648656589244 8.688131219848975 6.613354900103959 -0.12823345493969052 -0.6324094202228906 0.7639466645306966 0.4299303534579612 0.6587122293260269 0.6174610029077532 0.0 0.0 0.0 0.0 0.0 0.0
7.985176318906528 9.016205226993563 7.007028917684154 0.4201719113164353 -0.7512968334449284 0.5089289076052923 0.4299303534579612 0.6587122293260269 0.6174610029077532 0.0 0.0 0.0 0.0 0.0 0.0
7.919482181629122 9.173021097314791 7.516713295766445 0.808946943563712 -0.584754018628033 0.06056054984305921 0.4299303534579612 0.6587122293260269 0.6174610029077532 0.0 0.0 0.0 0.0 0.0 0.0
8.038187525590615 9.196542270690447 8.040202453091004 0.8903895070794886 -0.19605337556851846 -0.4108157733229503 0.4299303534579612 0.6587122293260269 0.6174610029077532 0.0 0.0 0.0 0.0 0.0 0.0
8.359857185707025 9.175373070936432 8.470046141960257 0.6335582103370732 0.267131222707116 -0.726116315730121 0.4299303534579612 0.6587122293260269 0.6174610029077532 0.0 0.0 0.0 0.0 0.0 0.0
8.825946459804706 9.2150964418038 8.734371593811547 0.13602755695920227 0.6288282032804453 -0.7655531297740193 0.4299303534579612 0.6587122293260269 0.6174610029077532 0.0 0.0 0.0 0.0 0.0 0.0
9.323043219791353 9.398161221395052 8.824189185642688 -0.4131822395669409 0.7516228359806327 -0.514143510450999 0.4299303534579612 0.6587122293260269 0.6174610029077532 0.0 0.0 0.0 0.0 0.0 0.0
11.233581037381395 11.537117063974787 6.647087655531527 0.894333218479583 -0.35223790884917355 0.27585603109867235 0.03116807399233093 0.6641271038450289 0.7469697056119631 0.0 0.0 0.0 0.0 0.0 0.0
11.190636941452416 11.523815711371824 7.182497760742601 0.9861536408748208 0.10135113909586817 -0.13125906899450604 0.03116807399233093 0.6641271038450289 0.7469697056119631 0.0 0.0 0.0 0.0 0.0 0.0
11.372486598990223 11.533617354114787 7.687987357046305 0.7033178074920855 0.5164351947977076 -0.48850665424206746 0.03116807399233093 0.6641271038450289 0.7469697056119631 0.0 0.0 0.0 0.0 0.0 0.0
11.714657572875776 11.66114041576154 8.082121846144647 0.15327978019643826 0.7353168856598904 -0.6601623941473571 0.03116807399233093 0.6641271038450289 0.7469697056119631 0.0 0.0 0.0 0.0 0.0 0.0
12.091768677480061 11.956278984631247 8.325772296725058 -0.4549917982970976 0.6748393978171552 -0.5810114031894311 0.03116807399233093 0.6641271038450289 0.7469697056119631 0.0 0.0 0.0 0.0 0.0 0.0
12.365164387346187 12.405247215467224 8.436981179666889 -0.8904043855603656 0.3579791400306327 -0.28112446616720416 0.03116807399233093 0.6641271038450289 0.7469697056119631 0.0 0.0 0.0 0.0 0.0 0.0
12.435592389507214 12.935816802537015 8.484107731700313 -0.9875374599818015 -0.0948833781455771 0.12556635570236963 0.03116807399233093 0.6641271038450289 0.7469697056119631 0.0 0.0 0.0 0.0 0.0 0.0
12.280911196592477 13.44475772057301 8.559857138467043 -0.7094885426103007 -0.5116981145987967 0.48455241968309976 0.03116807399233093 0.6641271038450289 0.7469697056119631 0.0 0.0 0.0 0.0 0.0 0.0
11.964502068065634 13.837057037285607 8.746060284547 -0.16189306588528865 -0.7341101821796833 0.6594489181417862 0.03116807399233093 0.6641271038450289 0.7469697056119631 0.0 0.0 0.0 0.0 0.0 0.0
11.611189410076268 14.062015914871536 9.082584832266965 0.4472082932772635 -0.6776215178827889 0.5838097472004562 0.03116807399233093 0.6641271038450289 0.7469697056119631 0.0 0.0 0.0 0.0 0.0 0.0
11.359817896610881 14.13251094613469 9.552188830230875 0.886407744899847 -0.363693109714606 0.28637149251921984 0.03116807399233093 0.6641271038450289 0.7469697056119631 0.0 0.0 0.0 0.0 0.0 0.0
11.310503056486276 14.12010212159478 10.087071218925233 0.9888460742877978 0.08840839145868419 -0.11986408004609649 0.03116807399233093 0.6641271038450289 0.7469697056119631 0.0 0.0 0.0 0.0 0.0 0.0
11.48659571010966 14.127845992669652 10.594630586801555 0.7156052474290996 0.5069220666073392 -0.48056128458135217 0.03116807399233093 0.6641271038450289 0.7469697056119631 0.0 0.0 0.0 0.0 0.0 0.0
11.825810602401058 14.251142764777992 10.992645994736675 0.17049402279037737 0.7328475733668801 -0.6586852225479385 0.03116807399233093 0.6641271038450289 0.7469697056119631 0.0 0.0 0.0 0.0 0.0 0.0
12.203889612552125 14.541492164294393 11.240514085466433 -0.4393907316144591 0.6803520344463176 -0.5865636318389205 0.03116807399233093 0.6641271038450289 0.7469697056119631 0.0 0.0 0.0 0.0 0.0 0.0
12.481809491606226 14.98692783147014 11.354674977862256 -0.8823436008576871 0.3693793827601796 -0.29159671057334774 0.03116807399233093 0.6641271038450289 0.7469697056119631 0.0 0.0 0.0 0.0 0.0 0.0
12.558599119081837 15.51656354056861 11.402366390907783 -0.990079384136764 -0.0819266721304946 0.11415267627605528 0.03116807399233093 0.6641271038450289 0.7469697056119631 0.0 0.0 0.0 0.0 0.0 0.0
12.40970011979058 16.027524062177108 11.476078910102256 -0.7216674561377284 -0.502107414537881 0.4765335528772151 0.03116807399233093 0.6641271038450289 0.7469697056119631 0.0 0.0 0.0 0.0 0.0 0.0
12.096297001165428 16.42402918284286 11.658417267669238 -0.17908199591553617 -0.7315291553740303 0.6578713655241903 0.03116807399233093 0.6641271038450289 0.7469697056119631 0.0 0.0 0.0 0.0 0.0 0.0
11.742072135936509 16.653782209523506 11.990717423707412 0.43153970864627184 -0.683030739568333 0.589272847385847 0.03116807399233093 0.6641271038450289 0.7469697056119631 0.0 0.0 0.0 0.0 0.0 0.0
4.836596357379581 11.176230228395807 8.23454322853446 0.9568956025359758 -0.01652581872256712 -0.2899615546289898 0.17305624533138433 0.8342321337042149 0.5235535149792395 0.0 0.0 0.0 0.0 0.0 0.0
5.095169827323267 11.305586392979977 8.687413900408577 0.6383579797606532 0.3098017374271599 -0.7046431530661534 0.17305624533138433 0.8342321337042149 0.5235535149792395 0.0 0.0 0.0 0.0 0.0 0.0
5.499257018839356 11.505561873358594 8.979661143369636 0.07729748769799176 0.5184304339194757 -0.8516190366482204 0.17305624533138433 0.8342321337042149 0.5235535149792395 0.0 0.0 0.0 0.0 0.0 0.0
5.920964175108372 11.823713587461594 9.077781800130502 -0.5131296122862132 0.5300987408711562 -0.6750506098966323 0.17305624533138433 0.8342321337042149 0.5235535149792395 0.0 0.0 0.0 0.0 0.0 0.0
6.225703420111098 12.262701326225752 9.022024649124935 -0.9086101934932707 0.34037367338756874 -0.24201917020098596 0.17305624533138433 0.8342321337042149 0.5235535149792395 0.0 0.0 0.0 0.0 0.0 0.0
6.323324942917574 12.77927725454848 8.911099220656908 -0.9588945710399089 0.021334956639699348 0.2829593985987584 0.17305624533138433 0.8342321337042149 0.5235535149792395 0.0 0.0 0.0 0.0 0.0 0.0
6.202366418083841 13.300716486908534 8.864674396002798 -0.6448788691862006 -0.30580926683704474 0.7004369610419742 0.17305624533138433 0.8342321337042149 0.5235535149792395 0.0 0.0 0.0 0.0 0.0 0.0
5.934407734727971 13.752446487270781 8.977914198657487 -0.08586290312893088 -0.516771436984111 0.8518068113038593 0.17305624533138433 0.8342321337042149 0.5235535149792395 0.0 0.0 0.0 0.0 0.0 0.0
5.646876599902182 14.086378422312263 9.28532339075103 0.5057738153782053 -0.5314034982632364 0.6795610125009873 0.17305624533138433 0.8342321337042149 0.5235535149792395 0.0 0.0 0.0 0.0 0.0 0.0
5.4746366222060505 14.299176913204006 9.74763853702659 0.9052586053359121 -0.34414648595946246 0.24913862339475254 0.17305624533138433 0.8342321337042149 0.5235535149792395 0.0 0.0 0.0 0.0 0.0 0.0
5.508750372080242 14.433527201792703 10.266744840344142 0.9608205160097459 -0.02614246981728169 -0.27593569411480184 0.17305624533138433 0.8342321337042149 0.5235535149792395 0.0 0.0 0.0 0.0 0.0 0.0
5.761883188811116 14.561918313563979 10.722951593505897 0.6513506485891095 0.3017935076872713 -0.6961774280313594 0.17305624533138433 0.8342321337042149 0.5235535149792395 0.0 0.0 0.0 0.0 0.0 0.0
6.163491406382655 14.759103264908513 11.020464680042648 0.0944217797673651 0.5150730859030581 -0.851929717572913 0.17305624533138433 0.8342321337042149 0.5235535149792395 0.0 0.0 0.0 0.0 0.0 0.0
6.58662307162315 15.073699142391447 11.123780360652647 -0.4983795018359733 0.532667787221512 -0.6840196639032129 0.17305624533138433 0.8342321337042149 0.5235535149792395 0.0 0.0 0.0 0.0 0.0 0.0
6.896149113738603 15.509716658731941 11.0711737373532 -0.9018380782309059 0.34789309044403344 -0.25623910371776815 0.17305624533138433 0.8342321337042149 0.5235535149792395 0.0 0.0 0.0 0.0 0.0 0.0
7.000101137544944 16.025036415985625 10.960157402298712 -0.9626732907773209 0.030947992144573146 0.2688909760594101 0.17305624533138433 0.8342321337042149 0.5235535149792395 0.0 0.0 0.0 0.0 0.0 0.0
6.884611754428037 16.54741076902244 10.910434773697634 -0.6577728251183217 -0.29775476579344606 0.6918648784142398 0.17305624533138433 0.8342321337042149 0.5235535149792395 0.0 0.0 0.0 0.0 0.0 0.0
6.6191830351285565 17.001911913827776 11.018422765900642 -0.10297346582170112 -0.5133355100123268 0.8519877460955939 0.17305624533138433 0.8342321337042149 0.5235535149792395 0.0 0.0 0.0 0.0 0.0 0.0
6.330281511054955 17.339398212973677 11.320621391633972 0.4909472347651219 -0.5338915114654829 0.6884262245597427 0.17305624533138433 0.8342321337042149 0.5235535149792395 0.0 0.0 0.0 0.0 0.0 0.0
6.15329142459374 17.5551839252821 11.779746796917058 0.8983488726646345 -0.3516132015228437 0.2633200704409659 0.17305624533138433 0.8342321337042149 0.5235535149792395 0.0 0.0 0.0 0.0 0.0 0.0
3.530849025761534 5.393593607117227 3.8274502576160523 -0.4296258313528105 -0.18109870050080398 0.884660898712793 0.32048579695081825 0.8853269383081779 0.3368754462092285 0.0 0.0 0.0 0.0 0.0 0.0
3.309778867529409 5.868689391521648 3.946181394638871 0.14701353111450619 -0.39781241584354887 0.9056115632377733 0.32048579695081825 0.8853269383081779 0.3368754462092285 0.0 0.0 0.0 0.0 0.0 0.0
3.1222204483406224 6.253103823217345 4.271346715996848 0.6677999951762577 -0.46339054333842317 0.5825052538708221 0.32048579695081825 0.8853269383081779 0.3368754462092285 0.0 0.0 0.0 0.0 0.0 0.0
3.0868870590646207 6.531888365978446 4.729294128303233 0.9348780760500345 -0.35291885594230143 0.03809545958985792 0.32048579695081825 0.8853269383081779 0.3368754462092285 0.0 0.0 0.0 0.0 0.0 0.0
3.2646591566402052 6.730225044422891 5.195925401821802 0.8467803455045014 -0.10836739468508788 -0.5207874367114119 0.32048579695081825 0.8853269383081779 0.3368754462092285 0.0 0.0 0.0 0.0 0.0 0.0
3.6354548606175223 6.9038593718390855 5.543843162755405 0.436976604289414 0.17735465161920996 -0.8818144787044045 0.32048579695081825 0.8853269383081779 0.3368754462092285 0.0 0.0 0.0 0.0 0.0 0.0
4.105859395292099 7.117921697672352 5.690751285522006 -0.13884185475444066 0.3956967005617226 -0.9078254570857287 0.32048579695081825 0.8853269383081779 0.3368754462092285 0.0 0.0 0.0 0.0 0.0 0.0
4.544614924806737 7.422183098849277 5.630720566781147 -0.6619119718650621 0.46370695726480327 -0.588938366287952 0.32048579695081825 0.8853269383081779 0.3368754462092285 0.0 0.0 0.0 0.0 0.0 0.0
4.832487599507644 7.832146515525273 5.436441328913976 -0.9335106642861323 0.3555471881360969 -0.046303743612991 0.32048579695081825 0.8853269383081779 0.3368754462092285 0.0 0.0 0.0 0.0 0.0 0.0
4.907566488911572 8.3231569249242 5.231607151233275 -0.8504530478789047 0.1123090978025046 0.5139224454178544 0.32048579695081825 0.8853269383081779 0.3368754462092285 0.0 0.0 0.0 0.0 0.0 0.0
4.78878457929196 8.839768196701021 5.143921611156168 -0.44429409976577794 -0.17359709649424077 0.8789009051093786 0.32048579695081825 0.8853269383081779 0.3368754462092285 0.0 0.0 0.0 0.0 0.0 0.0
4.568725815651006 9.316808004869738 5.256581560053399 0.13065960504958685 -0.3935508514441486 0.9099702165103373 0.32048579695081825 0.8853269383081779 0.3368754462092285 0.0 0.0 0.0 0.0 0.0 0.0
4.3784509130923155 9.704137884068667 5.576669248436415 0.655973541394512 -0.46398805811107513 0.5953266287683209 0.32048579695081825 0.8853269383081779 0.3368754462092285 0.0 0.0 0.0 0.0 0.0 0.0
4.3377051999347405 9.98570167082177 6.03246166057915 0.9320721620709105 -0.3581484440349608 0.05450850142677489 0.32048579695081825 0.8853269383081779 0.3368754462092285 0.0 0.0 0.0 0.0 0.0 0.0
4.509425365448923 10.185625508487949 6.50067928733723 0.8540609849610484 -0.11624224814730318 -0.5070183169403473 0.32048579695081825 0.8853269383081779 0.3368754462092285 0.0 0.0 0.0 0.0 0.0 0.0
4.8758287593580425 10.35905192203138 6.853322072795404 0.4515777605262894 0.16982632127826316 -0.8759203998076258 0.32048579695081825 0.8853269383081779 0.3368754462092285 0.0 0.0 0.0 0.0 0.0 0.0
5.345169317988045 10.571190250853787 7.006298775556555 -0.12246740510993982 0.3913750319055412 -0.9120456781798663 0.32048579695081825 0.8853269383081779 0.3368754462092285 0.0 0.0 0.0 0.0 0.0 0.0
5.786593427769794 10.872542530513693 6.951374637279047 -0.6499851559990805 0.4642338244703173 -0.601669554821009 0.32048579695081825 0.8853269383081779 0.3368754462092285 0.0 0.0 0.0 0.0 0.0 0.0
6.07985340078974 11.279716925068747 6.759299905048531 -0.9305626789518837 0.3607224255431818 -0.06270910820713772 0.32048579695081825 0.8853269383081779 0.3368754462092285 0.0 0.0 0.0 0.0 0.0 0.0
6.160991581862408 11.769118007876516 6.552930629629053 -0.8576038819925565 0.12016654619485354 0.5000755770550034 0.32048579695081825 0.8853269383081779 0.3368754462092285 0.0 0.0 0.0 0.0 0.0 0.0
9.591327214909656 7.3112989208735994 4.175754440020762 -0.33239381964240566 -0.5902245316280509 0.7356285414038661 0.5928648401720514 0.475847145387885 0.6496774395913476 0.0 0.0 0.0 0.0 0.0 0.0
9.526456032103065 7.658911591218253 4.580281649458511 0.160852639721636 -0.8604664122158218 0.4834500819557411 0.5928648401720514 0.475847145387885 0.6496774395913476 0.0 0.0 0.0 0.0 0.0 0.0
9.498251213582256 7.810380915823696 5.095011320289851 0.5929884919427068 -0.8038027165715749 0.04760085351829978 0.5928648401720514 0.475847145387885 0.6496774395913476 0.0 0.0 0.0 0.0 0.0 0.0
9.605218140458199 7.77862338589496 5.620591607178451 0.7998381018358617 -0.44176093003702976 -0.40633273501457406 0.5928648401720514 0.475847145387885 0.6496774395913476 0.0 0.0 0.0 0.0 0.0 0.0
9.894508187814566 7.646166438064255 6.0535483343352 0.7028158442616392 0.08811321966746255 -0.7058937239943649 0.5928648401720514 0.475847145387885 0.6496774395913476 0.0 0.0 0.0 0.0 0.0 0.0
10.344005128984506 7.533794901429236 6.325596564896456 0.3387820969981289 0.584511684045814 -0.7372738853150007 0.5928648401720514 0.475847145387885 0.6496774395913476 0.0 0.0 0.0 0.0 0.0 0.0
10.870727459824964 7.554662821564144 6.429583190101802 -0.15396063304957722 0.8588443871409494 -0.48855137104245294 0.5928648401720514 0.475847145387885 0.6496774395913476 0.0 0.0 0.0 0.0 0.0 0.0
11.362354459517393 7.77130434677141 6.42220451490573 -0.5882111445172344 0.8068877484488237 -0.05422002276754206 0.5928648401720514 0.475847145387885 0.6496774395913476 0.0 0.0 0.0 0.0 0.0 0.0
11.719898710309028 8.171875959626343 6.4024663838137625 -0.7989904078169023 0.44838096367725055 0.4007104186671964 0.5928648401720514 0.475847145387885 0.6496774395913476 0.0 0.0 0.0 0.0 0.0 0.0
11.895313072498531 8.674656027259834 6.4740702052653525 -0.7062198567796839 -0.08047324572524987 0.703404272529337 0.5928648401720514 0.475847145387885 0.6496774395913476 0.0 0.0 0.0 0.0 0.0 0.0
11.909744596113867 9.15909221599816 6.706015052772653 -0.3451445747855184 -0.5787543236358087 0.7388630829652953 0.5928648401720514 0.475847145387885 0.6496774395913476 0.0 0.0 0.0 0.0 0.0 0.0
11.845500403046854 9.511601338453172 7.106383763290252 0.1470569016792278 -0.8571569577408454 0.49361545505075516 0.5928648401720514 0.475847145387885 0.6496774395913476 0.0 0.0 0.0 0.0 0.0 0.0
11.814777835344772 9.668721505420676 7.619272132318303 0.583389002535754 -0.8099113327000359 0.06083506295212818 0.5928648401720514 0.475847145387885 0.6496774395913476 0.0 0.0 0.0 0.0 0.0 0.0
11.917038809127078 9.64122235861531 8.146027855860469 0.7980818675849698 -0.45496685137111054 -0.39505758667002483 0.5928648401720514 0.475847145387885 0.6496774395913476 0.0 0.0 0.0 0.0 0.0 0.0
12.201222569737057 9.510013503724348 8.5827301900907 0.7095700879213929 0.07282714343380978 -0.7008612541056166 0.5928648401720514 0.475847145387885 0.6496774395913476 0.0 0.0 0.0 0.0 0.0 0.0
12.647152854215374 9.395405598470632 8.859671179394923 0.3514807684772558 0.5729528888433196 -0.7403960133311983 0.5928648401720514 0.475847145387885 0.6496774395913476 0.0 0.0 0.0 0.0 0.0 0.0
13.17320319092744 9.41140232225674 8.967838874163705 -0.14014197135646236 0.855404252519791 -0.49864194833104614 0.5928648401720514 0.475847145387885 0.6496774395913476 0.0 0.0 0.0 0.0 0.0 0.0
13.667308160859227 9.622388472320065 8.962341121120634 -0.5785224332230489 0.8128732390675633 -0.06744547031113868 0.5928648401720514 0.475847145387885 0.6496774395913476 0.0 0.0 0.0 0.0 0.0 0.0
14.029538923934584 10.018669102805937 8.941469170997966 -0.7971125503289217 0.46151809157776225 0.38937466950810007 0.5928648401720514 0.475847145387885 0.6496774395913476 0.0 0.0 0.0 0.0 0.0 0.0
14.210067856081283 10.520152796788645 9.00935518904136 -0.7128662825536949 -0.06517549507343603 0.6982648623839006 0.5928648401720514 0.475847145387885 0.6496774395913476 0.0 0.0 0.0 0.0 0.0 0.0
9.086076877872447 1.685793595388851 7.178513074250835 0.25704795363792327 -0.132709436932265 0.9572432057108983 0.1456217753556791 0.9845352225736825 0.09738939395051963 0.0 0.0 0.0 0.0 0.0 0.0
8.83601240648969 2.094638422026926 7.421409698356037 0.768418670828811 -0.17455871578459733 0.6156801126115049 0.1456217753556791 0.9845352225736825 0.09738939395051963 0.0 0.0 0.0 0.0 0.0 0.0
8.761108995300686 2.463692583909405 7.804650623503433 0.987854287696773 -0.15009022004426836 0.04020985110845342 0.1456217753556791 0.9845352225736825 0.09738939395051963 0.0 0.0 0.0 0.0 0.0 0.0
8.911387000075042 2.7985336754101966 8.197057385476207 0.8319875446258036 -0.06859994033446191 -0.5505368051035592 0.1456217753556791 0.9845352225736825 0.09738939395051963 0.0 0.0 0.0 0.0 0.0 0.0
9.251316591825375 3.117737408353248 8.463969265402959 0.3600348232615387 0.038952603638245854 -0.9321253245722024 0.1456217753556791 0.9845352225736825 0.09738939395051963 0.0 0.0 0.0 0.0 0.0 0.0
9.673316132866688 3.4458203885212826 8.518403148264111 -0.24870114692102538 0.13170640223598104 -0.9595838489315146 0.1456217753556791 0.9845352225736825 0.09738939395051963 0.0 0.0 0.0 0.0 0.0 0.0
10.03862423964196 3.803925847223157 8.354099862567976 -0.7629513933268554 0.17442273661065003 -0.6224804256953475 0.1456217753556791 0.9845352225736825 0.09738939395051963 0.0 0.0 0.0 0.0 0.0 0.0
10.230017552302076 4.201790974223649 8.047902144248212 -0.9873436495407578 0.15087295715429086 -0.0488862814197988 0.1456217753556791 0.9845352225736825 0.09738939395051963 0.0 0.0 0.0 0.0 0.0 0.0
10.196345848982563 4.6340475965546855 7.730560796540596 -0.8366275457886138 0.07000401881369013 0.5432805785021702 0.1456217753556791 0.9845352225736825 0.09738939395051963 0.0 0.0 0.0 0.0 0.0 0.0
9.971964870276013 5.082261637176982 7.537060273796897 -0.3680626497247402 -0.037460616679011 0.9290460634842767 0.1456217753556791 0.9845352225736825 0.09738939395051963 0.0 0.0 0.0 0.0 0.0 0.0
9.6636839989836 5.521936529048599 7.555335830456914 0.24033540064890388 -0.13069333758724455 0.9618514161268551 0.1456217753556791 0.9845352225736825 0.09738939395051963 0.0 0.0 0.0 0.0 0.0 0.0
9.41018758983127 5.931819870504931 7.792865447687746 0.7574260141224116 -0.17427347447000455 0.6292333344847426 0.1456217753556791 0.9845352225736825 0.09738939395051963 0.0 0.0 0.0 0.0 0.0 0.0
9.329346464430587 6.301977567972304 8.173828823313231 0.986757821343174 -0.1516442047044975 0.057558988851543265 0.1456217753556791 0.9845352225736825 0.09738939395051963 0.0 0.0 0.0 0.0 0.0 0.0
9.473436815453459 6.637567964205793 8.56791277225852 0.8412038345246772 -0.07140276621585391 -0.5359829789813317 0.1456217753556791 0.9845352225736825 0.09738939395051963 0.0 0.0 0.0 0.0 0.0 0.0
9.809279607024749 6.956882097633689 8.839819384280286 0.3760624467921527 0.03596577694878158 -0.9258960519416685 0.1456217753556791 0.9845352225736825 0.09738939395051963 0.0 0.0 0.0 0.0 0.0 0.0
10.23084584517513 7.284394631048723 8.900667962128589 -0.23195135190552651 0.12967032013485116 -0.9640457346128983 0.1456217753556791 0.9845352225736825 0.09738939395051963 0.0 0.0 0.0 0.0 0.0 0.0
10.599538765360288 7.641465518018579 8.74176228443814 -0.7518429539944984 0.1741109407295512 -0.6359383247195408 0.1456217753556791 0.9845352225736825 0.09738939395051963 0.0 0.0 0.0 0.0 0.0 0.0
10.796849060525627 8.038224999406145 8.437894445618042 -0.9860968477171066 0.15240390396140166 -0.06622731294343796 0.1456217753556791 0.9845352225736825 0.09738939395051963 0.0 0.0 0.0 0.0 0.0 0.0
10.76937854822627 8.469724955497107 8.118930088728643 -0.8457160623318882 0.07279607602092353 0.5286445622815016 0.1456217753556791 0.9845352225736825 0.09738939395051963 0.0 0.0 0.0 0.0 0.0 0.0
10.549127032907865 8.91781877940757 7.920470276445137 -0.384033605248257 -0.0344681982853901 0.9226755298299526 0.1456217753556791 0.9845352225736825 0.09738939395051963 0.0 0.0 0.0 0.0 0.0 0.0
9.674067702528719 6.932310057013751 10.509475714557556 -0.6660112593798547 -0.16435008831656964 0.7276111948352606 0.6046968011119798 0.45218979746275917 0.6556417968643609 0.0 0.0 0.0 0.0 0.0 0.0
9.68018039104999 7.398250676973797 10.776958566024057 -0.28338515409935655 -0.6471731440501748 0.7077144735387962 0.6046968011119798 0.45218979746275917 0.6556417968643609 0.0 0.0 0.0 0.0 0.0 0.0
9.62169542477759 7.716668158384274 11.205764954001992 0.20690370917059955 -0.8841243022011644 0.418945191389938 0.6046968011119798 0.45218979746275917 0.6556417968643609 0.0 0.0 0.0 0.0 0.0 0.0
9.61037416552086 7.833549477288984 11.730069911539394 0.618586394081101 -0.7851818561758772 -0.0289883733580296 0.6046968011119798 0.45218979746275917 0.6556417968643609 0.0 0.0 0.0 0.0 0.0 0.0
9.740059694258765 7.771448567372621 12.247766968457713 0.79525776566721 -0.3879356954488008 -0.46590877040752515 0.6046968011119798 0.45218979746275917 0.6556417968643609 0.0 0.0 0.0 0.0 0.0 0.0
10.051024255703334 7.620917703472291 12.659260106501796 0.6697974160755491 0.15669372191822256 -0.7258226359999613 0.6046968011119798 0.45218979746275917 0.6556417968643609 0.0 0.0 0.0 0.0 0.0 0.0
10.51466915921753 7.506105178413593 12.905301951831646 0.2898698297011762 0.6417925745491895 -0.709984347068676 0.6046968011119798 0.45218979746275917 0.6556417968643609 0.0 0.0 0.0 0.0 0.0 0.0
11.044389899532874 7.537589290917415 12.989502842907502 -0.20018415134178058 0.8830636979092898 -0.424411134380734 0.6046968011119798 0.45218979746275917 0.6556417968643609 0.0 0.0 0.0 0.0 0.0 0.0
11.528478656251057 7.7703678011453 12.976959202547155 -0.6141848263894671 0.7888441583959543 0.022402964034213962 0.6046968011119798 0.45218979746275917 0.6556417968643609 0.0 0.0 0.0 0.0 0.0 0.0
11.872563962468409 8.182963362100558 12.969522318543317 -0.7948464172691002 0.39492953433699446 0.46070580185497956 0.6046968011119798 0.45218979746275917 0.6556417968643609 0.0 0.0 0.0 0.0 0.0 0.0
12.03546400285939 8.68558312283441 13.06710333656845 -0.6735325651047841 -0.1490254226862878 0.7239788029607929 0.6046968011119798 0.45218979746275917 0.6556417968643609 0.0 0.0 0.0 0.0 0.0 0.0
12.044832273842005 9.154232533777833 13.329715345508522 -0.29633243059318826 -0.6363631300588519 0.712200152541709 0.6046968011119798 0.45218979746275917 0.6556417968643609 0.0 0.0 0.0 0.0 0.0 0.0
11.986651557946788 9.477822949201144 13.754673401629885 0.19344934871479158 -0.8819358448978998 0.4298447568204712 0.6046968011119798 0.45218979746275917 0.6556417968643609 0.0 0.0 0.0 0.0 0.0 0.0
11.972567627178 9.600376061029829 14.27761458359356 0.6097364861453893 -0.7924463870792359 -0.01581584863795161 0.6046968011119798 0.45218979746275917 0.6556417968643609 0.0 0.0 0.0 0.0 0.0 0.0
12.09747314761144 9.54229099398944 14.796950542362568 0.7943745382389413 -0.40189329781211713 -0.45546774877192875 0.6046968011119798 0.45218979746275917 0.6556417968643609 0.0 0.0 0.0 0.0 0.0 0.0
12.403456369031478 9.39259433706719 15.212462613467702 0.677216422021498 0.1413457745914394 -0.7220798361327821 0.6046968011119798 0.45218979746275917 0.6556417968643609 0.0 0.0 0.0 0.0 0.0 0.0
12.86381109515996 9.275117453910507 15.463376563206094 0.302772464623312 0.6308852240523796 -0.714361721215732 0.6046968011119798 0.45218979746275917 0.6556417968643609 0.0 0.0 0.0 0.0 0.0 0.0
13.393182814126076 9.3014508774274 15.551451736115935 -0.18669981417092935 0.8807408290573666 -0.43524564491776596 0.6046968011119798 0.45218979746275917 0.6556417968643609 0.0 0.0 0.0 0.0 0.0 0.0
13.879996304577412 9.528549200640466 15.540312650571748 -0.6052417121072018 0.7959882679020597 0.009227528803580777 0.6046968011119798 0.45218979746275917 0.6556417968643609 0.0 0.0 0.0 0.0 0.0 0.0
14.228844927709952 9.937093074567613 15.531276980508682 -0.7938421645121505 0.40882645555661756 0.4501950100563927 0.6046968011119798 0.45218979746275917 0.6556417968643609 0.0 0.0 0.0 0.0 0.0 0.0
