t = 20
b = 13 13 13
E = -1.00258947627104 -1.00258947627104 0
5.22178795379891 3.80215481713971 25.9072871975808 -0.793453361589718 -0.487945720623186 0.363786663729578 0.440069642931563 -0.0470466145697095 0.896730352685586 0 0 0 0 0 0
5.27246072484775 3.9267236077923 26.4274794589496 -0.136778468083793 -0.988234221512115 -0.06844540964152 0.584179998640383 -0.13626992009471 0.800102642206551 0 0 0 0 0 0
5.20200311782294 3.81246961139662 26.9477359841737 0.613930225570166 -0.616993580321435 -0.492350078677258 0.631577489996164 0.00980519267449958 0.775250754483194 0 0 0 0 0 0
5.56072089262387 3.68883323515099 27.3156805593943 0.591139059405632 -0.375720885910462 -0.713714528600674 0.7713249918423 0.00461713176055729 0.636424731648434 0 0 0 0 0 0
5.84700397854387 3.32128779481048 27.5833322848126 0.629209492021027 0.195088309010819 -0.752353618212833 0.776202741491825 -0.107833117036805 0.62119346661946 0 0 0 0 0 0
6.32832401235307 3.04978929000616 27.6590083273687 0.220550268118856 0.895601619685894 -0.386335758180245 0.858249802670795 0.00999896373393411 0.513134774635074 0 0 0 0 0 0
6.83257350229458 3.02125884662552 27.7856034578302 -0.297621761746258 0.925671193293789 -0.233568253067721 0.693007865949049 0.377752022133193 0.61403868567626 0 0 0 0 0 0
7.28891093512216 3.29145639317662 27.7870021431979 -0.597059037406131 0.738540160556066 0.313175569126146 0.686331275848724 0.268179446743211 0.67603932144245 0 0 0 0 0 0
7.62731399210616 3.70618954264167 27.7404737875742 -0.710071297351247 0.257806606300475 0.655236221851135 0.658260972869004 0.573417214837284 0.487734753042886 0 0 0 0 0 0
7.6190620964763 4.17685894090968 27.900959529869 -0.226950769166979 -0.332955019759746 0.91522363561662 0.639609888169734 0.657715888510314 0.397880636569045 0 0 0 0 0 0
7.68531974927708 4.56603819364998 28.2136001659882 0.140542582493069 -0.709744812490057 0.690297098103152 0.622930758823118 0.605310338928896 0.495536742631502 0 0 0 0 0 0
7.72263287574493 4.84236560210011 28.6728778554646 0.635856224789246 -0.77180595409418 0.00155904507376052 0.658622866994994 0.54366064966315 0.520239384398314 0 0 0 0 0 0
7.97298519138121 4.99674306541405 29.1561386753719 0.790709385281751 -0.448673105463706 -0.416498634404615 0.611903712329223 0.558370045409208 0.560175632482737 0 0 0 0 0 0
8.32303948617013 5.0090179112033 29.5642784438986 0.565083223866096 -0.0425609814479691 -0.82393538154596 0.735542958821533 0.478346333608462 0.47975133230811 0 0 0 0 0 0
8.80240742358733 4.94457505460125 29.7982412634399 0.273368848158456 0.444000579205211 -0.853307071646518 0.717000731707689 0.497305719608893 0.488463890144317 0 0 0 0 0 0
9.22217399835981 5.11068295900494 29.8964012385722 -0.211371666328813 0.729415551218681 -0.650595859434817 0.742319330770056 0.552818496312588 0.3786208146679 0 0 0 0 0 0
9.74942330719053 5.42092030019682 29.8258183810779 -0.622897077757199 0.770044649260209 0.137950964720311 0.779889989352306 0.597402284559413 0.186767542445828 0 0 0 0 0 0
9.9888963954556 5.8382371128404 29.5866857400601 -0.581356856775313 0.485457517664251 0.652958806988306 0.718356845657229 0.683090187128603 0.131724100095637 0 0 0 0 0 0
10.2305766986503 6.33819985118362 29.6756824432313 -0.345390369695592 -0.19925740092046 0.917061601365997 0.598044831254589 0.706342072712284 0.378712630006163 0 0 0 0 0 0
10.2324558267107 6.8095999698773 29.9334876004561 0.380408109507606 -0.654167383379306 0.653723722029055 0.584100916242958 0.717985956242076 0.378579299861057 0 0 0 0 0 0
12.3394225073405 4.04517539355601 9.54572294557607 0.779062793872194 0.0805827592381437 -0.621745592760913 0.207345972719019 0.902782731355028 0.376816915178126 0 0 0 0 0 0
12.6666384222507 4.2997974529373 9.84597079150646 0.174476251565634 0.407261251715024 -0.896491110101555 0.23922002854282 0.865646632133842 0.439806419029224 0 0 0 0 0 0
13.0429122629662 4.66581724512731 9.96056839460866 -0.536632693333967 0.437216329540815 -0.721711322917959 0.14149457782612 0.889809294037088 0.433841796846533 0 0 0 0 0 0
13.1989152680329 5.14142655535168 9.89368635887671 -0.970871867434716 0.146636775890705 -0.189487395306936 0.00635669020189839 0.806336823538451 0.591422454338351 0 0 0 0 0 0
13.1607525285808 5.67175459753398 9.81635024111173 -0.850556323974033 -0.194177901293356 0.488721681938797 0.104949372566187 0.847963049327092 0.519561638474073 0 0 0 0 0 0
12.979371633107 6.15818459457602 9.95481298286263 -0.404528078258807 -0.612618589523458 0.679010675667567 0.112775533832893 0.703389606070103 0.701801069421565 0 0 0 0 0 0
12.6824212901364 6.51787398148579 10.1841096954088 0.10101148291542 -0.755331674734534 0.647511190221414 0.0729010166347257 0.654709903148643 0.752356554097004 0 0 0 0 0 0
12.3440170931658 6.7124626898853 10.5533019707268 0.718634123986281 -0.423450136287989 0.551593127150941 0.00360027514390013 0.795470922420949 0.605981063731907 0 0 0 0 0 0
12.2283644667659 7.02921827145575 11.0129445504861 0.940207397572423 -0.33794890254882 0.0424333455685318 0.232727540747752 0.728386733366969 0.644430491544666 0 0 0 0 0 0
12.3852531404448 7.13143030339751 11.516555259979 0.860489732055036 0.116387762818603 -0.495995271846348 0.146629901104275 0.875784896242599 0.459891821644494 0 0 0 0 0 0
12.6619645906778 7.47358962102299 11.8295533719261 0.149873151411595 0.388949711523436 -0.908986336746485 0.210327273682993 0.885784600160001 0.413700471433701 0 0 0 0 0 0
13.1142148026506 7.73724078221675 12.004844939868 -0.495036438969301 0.617087487421596 -0.611671445271312 0.213976592344866 0.768885669175769 0.602518751297093 0 0 0 0 0 0
13.4528764493129 8.02263158256329 11.9649415878425 -0.91172152487279 0.407917279667996 0.0486554625083013 0.386231909566129 0.810792799592287 0.439818085305963 0 0 0 0 0 0
13.5797951596922 8.51282194550214 11.9370808120822 -0.887104011987317 -0.0229985819775299 0.460996244174537 0.28288375114209 0.762109529208832 0.582379471503652 0 0 0 0 0 0
13.4439507795389 8.98653867596759 12.0096223938992 -0.390625321850826 -0.468439113828489 0.792449780468466 0.106240467762514 0.832151034480911 0.54427715258125 0 0 0 0 0 0
13.1575578849674 9.35350861336272 12.1547114501319 0.206576356619908 -0.507320102062751 0.836631653076002 -0.0696617893798832 0.845279226528379 0.529764347894399 0 0 0 0 0 0
12.91389044505 9.58049086423311 12.5740940131055 0.7663440275048 -0.376618941747302 0.520456534424217 -0.0308447296954793 0.787632295625139 0.615373032833164 0 0 0 0 0 0
12.9383290312581 9.78125944657255 13.1145700155371 0.934542608893261 -0.353909470402639 0.0371241016362819 0.233849609667227 0.689423960629057 0.685571996634219 0 0 0 0 0 0
13.2122508309231 9.80735756022635 13.5855361870573 0.740864740565634 0.259956230693653 -0.619307834852881 0.351897047342586 0.635148043210396 0.687572128054632 0 0 0 0 0 0
13.4445309431511 9.94180871029095 14.0380166151917 0.346228717439235 0.42460234721749 -0.836563519380197 0.395145404055736 0.742757136683705 0.540529319795932 0 0 0 0 0 0
9.36348356777436 14.2156189483052 3.90069143521084 -0.821434832617829 -0.460962761808112 -0.33579480041888 -0.392929913744704 0.0307013270599382 0.919055771649 0 0 0 0 0 0
8.95473694248104 14.4420981850483 4.23495430497574 -0.437738205682802 -0.897181225751922 -0.0587461610991004 -0.216093344010409 0.0415592152752876 0.975487825808248 0 0 0 0 0 0
8.58193469001732 14.4612816537804 4.57958952909586 0.198744879488361 -0.977886663571226 -0.0651010452043117 -0.178397378922019 -0.101413750088744 0.978718359124162 0 0 0 0 0 0
8.35061361310175 14.3711333321219 4.9614309655163 0.789195640946538 -0.61413382252594 0.00314457320801858 -0.0556700884440902 -0.0664380491023168 0.996236330839277 0 0 0 0 0 0
8.27940849201651 14.1235809452247 5.40682890687561 0.979899133110225 0.167024701707503 -0.10908912846544 0.133975961635296 -0.145810086676827 0.980198888148316 0 0 0 0 0 0
8.54170583007795 13.8934796686657 5.8244234540741 0.54901333833452 0.814514059041025 -0.187486538064202 0.363144302802412 -0.0304191330710406 0.931236216910273 0 0 0 0 0 0
8.82359902082596 13.7296326148522 6.1283247254706 -0.133303052162038 0.991034352658571 -0.00901155563110829 0.432262659739023 0.0663206821599363 0.899305598844568 0 0 0 0 0 0
9.18859198439163 13.849784443793 6.52746481188322 -0.574785331260957 0.815435272465747 0.0684626860847936 0.238965928951063 0.0872464267832619 0.967100483824772 0 0 0 0 0 0
9.41694456323967 14.0773449953778 6.95017285901316 -0.905433614679008 0.397561247377417 0.148778439274707 0.173923336585138 0.0277270114504554 0.984368775321078 0 0 0 0 0 0
9.49536054119527 14.4370931634388 7.35841827944168 -0.950387499147825 -0.250291389288787 0.184710102353476 0.182654140598895 0.0316293585414536 0.982668330923682 0 0 0 0 0 0
9.48696502826762 14.6009762670063 7.86478460820856 -0.471202227032953 -0.86526336097412 0.171136721351545 0.197146443908501 0.0857986278427847 0.97661244878126 0 0 0 0 0 0
9.31172071823953 14.5909452315099 8.37259747949878 0.340003579578342 -0.908477705226028 -0.243034616837118 0.144846162950009 -0.204757972045792 0.9680360334008 0 0 0 0 0 0
9.26956814529307 14.2824771417788 8.85828431568419 0.514409584789444 -0.712329875352028 -0.477460917518614 0.451395971189375 -0.248475174865617 0.857030783968407 0 0 0 0 0 0
9.32834760358864 13.8686704004399 9.17577495323307 0.847258052444304 -0.0970373042560519 -0.522242811488109 0.419889843121686 -0.479827408173055 0.770362367986115 0 0 0 0 0 0
9.49743098546148 13.4261615322439 9.44232407610256 0.770602977361859 0.513826592476249 -0.377032205713631 0.604643277025991 -0.402449730768788 0.68734323430976 0 0 0 0 0 0
9.90272509161308 13.1723417095888 9.6287514369927 0.173641370173222 0.958935038010271 0.22425937536836 0.750155417208136 -0.276330764392223 0.600756322217002 0 0 0 0 0 0
10.4087559721655 13.2276973336325 9.83302231579689 -0.387418852642654 0.839974317595329 0.379933913197166 0.666321406263513 -0.0296833562956244 0.745073608386475 0 0 0 0 0 0
10.8259452561583 13.498171456036 10.036693503131 -0.698148296229599 0.12450799913756 0.705043767877194 0.71568473909436 0.148330347321398 0.682490631650686 0 0 0 0 0 0
11.0779513341953 13.8406492070024 10.2909144759396 -0.533507438441399 -0.470773886927359 0.702667603148889 0.611496828069799 0.359262175166329 0.704983913827353 0 0 0 0 0 0
11.250951797486 14.1084244718765 10.7938733142434 -0.180845366299871 -0.880818578050301 0.437554094997762 0.606740138039796 0.250225818066176 0.754488863313808 0 0 0 0 0 0
3.91169352454146 10.5595670665093 8.97196343753489 -0.0516568706288628 -0.0123098797241397 0.998589021859348 0.431453620728437 -0.902065604581532 0.0111990263540232 0 0 0 0 0 0
4.31160079548083 10.2229565766364 9.10150084787098 -0.646667451504655 -0.22517617663731 0.728777672983659 0.22121252425987 -0.969735173850474 -0.103337852250606 0 0 0 0 0 0
4.59927191255876 9.88499012087645 9.39024694949867 -0.914158432809033 -0.403458474652102 0.0391869743094786 0.404522357611011 -0.914203866621196 0.0243506149344139 0 0 0 0 0 0
4.72923280085338 9.40974152761392 9.53442793574225 -0.798562293976581 -0.158682173482345 -0.580618834053616 0.232257993318376 -0.971152685191028 -0.0540248700690534 0 0 0 0 0 0
4.57620767938353 8.94384903997636 9.69830708775667 -0.283963653767346 0.0137372601452798 -0.958736632773986 0.182565993634026 -0.980830436118624 -0.0681271865834213 0 0 0 0 0 0
4.36966794639715 8.47241042768603 9.73882738866513 0.356599498489457 0.158417972404588 -0.9207282681097 0.297101905934232 -0.953587491520954 -0.0490036070613426 0 0 0 0 0 0
4.3875283549011 7.98579037366983 9.48577150276153 0.716870205369642 0.431917937845678 -0.54730613336635 0.316501637036465 -0.901054183295527 -0.296526680956149 0 0 0 0 0 0
4.4163923512742 7.77265630306347 8.99903425146301 0.950338884048145 0.303482814240941 0.0689506122273417 0.308950773538714 -0.893285574740766 -0.326481701615714 0 0 0 0 0 0
4.75904474036583 7.51903036257827 8.70846113353727 0.756346245480305 0.31252182214104 0.574691628295985 0.585471435031932 -0.715290616683148 -0.381552791166168 0 0 0 0 0 0
5.19219050388955 7.20472588397379 8.52142049555979 0.346796217354341 0.270425447030609 0.898110494998815 0.586102893980117 -0.810045648883582 0.0175910316044423 0 0 0 0 0 0
5.71670945776797 7.09656931375215 8.4782102484124 -0.123819584041728 -0.0753827331557636 0.989437291671231 0.614945217672976 -0.788388936766376 0.0168897497175129 0 0 0 0 0 0
6.11490536256895 6.84485987448809 8.6538252880234 -0.642923840592032 -0.198285701980458 0.739818704540855 0.389254721851621 -0.916459328987424 0.0926448046473133 0 0 0 0 0 0
6.32341551095103 6.52430700943362 8.96641421995252 -0.861671374793253 -0.506204392084118 -0.0357708721819155 0.505617733370657 -0.850384569182964 -0.145591181726862 0 0 0 0 0 0
6.45783661687098 6.05340610870469 9.21172568145292 -0.716561200148406 -0.292598760792744 -0.633187185297071 0.448933602219386 -0.888219369609845 -0.097595964302917 0 0 0 0 0 0
6.33882117080608 5.58935552119623 9.20803559431101 0.0298765221741886 0.00163036272713265 -0.999552267437853 0.35166155018585 -0.936084096998429 0.00898429003992765 0 0 0 0 0 0
6.32068661638039 5.06672096445023 9.08470935967683 0.520064354499415 0.279999310000581 -0.806928406724107 0.466880114919893 -0.884300647275714 -0.00594335933135697 0 0 0 0 0 0
6.39263086984792 4.59228178012403 8.7533312533958 0.867424073320136 0.49005702393416 -0.0861370438167948 0.446382198047849 -0.842916908965847 -0.300389776532813 0 0 0 0 0 0
6.69915235912696 4.18390559792693 8.52026799958557 0.813614389417889 0.552308696896075 0.181622489425499 0.576966131327755 -0.728469615753183 -0.369380700937521 0 0 0 0 0 0
7.01356094258871 3.97329148315881 8.18958769458323 0.4791100876 0.191961546906311 0.856507027682352 0.505705230667538 -0.857936033647621 -0.0905979130249688 0 0 0 0 0 0
7.52593056592333 3.76372672561073 8.09446291531946 -0.105584678586581 -0.164911789654037 0.980640595366555 0.594444863518467 -0.801022136552511 -0.0707024822008483 0 0 0 0 0 0
11.1008619832732 11.7095897956175 5.20007190378574 0.342841498328155 0.832257263851757 0.435669087485091 0.721247966911069 0.0639413984985149 -0.689719412358899 0 0 0 0 0 0
11.4003663548738 11.9625371451575 4.83264861672952 0.418794008535439 0.323512767570243 0.848499303260681 0.905546236257728 -0.0790131521904911 -0.416824826252451 0 0 0 0 0 0
11.8727814438927 12.2069192034709 4.61952868910255 0.26655385470604 -0.167638791348498 0.949129221010799 0.957829132038097 -0.0635527242040622 -0.280222063844711 0 0 0 0 0 0
12.2460006474496 12.4463461479161 4.51431636404803 0.106476012881201 -0.838165489517867 0.534921929688994 0.815032188303586 -0.234586316468662 -0.529803541093048 0 0 0 0 0 0
12.7325770844167 12.3912341749749 4.62425683049826 -0.166075368592085 -0.984686785178914 0.0530179879005184 0.944645085290436 -0.174288780485139 -0.277973171068052 0 0 0 0 0 0
13.1957407279405 12.0561025730321 4.68865291816253 -0.442946581461847 -0.635452388691719 -0.632454415493521 0.891250352433114 -0.235520806860302 -0.387560006739245 0 0 0 0 0 0
13.4976472193413 11.5471246192768 4.50017612858885 -0.498020913837741 0.00364119809073643 -0.867157373869752 0.737176654375806 -0.524839558303986 -0.425574926755057 0 0 0 0 0 0
13.6848056403233 11.0716448132952 4.33411655591195 -0.202358510607377 0.462055978271728 -0.863455445363639 0.690085691478819 -0.558321110374803 -0.4604989425895 0 0 0 0 0 0
14.0141744025972 10.7425924229936 3.97732091042055 -0.0957622545990864 0.828029128770373 -0.552446696525446 0.772358178518013 -0.288296727281322 -0.565992792458717 0 0 0 0 0 0
14.294700771266 10.5433420013845 3.56130111333187 0.379071818628893 0.924628392854715 0.0369714950778429 0.678122324348882 -0.25038204698546 -0.690984040168108 0 0 0 0 0 0
14.3224935686669 10.677989931078 3.04504271944153 0.768423175775416 0.354022017699006 0.533098709354609 0.6218511222778 -0.216405862979205 -0.752641803376657 0 0 0 0 0 0
14.652460428599 10.9356209815667 2.70824424069049 0.604827471854847 -0.515737222779386 0.606793907623899 0.654987892553568 -0.111234142187425 -0.747407403107611 0 0 0 0 0 0
15.1963458206386 10.9617736913863 2.45647185925521 0.131167128141588 -0.851032675089585 0.508466882328587 0.663378449218487 -0.305796516863703 -0.682947672509763 0 0 0 0 0 0
15.7262764568059 10.9302235025534 2.37362737510399 -0.241453169883496 -0.966281782307986 0.0894420702628999 0.612195685309157 -0.223188699678422 -0.758553391149698 0 0 0 0 0 0
16.1982177984017 10.6797655290456 2.31681825860424 -0.649855131374808 -0.705101449943337 -0.28376090906542 0.602071537551565 -0.249688867547308 -0.758396553982966 0 0 0 0 0 0
16.5100649534376 10.3631051390028 2.08664700944284 -0.862871907521968 -0.218744209683563 -0.455634768141452 0.503304935908998 -0.289443148169542 -0.814190890066539 0 0 0 0 0 0
16.7649378548018 10.0648824449941 1.84074234164904 -0.720392109448467 0.424816895437627 -0.548238829339115 0.526052434234237 -0.180472566251762 -0.831082721073383 0 0 0 0 0 0
16.7061043665982 9.81337787337242 1.36960629628896 -0.213686736964292 0.935394458188356 -0.281736021900052 0.438411327714565 -0.165901398887124 -0.883330195101949 0 0 0 0 0 0
16.5560171751109 9.73393343131015 0.859853888059981 0.282621933029598 0.958164911170402 -0.0452199731582136 0.397650614242334 -0.159931365938453 -0.903490977919401 0 0 0 0 0 0
16.6679219966247 9.56720199185382 0.347228916278636 0.583131236316287 0.688905841623524 0.430542335443591 0.709737520287187 -0.174164576382118 -0.682597504119546 0 0 0 0 0 0
-0.976351740223977 11.9551787109889 8.83875147541578 -0.0286285120863728 0.854982916177052 -0.517865447139606 0.559720776540275 0.442952492350606 0.700361150999638 0 0 0 0 0 0
-0.474324233045169 12.144114840964 8.86968079717123 -0.481959619687187 0.861514711022818 -0.159710136441781 0.593870657909452 0.455213606790192 0.663398985428271 0 0 0 0 0 0
-0.0954221183963645 12.524553626098 8.88929253851966 -0.787115861879815 0.501806873988062 0.358662071029996 0.585468062422584 0.424843360543969 0.690460184865755 0 0 0 0 0 0
0.165303228773858 12.9671800721969 9.05965034979834 -0.720693519421683 -0.237413462235652 0.651333784639541 0.467246637415593 0.527721302204912 0.709359434294754 0 0 0 0 0 0
0.132306600000187 13.4410540867059 9.31072751518988 -0.355358148509971 -0.678793514395163 0.642619600621261 0.318090562646241 0.558642190123624 0.765987791919218 0 0 0 0 0 0
-0.0427847613645704 13.6838779178326 9.73645560451118 0.368858998948563 -0.806390855914142 0.462251907938434 0.311486581831118 0.575804274316919 0.755926945555939 0 0 0 0 0 0
-0.148249316431759 13.8939531531751 10.1638503903943 0.806060602500951 -0.5895862371055 0.051520618315215 0.330075788131272 0.520104040698184 0.787744730822709 0 0 0 0 0 0
-0.0215818157262118 13.7878969750743 10.6751160096863 0.913886888708119 0.0534414401238825 -0.402436041036187 0.32205135759291 0.508109168714984 0.798816622098171 0 0 0 0 0 0
0.265846247290421 13.724568111611 11.1538502335903 0.417217999195927 0.723929001920443 -0.549414180127723 0.146254478700449 0.543180812881805 0.826779433692639 0 0 0 0 0 0
0.637959390138724 13.806080979935 11.4759141090202 -0.243503600267071 0.875056617969642 -0.418308393418668 0.111354350787002 0.453661193999458 0.884189871927852 0 0 0 0 0 0
0.98769016887531 14.141749067486 11.7076476187303 -0.855320534495037 0.49851460019627 -0.141102716707644 0.139636932650726 0.48407888449998 0.863810836133208 0 0 0 0 0 0
1.29359460803758 14.5728992160735 11.8849955498322 -0.991275764419097 0.0123061819361013 0.131228490662251 0.102090122956007 0.701426504926715 0.705392419140667 0 0 0 0 0 0
1.15653056653606 15.0249203191126 12.0938599822596 -0.717393670135466 -0.518118433320588 0.465724823369967 0.214050359840862 0.47224011394698 0.855085795830653 0 0 0 0 0 0
0.92768752382563 15.3498287008034 12.4554543785498 -0.107923052964487 -0.906835098765532 0.407434311620575 0.250459930037524 0.371808068892735 0.893883987635897 0 0 0 0 0 0
0.863967691926769 15.5179087676574 13.0066511593812 0.274436969433372 -0.957714535780512 0.0864130647700073 0.350500482398156 0.183307488216564 0.918448570472182 0 0 0 0 0 0
0.83692738766285 15.5243917129855 13.4992751307803 0.675660988589715 -0.726462277424924 -0.125438383186974 0.339627854121939 0.155712176199059 0.927581068633831 0 0 0 0 0 0
0.86014135039623 15.2614606274735 13.9672638681705 0.938300857642242 -0.182049982491791 -0.294022625698385 0.32263085408758 0.154731239123852 0.933792040890217 0 0 0 0 0 0
1.11322659971607 15.1348643244306 14.4360210368839 0.757458522920501 0.205545938886018 -0.619683349028001 0.642233153293642 -0.0638409489593179 0.763846129823592 0 0 0 0 0 0
1.54648241176212 14.8897157382208 14.6382008433088 0.529594632072401 0.694795164085406 -0.486609911164613 0.689737817123197 -0.018805414214174 0.723814962560433 0 0 0 0 0 0
2.07171565589941 14.8197576436223 14.7272008791039 0.00439443541975036 0.991594647448212 0.129308716215876 0.670028719040873 -0.0989102861621849 0.735716161948181 0 0 0 0 0 0
-1.93416937314779 -0.0511893756982836 7.14326485682078 -0.939615841440778 -0.226256891826046 0.256768162774819 -0.0524155340174013 0.836567518307694 0.545350712025001 0 0 0 0 0 0
-2.17950640124845 0.42615300552846 7.11798451177013 -0.542429520126887 -0.458356457029716 0.704045150536584 -0.0774426841616194 0.861760824109345 0.501369038433991 0 0 0 0 0 0
-2.4985425178399 0.857634427036773 7.39251226414588 0.134156143335562 -0.64512710509327 0.752205522101045 0.0391372603930805 0.761924430594668 0.646482356226305 0 0 0 0 0 0
-2.20236722207613 1.24045419840405 7.78602138096979 0.625332145893776 -0.778350955412053 -0.0559419120251453 0.583183136944412 0.418492061883273 0.696248391685297 0 0 0 0 0 0
-2.03142127614525 1.20238046758332 8.28507734113563 0.724222832576547 -0.433185326373721 -0.536518184024824 0.601945941820911 0.017584506178998 0.798343202055216 0 0 0 0 0 0
-1.74641260395685 1.10234824333104 8.63136234806645 0.608346214792325 0.0179233299743222 -0.793469367518672 0.776687560803404 0.192272988585669 0.599822916162424 0 0 0 0 0 0
-1.22864657961048 0.914455262887471 8.81065929628858 0.209053797872038 0.665120856153503 -0.716875690970832 0.941372491436467 0.0616212700391641 0.331693610799875 0 0 0 0 0 0
-0.794525831882874 0.759425882481822 8.72837425938274 -0.031073491798155 0.993565560027383 -0.108912423694185 0.953214914260319 0.0622383346672622 0.295817032859061 0 0 0 0 0 0
-0.311947762290199 0.853153954048076 8.51153663011366 -0.293057057770242 0.828284504340082 0.477558730169551 0.944405288756054 0.172909089393338 0.279644591177374 0 0 0 0 0 0
0.131917106394842 1.18019598998091 8.45119355303686 -0.450647707447388 0.34533311868458 0.823202089958472 0.892308871825416 0.201611838385573 0.403902889175658 0 0 0 0 0 0
0.387570685646906 1.62457687188323 8.6119790664816 -0.440909211330516 -0.22069996473392 0.869994593621334 0.795745528715692 0.352266763200204 0.492643056455112 0 0 0 0 0 0
0.672920849709136 1.90810437547975 8.95718247513062 -0.280728857842749 -0.700742358246768 0.655859326176783 0.814096876981482 0.18809297156222 0.54942452524245 0 0 0 0 0 0
0.742857016194333 2.13560151519298 9.43888683068287 0.289918088065422 -0.943125543368776 0.162670561743181 0.64326713978263 0.317879624392631 0.696534228356277 0 0 0 0 0 0
0.890880597371441 2.21182915119585 9.93550335700021 0.49646162890516 -0.82359548073048 -0.274255966471407 0.714854124101711 0.208664463600811 0.66741495554487 0 0 0 0 0 0
1.12830356711571 2.06854682477146 10.3957050633101 0.689682857787666 -0.26902520443831 -0.672281931224367 0.720508462386385 0.347462031959203 0.600114732344066 0 0 0 0 0 0
1.57582810138365 1.98553445532792 10.6336637499701 0.366504827262697 0.610690307688187 -0.701948402440555 0.534195385432183 0.479587435973789 0.696154567204044 0 0 0 0 0 0
2.09536930525676 1.973004580728 10.770064049966 -0.241810708188488 0.832579349125759 -0.498336441387451 0.619345062773311 0.527785601065069 0.581252141954511 0 0 0 0 0 0
2.57067580667295 2.2185834370729 10.7204671030217 -0.696853947515135 0.717049594868135 -0.0153119016460329 0.597927978495733 0.59261248094988 0.539715276747317 0 0 0 0 0 0
2.90500451453062 2.64794182787217 10.750666558096 -0.896292428944916 0.408435388802785 0.172743784228375 0.442612425319002 0.848033861414604 0.291432343516411 0 0 0 0 0 0
3.05622668906105 3.07920180636815 10.555331959458 -0.664352201809666 0.164230705984875 0.729153226120792 0.548544612023658 0.769774197775085 0.326414603012089 0 0 0 0 0 0
1.83439401219695 6.16084360026397 5.34321372383759 0.322951470456924 -0.945954536112961 -0.0295357975518348 0.162905535341042 0.0248199620073739 0.986329435858629 0 0 0 0 0 0
1.58327821681991 5.90102719993 5.74085853714215 0.913308988112463 -0.406378122496188 -0.0268982116405998 0.0578702919069864 0.0641170435797717 0.996263034563257 0 0 0 0 0 0
1.72429901458765 5.88543312317472 6.26133466358688 0.966017053418963 -0.105100027193708 -0.23614621908391 0.251245426436348 0.167187990110437 0.953375011030627 0 0 0 0 0 0
1.90731860354505 5.6087003124742 6.68395492299006 0.877256966214162 0.430717437705347 -0.21190258159179 0.189620424975866 0.0945966266155515 0.97728991229058 0 0 0 0 0 0
2.27482785511855 5.44924938011885 7.04200164102732 0.216032310302604 0.973747054024606 -0.0717406139067715 0.202933439851909 0.0270920470729969 0.978817674531506 0 0 0 0 0 0
2.58737960913757 5.59150135201149 7.40515291496758 -0.281763608506381 0.953422965694024 -0.107675054718696 0.232624793652576 0.176755108619475 0.956369874554303 0 0 0 0 0 0
2.91114361065163 5.85955775958759 7.72359593900249 -0.6989021996869 0.702385547276243 0.134871265472915 0.421495872257073 0.252143467771831 0.871071123003308 0 0 0 0 0 0
3.13746451943443 6.29422261764914 7.94389212492594 -0.811477306558692 -0.128609358273745 0.570056325203629 0.541566172885724 0.201013599419629 0.816271776575838 0 0 0 0 0 0
3.22698990298497 6.62689681954054 8.37275315447423 -0.512769740058767 -0.785855791910232 0.345684636628831 0.346564910203738 0.178913613523856 0.920805452802768 0 0 0 0 0 0
3.11546184995898 6.81723017037863 8.86965912233252 -0.188013363883578 -0.968513626015677 0.163194151926919 0.231479518592926 0.117781176322767 0.965683606040825 0 0 0 0 0 0
2.76359464355318 6.89655248572674 9.25817011561222 0.511890511048696 -0.858219520873102 0.0377804008799237 0.0798682435665441 0.0913345392185341 0.992612243333384 0 0 0 0 0 0
2.56023074669042 6.57676552429298 9.63904348941002 0.945580294646794 -0.325316428383154 0.00686496902467066 -0.00868499266883067 -0.00414275643923273 0.999953703164015 0 0 0 0 0 0
2.67436143226032 6.26439148107607 10.1058858560565 0.904558457445748 0.39848825051635 0.15159522177096 0.0250674548232089 -0.404658901666471 0.914124059420148 0 0 0 0 0 0
2.9738638792813 6.08658900649258 10.6190022118828 0.577684547233604 0.81508178181018 0.0438435040644395 0.19511647325909 -0.19004427247698 0.962191631828936 0 0 0 0 0 0
3.34421455086327 5.87948462963053 10.9235164631224 0.169972762920231 0.98542055845622 0.00745538980164116 0.472699405907196 -0.088168369752128 0.876801921890136 0 0 0 0 0 0
3.75641387523626 5.84249776718935 11.1535835105782 -0.455101449700708 0.824499936819687 0.336277451912325 0.426673328291583 -0.129551506786584 0.895078922784974 0 0 0 0 0 0
4.08787471279127 6.01569950463963 11.4761209934309 -0.833007338574426 0.0634346743282967 0.549613333147964 0.547365717556214 -0.0501535515780816 0.835389365809905 0 0 0 0 0 0
4.35138965680444 6.19498249984862 11.8858550239412 -0.832599325265645 -0.362573069715327 0.418711276041615 0.37848060981513 0.179502226603154 0.908037102016475 0 0 0 0 0 0
4.17892474004391 6.51045400040619 12.3543402020503 -0.277722459194356 -0.944756020238309 0.174087041110221 0.427001950094631 0.0409300939291382 0.90332389652125 0 0 0 0 0 0
4.07235764970042 6.58403430791549 12.8417394948089 0.479615639214313 -0.846925387881332 -0.229534803424454 0.578452393363765 0.108465515359455 0.808472671516818 0 0 0 0 0 0
6.60690938392037 13.8658434913549 9.47005687588785 0.396561275936009 -0.308984563781671 0.864446466689902 0.00738714299474634 0.942697927734712 0.333565656450204 0 0 0 0 0 0
6.46257484423447 14.2432915054933 9.82415522295404 0.959610659435494 -0.184283903308335 0.212571929659634 0.0767967749035012 0.898484482146002 0.4322359201955 0 0 0 0 0 0
6.58681971617297 14.5221471011103 10.2276147545482 0.941176005426863 -0.0517568302606562 -0.333929569415624 0.213996702470317 0.856079769234396 0.470460242782972 0 0 0 0 0 0
6.83029133168171 14.7862407861068 10.6344021379868 0.528168400656005 0.304625456621698 -0.792616850518899 0.270143875973264 0.824657625367352 0.496952801780633 0 0 0 0 0 0
7.0931051782359 15.1588370729617 10.8964211678726 0.21752337463237 0.201742756159063 -0.954978241545791 0.35681921558583 0.894247205735339 0.270188790336036 0 0 0 0 0 0
7.52427485971683 15.4792562074127 10.8859623836403 -0.583546065374017 0.356083835966829 -0.729848128962219 0.424611282730107 0.899886382081624 0.0995477670384345 0 0 0 0 0 0
7.82961749391858 15.8823233483567 10.704336785917 -0.901570513279368 0.345031815244244 -0.261005088177298 0.294039394951318 0.931220575402695 0.215334795523938 0 0 0 0 0 0
7.96122122709669 16.3594570284088 10.5983817711588 -0.972117956883632 0.166889599915048 0.164725648715029 0.217950840471039 0.902220232621475 0.372150618683374 0 0 0 0 0 0
7.87459933543236 16.8762919141004 10.5861647675638 -0.666077022674842 -0.207093066892989 0.716556949243725 0.181254656661922 0.886945452415586 0.424822920612437 0 0 0 0 0 0
7.61671154215045 17.3471077071588 10.608780629284 -0.0830441814478112 -0.379080820290725 0.921629749745186 0.187642927547051 0.902333630346011 0.388051737901224 0 0 0 0 0 0
7.51397444458697 17.6518465317969 10.9753331561017 0.698693580675347 -0.505467857429144 0.506289961809488 0.312946918790904 0.85232108189543 0.419062047167104 0 0 0 0 0 0
7.51465885141512 17.866045415969 11.4680840787037 0.981302317857508 -0.143072631404978 -0.128747749923401 0.188792590774858 0.845674918456777 0.499190634889759 0 0 0 0 0 0
7.71033057195778 18.2393605463947 11.8716516292544 0.80343499329834 -0.192855289620832 -0.563293039908147 0.474336923166375 0.779147139861527 0.409797776673639 0 0 0 0 0 0
8.13577920675792 18.3437646793808 12.182743799327 0.184236022068095 0.206180391481252 -0.96101338926217 0.551607325193583 0.787565874235343 0.274716858843246 0 0 0 0 0 0
8.56153037786727 18.4689037113272 12.2094974700261 -0.431399400332709 0.570974599183274 -0.6984859085766 0.378524887370045 0.817347368479446 0.434352608926456 0 0 0 0 0 0
8.90288439083052 18.8834066075505 12.2398312331814 -0.922304773022275 0.371519906963581 -0.106427742577307 0.292274172780965 0.850721791598348 0.436861810215654 0 0 0 0 0 0
9.11269477238788 19.3656531544462 12.0817305935613 -0.88597389548403 0.114072314713896 0.449486110504725 0.36068709648453 0.778724175708121 0.513316156571432 0 0 0 0 0 0
9.01041126094361 19.8467331274448 12.1513301161992 -0.559558603893227 -0.339583844506544 0.756027103587707 0.239341093422896 0.807130532584489 0.539681521241011 0 0 0 0 0 0
8.86001966076142 20.2408063189292 12.3288965161277 0.325900503112887 -0.431505573523064 0.841184760970679 0.218941714552324 0.900021684587067 0.376862697679072 0 0 0 0 0 0
8.70796324504359 20.6677838143251 12.5665888750519 0.803601269728688 -0.453487686828689 0.385452872845963 0.335055357412289 0.879963814778959 0.336751528799774 0 0 0 0 0 0
5.50545708092848 4.1359263164665 11.6202410234558 -0.162623900160107 -0.110616757245396 0.980467949559407 0.971964172478397 0.153067389357157 0.178482553023455 0 0 0 0 0 0
5.83654773370266 4.45565242866553 11.8974400403047 0.00916229827247225 -0.795798342656447 0.605492403020564 0.977167369202816 0.135666164802515 0.16351949208894 0 0 0 0 0 0
6.17659211429938 4.49466869792053 12.23834712497 0.0828526254178691 -0.995957470800186 -0.0347009916092262 0.990566727837383 0.0784905841419058 0.112324467070188 0 0 0 0 0 0
6.67430718037049 4.29582659288974 12.4407990040381 0.0399197946270083 -0.727658316638905 -0.684777178520994 0.991418492512262 -0.056533868908794 0.117869819593135 0 0 0 0 0 0
7.01958083668932 4.0376954515852 12.7397741837977 0.171965983217281 -0.210557805910844 -0.962337316633895 0.916312723185882 -0.324456247637436 0.234732052981071 0 0 0 0 0 0
7.4318204693248 3.7418479788382 12.8331071088455 0.423181313345253 0.507305008330255 -0.750705804265843 0.905898177473661 -0.221989185754976 0.360651207481331 0 0 0 0 0 0
7.84618316740927 3.47334535731876 12.9244876645579 0.265818623863742 0.877603894525642 -0.398938420712535 0.933381732068461 -0.130792073749839 0.334203494423825 0 0 0 0 0 0
8.40924857490894 3.43024787407645 12.9003931002011 -0.107497738088957 0.962417674414027 0.249392173656778 0.900550139774446 -0.0120271970223713 0.434585770917562 0 0 0 0 0 0
8.89341857064015 3.62692539190793 12.7755633307884 -0.300457008111948 0.586885787778757 0.751858137137402 0.947494313102433 0.0931948683395691 0.305890900737045 0 0 0 0 0 0
9.31124049396835 3.90818590420799 12.8719129804233 -0.506140616477195 -0.0110314868853812 0.862380416434176 0.861957439763849 -0.0402928824748622 0.505376944129447 0 0 0 0 0 0
9.57745777315601 4.14366630148072 13.2057020648206 -0.390897397129997 -0.66758689212809 0.633661555071594 0.812026406902182 0.0740170327094385 0.578908104419365 0 0 0 0 0 0
9.89367692902422 4.21068060127372 13.661046027654 -0.192895951875836 -0.969543343917348 0.150920031856222 0.862876449494251 -0.0943846440410125 0.496523687126251 0 0 0 0 0 0
10.0141589759687 4.14076020588204 14.1137013226293 0.32190962797807 -0.825173066000665 -0.464180571073459 0.810147832112664 -0.0136293920489022 0.586067171743588 0 0 0 0 0 0
10.3798230616921 3.90417179205383 14.4230199024493 0.307885166889756 -0.305358396164963 -0.9010898811444 0.916121055081427 -0.160449654663094 0.367393686329785 0 0 0 0 0 0
10.6268742997838 3.50386301227141 14.6331693811101 0.479638934567978 0.514872075248769 -0.710530251696239 0.877454340866548 -0.285600011884872 0.385365427751134 0 0 0 0 0 0
11.0763648354135 3.20257157038225 14.7430505325535 0.145385445675423 0.800567463507668 -0.581338807029649 0.984785884988687 -0.173623604706661 0.00718363527151133 0 0 0 0 0 0
11.4521980537474 3.1437865104641 14.4808694364543 0.130689954012015 0.965042416341002 0.227185542196368 0.988100853412173 -0.145530481833405 0.0497753186174845 0 0 0 0 0 0
11.9286653628976 3.14827130791996 14.2687694442111 -0.0799783865251463 0.686012312426175 0.723180865958528 0.989532653366248 -0.0327856569557239 0.140535506616426 0 0 0 0 0 0
12.4539181322118 3.28502584356288 14.2291191680427 -0.368653958786293 0.170975130521275 0.913707701299725 0.928613811665055 0.0232418825392622 0.37031905659975 0 0 0 0 0 0
12.8777848307581 3.54886920006303 14.4276356842639 -0.345498589841503 -0.442273892844502 0.827662085712341 0.897440439472186 0.102063866452921 0.429166197136554 0 0 0 0 0 0
1.23014314226412 4.26175203129764 0.47123846230895 0.696857742138837 -0.707029697784216 0.120408860439432 0.201900243492373 0.354482507459911 0.913005171717364 0 0 0 0 0 0
1.24091527106132 4.07756178529493 0.975860119233223 0.96188855129319 -0.057403862191945 -0.267348483250862 0.270026692797908 0.353449303239474 0.895633393312328 0 0 0 0 0 0
1.47094992539166 3.88028632709935 1.41953968098833 0.738220227714844 0.474317704342043 -0.479639042135165 0.300408894556158 0.40546999765875 0.863335726742593 0 0 0 0 0 0
1.93771666818042 3.82024704520415 1.74548773027262 0.116703662061143 0.874076251682089 -0.471562256236552 0.460876271035247 0.372926592178617 0.805306661864093 0 0 0 0 0 0
2.31541163980947 3.88673782385129 2.06788262369121 -0.420240413505913 0.858348364275647 -0.294340076105346 0.362116891733753 0.45606027591376 0.81294549722263 0 0 0 0 0 0
2.61211184678807 4.23753130952472 2.27916830116062 -0.913409052674539 0.40283709259323 0.0583624821545024 0.194482670664039 0.305955334777926 0.93196986213735 0 0 0 0 0 0
2.73835272759271 4.6862431812496 2.54638730928912 -0.971606304229264 -0.140894796955032 0.190078525280874 0.140607755611661 0.302277037960522 0.942792687383427 0 0 0 0 0 0
2.68560466083206 4.93275219972106 3.04456551723577 -0.859961258726122 -0.509941434770668 0.0206486463047133 -0.115896556331211 0.234529127017572 0.965175671476929 0 0 0 0 0 0
2.33248772754193 5.16693990904858 3.36125233274747 -0.240404319841335 -0.930447202838351 0.276538904553976 -0.279318636227672 0.339155333773774 0.898306606359272 0 0 0 0 0 0
2.017400580379 5.2411464651652 3.73453563708484 0.457441133838375 -0.823864338978634 0.334656779450172 -0.044711617070424 0.354554731867128 0.93396563823814 0 0 0 0 0 0
1.99505646481688 5.42899576298095 4.26231298719954 0.707035789827844 -0.703762573527059 -0.0694163669827708 0.213981298846635 0.119346935130812 0.969519629929579 0 0 0 0 0 0
1.94554582573276 5.14615990311184 4.71644697085188 0.97765465504184 -0.00103029406683875 -0.210214923278906 0.210200110427385 0.0176340291428283 0.977499337387246 0 0 0 0 0 0
2.12995546646778 4.87905318020969 5.13639804803153 0.80928793271703 0.560668898978742 -0.175223935798057 0.114686536218652 0.141745419370299 0.983237120178904 0 0 0 0 0 0
2.46940891865236 4.83127908347311 5.55012995591311 0.132124696402718 0.952644774725992 -0.273881357138003 0.0149137522910353 0.274361893171934 0.961510858788248 0 0 0 0 0 0
2.76641526890269 5.14810833136923 5.86960348609524 -0.429171429670139 0.828464109965635 -0.35980425574712 0.103360919653739 0.440786506566582 0.891641057778948 0 0 0 0 0 0
3.02919773204532 5.52440476335703 6.14894462960314 -0.884632429838972 0.429097017311011 -0.182486201703004 0.0204325248129392 0.426654846730847 0.904183694661016 0 0 0 0 0 0
3.08597626427586 5.99477828862716 6.40234164442585 -0.994321095645175 -0.10625189247674 -0.00600783655662657 -0.0640476805385134 0.552372730340425 0.831133118936973 0 0 0 0 0 0
2.94588041642501 6.40651157707207 6.78579418950988 -0.688316615839227 -0.683175926931189 0.243907542362563 0.0241136045793658 0.314499632163767 0.948951271374376 0 0 0 0 0 0
2.73205280493162 6.6880504259536 7.14839425967191 -0.136122122140979 -0.950375900078503 0.279743483237435 -0.166290749156579 0.300284197938107 0.939242666840477 0 0 0 0 0 0
2.33009980830831 6.75434723512495 7.49871357646389 0.748309879784148 -0.483498044718077 0.454160725482985 -0.225260638959091 0.458748686235502 0.859538997028606 0 0 0 0 0 0
0.325469378904876 1.27986839321092 1.77206680549137 0.673354211459002 -0.486361003026635 -0.556818714345478 0.345131438630941 -0.459262301437546 0.818512326447699 0 0 0 0 0 0
0.373211573090428 0.876723845956052 2.17698753789589 0.898208984264509 0.142098193817757 -0.415967214934361 0.430660512616984 -0.474024076654922 0.768005662494701 0 0 0 0 0 0
0.613481369568739 0.402540919971353 2.25512894640135 0.826223887562789 0.555116901304183 -0.0959130518077397 0.502053243222198 -0.648355553416488 0.57234396766636 0 0 0 0 0 0
1.00611446982257 0.0792464008054056 2.27854032984841 0.45762821156266 0.802040204890856 0.383807151731955 0.492140082788999 -0.587990374115023 0.641923249976593 0 0 0 0 0 0
1.49708894416558 -0.0539455663102821 2.45142487964339 -0.366155538029148 0.652589917210728 0.663367561707293 0.645639605832803 -0.335211776761627 0.686135966190648 0 0 0 0 0 0
1.96351615930789 0.0157796917381959 2.7534714363299 -0.768118133207873 0.0183960426514583 0.640043841507766 0.611701291145744 -0.274358783088472 0.741989749627878 0 0 0 0 0 0
2.16475608077974 0.242049508411428 3.19730650275325 -0.714146688722 -0.645794963740198 0.270080306196508 0.559932378069678 -0.295473130630501 0.774061600303649 0 0 0 0 0 0
2.24117980033736 0.0943021198584257 3.64197619883319 -0.35771021496698 -0.887688731669175 -0.289917432687047 0.382668043802664 -0.422536315133415 0.821601016701974 0 0 0 0 0 0
2.10843304977421 0.0412991932852848 4.12746130775065 0.390300501070551 -0.769039963252767 -0.506204557253546 0.454368602610102 -0.317302033184465 0.832387285282006 0 0 0 0 0 0
2.21606456172678 -0.219011609178167 4.54217591320592 0.648073814193385 -0.20525480578159 -0.73339675214743 0.594258498607815 -0.46597381801625 0.655534314704992 0 0 0 0 0 0
2.40109704218432 -0.706262475723534 4.67269287127987 0.744383119533509 0.349161431845442 -0.569192468208428 0.667518522932059 -0.411670623948128 0.620440423345192 0 0 0 0 0 0
2.75918385913423 -1.08010938920757 4.79968558999613 0.581794293625842 0.795619179101726 -0.168835783381077 0.61829697993684 -0.297779604899007 0.727348713827951 0 0 0 0 0 0
3.25239244842599 -1.29109936154985 4.82991175644505 0.18007715481207 0.93750553063093 0.297750899832743 0.733193952829637 -0.329720405010144 0.594736144902929 0 0 0 0 0 0
3.78239870094408 -1.2846637360807 4.91787229950218 -0.270655374385987 0.649811942608236 0.710274670504089 0.77866971229466 -0.28606173543675 0.558428296806193 0 0 0 0 0 0
4.31990938725101 -1.21977137732428 5.13752099722246 -0.609425070299841 0.399510362180903 0.684830310515034 0.745202540517182 -0.00627191615562266 0.666808695710002 0 0 0 0 0 0
4.69209214969594 -0.968204877644539 5.43227409677546 -0.683132219063121 -0.152766460256739 0.71413778775424 0.726298833147274 -0.0399635164059798 0.68621638156297 0 0 0 0 0 0
4.95413503234809 -0.769831312332678 5.93156051145469 -0.622797339705992 -0.67497513246467 0.395641307511539 0.661117890109161 -0.183598989345398 0.727471337228457 0 0 0 0 0 0
4.95594554525782 -0.604415017016071 6.34742351073056 -0.00102566751684544 -0.996931248087239 0.0782753766734156 0.705394690851792 0.0547614598046744 0.706696195432072 0 0 0 0 0 0
4.99251470696459 -0.718735907302701 6.87113959084889 0.567151745537182 -0.694248896129914 -0.443122294357352 0.618447397362018 0.00365889929476994 0.785817681877989 0 0 0 0 0 0
5.15489802589665 -1.05803987638412 7.24362314661246 0.774800062112917 -0.00276828378086517 -0.632200285000513 0.63117979218934 0.0603505550902201 0.773285122339828 0 0 0 0 0 0
10.3999630573814 11.0779872971618 9.13437709293031 -0.352316478912712 -0.299287026304169 -0.886735797502592 0.660714888809595 -0.750580797805352 -0.00918159415392469 0 0 0 0 0 0
10.560176678025 10.5558607383186 9.16806725397037 0.07162906341492 0.336142249908675 -0.939083417541081 0.68232629137131 -0.703248414426407 -0.199680994864862 0 0 0 0 0 0
10.6158667349411 10.0398238426485 8.9530346450626 0.624546480843622 0.674998660371859 -0.392833936622136 0.571944509812967 -0.737818524564696 -0.358473572950616 0 0 0 0 0 0
10.7707955861875 9.81517961302982 8.49019868787165 0.81315145661817 0.515281394770934 0.270683935250451 0.575019610400202 -0.639098784894565 -0.510788792752435 0 0 0 0 0 0
11.1484679615718 9.69034362244779 8.0996264924656 0.643746314434685 0.192412857153042 0.740653748423622 0.718203526130202 -0.486009835972591 -0.497974029836939 0 0 0 0 0 0
11.6022292158395 9.83153654178726 7.84892670033916 0.441004934469833 -0.379498484720616 0.813323765709582 0.78053983591373 -0.285149425592886 -0.556279938192826 0 0 0 0 0 0
12.0723596946246 9.83760151190554 7.73074618280597 0.0516514160458165 -0.734274024737755 0.676885357956487 0.697914276308463 -0.458263538360294 -0.550372775793224 0 0 0 0 0 0
12.5861951329813 9.6926906539012 7.79123657575842 -0.4559667499834 -0.884514058429775 0.09863672414301 0.816166827803575 -0.459762506887238 -0.349985923222367 0 0 0 0 0 0
12.8680261917401 9.27143379270046 7.68854444775291 -0.72782142743768 -0.685527730675916 -0.0181024925606173 0.632436918068637 -0.660781139786274 -0.404217552769046 0 0 0 0 0 0
13.0972191447543 8.79491687420245 7.78387187713266 -0.649415017884656 -0.235565075436514 -0.723027820889668 0.68015720411991 -0.605140806682604 -0.413752077664047 0 0 0 0 0 0
13.2674317348913 8.31796780752363 7.60433813637227 -0.45496317004451 0.316513452145597 -0.832362750556467 0.710974211691993 -0.433717779814271 -0.553538217092487 0 0 0 0 0 0
13.306584345248 7.99660830238493 7.17552553898545 0.0276425843335906 0.871857364255066 -0.488979165124211 0.687820543093764 -0.371543760649379 -0.623584905542716 0 0 0 0 0 0
13.6479311409263 7.85526962826086 6.74626301676384 0.141615071628508 0.986530146210631 0.0818745510234 0.800901475776006 -0.0655716298917686 -0.595195083525689 0 0 0 0 0 0
13.815162341782 7.96556618264919 6.26233963959103 0.614883621689763 0.655289615546758 0.438763776460938 0.725569154086696 -0.252095638993788 -0.640310230621244 0 0 0 0 0 0
14.0692812565787 8.17069956512958 5.83569110197125 0.604396409062231 0.0135369982163095 0.796568722956138 0.777035044682117 -0.230705975599434 -0.585654584340099 0 0 0 0 0 0
14.5286093182997 8.33261600032509 5.63508534251199 0.447734356577679 -0.587508490060218 0.674068038143877 0.798943801659628 -0.0756630354321765 -0.596627108719384 0 0 0 0 0 0
14.9906057076928 8.33338410125728 5.52147251510047 0.0230843581667047 -0.966868733604602 0.254228173863291 0.868753427149385 -0.106434886489042 -0.483672510852399 0 0 0 0 0 0
15.49824807955 8.26176885037846 5.57694914893053 -0.332523128681817 -0.868092653497869 -0.368569550878373 0.769160102888276 -0.0234836429980808 -0.638624502063957 0 0 0 0 0 0
15.9735284604092 8.04101909236488 5.46028998496889 -0.672920373119041 -0.332216213517422 -0.660916453810523 0.69420324512848 0.0249376679000515 -0.719346903220411 0 0 0 0 0 0
16.2572839460739 7.68114953527439 5.17982282405154 -0.654310716498049 0.464120655783523 -0.597050670505346 0.681466515819354 0.0195993245231486 -0.73158680571431 0 0 0 0 0 0
5.36960773439156 9.40465903788452 12.7534379556767 -0.388005170890024 0.599092594898691 -0.700385643842131 0.921638992511169 0.247428741455903 -0.298932409391394 0 0 0 0 0 0
5.71845717145336 9.27953016316211 12.3644238979735 -0.0923831248949371 0.986423425182026 -0.135772546881931 0.948132904829626 0.0454948750734165 -0.314601670563572 0 0 0 0 0 0
6.00475647116813 9.42983733370363 11.9353253456746 0.11218565410333 0.77577113833528 0.620961770111004 0.963059961615313 0.0690688428514205 -0.260278706929086 0 0 0 0 0 0
6.43044787749876 9.66754830323888 11.7095701161511 0.14762381347106 0.200536624472701 0.968500011327495 0.988724319391822 -0.0548011762653617 -0.139359432128257 0 0 0 0 0 0
6.86016755722952 10.0056084008808 11.7688004833487 0.136103995598365 -0.735998535646453 0.663160506897416 0.970133264567772 -0.0366553631041617 -0.239787058313787 0 0 0 0 0 0
7.36260665171722 10.1672460573308 11.7592173617965 -0.13764842972384 -0.985337140321189 0.100814828761558 0.959842707841872 -0.157817755302601 -0.231938639113948 0 0 0 0 0 0
7.81489543884901 10.0404180818538 12.0200518299743 -0.23867525222062 -0.835719503200655 -0.494577633893278 0.970964324150847 -0.213868795563932 -0.107184045036203 0 0 0 0 0 0
8.18077611286882 9.7746873633723 12.0356312657644 -0.277566239495714 -0.321424564534413 -0.905341500211976 0.953189295413167 -0.209796137839049 -0.217751573260837 0 0 0 0 0 0
8.57509104292136 9.39861978860653 11.9240099517974 -0.345289960991193 0.43772582922258 -0.830163201587558 0.840989258236516 -0.248296620309852 -0.480713902309368 0 0 0 0 0 0
8.9477823673094 9.20699427852176 11.5859987566954 -0.26944972426596 0.792484083184423 -0.547143330391902 0.808544661878106 -0.12245913425384 -0.575551292402526 0 0 0 0 0 0
8.97942756930469 9.16727179120018 11.0770713934817 0.420317531304952 0.894782939623703 0.150654119877536 0.696812022307526 -0.211951693230968 -0.685222216003117 0 0 0 0 0 0
9.25078525340293 9.27419752438749 10.6667747427221 0.674511234660006 0.343127601701276 0.653680383114076 0.736379236967325 -0.249457646008448 -0.62890102735752 0 0 0 0 0 0
9.67184462941368 9.37639290978712 10.4084347972023 0.522431632126241 -0.0730125824836035 0.849549499766192 0.798761122777908 -0.306770643112862 -0.51756394895964 0 0 0 0 0 0
10.236640065995 9.43978678579073 10.3216243146988 0.0615357372631368 -0.739748660410885 0.670063633142244 0.774883994570413 -0.38773247195098 -0.499217713180716 0 0 0 0 0 0
10.6980422631355 9.4511550707952 10.4003123617107 -0.163939113878101 -0.966620277019869 -0.196898976622266 0.790369716684789 -0.00926948110585207 -0.612560027807589 0 0 0 0 0 0
11.190330279093 9.26590718932737 10.3513078578449 -0.417416101083348 -0.689108038101808 -0.592362988698529 0.823167231369407 -0.0106209597595261 -0.567699660395717 0 0 0 0 0 0
11.670862579823 9.10405499731499 10.2664869188442 -0.571787499726123 -0.223898658957484 -0.789258161613796 0.817474080076056 -0.0742892760065632 -0.571154297781455 0 0 0 0 0 0
12.0474222491547 8.87042087090214 9.90124879528473 -0.658182698557487 0.315500135563046 -0.683560677467102 0.601957018734052 -0.324763145190295 -0.729504384581011 0 0 0 0 0 0
12.1306321388884 8.51499349620321 9.51000792345857 -0.0340815766517727 0.949104441803268 -0.313112127970536 0.60066889498914 -0.230943360523245 -0.765416254611017 0 0 0 0 0 0
12.3480832547511 8.4634067796163 8.98378032304273 0.0443937756065711 0.986206829912953 0.159453069335265 0.474536297031008 0.119637602067326 -0.872067742191901 0 0 0 0 0 0
3.53394306225406 11.3569093987716 8.3170233664589 -0.903838579739192 -0.190568211897629 0.383092127808939 0.307400739757657 0.333578605847747 0.891195881339853 0 0 0 0 0 0
3.49436713144117 11.8405984653316 8.59157111857275 -0.413584909821856 -0.71193432812607 0.567535932609847 0.327271503993143 0.465435851585768 0.822352011448076 0 0 0 0 0 0
3.30051394852421 12.0505208175189 9.06647237870087 0.327998738814353 -0.867422815663899 0.374158370482216 0.222453143002083 0.455852671872336 0.861807948858298 0 0 0 0 0 0
3.24875694284265 12.0931500510411 9.5995662381014 0.791380881089146 -0.601911374757455 -0.106859711697891 0.456228930049747 0.465162723095197 0.75860319299903 0 0 0 0 0 0
3.47535887837383 12.1078204926029 10.1179150767644 0.826573887283744 -0.0564332247345928 -0.559991874947034 0.536193808656275 0.381407088961442 0.753010512575115 0 0 0 0 0 0
3.82402791477664 12.0706093406658 10.5085751977017 0.543452971811398 0.369148098388137 -0.753915478608698 0.548949552029653 0.523177133567491 0.651874279473079 0 0 0 0 0 0
4.30809304687483 12.0346415267447 10.5793409718742 0.149240721119644 0.898399143101427 -0.413045017926993 0.49994630046657 0.291837383518095 0.815404585608336 0 0 0 0 0 0
4.82010407920001 12.1353183613846 10.7073799497777 -0.360513897540481 0.926663486243605 -0.106416694851042 0.649286151261913 0.331223539865646 0.684630163240244 0 0 0 0 0 0
5.24564374793906 12.4457510245702 10.8133641659387 -0.74039658460205 0.520037557242727 0.425880072986089 0.590085224065336 0.199456271005703 0.782314913763161 0 0 0 0 0 0
5.53629522413051 12.6518421719457 11.1917835453026 -0.883805448642534 -0.107490442276733 0.455339141485686 0.44762616550574 0.0888099036741188 0.889799762285887 0 0 0 0 0 0
5.66172754812519 13.0280920459753 11.5598811926451 -0.705208435347776 -0.639314081443438 0.306526618717649 0.157399428749404 0.280378100813114 0.946896795017172 0 0 0 0 0 0
5.48911875961084 13.2770125340912 12.0036490360521 0.216963057489065 -0.942416584178304 0.254515252098363 0.382559495008526 0.321956179006933 0.866021045690044 0 0 0 0 0 0
5.58389385401236 13.2621301599693 12.6268998610008 0.329819362855011 -0.942767165647735 -0.0490842058349743 0.418159407298976 0.0992794079957766 0.902932062358723 0 0 0 0 0 0
5.69827124338683 13.094237904616 13.0612721818919 0.677689730440654 -0.619628081995463 -0.395976854447198 0.584278939038701 0.126766877548108 0.801591092860015 0 0 0 0 0 0
5.96837427348922 12.8153115111788 13.4763508360998 0.797961732045165 0.159817130940812 -0.581132995836004 0.58792935492846 0.00580893926517859 0.808891420301896 0 0 0 0 0 0
6.30417971020942 12.5297915881171 13.7835937112367 0.584862624895721 0.689898839458132 -0.426585631865878 0.449059773879011 0.162567072137922 0.878588223538328 0 0 0 0 0 0
6.72389302957416 12.5541000993363 14.1220970146085 -0.0632663651033435 0.960926339880441 -0.269477153708045 0.52369351622856 0.261821031198363 0.810675550810799 0 0 0 0 0 0
7.07808118796122 12.5616355522228 14.5130499079345 -0.719583563718083 0.692759277135361 -0.0477920366763701 0.256279170494505 0.32890726561322 0.908922987605376 0 0 0 0 0 0
7.18393403395847 13.0558142084242 14.6954443510177 -0.938546974315855 -0.0819503841122639 0.335281540718255 0.268380800510327 0.437534469246474 0.85821636790418 0 0 0 0 0 0
7.086283771846 13.5079945805529 14.9687252312293 -0.286169563089935 -0.705622679820446 0.648231143099379 0.435974036308536 0.506550157658152 0.743863950895151 0 0 0 0 0 0
8.39890071483298 2.10631135047992 6.905264414961 -0.890476079190481 0.314602542508818 0.32875156674385 0.410491225969192 0.243660517778133 0.878707292264268 0 0 0 0 0 0
8.54741745064262 2.53623451036239 7.19126084483293 -0.786289027386263 -0.342076908643141 0.514522063652393 0.459314291637765 0.233363987992896 0.857071543457925 0 0 0 0 0 0
8.50428427663144 2.72562410291428 7.71593553662803 -0.396558402743133 -0.862704875774065 0.313817989493068 0.470076487971162 0.102799843756323 0.876618667141177 0 0 0 0 0 0
8.49413842363027 2.88033367414614 8.1888478492398 0.170209927836961 -0.98539327885908 -0.00535410544234255 0.532576323881708 0.0874193050933405 0.841855287052142 0 0 0 0 0 0
8.43225997230902 2.77748762072659 8.71256423114557 0.602855286404962 -0.763856223346582 -0.230410880186434 0.493315296135503 0.129896182104836 0.860097087818188 0 0 0 0 0 0
8.5984095945516 2.64940984689524 9.25157023977673 0.686958793997966 -0.291756962319568 -0.66555652674053 0.67255322871157 -0.0916411747520159 0.734352810057749 0 0 0 0 0 0
8.8285337034647 2.26738864749063 9.55121636409803 0.770652104942738 0.341631953498533 -0.537943251185573 0.594425763936863 -0.081125595089347 0.800047904184165 0 0 0 0 0 0
9.25015885431427 2.06891768317267 9.83807417684953 0.311371382711051 0.806093796729537 -0.503250089818937 0.626357677505678 0.224168708343782 0.746608632436816 0 0 0 0 0 0
9.76069590964601 2.15133020314111 9.8367346968033 -0.212696143255722 0.957553879320332 -0.194553126016327 0.752788867541301 0.287523761094096 0.592147792119662 0 0 0 0 0 0
10.1848306941283 2.33831905152255 9.8107640567655 -0.62968200666422 0.658213716654214 0.41262001125923 0.685865801707146 0.221604381917733 0.693166358072486 0 0 0 0 0 0
10.5363995753331 2.58744418122754 10.2145639976147 -0.777641480424158 0.530101054586766 0.338033430077149 0.574845023787111 0.381761780419347 0.72374798213069 0 0 0 0 0 0
10.7079920097091 3.07528864312311 10.3603340891326 -0.569644644543844 -0.265666479050878 0.777770082255179 0.684424760025883 0.37060296701149 0.627866378066061 0 0 0 0 0 0
10.7971078027739 3.36872427376413 10.7126935460995 0.211848373099496 -0.823928324557658 0.525606680709737 0.747777841177557 0.482931973560568 0.455636926902033 0 0 0 0 0 0
10.9904861702299 3.64300457600215 11.1454470024217 0.430658973206793 -0.899042244061203 0.0790941982061134 0.816269258839802 0.425392498625272 0.390826968345928 0 0 0 0 0 0
11.2923009393291 3.66018566550935 11.5896291243439 0.521344062494338 -0.603042441684701 -0.603771630692313 0.853310246593437 0.374935546277113 0.362332663717378 0 0 0 0 0 0
11.75749574353 3.54166755230894 11.7826621973555 0.364216971366424 -0.104271257984032 -0.925458536362974 0.893116431562606 0.320779776624926 0.315346435815185 0 0 0 0 0 0
12.2721006896876 3.40375498361924 11.8713954466737 0.136331398711306 0.630248939548564 -0.764329787410729 0.751324748563393 0.437093669054139 0.494429213001159 0 0 0 0 0 0
12.7401403866121 3.60240351775724 11.9352253846573 -0.288425693688556 0.721154035686442 -0.629878937601054 0.747002564098393 0.581005317695622 0.32314082075751 0 0 0 0 0 0
13.1741287337942 3.71188556146159 11.7693080797256 -0.556151298703499 0.826550542909122 0.0866598694151301 0.823005302518828 0.533243622868993 0.195738373078565 0 0 0 0 0 0
13.4677952008273 4.18218166781664 11.6569167983834 -0.525990915119611 0.334602437673556 0.781904575964707 0.707041051547739 0.682988441512672 0.183356865664635 0 0 0 0 0 0
0.722343745720001 6.63805802699172 13.7129184142168 0.893511072104602 -0.439858373734545 -0.0903469705196892 0.448935656686868 0.87067211412042 0.200964787582824 0 0 0 0 0 0
1.04226302679719 6.94288293681547 14.0185628646234 0.676602287077774 -0.356225036540154 -0.644447878779263 0.545111838446672 0.830694603078211 0.113135140438436 0 0 0 0 0 0
1.45598504432981 7.31366280273247 13.990893187522 0.381216532740531 -0.471286650971688 -0.795338197109367 0.703457491091498 0.706081385834405 -0.0812196700647194 0 0 0 0 0 0
1.88967677661883 7.36873592908528 14.1582645441078 -0.126718555783436 0.134636081103846 -0.982759143068717 0.800076140396554 0.599529785020933 -0.0210287051647832 0 0 0 0 0 0
2.26060513479803 7.74160962670791 14.0603002461758 -0.518508267220056 0.110373735021894 -0.847919109020296 0.5649064528338 0.788628273006744 -0.242788275172288 0 0 0 0 0 0
2.64692465413488 7.9436010892011 13.746227356264 -0.845500696160447 0.40837264967435 -0.344035393223068 0.448454645447397 0.892801278246404 -0.0423592792459607 0 0 0 0 0 0
2.68485128062888 8.27199427038922 13.3226655642309 -0.797639190093783 0.438399305881827 0.414219472054209 0.357467555340465 0.896779824369063 -0.260773644150449 0 0 0 0 0 0
2.58352899593695 8.72209317845337 12.995909921029 -0.215296299710191 0.363982042286989 0.906181315313714 0.13892933218892 0.92992038324114 -0.340509502789852 0 0 0 0 0 0
2.65457939854586 9.2969809884344 12.9322694221736 -0.180739272504243 -0.0306046300759045 0.983054765510322 0.148852333711193 0.987151177055139 0.0580993664972841 0 0 0 0 0 0
2.39098278520836 9.75366678975569 13.0354198289925 0.477247973217327 -0.314969354422125 0.820383250581619 0.306041668411828 0.93468878672614 0.180818608456438 0 0 0 0 0 0
2.48489026807223 10.2038956255097 13.3131975859063 0.890086648952973 -0.44799677678915 0.0839323855385934 0.455307405097104 0.882419779598684 -0.118450409187776 0 0 0 0 0 0
2.77650579793242 10.5425337414751 13.611475495377 0.7277247872044 -0.392213458213251 -0.562659077314775 0.488806141570623 0.872053306650061 0.0243225476366187 0 0 0 0 0 0
3.19875998795973 11.0233614780406 13.6089249515785 0.283157427441749 -0.393277404646287 -0.874731246886295 0.535001706622183 0.821737404909954 -0.196267193598945 0 0 0 0 0 0
3.60498263542101 11.2951044152129 13.4929378353079 -0.637017155451735 0.140448466457716 -0.757946813391188 0.409831744261802 0.894486659612673 -0.178694032273856 0 0 0 0 0 0
3.78069759744683 11.7097645805561 13.2222248871068 -0.897021998723881 0.240850858647573 -0.370597352519066 0.267823819778688 0.963210453489565 -0.0222715928388554 0 0 0 0 0 0
3.86532708072264 12.1762504073765 13.0216068658913 -0.970899014725681 0.195410495563529 0.13845519646556 0.19047415415798 0.980509246831247 -0.0481789733828157 0 0 0 0 0 0
3.99888094877059 12.5967380374924 12.726089737685 -0.836190396951993 0.148418618293138 0.527974936705546 0.0432858890838138 0.977543223828869 -0.206241550984484 0 0 0 0 0 0
3.75335145574851 12.9905604134551 12.4553420574257 0.0151985614625197 0.288779903764943 0.957274866958796 0.121704623184352 0.949732653274288 -0.288436946316066 0 0 0 0 0 0
3.53214601512122 13.4801152747459 12.4647915516884 0.589911133560323 -0.000850199113369961 0.807467727939044 0.142288662654852 0.984460463486439 -0.102915170465581 0 0 0 0 0 0
3.49901212698512 13.9842417513924 12.6400940960309 0.98353363197746 -0.144034517210609 0.109158841241257 0.154506585044199 0.983467581623714 -0.0944416808045176 0 0 0 0 0 0
5.52335726188206 6.09485694953975 4.29603906265601 -0.694038153151432 0.594530403680215 0.406010641572349 0.553082130616651 0.0792843477503984 0.829345614924405 0 0 0 0 0 0
5.81681175861498 6.49882793115439 4.49447546677304 -0.774626963782448 0.0089224677354627 0.632355482739491 0.614961219086797 0.243940158552063 0.749877255332415 0 0 0 0 0 0
6.06548557427559 6.83060714123099 4.89787228893082 -0.560237208465773 -0.564634607352896 0.606070978046234 0.610660397682695 0.212828139861167 0.762756882358494 0 0 0 0 0 0
6.14112129540456 7.03478500481248 5.34290805343857 -0.117633303330913 -0.949030400092407 0.29241016679983 0.699332259625542 0.12988965504757 0.702896200131042 0 0 0 0 0 0
6.15551234387866 7.06084751612831 5.8793768273165 0.34683802565055 -0.918486751727554 -0.189961761583206 0.6506350370166 0.0897350928033159 0.754070064202252 0 0 0 0 0 0
6.3102331171727 6.86950715878197 6.35701209829241 0.62332923588842 -0.471212039775817 -0.624035157068152 0.71617096640419 0.0236202170037907 0.697525076415453 0 0 0 0 0 0
6.61028252812506 6.57560679898334 6.69209124060918 0.702447605257299 0.169074263973607 -0.691361884348616 0.711731577766758 -0.163659563262959 0.683120566636828 0 0 0 0 0 0
7.06430131583083 6.43361210605735 6.83615585516252 0.375045210834042 0.679672208726951 -0.630386213772698 0.772083606637972 0.147338740103674 0.618205629241245 0 0 0 0 0 0
7.64241253893819 6.32931700454802 6.90081568037096 -0.0558124732734115 0.973570952264269 -0.221460083839843 0.830184724471835 0.168476043944496 0.53142181538815 0 0 0 0 0 0
8.13102186898098 6.36300120372525 6.93780605516617 -0.38838539399149 0.804165689245245 0.449971476845805 0.722311195739989 -0.0375444020612086 0.690548299818727 0 0 0 0 0 0
8.53998868407416 6.67062980774583 6.98508628603625 -0.456286294011211 0.258772768610685 0.851375047862618 0.888083415430096 0.0724624206576353 0.453935066755646 0 0 0 0 0 0
8.91678406148725 6.96982961283493 7.200048602311 -0.304563415499155 -0.525485752679546 0.794421707703346 0.743679108734371 0.389934783349877 0.543039821712862 0 0 0 0 0 0
8.91647329302699 7.25259569120956 7.61323244706596 0.370215048761919 -0.804062394749847 0.465214448420675 0.678852298128693 0.57602671083872 0.455360061627849 0 0 0 0 0 0
9.40560521293185 7.36234781120626 7.92353767774664 0.0129509296939311 -0.99967394287268 -0.0220063936494269 0.94034453967096 0.00469348278716407 0.34019129608257 0 0 0 0 0 0
9.78800527010667 7.24250701719105 8.28143917604033 0.0960360798079149 -0.746564527237013 -0.658345257480074 0.97495837043124 -0.0627292161679552 0.21335702792506 0 0 0 0 0 0
10.1875930779591 6.95063225486609 8.49078054570201 0.0603414590802075 -0.230298636186861 -0.971247366270069 0.996653200206922 0.0676587917681491 0.0458768614202843 0 0 0 0 0 0
10.6002111242663 6.60671001847046 8.47857623119542 0.0136435399368486 0.439676568308573 -0.898052542504273 0.995863575788476 -0.0866629397840361 -0.0272996938770298 0 0 0 0 0 0
10.9846325176323 6.52267400066778 8.14193410682505 -0.102360811584436 0.938108060197839 -0.330870868532763 0.992798277251763 0.0755318809179164 -0.0929866423253064 0 0 0 0 0 0
11.3234413892207 6.54271258936373 7.72698430630779 0.117929596471302 0.86596333731097 0.486004227048863 0.963525479133587 0.0186146644969701 -0.266968435074367 0 0 0 0 0 0
11.6287329640668 6.91516042901732 7.44746020239296 0.266667985155493 0.340265838151248 0.901724650367472 0.935005830911488 0.135606277491209 -0.327681298927014 0 0 0 0 0 0
20.1643802670154 5.18441738087847 9.7368164194357 0.225807030604927 0.609057883053569 -0.76030236091945 0.240215580504613 0.721548726625284 0.64935653533961 0 0 0 0 0 0
20.5037353805002 5.50849485961971 9.93696687360353 -0.531368759805747 0.466630409723702 -0.707038401944048 0.0506300304009271 0.850618650132159 0.52333976732993 0 0 0 0 0 0
20.7284772449966 5.89183528067729 9.95605513690577 -0.999478268547492 0.00451922106296877 0.0319807339235644 0.0281758548281171 0.606054024450929 0.794924298692358 0 0 0 0 0 0
20.5437910715914 6.35810702897728 10.1971573896704 -0.597474174039159 -0.638356358878208 0.485309973559149 0.0210795380275949 0.592496867593101 0.805296911063806 0 0 0 0 0 0
20.5206900896673 6.7101743683025 10.6150413426676 -0.718338925690198 -0.686246364622845 0.114258981617115 -0.410302053352454 0.550537950099096 0.727021451207216 0 0 0 0 0 0
20.0755975127106 6.95653874163277 10.7879063061794 0.0824315220238489 -0.855761151954172 0.51076207277254 -0.376296816017107 0.447842400489576 0.811072062506854 0 0 0 0 0 0
19.5861787850788 7.03310762676552 11.1034349839263 0.652115546531845 -0.43798365621061 0.618801770249455 -0.520073593505577 0.335441145159534 0.785495191247061 0 0 0 0 0 0
19.2823780799942 6.99178483585275 11.4352899226472 0.83998816905793 0.347443158199212 0.416777071902072 -0.487013434485891 0.144088322994368 0.861426996214379 0 0 0 0 0 0
19.3050001328506 6.70834181900329 11.8911774099094 0.493433318200907 0.812697207730938 0.30991419624725 -0.467411348340911 -0.0527286450808933 0.882466045482808 0 0 0 0 0 0
19.3788443947501 6.68952086681434 12.4126505594284 -0.0766714426667137 0.982773666446857 0.168158884445653 -0.271452233019514 -0.182859528768506 0.944921201967275 0 0 0 0 0 0
19.4075617252497 6.67243911342536 12.9334277735637 -0.506667310933254 0.83637616943157 -0.209196413063509 -0.498900734167192 -0.0865410539415069 0.862327491983255 0 0 0 0 0 0
19.3724756179013 6.91818749463303 13.409937794784 -0.817281918300636 0.352342775167286 -0.455965826357906 -0.52561961834041 -0.131533306721979 0.840489741780626 0 0 0 0 0 0
19.1551414315994 7.24547361014587 13.7764548505608 -0.799964259941453 -0.285212509730043 -0.52793087341982 -0.547755592916002 -0.0121173326367551 0.836550644419697 0 0 0 0 0 0
18.8234742025701 7.42927179541986 14.2550870752881 -0.510047416735056 -0.643121918120211 -0.571179333585587 -0.719561962349294 -0.0447914781479485 0.692982182906138 0 0 0 0 0 0
18.2964594373018 7.57470904191197 14.2806731089559 0.0145179270718271 -0.999611473031663 0.0237935448600438 -0.749151225429702 0.00488616718762228 0.662380983126321 0 0 0 0 0 0
17.7742158259763 7.44904195566363 14.2931027502155 0.378396848812988 -0.800412244632072 0.464925868769902 -0.810677053402735 -0.0441282494187156 0.583828239030538 0 0 0 0 0 0
17.3378938235476 7.16590907132784 14.4278023497794 0.650946394738959 -0.285037487600934 0.70357829829984 -0.751113541620549 -0.10755384306111 0.651352913893092 0 0 0 0 0 0
17.0994869392577 6.85519202349927 14.7783572445648 0.634110316257832 0.370497173410672 0.6787016659108 -0.742518730087503 0.0467967809623737 0.668188593707497 0 0 0 0 0 0
16.9095610945635 6.53406747090096 15.1789391918751 0.455545742208091 0.809028697622887 0.371417074430746 -0.638157108091625 0.00588584043958559 0.769883668013847 0 0 0 0 0 0
16.8843277977054 6.39266548743124 15.7043696764135 0.133374578181447 0.98992509425708 -0.0475345101482304 -0.52980629433407 0.111751983552793 0.840723964601948 0 0 0 0 0 0
5.69154429883472 11.5842803149798 2.11826935060791 -0.141555333012708 0.906096891561251 -0.398685980188294 0.709282097177499 0.3737832424904 0.597666290045583 0 0 0 0 0 0
6.18914954704432 11.7860039872199 2.09873274060027 -0.569511352751257 0.765615980010753 0.299147104681973 0.706722270781921 0.270224886487214 0.653851774260664 0 0 0 0 0 0
6.55764403338064 12.1558777311297 2.27928747163423 -0.79062155367532 0.259509013595011 0.554592310374899 0.612305111705816 0.334942954647728 0.716167345884171 0 0 0 0 0 0
6.78807812216294 12.5330063387972 2.49377615037919 -0.773876936175443 -0.249054015253223 0.582311415946792 0.56165858215472 0.15499566612081 0.812721342512744 0 0 0 0 0 0
6.88838239191805 12.8629307405232 2.92326738867213 -0.397838800433052 -0.840793729233013 0.367137840262254 0.336872941277429 0.238344571251227 0.910883355205354 0 0 0 0 0 0
6.86806175012845 12.9390742962712 3.43639109872708 0.141858705738025 -0.986667034937843 0.0797763735281095 0.364461834281044 0.12699045033196 0.922518832803419 0 0 0 0 0 0
6.73512314271599 12.847459742152 3.94885495330723 0.735528662701032 -0.602841013996568 -0.309160634927575 0.379448880095505 -0.0114819532663067 0.925141455207504 0 0 0 0 0 0
6.81669593781017 12.539128957905 4.3812472621016 0.919073951667444 0.0354341942156092 -0.392488839646021 0.391126280778431 -0.203833011508881 0.897481106154136 0 0 0 0 0 0
7.01895300077864 12.0932347454793 4.76119744024614 0.880041983112347 0.351313346986451 -0.319538792932666 0.455079137243823 -0.431517424502612 0.77890672817485 0 0 0 0 0 0
7.43254475746648 11.8747349411091 5.04894812618923 0.56935888601544 0.681536369027705 -0.459715821576537 0.771363605275223 -0.249500512812003 0.585446566787573 0 0 0 0 0 0
7.87881885128158 11.5531516384032 4.94284446985427 0.210045916242335 0.97597740498106 0.0578689730024195 0.821342708202083 -0.208254473446131 0.531061418268117 0 0 0 0 0 0
8.40884035463044 11.5156725028002 4.86310976912353 -0.0806083854215762 0.829544398695084 0.552592416518121 0.798185856670836 -0.278329485743651 0.534258397759284 0 0 0 0 0 0
8.922247840286 11.6669871066053 4.91003254042382 -0.468697246754268 0.392528042310779 0.791356194696571 0.869274832969892 0.0456156314044855 0.492219949754921 0 0 0 0 0 0
9.32413465193051 11.8851826357251 5.18447390578432 -0.585150042689896 -0.238466647836116 0.77506972938557 0.745288360324895 0.218546882271534 0.629906755173829 0 0 0 0 0 0
9.71357778209102 12.1289396536973 5.5423502594565 -0.671832779343001 -0.379044045034655 0.636369647708016 0.640164438460298 0.135043363192864 0.756275599096237 0 0 0 0 0 0
9.90383144793225 12.399467215228 6.00595878292083 -0.365307633045174 -0.894515047207076 0.257668708924959 0.57250144431013 0.00237390947981585 0.81990027492165 0 0 0 0 0 0
9.856233326793 12.4009354821878 6.51751287436822 0.110199343772023 -0.985278784871539 -0.130697439585783 0.535336739256908 -0.0519541551143637 0.843039347461394 0 0 0 0 0 0
9.79281005619258 12.2186072805969 7.01265362556548 0.732451964616472 -0.5628590537371 -0.383019327391774 0.535321990168793 0.128538716352362 0.834810257028632 0 0 0 0 0 0
10.0918457528654 11.8301578886095 7.2437377788476 0.858101257956188 0.114318791736611 -0.500593093190358 0.504440768273372 -0.0055541767741617 0.863428435033345 0 0 0 0 0 0
10.3696024130739 11.6120062505144 7.73588689922946 0.592523326328393 0.698200903297685 -0.401785522873875 0.633784301624564 -0.0961890329827721 0.767505784309215 0 0 0 0 0 0
