t = 0
b = 13 13 13
E = -0.991307002545805 -0.991307002545805 0
2.7891642204859 4.8469074972523 2.02569540912624 -0.520536944313737 -0.139627469365373 0.842345213913595 0.820616471053868 0.190705289432011 0.53872079968918 0 0 0 0 0 0
2.96670079410034 5.24717829507052 2.33706200264835 -0.283354869129608 -0.682862402233295 0.673356486384973 0.820616471053868 0.190705289432011 0.53872079968918 0 0 0 0 0 0
3.07964661638092 5.49179058681337 2.80192022842911 0.0614784582776328 -0.966666491642258 0.248548371758606 0.820616471053868 0.190705289432011 0.53872079968918 0 0 0 0 0 0
3.2066064551603 5.51605122137016 3.32343506337283 0.382955091520193 -0.883217819074458 -0.270687424806027 0.820616471053868 0.190705289432011 0.53872079968918 0 0 0 0 0 0
3.4208609191014 5.33898232627845 3.78324669131482 0.558940682826541 -0.464219930425807 -0.68708454303445 0.820616471053868 0.190705289432011 0.53872079968918 0 0 0 0 0 0
3.76252592927992 5.05609448343947 4.08643737605297 0.522575363737216 0.13114287113495 -0.842446755923126 0.820616471053868 0.190705289432011 0.53872079968918 0 0 0 0 0 0
4.22331201006518 4.80310066220211 4.19759229627081 0.287674926969965 0.67668230335966 -0.677749361277965 0.820616471053868 0.190705289432011 0.53872079968918 0 0 0 0 0 0
4.74967359950496 4.70435659330743 4.15425422825993 -0.0565180242214653 0.965138815013248 -0.255563652918261 0.820616471053868 0.190705289432011 0.53872079968918 0 0 0 0 0 0
5.26315190354511 4.82561594766316 4.052660417525 -0.379238833080188 0.886922954582826 0.263714959981509 0.820616471053868 0.190705289432011 0.53872079968918 0 0 0 0 0 0
5.69018270365186 5.14904941742311 4.01118044021567 -0.557880468716584 0.47175023514536 0.682803850505299 0.820616471053868 0.190705289432011 0.53872079968918 0 0 0 0 0 0
5.99004463336094 5.58001836812809 4.12534562211347 -0.524573987023514 -0.12264828586715 0.842484142350527 0.820616471053868 0.190705289432011 0.53872079968918 0 0 0 0 0 0
6.17032990622226 5.98302963821052 4.43155509076888 -0.291973077250855 -0.670450672508743 0.682090622933083 0.820616471053868 0.190705289432011 0.53872079968918 0 0 0 0 0 0
6.2840599069373 6.23321165639882 4.8932471383839 0.0515532860989351 -0.963537639326788 0.262559471916291 0.820616471053868 0.190705289432011 0.53872079968918 0 0 0 0 0 0
6.40954148084073 6.26375523938482 5.41478962588367 0.375493694134761 -0.89056054747434 -0.256722412241774 0.820616471053868 0.190705289432011 0.53872079968918 0 0 0 0 0 0
6.62061685413709 6.09129551755252 5.87781223143516 0.556777769849012 -0.479244614258052 -0.678471159819348 0.820616471053868 0.190705289432011 0.53872079968918 0 0 0 0 0 0
6.95860973758958 5.80959197082065 6.1861773147577 0.52653266196973 0.114144360457529 -0.842457370348679 0.820616471053868 0.190705289432011 0.53872079968918 0 0 0 0 0 0
7.41662575790544 5.55390763464662 6.3025042140013 0.296248992651492 0.664167984243358 -0.686379940746443 0.820616471053868 0.190705289432011 0.53872079968918 0 0 0 0 0 0
7.94217174541769 5.44962041137895 6.26237078415477 -0.0465846219940717 0.961863086518606 -0.269535295993995 0.820616471053868 0.190705289432011 0.53872079968918 0 0 0 0 0 0
8.45709876688061 5.56458990894825 6.16079677510547 -0.371719959890742 0.894130320732218 0.249710314096406 0.820616471053868 0.190705289432011 0.53872079968918 0 0 0 0 0 0
8.88729221179025 5.88337644126232 6.11614424001159 -0.555632670198613 0.486702497037897 0.67408680092777 0.820616471053868 0.190705289432011 0.53872079968918 0 0 0 0 0 0
9.13786011224959 9.08552304002862 11.8580782560629 0.132247141684131 0.841469461962584 -0.523870058412176 0.636310070182912 0.333165217358702 0.69578044850811 0 0 0 0 0 0
9.66833347943061 9.16163378717322 11.8966821807219 -0.33852508744647 0.931043927301316 -0.136227642586594 0.636310070182912 0.333165217358702 0.69578044850811 0 0 0 0 0 0
10.1216400422765 9.44997602684149 11.9042330099669 -0.680685976018521 0.666899238433925 0.303169932262359 0.636310070182912 0.333165217358702 0.69578044850811 0 0 0 0 0 0
10.4197842154712 9.89033796889479 11.9808914348104 -0.764242881838511 0.149388378924822 0.627388181113879 0.636310070182912 0.333165217358702 0.69578044850811 0 0 0 0 0 0
10.5437191997038 10.3647529966245 12.2005630152795 -0.557451139388459 -0.424877623378324 0.713251170589222 0.636310070182912 0.333165217358702 0.69578044850811 0 0 0 0 0 0
10.5405831791726 10.7423171567364 12.582820222527 -0.1388743889987 -0.837725512984999 0.528138115434077 0.636310070182912 0.333165217358702 0.69578044850811 0 0 0 0 0 0
10.5057907372995 10.9289217598042 13.0854665298055 0.33246306362763 -0.932307474185005 0.142376560227119 0.636310070182912 0.333165217358702 0.69578044850811 0 0 0 0 0 0
10.5467832612412 10.9030068447965 13.6205675784677 0.677492239895821 -0.672690238592398 -0.297476230619266 0.636310070182912 0.333165217358702 0.69578044850811 0 0 0 0 0 0
10.7422101625845 10.7237521687354 14.0878589110002 0.765130787161385 -0.157506734577514 -0.624312827916044 0.636310070182912 0.333165217358702 0.69578044850811 0 0 0 0 0 0
11.1120486509362 10.5085938275714 14.4128381147651 0.562083356079763 0.417516211275538 -0.713962543933666 0.636310070182912 0.333165217358702 0.69578044850811 0 0 0 0 0 0
11.6100140579922 10.3886083199048 14.5750695341755 0.145491060490873 0.833917767966214 -0.532365952693717 0.636310070182912 0.333165217358702 0.69578044850811 0 0 0 0 0 0
12.1411441568649 10.4587143936854 14.6159481179185 -0.326375721459311 0.93350002224496 -0.148514635341349 0.636310070182912 0.333165217358702 0.69578044850811 0 0 0 0 0 0
12.5978768997616 10.7416118269094 14.6229727858623 -0.674246910116035 0.678430010784774 0.291759875009485 0.636310070182912 0.333165217358702 0.69578044850811 0 0 0 0 0 0
12.9009150382822 11.1791574024385 14.6965041264949 -0.765960424812493 0.165613095482556 0.621189930879237 0.636310070182912 0.333165217358702 0.69578044850811 0 0 0 0 0 0
13.0293524738657 11.654454488294 14.9116357314171 -0.566672767947306 -0.410123003696783 0.714619546266171 0.636310070182912 0.333165217358702 0.69578044850811 0 0 0 0 0 0
13.0286168341653 12.0362640225522 15.2896648843962 -0.152096652275499 -0.830046516880754 0.536553248224921 0.636310070182912 0.333165217358702 0.69578044850811 0 0 0 0 0 0
12.9932107577929 12.22886442717 15.7900013671909 0.320263524516189 -0.934621480664028 0.154641400491101 0.636310070182912 0.333165217358702 0.69578044850811 0 0 0 0 0 0
13.0308087619111 12.2084178358625 16.3255883620933 0.67095023382359 -0.684118117905182 -0.286021300755628 0.636310070182912 0.333165217358702 0.69578044850811 0 0 0 0 0 0
13.2213498929409 12.0320264980528 16.7959767924888 0.766731731611715 -0.17370684430918 -0.61801972782416 0.636310070182912 0.333165217358702 0.69578044850811 0 0 0 0 0 0
13.5866675463169 11.816038679617 17.1254876064807 0.571219025489608 0.40269856366344 -0.715222127553465 0.636310070182912 0.333165217358702 0.69578044850811 0 0 0 0 0 0
12.3381299169784 12.7312324883861 4.15102661136653 0.339532939927862 -0.89686000483784 0.283477537780708 0.561832424352016 0.435088307459154 0.703592560832663 0 0 0 0 0 0
12.3304074587193 12.7705798326103 4.68682251678136 0.717372720060116 -0.679803476963007 -0.152458562313032 0.561832424352016 0.435088307459154 0.703592560832663 0 0 0 0 0 0
12.48621013457 12.6549659528707 5.18786548811982 0.822670610009257 -0.2044782424819 -0.530473105612821 0.561832424352016 0.435088307459154 0.703592560832663 0 0 0 0 0 0
12.8295406018578 12.4927412513235 5.56798709834248 0.615422180896768 0.348531695011984 -0.706952047052938 0.561832424352016 0.435088307459154 0.703592560832663 0 0 0 0 0 0
13.3131565746452 12.4099643606208 5.78695896719514 0.174364575951438 0.769128614431623 -0.61484808620973 0.561832424352016 0.435088307459154 0.703592560832663 0 0 0 0 0 0
13.8365189580071 12.5025103617785 5.86577619545007 -0.332937046618091 0.897520714084003 -0.289153057703638 0.561832424352016 0.435088307459154 0.703592560832663 0 0 0 0 0 0
14.2839883311166 12.7996462379521 5.87868097510324 -0.713750318766832 0.684929688709754 0.146396051805384 0.561832424352016 0.435088307459154 0.703592560832663 0 0 0 0 0 0
14.568758296605 13.2529118582185 5.92495673937181 -0.823397911547098 0.212122423180952 0.526326853622081 0.561832424352016 0.435088307459154 0.703592560832663 0 0 0 0 0 0
14.665834682248 13.7545307915234 6.09120872648443 -0.620222871251675 -0.341273697412083 0.706297284032025 0.561832424352016 0.435088307459154 0.703592560832663 0 0 0 0 0 0
14.6215312448738 14.178356374765 6.41846120171583 -0.181414792594319 -0.765014234566324 0.617933567577343 0.561832424352016 0.435088307459154 0.703592560832663 0 0 0 0 0 0
14.5358742998195 14.4277969391661 6.88657165311979 0.326315798863203 -0.898113073652896 0.294806557501723 0.561832424352016 0.435088307459154 0.703592560832663 0 0 0 0 0 0
14.5246010513836 14.4725126001688 7.42188326858236 0.710073562623378 -0.690003740408893 -0.140322392671596 0.561832424352016 0.435088307459154 0.703592560832663 0 0 0 0 0 0
14.6751890938902 14.3599418868343 7.9252083902202 0.82406250814606 -0.219750449936213 -0.52214051980368 0.561832424352016 0.435088307459154 0.703592560832663 0 0 0 0 0 0
15.0136222110579 14.1972790515223 8.30951156393961 0.624976329233645 0.333989710498829 -0.705588733738391 0.561832424352016 0.435088307459154 0.703592560832663 0 0 0 0 0 0
15.4945187021393 14.1107491812276 8.53297576360198 0.188451193798368 0.76084159590519 -0.620971990911357 0.561832424352016 0.435088307459154 0.703592560832663 0 0 0 0 0 0
16.0183726487767 14.1976531766594 8.61488937839719 -0.319669700896848 0.898637038434045 -0.300437606639064 0.561832424352016 0.435088307459154 0.703592560832663 0 0 0 0 0 0
16.4693578770362 14.4894015132779 8.62831823130574 -0.706342731628968 0.695025245651742 0.134238047444325 0.561832424352016 0.435088307459154 0.703592560832663 0 0 0 0 0 0
16.7593322573957 14.9395808765116 8.67234665135304 -0.824664349194539 0.227361741843913 0.517914422963147 0.561832424352016 0.435088307459154 0.703592560832663 0 0 0 0 0 0
16.8613243734083 15.4415873559527 8.83443368041098 -0.62968219284845 -0.326680288976028 0.704826450130886 0.561832424352016 0.435088307459154 0.703592560832663 0 0 0 0 0 0
16.8197804137481 15.8691270532427 9.15718592095366 -0.195473243714391 -0.756611016210809 0.623963124824073 0.561832424352016 0.435088307459154 0.703592560832663 0 0 0 0 0 0
2.34322029407037 4.06709616672133 8.80002897735026 -0.345881632444786 -0.497103400521825 0.795772646882869 0.416809526026374 0.678437966899711 0.604972515146479 0 0 0 0 0 0
2.17050681405958 4.46518214071153 9.1168612882865 0.212735619089101 -0.719863492159437 0.660711819953902 0.416809526026374 0.678437966899711 0.604972515146479 0 0 0 0 0 0
2.0462864251139 4.69917520901345 9.58430287937055 0.690531052181161 -0.669135407649914 0.274635526111903 0.416809526026374 0.678437966899711 0.604972515146479 0 0 0 0 0 0
2.0794726112405 4.7806388400872 10.1143476472732 0.905982193486078 -0.364191594426769 -0.215779395761141 0.416809526026374 0.678437966899711 0.604972515146479 0 0 0 0 0 0
2.31917746687903 4.77908498575206 10.5952054951227 0.777235552271125 0.0791146944778543 -0.624216117545418 0.416809526026374 0.678437966899711 0.604972515146479 0 0 0 0 0 0
2.7360531911135 4.7955653285125 10.9337732593366 0.353204130062915 0.492363988223187 -0.795502699937252 0.416809526026374 0.678437966899711 0.604972515146479 0 0 0 0 0 0
3.23344180790941 4.92428005788066 11.0910061580693 -0.205015446414337 0.718555970955636 -0.664564506527044 0.416809526026374 0.678437966899711 0.604972515146479 0 0 0 0 0 0
3.68409714724434 5.21678964343756 11.0967515566287 -0.685346227123309 0.671756526706863 -0.281147146161184 0.416809526026374 0.678437966899711 0.604972515146479 0 0 0 0 0 0
3.97852779254207 5.66242615039414 11.0384094543743 -0.905302517770267 0.369745546791959 0.209082715560926 0.416809526026374 0.678437966899711 0.604972515146479 0 0 0 0 0 0
4.06659470042868 6.19234616637601 11.0277277637108 -0.781319246065364 -0.0727379481650901 0.619878557964852 0.416809526026374 0.678437966899711 0.604972515146479 0 0 0 0 0 0
3.97655986159044 6.70568556478494 11.1583474098399 -0.360499729819053 -0.487587080500581 0.79517217238112 0.416809526026374 0.678437966899711 0.604972515146479 0 0 0 0 0 0
3.80434909799681 7.10787947285181 11.4702265776834 0.19727966101958 -0.717193728932644 0.668366583940048 0.416809526026374 0.678437966899711 0.604972515146479 0 0 0 0 0 0
3.67710823934001 7.34658904784196 11.9344599293662 0.680109210296835 -0.674326488903492 0.287637355766779 0.416809526026374 0.678437966899711 0.604972515146479 0 0 0 0 0 0
3.70489829657004 7.43158587846884 12.4642602253466 0.904553899762707 -0.375271341602233 -0.202370112902423 0.416809526026374 0.678437966899711 0.604972515146479 0 0 0 0 0 0
3.93888144371281 7.43103959496956 12.9479302477233 0.785343439374015 0.0663556625759569 -0.615493792232138 0.416809526026374 0.678437966899711 0.604972515146479 0 0 0 0 0 0
4.35188365257175 7.44561908684236 13.2912984407941 0.367767876125035 0.482773041134025 -0.794781089385427 0.416809526026374 0.678437966899711 0.604972515146479 0 0 0 0 0 0
4.84871856036522 7.57024670863213 13.4534962595317 -0.189528852014836 0.715776869830465 -0.672117762649998 0.416809526026374 0.678437966899711 0.604972515146479 0 0 0 0 0 0
5.30235036037838 7.8580356904217 13.462484813125 -0.674820400520847 0.67684509852723 -0.294105660674099 0.416809526026374 0.678437966899711 0.604972515146479 0 0 0 0 0 0
5.60215682885956 8.30011153371752 13.4044319721136 -0.903736396473557 0.380768558046922 0.195642098976315 0.416809526026374 0.678437966899711 0.604972515146479 0 0 0 0 0 0
5.69595655732848 8.82898358180104 13.3909757537198 -0.789307825739177 -0.059968323746212 0.611062154264165 0.416809526026374 0.678437966899711 0.604972515146479 0 0 0 0 0 0
6.28532540550746 0.355455851888647 2.34985440284063 0.102920246466489 -0.236058152801314 0.966273238459655 0.490992412895205 0.856892600917871 0.157039870642937 0 0 0 0 0 0
6.18407695342279 0.8237662296222 2.5929988931666 0.59061867443653 -0.459933937900922 0.663046268501518 0.490992412895205 0.856892600917871 0.157039870642937 0 0 0 0 0 0
6.21746004675977 1.1872346517394 2.98728480126027 0.853931193370488 -0.509073130306602 0.107916935597212 0.490992412895205 0.856892600917871 0.157039870642937 0 0 0 0 0 0
6.44549678249454 1.43465983778519 3.40617037821894 0.792820974974802 -0.36480692925995 -0.48821184541542 0.490992412895205 0.856892600917871 0.157039870642937 0 0 0 0 0 0
6.85425708442096 1.59892727282752 3.71376804965355 0.430504812926361 -0.0819444765408452 -0.898860783887965 0.490992412895205 0.856892600917871 0.157039870642937 0 0 0 0 0 0
7.3611509719998 1.74451546186397 3.81647037711821 -0.0953673252094425 0.232050052854713 -0.968017482410582 0.490992412895205 0.856892600917871 0.157039870642937 0 0 0 0 0 0
7.84630587479641 1.94299946775012 3.69851308900866 -0.58500782204153 0.457884887500777 -0.66940815497619 0.490992412895205 0.856892600917871 0.157039870642937 0 0 0 0 0 0
8.19810822615135 2.24585834814944 3.42796419090933 -0.852394066470844 0.509761597958223 -0.116479477558831 0.490992412895205 0.856892600917871 0.157039870642937 0 0 0 0 0 0
8.35560732323365 2.66491740084301 3.13086379223543 -0.79594155377908 0.367971354591921 0.48070170081614 0.490992412895205 0.856892600917871 0.157039870642937 0 0 0 0 0 0
8.33167151808767 3.16785553539405 2.94333936138787 -0.437097537373521 0.0863826414631802 0.895256266147212 0.490992412895205 0.856892600917871 0.157039870642937 0 0 0 0 0 0
8.2080993155441 3.69048459578465 2.95988862457785 0.0878071413613522 -0.22802428139817 0.969688008082391 0.490992412895205 0.856892600917871 0.157039870642937 0 0 0 0 0 0
8.10454275363671 4.16113551405574 3.19747829972149 0.579352419035932 -0.455800967393675 0.675719063428141 0.490992412895205 0.856892600917871 0.157039870642937 0 0 0 0 0 0
8.13304959387791 4.52788658746764 3.5890981566351 0.850792026462861 -0.510411245290537 0.125033149157266 0.490992412895205 0.856892600917871 0.157039870642937 0 0 0 0 0 0
8.35549450332153 4.77828940145546 4.00921932383328 0.799001518552426 -0.371107757480581 -0.473154948921231 0.490992412895205 0.856892600917871 0.157039870642937 0 0 0 0 0 0
8.76007183405979 4.94409819044865 4.32148480553703 0.443656975150917 -0.0908142280129238 -0.891583571175667 0.490992412895205 0.856892600917871 0.157039870642937 0 0 0 0 0 0
9.26578078624339 5.08920587330883 4.43051378413756 -0.0802402706594879 0.223981145009766 -0.971284688258086 0.490992412895205 0.856892600917871 0.157039870642937 0 0 0 0 0 0
9.75319896620539 5.28537006522155 4.31813838748815 -0.57365289610057 0.453682336278201 -0.68197851325726 0.490992412895205 0.856892600917871 0.157039870642937 0 0 0 0 0 0
10.1098529504513 5.58495115996403 4.05030596728327 -0.849125195348087 0.511022022830384 -0.133577298997306 0.490992412895205 0.856892600917871 0.157039870642937 0 0 0 0 0 0
10.2729488196998 6.00101974089003 3.75202459756893 -0.802000636266673 0.374215899076706 0.465572164445067 0.490992412895205 0.856892600917871 0.157039870642937 0 0 0 0 0 0
10.2532286186763 6.50239084778528 3.55987041738909 -0.450182626731969 0.0952388987076027 0.88784297866327 0.490992412895205 0.856892600917871 0.157039870642937 0 0 0 0 0 0
5.14402153174291 0.912593799891904 9.61731961430421 -0.217178537792298 0.693836616401421 0.686603402600822 0.9733100176512 0.100478917398486 0.206328855709155 0 0 0 0 0 0
5.52472320930702 1.28171790305024 9.5307243991605 -0.21941451472137 0.143901360680252 0.964960967668619 0.9733100176512 0.100478917398486 0.206328855709155 0 0 0 0 0 0
5.8554093413365 1.68364432590351 9.66409206695939 -0.138291249092736 -0.460704427865794 0.87671372783208 0.9733100176512 0.100478917398486 0.206328855709155 0 0 0 0 0 0
6.15457197878396 1.98055315992868 9.99730665660345 -0.00462882582738551 -0.890280901698352 0.455388284920275 0.9733100176512 0.100478917398486 0.206328855709155 0 0 0 0 0 0
6.45267947523842 2.07452243439898 10.4343270201239 0.130792165759629 -0.981624776272796 -0.138946781118846 0.9733100176512 0.100478917398486 0.206328855709155 0 0 0 0 0 0
6.78060104999317 1.94473031023103 10.8396744605163 0.216523026846163 -0.700032986450155 -0.68049364194462 0.9733100176512 0.100478917398486 0.206328855709155 0 0 0 0 0 0
7.1578790555304 1.6553656447752 11.0899033538157 0.21999316996188 -0.15248696114771 -0.963509590948663 0.9733100176512 0.100478917398486 0.206328855709155 0 0 0 0 0 0
7.58530451108254 1.33124157172774 11.1205002055415 0.139884229719422 0.452991410140784 -0.880472137330006 0.9733100176512 0.100478917398486 0.206328855709155 0 0 0 0 0 0
8.04461658120069 1.11037690487527 10.9503934058588 0.00663093186695384 0.8863707711043 -0.462928598030565 0.9733100176512 0.100478917398486 0.206328855709155 0 0 0 0 0 0
8.50544017244655 1.09156048318572 10.674762017689 -0.129141567865039 0.983003056796281 0.130489255414103 0.9733100176512 0.100478917398486 0.206328855709155 0 0 0 0 0 0
8.93682593923413 1.29681963922311 10.4288756593966 -0.21585102683323 0.706176046276683 0.674332059062946 0.9733100176512 0.100478917398486 0.206328855709155 0 0 0 0 0 0
9.31900845766331 1.66305164722914 10.3367033151856 -0.220555071870759 0.1610609491427 0.961984839242977 0.9733100176512 0.100478917398486 0.206328855709155 0 0 0 0 0 0
9.65091544051978 2.06599750366004 10.4638154453489 -0.141466557620431 -0.445243895366064 0.884163495465787 0.9733100176512 0.100478917398486 0.206328855709155 0 0 0 0 0 0
9.95057511711542 2.36745000013262 10.7924726721238 -0.0086325329353878 -0.882393139944305 0.470433657335814 0.9733100176512 0.100478917398486 0.206328855709155 0 0 0 0 0 0
10.2482670075568 2.46776095259035 11.2283652658907 0.127481135340063 -0.98430647783114 -0.122021792447352 0.9733100176512 0.100478917398486 0.206328855709155 0 0 0 0 0 0
10.5750182268102 2.34369921245524 11.6364429882298 0.215162588928902 -0.712265328063215 -0.668119123184192 0.9733100176512 0.100478917398486 0.206328855709155 0 0 0 0 0 0
10.95081576498 2.05727656837665 11.8922229354166 0.221100177657002 -0.16962267172284 -0.960386828667307 0.9733100176512 0.100478917398486 0.206328855709155 0 0 0 0 0 0
11.3770130956036 1.73218843094165 11.9290826747901 0.143038112295367 0.437462473544879 -0.887787521128211 0.9733100176512 0.100478917398486 0.206328855709155 0 0 0 0 0 0
11.8358159684257 1.50681987811599 11.7635712207882 0.0106334766030165 0.878348311130379 -0.477902891296698 0.9733100176512 0.100478917398486 0.206328855709155 0 0 0 0 0 0
12.297042742574 1.48167085044977 11.4891217876779 -0.125810994633068 0.985534940116814 0.113545037048678 0.9733100176512 0.100478917398486 0.206328855709155 0 0 0 0 0 0
1.89011807186276 8.61424501014944 1.1481121599317 0.250122971239292 0.768647366413694 -0.588744193486204 0.256699929549963 0.533665717733975 0.805795289068213 0 0 0 0 0 0
2.34712797124923 8.78577412400427 1.37262233137456 -0.344806698649585 0.829437299704248 -0.439479358361346 0.256699929549963 0.533665717733975 0.805795289068213 0 0 0 0 0 0
2.72553917282917 9.14637349642497 1.49695316925073 -0.808738538860909 0.575110135385026 -0.123248967291978 0.256699929549963 0.533665717733975 0.805795289068213 0 0 0 0 0 0
2.91959839902877 9.63806924230255 1.59318940115465 -0.965417086771669 0.102289015304332 0.239805767064458 0.256699929549963 0.533665717733975 0.805795289068213 0 0 0 0 0 0
2.89359076992188 10.1530817724373 1.74408936520641 -0.755317542504939 -0.409393411871613 0.51175428117449 0.256699929549963 0.533665717733975 0.805795289068213 0 0 0 0 0 0
2.69540848323488 10.5747730614543 2.01164373375427 -0.258260235604707 -0.765540437184697 0.589278787791028 0.256699929549963 0.533665717733975 0.805795289068213 0 0 0 0 0 0
2.43835576771562 10.8219593837273 2.41352422052078 0.33691445268263 -0.830845851257756 0.442926430709819 0.256699929549963 0.533665717733975 0.805795289068213 0 0 0 0 0 0
2.2581027122864 10.8797543680635 2.91636980110429 0.804089707486577 -0.580499035436135 0.128298917266938 0.256699929549963 0.533665717733975 0.805795289068213 0 0 0 0 0 0
2.26114193097946 10.8052245790066 3.44846112391573 0.965777838753384 -0.109610930626022 -0.23507149988916 0.256699929549963 0.533665717733975 0.805795289068213 0 0 0 0 0 0
2.48433023840459 10.7057089748645 3.9269678909309 0.760550822133397 0.402920199325948 -0.509134324051475 0.256699929549963 0.533665717733975 0.805795289068213 0 0 0 0 0 0
2.8808861296658 10.6980390428368 4.2894174727586 0.266377832453287 0.762375209087498 -0.589768506234677 0.256699929549963 0.533665717733975 0.805795289068213 0 0 0 0 0 0
3.33816285621633 10.8641525637087 4.51742930503302 -0.328996549375685 0.832191130682939 -0.446339772495733 0.256699929549963 0.533665717733975 0.805795289068213 0 0 0 0 0 0
3.72044480898478 11.2199640790047 4.64369797212293 -0.799379641567859 0.585843728238202 -0.133339096782618 0.256699929549963 0.533665717733975 0.805795289068213 0 0 0 0 0 0
3.92050814730532 11.7093186905862 4.73957198790572 -0.966065043013518 0.116924498650969 0.230319331109028 0.256699929549963 0.533665717733975 0.805795289068213 0 0 0 0 0 0
3.90035692867364 12.2253262453142 4.88794730246183 -0.765726182872157 -0.396416302847136 0.506475594378489 0.256699929549963 0.533665717733975 0.805795289068213 0 0 0 0 0 0
3.70565840256265 12.650970691335 5.15177374469279 -0.274475143598602 -0.759151923166472 0.590213311523194 0.256699929549963 0.533665717733975 0.805795289068213 0 0 0 0 0 0
3.44839325883199 12.9035664325832 5.55013932985655 0.321053591707744 -0.833473035531563 0.449719123779898 0.256699929549963 0.533665717733975 0.805795289068213 0 0 0 0 0 0
3.26431229143307 12.9661719691567 6.05101840343637 0.794608699794513 -0.591143806772178 0.138369122009835 0.256699929549963 0.533665717733975 0.805795289068213 0 0 0 0 0 0
3.26136240215471 12.8940262563762 6.58343872273212 0.966278677680352 -0.124229162422652 -0.225549622620115 0.256699929549963 0.533665717733975 0.805795289068213 0 0 0 0 0 0
3.47867576785759 12.7935625021125 7.06444499845469 0.770843230597462 0.389882217732074 -0.503778294628092 0.256699929549963 0.533665717733975 0.805795289068213 0 0 0 0 0 0
7.48663723450089 9.39131472298265 2.66121084541654 0.989072282593888 -0.146244877596657 0.0186669649717212 0.0902082663106485 0.700456460952471 0.707971196447403 0 0 0 0 0 0
7.59349956691401 9.40189185312865 3.18766470697277 0.869568114294681 0.291146422352204 -0.398854679493052 0.0902082663106485 0.700456460952471 0.707971196447403 0 0 0 0 0 0
7.8985799783416 9.47883581941076 3.62319963178857 0.419700480971354 0.617926328740865 -0.664844762723789 0.0902082663106485 0.700456460952471 0.707971196447403 0 0 0 0 0 0
8.2993311276125 9.69663611177243 3.90718317202212 -0.189618382090831 0.709945691663593 -0.678249204984096 0.0902082663106485 0.700456460952471 0.707971196447403 0 0 0 0 0 0
8.65685876071945 10.0762685468873 4.0365597846384 -0.726898051546423 0.532244816664339 -0.43397543454896 0.0902082663106485 0.700456460952471 0.707971196447403 0 0 0 0 0 0
8.84868996010452 10.5772262047079 4.06701168329419 -0.988016998132203 0.152335237155514 -0.0248271408463367 0.0902082663106485 0.700456460952471 0.707971196447403 0 0 0 0 0 0
8.81530265367734 11.1129086846313 4.09180423441287 -0.873771768364259 -0.285449045858036 0.393753398751469 0.0902082663106485 0.700456460952471 0.707971196447403 0 0 0 0 0 0
8.58273904515827 11.5835230455698 4.20635288516641 -0.427566035109814 -0.614786463896575 0.662740438957832 0.0902082663106485 0.700456460952471 0.707971196447403 0 0 0 0 0 0
8.25271174548253 11.9139968127187 4.47197323983355 0.181079183405742 -0.710556225619268 0.679941305974869 0.0902082663106485 0.700456460952471 0.707971196447403 0 0 0 0 0 0
7.96396145136179 12.08249926588 4.89258623659205 0.720929392662959 -0.536373797362634 0.438821102839648 0.0902082663106485 0.700456460952471 0.707971196447403 0 0 0 0 0 0
7.83954703498266 12.1287352950555 5.41322851755037 0.986886472350847 -0.158413995796271 0.0309854260380546 0.0902082663106485 0.700456460952471 0.707971196447403 0 0 0 0 0 0
7.94009342102832 12.1388608489047 5.94093392734902 0.877908881330731 0.279729931313865 -0.388622132164093 0.0902082663106485 0.700456460952471 0.707971196447403 0 0 0 0 0 0
8.24075916419677 12.2127508493987 6.38005290989285 0.435399028439311 0.611599780682817 -0.660585644941544 0.0902082663106485 0.700456460952471 0.707971196447403 0 0 0 0 0 0
8.6406741295978 12.4260550391433 6.6685913738869 -0.172526194839761 0.711112647967331 -0.681581626802692 0.0902082663106485 0.700456460952471 0.707971196447403 0 0 0 0 0 0
9.00126174345657 12.8014573793672 6.80176328460529 -0.714905832215053 0.540461931119605 -0.44363335320439 0.0902082663106485 0.700456460952471 0.707971196447403 0 0 0 0 0 0
9.19888655036737 13.3000580337956 6.83380895850178 -0.985680791343735 0.164480690597924 -0.0371413515696146 0.0902082663106485 0.700456460952471 0.707971196447403 0 0 0 0 0 0
9.17182538987688 13.8361520668211 6.85738826013933 -0.881979138136927 -0.273989514252405 0.38346127049674 0.0902082663106485 0.700456460952471 0.707971196447403 0 0 0 0 0 0
8.94371705709657 14.3097901814516 6.96837757045224 -0.443198864447076 -0.608366521777854 0.658380544770832 0.0902082663106485 0.700456460952471 0.707971196447403 0 0 0 0 0 0
8.61458152922027 14.6447511283007 7.22944474666163 0.16396006773608 -0.711614916334067 0.683170042550783 0.0902082663106485 0.700456460952471 0.707971196447403 0 0 0 0 0 0
8.32282070394342 14.8174994325804 7.64624055556645 0.708827828920153 -0.544508906608037 0.448411819171689 0.0902082663106485 0.700456460952471 0.707971196447403 0 0 0 0 0 0
9.37196220941276 2.75143174099492 0.919071182937873 0.997622231431373 -0.00493237505337553 -0.0687426725565726 0.0212029530129051 0.97102542266549 0.238033744080201 0 0 0 0 0 0
9.51700179995733 3.04527969895773 1.34486690496207 0.76966311969627 0.136103763578968 -0.623774356413476 0.0212029530129051 0.97102542266549 0.238033744080201 0 0 0 0 0 0
9.83748612285414 3.37015251411088 1.62847324281473 0.249296120707418 0.225431806894084 -0.941823733317812 0.0212029530129051 0.97102542266549 0.238033744080201 0 0 0 0 0 0
10.2147975043103 3.74641251673876 1.69739083102307 -0.36578264254705 0.229114537751319 -0.902058527481613 0.0212029530129051 0.97102542266549 0.238033744080201 0 0 0 0 0 0
10.5087287208885 4.17489918545615 1.56068414950866 -0.84189446433824 0.145752825126033 -0.519586205440838 0.0212029530129051 0.97102542266549 0.238033744080201 0 0 0 0 0 0
10.6107500678306 4.63661021524714 1.30553777611521 -0.998156503402514 0.00701717737808385 0.0602856030650075 0.0212029530129051 0.97102542266549 0.238033744080201 0 0 0 0 0 0
10.485241608415 5.09992081084226 1.06413350783732 -0.775202198537385 -0.134384413376749 0.617253903044924 0.0212029530129051 0.97102542266549 0.238033744080201 0 0 0 0 0 0
10.1830257834511 5.53259847517974 0.963432286180439 -0.257735617758308 -0.224731118702179 0.939717125323153 0.0212029530129051 0.97102542266549 0.238033744080201 0 0 0 0 0 0
9.82205911630948 5.91404867393788 1.07693961280921 0.357649033316884 -0.229698714728715 0.905166100458626 0.0212029530129051 0.97102542266549 0.238033744080201 0 0 0 0 0 0
9.54261855756589 6.24313904344613 1.39677958051862 0.837156837062032 -0.1473999286721 0.526727340459705 0.0212029530129051 0.97102542266549 0.238033744080201 0 0 0 0 0 0
9.45400792617177 6.53862959457563 1.83668706205932 0.9986147618914 -0.00910144531756676 -0.0518239425913636 0.0212029530129051 0.97102542266549 0.238033744080201 0 0 0 0 0 0
9.59303156117226 6.83204547095861 2.26478127425567 0.780682242729764 0.132654829281161 -0.610686443401859 0.0212029530129051 0.97102542266549 0.238033744080201 0 0 0 0 0 0
9.9100117379672 7.15570001985022 2.5536694924633 0.266155487244042 0.224013316365504 -0.937538954231138 0.0212029530129051 0.97102542266549 0.238033744080201 0 0 0 0 0 0
10.287662066454 7.53041841125594 2.62884567655423 -0.349488187728137 0.230265399259671 -0.908204741532595 0.0212029530129051 0.97102542266549 0.238033744080201 0 0 0 0 0 0
10.5856465515515 7.95762580766821 2.4969965612361 -0.832355457051498 0.149035807142916 -0.533828363152289 0.0212029530129051 0.97102542266549 0.238033744080201 0 0 0 0 0 0
10.6938955840241 8.41880592100813 2.24346125374048 -0.998996971999875 0.0111850201467511 0.0433583355238468 0.0212029530129051 0.97102542266549 0.238033744080201 0 0 0 0 0 0
10.5744232252957 8.88253566004244 1.99980948019179 -0.786102834946825 -0.130915143006729 0.604072477621761 0.0212029530129051 0.97102542266549 0.238033744080201 0 0 0 0 0 0
10.2757587006065 9.31642328810911 1.89385604692415 -0.274555087958959 -0.223278454547485 0.935289385917928 0.0212029530129051 0.97102542266549 0.238033744080201 0 0 0 0 0 0
9.91450933497816 9.69941458543622 2.00110185860542 0.341300727260795 -0.230814548188964 0.911174219299239 0.0212029530129051 0.97102542266549 0.238033744080201 0 0 0 0 0 0
9.63105948086795 10.0297916992411 2.31604986224609 0.827490689950314 -0.150660335960003 0.540888732748217 0.0212029530129051 0.97102542266549 0.238033744080201 0 0 0 0 0 0
9.58431337599239 11.1655861369553 7.8876098054182 -0.233791143599001 0.648552711880818 0.724376339402874 0.959246480071097 0.0322455279768351 0.280724805453144 0 0 0 0 0 0
9.98738248974781 11.5196299826672 7.85805736104661 -0.282441921781015 0.0794264841101122 0.955990582821062 0.959246480071097 0.0322455279768351 0.280724805453144 0 0 0 0 0 0
10.3260689585462 11.8917790979311 8.04642300010936 -0.223788291701312 -0.519875192914023 0.824408020515336 0.959246480071097 0.0322455279768351 0.280724805453144 0 0 0 0 0 0
10.6137428792098 12.1454226466123 8.42271247338862 -0.0801137480635719 -0.921667592300413 0.379619067848767 0.959246480071097 0.0322455279768351 0.280724805453144 0 0 0 0 0 0
10.8831548684815 12.1889720386284 8.88553612512874 0.0939973478939585 -0.973303063911483 -0.209393515585898 0.959246480071097 0.0322455279768351 0.280724805453144 0 0 0 0 0 0
11.1739935561632 12.0106569666009 9.30062851840248 0.232397279834724 -0.655164428783142 -0.718854001576593 0.959246480071097 0.0322455279768351 0.280724805453144 0 0 0 0 0 0
11.5178072110957 11.6829971424174 9.55185811939806 0.282505599690963 -0.0881178733949749 -0.955209833770359 0.959246480071097 0.0322455279768351 0.280724805453144 0 0 0 0 0 0
11.9260180263668 11.3352508462209 9.58534760872996 0.225285318982858 0.512406135348221 -0.828665479858002 0.959246480071097 0.0322455279768351 0.280724805453144 0 0 0 0 0 0
12.3855826371886 11.1043075446999 9.42994277585424 0.0824753790234942 0.918258486298902 -0.387297255599598 0.959246480071097 0.0322455279768351 0.280724805453144 0 0 0 0 0 0
12.8639475132539 11.0826812940238 9.18625352137826 -0.0916683363416979 0.975249085841451 0.201211671325895 0.959246480071097 0.0322455279768351 0.280724805453144 0 0 0 0 0 0
13.3214165891658 11.2833631031516 8.98843047371215 -0.230985718117826 0.661726252377642 0.713276920234935 0.959246480071097 0.0322455279768351 0.280724805453144 0 0 0 0 0 0
13.7262324633648 11.63488543233 8.95319892245689 -0.28254776370573 0.0968025521626165 0.954356341792569 0.959246480071097 0.0322455279768351 0.280724805453144 0 0 0 0 0 0
14.0666415659366 12.0084739063198 9.13551292934211 -0.226765189915136 -0.504898056071351 0.832859833116068 0.959246480071097 0.0322455279768351 0.280724805453144 0 0 0 0 0 0
14.3553595363322 12.2669708525415 9.50767736139211 -0.0848307291639877 -0.914779451358477 0.394945949164933 0.959246480071097 0.0322455279768351 0.280724805453144 0 0 0 0 0 0
14.6247403393455 12.3169437940425 9.96986973498125 0.0893323438907166 -0.977120838777701 -0.193014504018098 0.959246480071097 0.0322455279768351 0.280724805453144 0 0 0 0 0 0
14.9144844529597 12.144182009599 10.3880644463063 0.229556565944196 -0.668237682956046 -0.707645520094237 0.959246480071097 0.0322455279768351 0.280724805453144 0 0 0 0 0 0
15.2565559930038 11.8190954242994 10.6449513390597 0.282568410614363 -0.105479859041124 -0.953430171884411 0.959246480071097 0.0322455279768351 0.280724805453144 0 0 0 0 0 0
15.6630390111385 11.4699647018126 10.6845037941323 0.228227791800244 0.497351526852718 -0.836990760873293 0.959246480071097 0.0322455279768351 0.280724805453144 0 0 0 0 0 0
16.1215465615952 11.234205275521 10.533264178928 0.0871796191160197 0.911230752421119 -0.402564566067144 0.959246480071097 0.0322455279768351 0.280724805453144 0 0 0 0 0 0
16.5999267089726 11.2061609279157 10.2902599582219 -0.0869895484358836 0.978918180179002 0.184802637908534 0.959246480071097 0.0322455279768351 0.280724805453144 0 0 0 0 0 0
