t = 0
b =  13.0 13.0 13.0
E = 0. 0. 0.
6.320930361721897 8.327238893133575 4.089247373122962 0.8635864049209547 -0.1372724046961929 -0.48515441680420207 0.4337889471846739 0.6927337111730504 0.5761485526362321 0.0 0.0 0.0 0.0 0.0 0.0
6.678848792811826 8.332501106454506 4.489936539329697 0.548847050735523 0.30396035495529733 -0.7787008523909345 0.4337889471846739 0.6927337111730504 0.5761485526362321 0.0 0.0 0.0 0.0 0.0 0.0
7.161876926386416 8.407051092251622 4.71312082173206 0.02559152574232538 0.6297134938131437 -0.7764058149703824 0.4337889471846739 0.6927337111730504 0.5761485526362321 0.0 0.0 0.0 0.0 0.0 0.0
7.650738649059207 8.62514428877741 4.759323374182282 -0.5073866477478749 0.7162279481232077 -0.47914122762959316 0.4337889471846739 0.6927337111730504 0.5761485526362321 0.0 0.0 0.0 0.0 0.0 0.0
8.023941569412926 9.006501668614026 4.696305668718137 -0.8476001507062891 0.5306354302485554 0.00015712290180592504 0.4337889471846739 0.6927337111730504 0.5761485526362321 0.0 0.0 0.0 0.0 0.0 0.0
8.20393400874337 9.508817411472268 4.633323779424403 -0.8657961852925778 0.14344564067119345 0.47939577981585396 0.4337889471846739 0.6927337111730504 0.5761485526362321 0.0 0.0 0.0 0.0 0.0 0.0
8.186568180394056 10.043831592635032 4.679620173223903 -0.5550617737459352 -0.29824154608037207 0.7765039649078459 0.4337889471846739 0.6927337111730504 0.5761485526362321 0.0 0.0 0.0 0.0 0.0 0.0
8.04267600325431 10.510861603984592 4.9029206702568775 -0.033450114215243576 -0.6266217831432637 0.7786053112773785 0.4337889471846739 0.6927337111730504 0.5761485526362321 0.0 0.0 0.0 0.0 0.0 0.0
7.8911588715266925 10.835053160149963 5.303704272494382 0.5008698029619049 -0.7169379282325062 0.4849014823060287 0.4337889471846739 0.6927337111730504 0.5761485526362321 0.0 0.0 0.0 0.0 0.0 0.0
7.85381502714413 10.995818693016249 5.815021182880994 0.8449009078972916 -0.534877367823276 0.006975473086168608 0.4337889471846739 0.6927337111730504 0.5761485526362321 0.0 0.0 0.0 0.0 0.0 0.0
8.0090663713016 11.03465891305728 6.32792815257708 0.8679400319326238 -0.1496079527052857 -0.4736006349828177 0.4337889471846739 0.6927337111730504 0.5761485526362321 0.0 0.0 0.0 0.0 0.0 0.0
8.362164673047884 11.03939599557172 6.732877842626968 0.5612342266532669 0.2925000249570224 -0.7742479436414733 0.4337889471846739 0.6927337111730504 0.5761485526362321 0.0 0.0 0.0 0.0 0.0 0.0
8.84319633441904 11.11080846797864 6.961337689562036 0.041306155332456095 0.623482352798531 -0.7807455137754289 0.4337889471846739 0.6927337111730504 0.5761485526362321 0.0 0.0 0.0 0.0 0.0 0.0
9.333643735197931 11.324343762323885 7.011826572065803 -0.4943148150012438 0.7175933107428306 -0.4906248098572153 0.4337889471846739 0.6927337111730504 0.5761485526362321 0.0 0.0 0.0 0.0 0.0 0.0
9.71141205834365 11.701454474432063 6.950477513725086 -0.8421373226129916 0.5390785724155736 -0.014107537864862097 0.4337889471846739 0.6927337111730504 0.5761485526362321 0.0 0.0 0.0 0.0 0.0 0.0
9.897215152301849 12.201448164084505 6.885912641684179 -0.8700177815788727 0.1557588715145474 0.467769423627807 0.4337889471846739 0.6927337111730504 0.5761485526362321 0.0 0.0 0.0 0.0 0.0 0.0
9.884697665573995 12.736947093399646 6.927975824477617 -0.5673639394013331 -0.2867362288243138 0.7719329603965684 0.4337889471846739 0.6927337111730504 0.5761485526362321 0.0 0.0 0.0 0.0 0.0 0.0
9.742849551007476 13.207084490332118 7.146001149882358 -0.04915905082601757 -0.6202954418587241 0.7828262594798249 0.4337889471846739 0.6927337111730504 0.5761485526362321 0.0 0.0 0.0 0.0 0.0 0.0
9.589795629258372 13.53582552177527 7.542471745767188 0.4877221830536019 -0.7181940457442677 0.49631077442959887 0.4337889471846739 0.6927337111730504 0.5761485526362321 0.0 0.0 0.0 0.0 0.0 0.0
9.54791799448254 13.700854197893007 8.052076398299686 0.8393096053111064 -0.5432387240874554 0.021238528299926493 0.4337889471846739 0.6927337111730504 0.5761485526362321 0.0 0.0 0.0 0.0 0.0 0.0
12.316520682558075 11.504958022475845 0.6575513392223793 0.10840809708341932 0.9123209516764544 -0.394864743448843 0.49635118003641576 0.29447761716552356 0.8166507448505591 0.0 0.0 0.0 0.0 0.0 0.0
12.825370549602614 11.623614353547122 0.7827615226094292 -0.41724292619365677 0.9058544612883367 -0.0730481724985093 0.49635118003641576 0.29447761716552356 0.8166507448505591 0.0 0.0 0.0 0.0 0.0 0.0
13.23910987849274 11.948760237571827 0.8913203727769797 -0.784376385880047 0.5552387159778398 0.2765206204843231 0.49635118003641576 0.29447761716552356 0.8166507448505591 0.0 0.0 0.0 0.0 0.0 0.0
13.474050585541073 12.40047280437429 1.0629121070846654 -0.8535121424967793 -0.006321500628923065 0.5210346065669301 0.49635118003641576 0.29447761716552356 0.8166507448505591 0.0 0.0 0.0 0.0 0.0 0.0
13.514433172851467 12.850744384909484 1.3532736963536602 -0.5983843662169472 -0.5654800734569037 0.5675988343806889 0.49635118003641576 0.29447761716552356 0.8166507448505591 0.0 0.0 0.0 0.0 0.0 0.0
13.418414025054517 13.172114764907324 1.7730194577792555 -0.11592036475820851 -0.9098033120559559 0.3985227752667798 0.49635118003641576 0.29447761716552356 0.8166507448505591 0.0 0.0 0.0 0.0 0.0 0.0
13.295970826463494 13.286095451295003 2.283608498366451 0.41058372135731863 -0.9084770613047463 0.07804125088353836 0.49635118003641576 0.29447761716552356 0.8166507448505591 0.0 0.0 0.0 0.0 0.0 0.0
13.267120200074906 13.192988762972996 2.8119870445481197 0.7811001871354525 -0.5620051860373895 -0.2720894494904931 0.49635118003641576 0.29447761716552356 0.8166507448505591 0.0 0.0 0.0 0.0 0.0 0.0
13.416321385921199 12.971772974810246 3.278342792157124 0.8548636325221217 -0.0020181443687972956 -0.5188488189100835 0.49635118003641576 0.29447761716552356 0.8166507448505591 0.0 0.0 0.0 0.0 0.0 0.0
13.76038876369923 12.75009715057513 3.626426935169974 0.6038500913558907 0.5587356240870753 -0.5684888473360824 0.49635118003641576 0.29447761716552356 0.8166507448505591 0.0 0.0 0.0 0.0 0.0 0.0
14.242103788802007 12.655785129431303 3.8449240275450363 0.12342380464841751 0.9072163873907976 -0.4021504580324363 0.49635118003641576 0.29447761716552356 0.8166507448505591 0.0 0.0 0.0 0.0 0.0 0.0
14.751953274057927 12.768273112338813 3.971750910357923 -0.4038932489809596 0.9110304772756255 -0.08302838612516356 0.49635118003641576 0.29447761716552356 0.8166507448505591 0.0 0.0 0.0 0.0 0.0 0.0
15.169735280500118 13.088430521206915 4.079651469941086 -0.777764504587455 0.5687288572261308 0.2676375578316474 0.49635118003641576 0.29447761716552356 0.8166507448505591 0.0 0.0 0.0 0.0 0.0 0.0
15.410225843649203 13.538229690974793 4.248560019253201 -0.8561500213721083 0.010357635677010379 0.516623518906872 0.49635118003641576 0.29447761716552356 0.8166507448505591 0.0 0.0 0.0 0.0 0.0 0.0
15.455556982487717 13.99038988412115 4.53523291595572 -0.6092698309724767 -0.5519486248362399 0.5693355676647572 0.49635118003641576 0.29447761716552356 0.8166507448505591 0.0 0.0 0.0 0.0 0.0 0.0
15.362005044185352 14.316733370868997 4.95168587322159 -0.1309178453380476 -0.9045603746853083 0.40574751548372495 0.49635118003641576 0.29447761716552356 0.8166507448505591 0.0 0.0 0.0 0.0 0.0 0.0
15.238610378918844 14.436882291745297 5.460628989408837 0.39717201856995443 -0.9135145147484621 0.08800919843372801 0.49635118003641576 0.29447761716552356 0.8166507448505591 0.0 0.0 0.0 0.0 0.0 0.0
15.205751087782394 14.348795550240908 5.989633805148267 0.7743695922611957 -0.5754092175104709 -0.2631652845365717 0.49635118003641576 0.29447761716552356 0.8166507448505591 0.0 0.0 0.0 0.0 0.0 0.0
15.349409369567455 14.129544259499731 6.4586500859970775 0.8573712110832479 -0.01869633821116536 -0.5143588760225063 0.49635118003641576 0.29447761716552356 0.8166507448505591 0.0 0.0 0.0 0.0 0.0 0.0
15.688505445896165 13.906031137875038 6.810418244872233 0.6146431723325504 0.5451195925606672 -0.5701389308856819 0.49635118003641576 0.29447761716552356 0.8166507448505591 0.0 0.0 0.0 0.0 0.0 0.0
12.514978419124924 5.0886152353615985 10.191019910111592 -0.6308602222594994 0.6125261084095704 0.4762637362715348 0.7312844339014904 0.6745321395955046 0.10114083935823125 0.0 0.0 0.0 0.0 0.0 0.0
12.636874478754812 5.56631838769012 9.977417122160544 -0.35897447352631484 0.25453347553853933 0.8979699533875155 0.7312844339014904 0.6745321395955046 0.10114083935823125 0.0 0.0 0.0 0.0 0.0 0.0
12.67694229584923 6.102042453776558 9.968506613338846 0.049291679432655264 -0.200160680262354 0.9785223719545812 0.7312844339014904 0.6745321395955046 0.10114083935823125 0.0 0.0 0.0 0.0 0.0 0.0
12.728246152821287 6.592139886499128 10.182650309993445 0.43883109926222735 -0.5788104471234669 0.6873177813944851 0.7312844339014904 0.6745321395955046 0.10114083935823125 0.0 0.0 0.0 0.0 0.0 0.0
12.879581572678006 6.950297459587608 10.553468116543401 0.6616512476173577 -0.7375604479277617 0.1349896743421262 0.7312844339014904 0.6745321395955046 0.10114083935823125 0.0 0.0 0.0 0.0 0.0 0.0
13.18174041524799 7.140328105363581 10.955056823607102 0.6330990247837165 -0.6160989032112135 -0.4686232668998057 0.7312844339014904 0.6745321395955046 0.10114083935823125 0.0 0.0 0.0 0.0 0.0 0.0
13.628214200437911 7.189918986766979 11.249822842235739 0.3640218975835127 -0.26057108454037275 -0.8941983940832997 0.7312844339014904 0.6745321395955046 0.10114083935823125 0.0 0.0 0.0 0.0 0.0 0.0
14.15766678863596 7.1801126812505185 11.340756308797097 -0.0433532346302362 0.19395204566356591 -0.9800526011546591 0.7312844339014904 0.6745321395955046 0.10114083935823125 0.0 0.0 0.0 0.0 0.0 0.0
14.677237005635936 7.214517750645777 11.20828675408785 -0.4342577481805289 0.5747895510146382 -0.6935684394416792 0.7312844339014904 0.6745321395955046 0.10114083935823125 0.0 0.0 0.0 0.0 0.0 0.0
15.097818155274219 7.379946116280602 10.91771825178471 -0.66018048279467 0.7372548959664341 -0.1435860317388781 0.7312844339014904 0.6745321395955046 0.10114083935823125 0.0 0.0 0.0 0.0 0.0 0.0
15.36791114308685 7.713431758648733 10.594419309028753 -0.6352896143660555 0.6196247796960515 0.46094711005195316 0.7312844339014904 0.6745321395955046 0.10114083935823125 0.0 0.0 0.0 0.0 0.0 0.0
15.49318984331532 8.188160889045102 10.37619327451286 -0.36904159996384356 0.2665888500452747 0.890358738109344 0.7312844339014904 0.6745321395955046 0.10114083935823125 0.0 0.0 0.0 0.0 0.0 0.0
15.534345499220125 8.723658956197522 10.360924542364168 0.0374114883111491 -0.18772864086558627 0.9815081955547306 0.7312844339014904 0.6745321395955046 0.10114083935823125 0.0 0.0 0.0 0.0 0.0 0.0
15.584029105062609 9.21636427375774 10.569390634275377 0.42965132669000716 -0.5707248824561133 0.6997662795669501 0.7312844339014904 0.6745321395955046 0.10114083935823125 0.0 0.0 0.0 0.0 0.0 0.0
15.731651744343077 9.578972836404203 10.937368471632052 0.6586594426722228 -0.7368931991903821 0.152171454503397 0.7312844339014904 0.6745321395955046 0.10114083935823125 0.0 0.0 0.0 0.0 0.0 0.0
16.029415824305428 9.773606571108843 11.340033796830856 0.6374318241846346 -0.6231034693549425 -0.45323585029704105 0.7312844339014904 0.6745321395955046 0.10114083935823125 0.0 0.0 0.0 0.0 0.0 0.0
16.472482508647488 9.826203850368044 11.639383995693363 0.3740331983975324 -0.272586313777107 -0.8864512778703177 0.7312844339014904 0.6745321395955046 0.10114083935823125 0.0 0.0 0.0 0.0 0.0 0.0
17.000810072333238 9.816665070824813 11.736667597873101 -0.03146689296238477 0.18149093980478187 -0.9828890443056476 0.7312844339014904 0.6745321395955046 0.10114083935823125 0.0 0.0 0.0 0.0 0.0 0.0
17.521964756778107 9.848497156720702 11.60990161147672 -0.4250121855874975 0.5666167509881362 -0.7059108297807771 0.7312844339014904 0.6745321395955046 0.10114083935823125 0.0 0.0 0.0 0.0 0.0 0.0
17.946237900145274 10.00948954883296 11.322223229220295 -0.6570882430831145 0.7364753851442118 -0.1607452888225 0.7312844339014904 0.6745321395955046 0.10114083935823125 0.0 0.0 0.0 0.0 0.0 0.0
5.82401987407265 12.315595916853617 6.635972954383642 0.500083973095208 0.05287543822075738 -0.8643611559332558 0.6333507342204209 0.6583748975375433 0.40670547298368553 0.0 0.0 0.0 0.0 0.0 0.0
6.335652858375926 12.314072668853095 6.8000292593731535 0.058789983370797855 0.48309765123889353 -0.8735905203370317 0.6333507342204209 0.6583748975375433 0.40670547298368553 0.0 0.0 0.0 0.0 0.0 0.0
6.860687021238406 12.422671545653168 6.7649505777642736 -0.40483930395228396 0.7297829895893712 -0.5509282404101556 0.6333507342204209 0.6583748975375433 0.40670547298368553 0.0 0.0 0.0 0.0 0.0 0.0
7.2934380520266755 12.697624477892791 6.604287786418917 -0.7146633711516827 0.6992115688739291 -0.018959110922485135 0.6333507342204209 0.6583748975375433 0.40670547298368553 0.0 0.0 0.0 0.0 0.0 0.0
7.5632815448740045 13.131962709257952 6.439303265142231 -0.7529748751161799 0.4029979829492611 0.5202129017840682 0.6333507342204209 0.6583748975375433 0.40670547298368553 0.0 0.0 0.0 0.0 0.0 0.0
7.661484391246212 13.658164343516747 6.392901291195745 -0.505218634955475 -0.04632127446479663 0.8617473356069537 0.6333507342204209 0.6583748975375433 0.40670547298368553 0.0 0.0 0.0 0.0 0.0 0.0
7.644522633883592 14.173807041803789 6.542934649515782 -0.0655213885700578 -0.478042305259269 0.8758895489856331 0.6333507342204209 0.6583748975375433 0.40670547298368553 0.0 0.0 0.0 0.0 0.0 0.0
7.612625273934794 14.58047998156536 6.892627058087 0.39906852879232274 -0.7281470718446201 0.5572666786123474 0.6333507342204209 0.6583748975375433 0.40670547298368553 0.0 0.0 0.0 0.0 0.0 0.0
7.671695597680917 14.821171773388768 7.369348423582323 0.7120456399965046 -0.7016165918663692 0.026928880032218796 0.6333507342204209 0.6583748975375433 0.40670547298368553 0.0 0.0 0.0 0.0 0.0 0.0
7.893076747468791 14.901930041019842 7.852208228128308 0.7545047077977676 -0.4085302382342245 -0.5136396502990144 0.6333507342204209 0.6583748975375433 0.40670547298368553 0.0 0.0 0.0 0.0 0.0 0.0
8.28644726913969 14.889563827991 8.217983858226939 0.5103148224606545 0.03976358316444278 -0.8590678898846562 0.6333507342204209 0.6583748975375433 0.40670547298368553 0.0 0.0 0.0 0.0 0.0 0.0
8.796144070647575 14.886261724995657 8.387934935795753 0.07224780406189953 0.4729505545072804 -0.8781218752539365 0.6333507342204209 0.6583748975375433 0.40670547298368553 0.0 0.0 0.0 0.0 0.0 0.0
9.32230976136465 14.990768715781659 8.357718104270289 -0.39326736301883963 0.7264557028812095 -0.5635626787994186 0.6333507342204209 0.6583748975375433 0.40670547298368553 0.0 0.0 0.0 0.0 0.0 0.0
9.758830144307405 15.260871306897394 8.19903714237997 -0.7093736838090462 0.7039681840389168 -0.03489659840348018 0.6333507342204209 0.6583748975375433 0.40670547298368553 0.0 0.0 0.0 0.0 0.0 0.0
10.033648773705414 15.69144346771519 8.032401499785555 -0.755977082024675 0.4140313823598546 0.507027283165952 0.6333507342204209 0.6583748975375433 0.40670547298368553 0.0 0.0 0.0 0.0 0.0 0.0
10.136142403469046 16.216394095169434 7.981342742342456 -0.5153721475163416 -0.03320286371328263 0.8563230228165258 0.6333507342204209 0.6583748975375433 0.40670547298368553 0.0 0.0 0.0 0.0 0.0 0.0
10.12115693599012 16.733776128795505 8.125482844894625 -0.07896871760374549 -0.4678227867394662 0.8802873291416506 0.6333507342204209 0.6583748975375433 0.40670547298368553 0.0 0.0 0.0 0.0 0.0 0.0
10.088170546848666 17.14451794346425 8.470284471822914 0.3874362484130638 -0.7247090115034396 0.5698157615065761 0.6333507342204209 0.6583748975375433 0.40670547298368553 0.0 0.0 0.0 0.0 0.0 0.0
10.143500262723668 17.390062316157785 8.944975619515906 0.7066477060691115 -0.706266166308729 0.0428616592636639 0.6333507342204209 0.6583748975375433 0.40670547298368553 0.0 0.0 0.0 0.0 0.0 0.0
10.359910345431826 17.47461329401855 9.429437083786695 0.7573918856698995 -0.4195009963927331 -0.5003763039422422 0.6333507342204209 0.6583748975375433 0.40670547298368553 0.0 0.0 0.0 0.0 0.0 0.0
11.851366412369723 0.3462418961121026 0.6758924946926912 -0.5127326302918094 0.8257639845637506 0.2349874286668133 0.7253111667468706 0.2701726584034024 0.6331906869526207 0.0 0.0 0.0 0.0 0.0 0.0
12.237247302109852 0.7198481782898597 0.6900129397649841 -0.6847018611767617 0.37859229212991646 0.6227770368606204 0.7253111667468706 0.2701726584034024 0.6331906869526207 0.0 0.0 0.0 0.0 0.0 0.0
12.467050381050564 1.1797545853710547 0.8460954299853628 -0.596541407396018 -0.21241294180964743 0.7739632364742844 0.7253111667468706 0.2701726584034024 0.6331906869526207 0.0 0.0 0.0 0.0 0.0 0.0
12.560871827405153 1.591241455683158 1.1786028643128426 -0.2817448993050671 -0.7227189478007249 0.6311078625761135 0.7253111667468706 0.2701726584034024 0.6331906869526207 0.0 0.0 0.0 0.0 0.0 0.0
12.590469515098034 1.8379845191037019 1.6549713557723846 0.14009120655539373 -0.95845194230587 0.24848406012450547 0.7253111667468706 0.2701726584034024 0.6331906869526207 0.0 0.0 0.0 0.0 0.0 0.0
12.652000997733195 1.8662484321178894 2.1879817965558694 0.508704320845391 -0.830053019467088 -0.22854299120034102 0.7253111667468706 0.2701726584034024 0.6331906869526207 0.0 0.0 0.0 0.0 0.0 0.0
12.829491646311467 1.7053017332268987 2.6688958553041213 0.6840521585635363 -0.3863030767863424 -0.6187427391331322 0.7253111667468706 0.2701726584034024 0.6331906869526207 0.0 0.0 0.0 0.0 0.0 0.0
13.162912005958027 1.4562972358274178 3.0087674871982077 0.5995171445011984 0.2042098634085537 -0.7738717756423141 0.7253111667468706 0.2701726584034024 0.6331906869526207 0.0 0.0 0.0 0.0 0.0 0.0
13.632992317557472 1.253842383217389 3.1722350234847188 0.28721554385072395 0.7171400622876959 -0.6349939861388701 0.7253111667468706 0.2701726584034024 0.6331906869526207 0.0 0.0 0.0 0.0 0.0 0.0
14.168543421414938 1.214859630370685 3.1909556606507596 -0.13420404389645463 0.9576167615612973 -0.2548713647679768 0.7253111667468706 0.2701726584034024 0.6331906869526207 0.0 0.0 0.0 0.0 0.0 0.0
14.67350270924347 1.394165648453333 3.1515783621984017 -0.5046372715954114 0.834278842619312 0.22208114930024853 0.7253111667468706 0.2701726584034024 0.6331906869526207 0.0 0.0 0.0 0.0 0.0 0.0
15.063429915133394 1.7636455549616739 3.1628244687168285 -0.6833503627300208 0.39398444296783786 0.6146613217504988 0.7253111667468706 0.2701726584034024 0.6331906869526207 0.0 0.0 0.0 0.0 0.0 0.0
15.29758738433736 2.2229342276412716 3.314182642868628 -0.6024472260547002 -0.19599123363573082 0.773721381478462 0.7253111667468706 0.2701726584034024 0.6331906869526207 0.0 0.0 0.0 0.0 0.0 0.0
15.39441698940613 2.637546692446732 3.6419106302736206 -0.2926643158207166 -0.7115065637824031 0.638831752451103 0.7253111667468706 0.2701726584034024 0.6331906869526207 0.0 0.0 0.0 0.0 0.0 0.0
15.42453375447487 2.889971213650407 4.115260335750712 0.1283066610799805 -0.9567086545927675 0.26123925997024633 0.7253111667468706 0.2701726584034024 0.6331906869526207 0.0 0.0 0.0 0.0 0.0 0.0
15.483898026973966 2.9243139669367806 4.648159538757926 0.5005317922634169 -0.8384411322076287 -0.21560239506081477 0.7253111667468706 0.2701726584034024 0.6331906869526207 0.0 0.0 0.0 0.0 0.0 0.0
15.657358537268765 2.7675340377548374 5.131912169027088 0.6825965271206847 -0.40163580570862867 -0.6105330955284562 0.7253111667468706 0.2701726584034024 0.6331906869526207 0.0 0.0 0.0 0.0 0.0 0.0
15.98641694739865 2.5192012140241236 5.476493760960087 0.6053314289194686 0.1877576783716555 -0.7735120654358264 0.7253111667468706 0.2701726584034024 0.6331906869526207 0.0 0.0 0.0 0.0 0.0 0.0
16.453460675797512 2.3136677589860324 5.644753253238398 0.29809080026996343 0.7058188812975685 -0.6426208692520492 0.7253111667468706 0.2701726584034024 0.6331906869526207 0.0 0.0 0.0 0.0 0.0 0.0
16.98845421149735 2.2690257401483445 5.666527298150609 -0.12239950721450592 0.9557276905561424 -0.26758726079144035 0.7253111667468706 0.2701726584034024 0.6331906869526207 0.0 0.0 0.0 0.0 0.0 0.0
6.9875408089913025 7.333231208542179 10.88435127640894 0.4999732562973386 0.5467029741661704 -0.6716714978509208 0.6579198613509254 0.26457204064639844 0.7050837477549596 0.0 0.0 0.0 0.0 0.0 0.0
7.499096805250434 7.219163306891071 11.002605572832367 0.07476780187724501 0.9086834001680056 -0.41073623417170935 0.6579198613509254 0.26457204064639844 0.7050837477549596 0.0 0.0 0.0 0.0 0.0 0.0
8.027696124300057 7.312229814900024 11.027232531752519 -0.37884319052699883 0.9254398100697395 0.006244592012960697 0.6579198613509254 0.26457204064639844 0.7050837477549596 0.0 0.0 0.0 0.0 0.0 0.0
8.469938126148731 7.616250356733379 11.05328294561851 -0.6885253209296638 0.5906061635974699 0.4208529932878961 0.6579198613509254 0.26457204064639844 0.7050837477549596 0.0 0.0 0.0 0.0 0.0 0.0
8.75523075942701 8.054899592142228 11.175266812546639 -0.7366251703816671 0.03139136116604582 0.6755723061259412 0.6579198613509254 0.26457204064639844 0.7050837477549596 0.0 0.0 0.0 0.0 0.0 0.0
8.872609661938844 8.500704489316606 11.451247407913085 -0.5048688018895954 -0.5397495442079293 0.6736304049001177 0.6579198613509254 0.26457204064639844 0.7050837477549596 0.0 0.0 0.0 0.0 0.0 0.0
8.874903705174225 8.823473460905543 11.880782075272327 -0.08130433460343583 -0.9058305736061693 0.4157650503529732 0.6579198613509254 0.26457204064639844 0.7050837477549596 0.0 0.0 0.0 0.0 0.0 0.0
8.858664422778508 8.939758324738955 12.405090398941592 0.37314900873455326 -0.927771423411866 -5.639804421486421e-05 0.6579198613509254 0.26457204064639844 0.7050837477549596 0.0 0.0 0.0 0.0 0.0 0.0
8.927484468664982 8.844557663413262 12.929385866674906 0.6858368049355561 -0.597236397952389 -0.41585641988148053 0.6579198613509254 0.26457204064639844 0.7050837477549596 0.0 0.0 0.0 0.0 0.0 0.0
9.152641035816403 8.613216946382252 13.358886850411293 0.7379637323616494 -0.039801279650717024 -0.6736656350572054 0.6579198613509254 0.26457204064639844 0.7050837477549596 0.0 0.0 0.0 0.0 0.0 0.0
9.546016458979723 8.372803526402512 13.634825731439474 0.5097258997679097 0.5327550102321715 -0.6755380123859147 0.6579198613509254 0.26457204064639844 0.7050837477549596 0.0 0.0 0.0 0.0 0.0 0.0
10.055583917033688 8.253831627768356 13.756775701288449 0.08783467568976466 0.9029087645390872 -0.42076220441595213 0.6579198613509254 0.26457204064639844 0.7050837477549596 0.0 0.0 0.0 0.0 0.0 0.0
10.585173292174856 8.34067781042095 13.782812913401507 -0.36742641020038674 0.9300323833680868 -0.00613180021945971 0.6579198613509254 0.26457204064639844 0.7050837477549596 0.0 0.0 0.0 0.0 0.0 0.0
11.031007805549756 8.639524904125809 13.807452381461601 -0.6830960598134269 0.6038211504433099 0.4108281773986381 0.6579198613509254 0.26457204064639844 0.7050837477549596 0.0 0.0 0.0 0.0 0.0 0.0
11.321130550596537 9.07601304807348 13.925740145486444 -0.7392460955462691 0.04820816711384632 0.6717076617421583 0.6579198613509254 0.26457204064639844 0.7050837477549596 0.0 0.0 0.0 0.0 0.0 0.0
11.442742124903136 9.523490245231626 14.197143692140722 -0.5145441800454719 -0.5257199048997395 0.6773941750366176 0.6579198613509254 0.26457204064639844 0.7050837477549596 0.0 0.0 0.0 0.0 0.0 0.0
11.447063337178214 9.851129573526075 14.622959262308834 -0.09435832782547302 -0.8999181954738319 0.42572731580801854 0.6579198613509254 0.26457204064639844 0.7050837477549596 0.0 0.0 0.0 0.0 0.0 0.0
11.429875565656486 9.973632520846298 15.145819387510915 0.3616758307225352 -0.932222517757547 0.012319531522808189 0.6579198613509254 0.26457204064639844 0.7050837477549596 0.0 0.0 0.0 0.0 0.0 0.0
11.495131811128106 9.883635315911263 15.671487750311254 0.6803032942816299 -0.6103599196158352 -0.4057686487594999 0.6579198613509254 0.26457204064639844 0.7050837477549596 0.0 0.0 0.0 0.0 0.0 0.0
11.715463213936996 9.654506548094798 16.104661136859335 0.7404721622786061 -0.05661138333840372 -0.6696985352880467 0.6579198613509254 0.26457204064639844 0.7050837477549596 0.0 0.0 0.0 0.0 0.0 0.0
8.781090487169058 8.251791622664753 6.287003646234873 -0.13766184382458793 -0.6278992725850665 0.7660233157299841 0.7425472986929186 0.4463993710242009 0.4993506891484656 0.0 0.0 0.0 0.0 0.0 0.0
8.824199602837446 8.578521732485992 6.7113550826656345 0.2728518887411884 -0.8824662999891829 0.383151505535039 0.7425472986929186 0.4463993710242009 0.4993506891484656 0.0 0.0 0.0 0.0 0.0 0.0
8.929505315129683 8.704093621457854 7.223045916838988 0.5797046269338797 -0.801769625977673 -0.1452859675642252 0.7425472986929186 0.4463993710242009 0.4993506891484656 0.0 0.0 0.0 0.0 0.0 0.0
9.166954715371931 8.64690209896039 7.701618810134646 0.6663178852098874 -0.4164672661839503 -0.6185268725339985 0.7425472986929186 0.4463993710242009 0.4993506891484656 0.0 0.0 0.0 0.0 0.0 0.0
9.556291298513495 8.494776850032133 8.039198483374204 0.4997858386537017 0.12705797099442664 -0.8567790774102707 0.7425472986929186 0.4463993710242009 0.4993506891484656 0.0 0.0 0.0 0.0 0.0 0.0
10.059554079301956 8.37161446958994 8.1814753389595 0.14337679601935716 0.6223117606960296 -0.7695265861961043 0.7425472986929186 0.4463993710242009 0.4993506891484656 0.0 0.0 0.0 0.0 0.0 0.0
10.595499605254384 8.390308074579474 8.148338585008204 -0.2675034885549372 0.8811389080114199 -0.38991807908762055 0.7425472986929186 0.4463993710242009 0.4993506891484656 0.0 0.0 0.0 0.0 0.0 0.0
11.070467702573707 8.609857321375287 8.026319992660095 -0.5767547254073865 0.8052066523163461 0.13782682534888455 0.7425472986929186 0.4463993710242009 0.4993506891484656 0.0 0.0 0.0 0.0 0.0 0.0
11.413964542088802 9.012953449902476 7.935719029486993 -0.6668871992527909 0.4233629270689814 0.6132090144937137 0.7425472986929186 0.4463993710242009 0.4993506891484656 0.0 0.0 0.0 0.0 0.0 0.0
11.605444423550589 9.51255517097617 7.984899080462383 -0.5036580763426801 -0.11932345242256315 0.8556228467243907 0.7425472986929186 0.4463993710242009 0.4993506891484656 0.0 0.0 0.0 0.0 0.0 0.0
11.682115430662437 9.984957107315626 8.229118386270809 -0.14908082951600637 -0.6166768573570394 0.7729712542333408 0.7425472986929186 0.4463993710242009 0.4993506891484656 0.0 0.0 0.0 0.0 0.0 0.0
11.724803457995277 10.316787534616779 8.649536513803298 0.26213471694234813 -0.8797444138943455 0.3966549588688487 0.7425472986929186 0.4463993710242009 0.4993506891484656 0.0 0.0 0.0 0.0 0.0 0.0
11.827245102303205 10.448080195089517 9.16037215169071 0.5737609017755543 -0.8085823590509627 -0.13035718708717697 0.7425472986929186 0.4463993710242009 0.4993506891484656 0.0 0.0 0.0 0.0 0.0 0.0
12.060475562224285 10.39505648137451 9.641492864679904 0.66740572725351 -0.43022634722800146 -0.6078444582128415 0.7425472986929186 0.4463993710242009 0.4993506891484656 0.0 0.0 0.0 0.0 0.0 0.0
12.445841178672753 10.243962658271789 9.984055414293628 0.507491958519151 0.11157984690781657 -0.8544014570460555 0.7425472986929186 0.4463993710242009 0.4993506891484656 0.0 0.0 0.0 0.0 0.0 0.0
12.946889603033918 10.118303464782567 10.131857124889924 0.1547735099302957 0.6109949916877983 -0.7763570575168889 0.7425472986929186 0.4463993710242009 0.4993506891484656 0.0 0.0 0.0 0.0 0.0 0.0
13.483218653853651 10.131920598873567 10.102688219797136 -0.2567459827561703 0.8782829238340825 -0.40336163183924834 0.7425472986929186 0.4463993710242009 0.4993506891484656 0.0 0.0 0.0 0.0 0.0 0.0
13.96102244982559 10.345742353087756 9.981573018034798 -0.5707233840296483 0.8118964891083821 0.12287762162097278 0.7425472986929186 0.4463993710242009 0.4993506891484656 0.0 0.0 0.0 0.0 0.0 0.0
14.308729832450135 10.74463593754056 9.888467773987312 -0.6678734297241347 0.4370570039849898 0.6024336122231093 0.7425472986929186 0.4463993710242009 0.4993506891484656 0.0 0.0 0.0 0.0 0.0 0.0
14.504195445754396 11.24315667980376 9.932687290801683 -0.511287193218148 -0.10382774415573034 0.8531150013888151 0.7425472986929186 0.4463993710242009 0.4993506891484656 0.0 0.0 0.0 0.0 0.0 0.0
12.52732933406093 11.989536419490738 11.450012931092111 -0.5238654431797752 0.8486346025849054 0.07337784909369698 0.7714767624826366 0.43618341050284654 0.4632144615093692 0.0 0.0 0.0 0.0 0.0 0.0
12.895355937715209 12.361558322817734 11.328188366385252 -0.6360881399170378 0.5119449161033583 0.5773251086976976 0.7714767624826366 0.43618341050284654 0.4632144615093692 0.0 0.0 0.0 0.0 0.0 0.0
13.118386229860858 12.850278085878859 11.337965078371594 -0.5066503174732494 -0.019241203268405904 0.8619369071463638 0.7714767624826366 0.43618341050284654 0.4632144615093692 0.0 0.0 0.0 0.0 0.0 0.0
13.225925566196706 13.334611816049527 11.544220335462832 -0.18472756867979087 -0.5431172678227394 0.8190844637535348 0.7714767624826366 0.43618341050284654 0.4632144615093692 0.0 0.0 0.0 0.0 0.0 0.0
13.291356247439534 13.695141947930791 11.93718592183922 0.2073762719353668 -0.8606540018947351 0.46504813821879315 0.7714767624826366 0.43618341050284654 0.4632144615093692 0.0 0.0 0.0 0.0 0.0 0.0
13.404058356395133 13.859485972999634 12.43615924595534 0.5206943996959068 -0.8512138912793614 -0.06566775021550589 0.7714767624826366 0.43618341050284654 0.4632144615093692 0.0 0.0 0.0 0.0 0.0 0.0
13.635452770145086 13.829795764767864 12.920163604343596 0.6361920194658557 -0.5183833918296318 -0.5714353624366993 0.7714767624826366 0.43618341050284654 0.4632144615093692 0.0 0.0 0.0 0.0 0.0 0.0
14.01186717475009 13.681940046057571 13.273909253884169 0.5099896544773842 0.011389625084299837 -0.860105126578418 0.7714767624826366 0.43618341050284654 0.4632144615093692 0.0 0.0 0.0 0.0 0.0 0.0
14.504533737140063 13.536680592743622 13.431593912757945 0.19003369318063426 0.5368355330043293 -0.8220065729421421 0.7714767624826366 0.43618341050284654 0.4632144615093692 0.0 0.0 0.0 0.0 0.0 0.0
15.04051848586998 13.51379281606956 13.401902147465085 -0.2021192453493561 0.8583286465245403 -0.47161397902814134 0.7714767624826366 0.43618341050284654 0.4632144615093692 0.0 0.0 0.0 0.0 0.0 0.0
15.53043014626282 13.68656108137812 13.264705960813407 -0.5174837033175518 0.8537283567403876 0.05795265048389228 0.7714767624826366 0.43618341050284654 0.4632144615093692 0.0 0.0 0.0 0.0 0.0 0.0
15.902381380201776 14.053936752468251 13.140720082663014 -0.6362474505292743 0.5247823906536142 0.5655020991604492 0.7714767624826366 0.43618341050284654 0.4632144615093692 0.0 0.0 0.0 0.0 0.0 0.0
16.12929998777303 14.540936586020175 13.145640425809793 -0.5132901537948259 -0.003537179536147185 0.8582078456750506 0.7714767624826366 0.43618341050284654 0.4632144615093692 0.0 0.0 0.0 0.0 0.0 0.0
16.239214088636054 15.027130119385538 13.34618927438175 -0.1953253458799971 -0.5305129160816381 0.8248660831476917 0.7714767624826366 0.43618341050284654 0.4632144615093692 0.0 0.0 0.0 0.0 0.0 0.0
16.30460377075981 15.392393216837476 13.73476637256167 0.19684682660027514 -0.8559379261047588 0.47814390460705847 0.7714767624826366 0.43618341050284654 0.4632144615093692 0.0 0.0 0.0 0.0 0.0 0.0
16.414864693200894 15.56254523710171 14.23233638884159 0.5142335985516691 -0.8561778074817045 -0.05023313743357206 0.7714767624826366 0.43618341050284654 0.4632144615093692 0.0 0.0 0.0 0.0 0.0 0.0
16.642345180612214 15.537531499210818 14.71845575986294 0.6362544288860027 -0.5311414252667709 -0.559525770709918 0.7714767624826366 0.43618341050284654 0.4632144615093692 0.0 0.0 0.0 0.0 0.0 0.0
17.014859885107875 15.391444056717976 15.077031213845459 0.5165515640797723 -0.004315535381921976 -0.8562452089215485 0.7714767624826366 0.43618341050284654 0.4632144615093692 0.0 0.0 0.0 0.0 0.0 0.0
17.505122534888834 15.244372887799035 15.240425545512519 0.20060212379803818 0.5241498985464229 -0.8276627766074109 0.7714767624826366 0.43618341050284654 0.4632144615093692 0.0 0.0 0.0 0.0 0.0 0.0
18.041112445101515 15.216781704746152 15.215154121209471 -0.19155941720322525 0.8534820226980059 -0.48463741767643054 0.7714767624826366 0.43618341050284654 0.4632144615093692 0.0 0.0 0.0 0.0 0.0 0.0
9.697277892504012 9.407544437961139 4.96287430228359 -0.03176777363037508 -0.5947288865774224 0.803298425262336 0.673651169404066 0.5809874427628001 0.45677969888391107 0.0 0.0 0.0 0.0 0.0 0.0
9.696446782670264 9.76169954435081 5.366926986958405 0.4072244146738748 -0.8075751897500583 0.4266035501419058 0.673651169404066 0.5809874427628001 0.45677969888391107 0.0 0.0 0.0 0.0 0.0 0.0
9.78844249097476 9.931767860826563 5.868223964311168 0.6915052394143842 -0.7136101763995019 -0.11216514610843642 0.673651169404066 0.5809874427628001 0.45677969888391107 0.0 0.0 0.0 0.0 0.0 0.0
10.038066840362008 9.939168715138274 6.343952893079231 0.7130716623503066 -0.3485327261088745 -0.6083204280509462 0.673651169404066 0.5809874427628001 0.45677969888391107 0.0 0.0 0.0 0.0 0.0 0.0
10.450235897618843 9.86712152356687 6.681015161132251 0.463730238836922 0.1489581339869458 -0.8733646088017181 0.673651169404066 0.5809874427628001 0.45677969888391107 0.0 0.0 0.0 0.0 0.0 0.0
10.968112277409844 9.829029343324766 6.818993939128464 0.038209944433255476 0.5898573085339349 -0.806602972791143 0.673651169404066 0.5809874427628001 0.45677969888391107 0.0 0.0 0.0 0.0 0.0 0.0
11.494698615236684 9.925395155122857 6.773107544097136 -0.401826946696808 0.8066598296805955 -0.4333993817346684 0.673651169404066 0.5809874427628001 0.45677969888391107 0.0 0.0 0.0 0.0 0.0 0.0
11.929688487920483 10.205639100478228 6.62842774636246 -0.689203062588471 0.7169987948984569 0.10445988049405386 0.673651169404066 0.5809874427628001 0.45677969888391107 0.0 0.0 0.0 0.0 0.0 0.0
12.207574500801437 10.649322943691102 6.507559581673238 -0.7147394121420553 0.35493793035381427 0.6026330876470186 0.673651169404066 0.5809874427628001 0.45677969888391107 0.0 0.0 0.0 0.0 0.0 0.0
12.3225356421953 11.173914899296266 6.5240616482750315 -0.4687343092171578 -0.14196978817797803 0.8718559093149584 0.673651169404066 0.5809874427628001 0.45677969888391107 0.0 0.0 0.0 0.0 0.0 0.0
12.330648783054366 11.666144837219173 6.739303296838155 -0.04464920540093175 -0.5849408105726772 0.8098460943806814 0.673651169404066 0.5809874427628001 0.45677969888391107 0.0 0.0 0.0 0.0 0.0 0.0
12.328584136137401 12.02503749896685 7.139149388097199 0.3963988780420136 -0.8056830393419921 0.4401622082865379 0.673651169404066 0.5809874427628001 0.45677969888391107 0.0 0.0 0.0 0.0 0.0 0.0
12.416878625942822 12.200274686545667 7.639330468584882 0.6868484002809833 -0.720332811163207 -0.09674665985533881 0.673651169404066 0.5809874427628001 0.45677969888391107 0.0 0.0 0.0 0.0 0.0 0.0
12.661740230204007 12.211311987154527 8.117458144914403 0.7163527317603431 -0.3613161047011599 -0.5968998544002782 0.673651169404066 0.5809874427628001 0.45677969888391107 0.0 0.0 0.0 0.0 0.0 0.0
13.069894462210033 12.13998727032793 8.4595224806519 0.47370268366496787 0.13497063081998192 -0.8702808146251773 0.673651169404066 0.5809874427628001 0.45677969888391107 0.0 0.0 0.0 0.0 0.0 0.0
13.586029235862567 12.099429113043605 8.603206277312163 0.051085066158750046 0.579979767104004 -0.8130275430546864 0.673651169404066 0.5809874427628001 0.45677969888391107 0.0 0.0 0.0 0.0 0.0 0.0
14.113808851953381 12.191077361919726 8.561560419951162 -0.39094062207793606 0.8046448931206143 -0.44689151478208916 0.673651169404066 0.5809874427628001 0.45677969888391107 0.0 0.0 0.0 0.0 0.0 0.0
14.552473540940564 12.46614443950088 8.418045627734124 -0.6844414318085726 0.723611971295505 0.08902607158390598 0.673651169404066 0.5809874427628001 0.45677969888391107 0.0 0.0 0.0 0.0 0.0 0.0
14.835119784011004 12.906158888707328 8.294824331335844 -0.7179114983446351 0.36766676342824006 0.5911211649186332 0.673651169404066 0.5809874427628001 0.45677969888391107 0.0 0.0 0.0 0.0 0.0 0.0
14.954118078444667 13.429982988205893 8.306349123080423 -0.4786349838194025 -0.12796119492588903 0.8686394446819331 0.673651169404066 0.5809874427628001 0.45677969888391107 0.0 0.0 0.0 0.0 0.0 0.0
12.877714035837663 8.08694564265644 2.7751463600112993 -0.5774885801869124 0.8112449671950187 -0.09158898926430517 0.789345114720014 0.5834681970325772 0.19104751482079452 0.0 0.0 0.0 0.0 0.0 0.0
13.192881176647361 8.42020223268341 2.4953342432690184 -0.5900048055423492 0.6348410344053245 0.498869913376335 0.789345114720014 0.5834681970325772 0.19104751482079452 0.0 0.0 0.0 0.0 0.0 0.0
13.373556703469156 8.898170856478375 2.3292395389778373 -0.3783683409179427 0.21725037866897132 0.8997997952651422 0.789345114720014 0.5834681970325772 0.19104751482079452 0.0 0.0 0.0 0.0 0.0 0.0
13.467983155073327 9.425661710926725 2.3682542263295865 -0.02298341759749985 -0.28287732815635674 0.9588806910823992 0.789345114720014 0.5834681970325772 0.19104751482079452 0.0 0.0 0.0 0.0 0.0 0.0
13.557170535912974 9.888670669521085 2.6258457973847924 0.3411332903304834 -0.6755352085583693 0.6536667807272282 0.789345114720014 0.5834681970325772 0.19104751482079452 0.0 0.0 0.0 0.0 0.0 0.0
13.72411926101723 10.19769135606882 3.0324407316744244 0.5756477578174534 -0.8115459688826722 0.10011393164801342 0.789345114720014 0.5834681970325772 0.19104751482079452 0.0 0.0 0.0 0.0 0.0 0.0
14.022286910628756 10.32172011347442 3.461856639833311 0.5914640177923048 -0.639236847303416 -0.49147387387995806 0.789345114720014 0.5834681970325772 0.19104751482079452 0.0 0.0 0.0 0.0 0.0 0.0
14.455278801706479 10.30003481142359 3.7792410629770132 0.38257320865682676 -0.22407095996344373 -0.8963425377159563 0.789345114720014 0.5834681970325772 0.19104751482079452 0.0 0.0 0.0 0.0 0.0 0.0
14.97547826773521 10.22727252699869 3.892304176444905 0.028336441269670498 0.27622323133331145 -0.960675685425604 0.789345114720014 0.5834681970325772 0.19104751482079452 0.0 0.0 0.0 0.0 0.0 0.0
15.50213702644297 10.217475336847594 3.786381237192327 -0.33666581391586714 0.6715755988403921 -0.6600320786011352 0.789345114720014 0.5834681970325772 0.19104751482079452 0.0 0.0 0.0 0.0 0.0 0.0
15.952052802275404 10.360763825583321 3.5300039648546813 -0.5737630976425268 0.8117851682027666 -0.10863124996822027 0.789345114720014 0.5834681970325772 0.19104751482079452 0.0 0.0 0.0 0.0 0.0 0.0
16.27117926194674 10.689098768953727 3.248864195668693 -0.5928781877673606 0.6435839798406787 0.48404040674526627 0.789345114720014 0.5834681970325772 0.19104751482079452 0.0 0.0 0.0 0.0 0.0 0.0
16.45515912006157 11.164138700779215 3.0780614524306404 -0.3867489419646801 0.2308744773867884 0.8928170202121919 0.789345114720014 0.5834681970325772 0.19104751482079452 0.0 0.0 0.0 0.0 0.0 0.0
16.550979544686474 11.691806476989496 3.1107763770424857 -0.033687307012130345 -0.26954809904175897 0.9623975205959563 0.789345114720014 0.5834681970325772 0.19104751482079452 0.0 0.0 0.0 0.0 0.0 0.0
16.639120946617997 12.158030755541866 3.3628698467560594 0.33217269909606556 -0.6675648460404531 0.6663471124768384 0.789345114720014 0.5834681970325772 0.19104751482079452 0.0 0.0 0.0 0.0 0.0 0.0
16.80298112576029 12.472083606434357 3.7668571617253708 0.5718347431862997 -0.8119625469393488 0.11714029559815875 0.789345114720014 0.5834681970325772 0.19104751482079452 0.0 0.0 0.0 0.0 0.0 0.0
17.09719105260471 12.601049569203584 4.197546610762107 0.5942472077729957 -0.6478821009661404 -0.47657007805956253 0.789345114720014 0.5834681970325772 0.19104751482079452 0.0 0.0 0.0 0.0 0.0 0.0
17.526859649159 12.58233078667194 4.519601895509867 0.3908952228432425 -0.23766041282481362 -0.8892235112356569 0.789345114720014 0.5834681970325772 0.19104751482079452 0.0 0.0 0.0 0.0 0.0 0.0
18.045632824059943 12.509437305558887 4.6389586528920015 0.039035607335734614 0.26285243961886606 -0.9640460654690419 0.789345114720014 0.5834681970325772 0.19104751482079452 0.0 0.0 0.0 0.0 0.0 0.0
18.57330416688132 12.496461046327616 4.5385610793167155 -0.3276542880391698 0.6635032555929051 -0.672611401440059 0.789345114720014 0.5834681970325772 0.19104751482079452 0.0 0.0 0.0 0.0 0.0 0.0
5.416337578283211 4.821692739483755 4.62209778673818 0.16544835608408182 0.9193191463871078 -0.35704222237034455 0.7590066352204666 0.11246715789890742 0.6412956152083436 0.0 0.0 0.0 0.0 0.0 0.0
5.9525741756484845 4.837635514727782 4.592412071621435 -0.23522498418073853 0.9658070552655115 0.10902265276781986 0.7590066352204666 0.11246715789890742 0.6412956152083436 0.0 0.0 0.0 0.0 0.0 0.0
6.435191230468393 5.073734038608745 4.587578073633518 -0.5465324202032855 0.6453687164156893 0.5336679993579388 0.7590066352204666 0.11246715789890742 0.6412956152083436 0.0 0.0 0.0 0.0 0.0 0.0
6.793226202906296 5.456944381703219 4.704393712891131 -0.6502030522558225 0.07974401221001384 0.7555639505388417 0.7590066352204666 0.11246715789890742 0.6412956152083436 0.0 0.0 0.0 0.0 0.0 0.0
7.003047369123816 5.858332374890115 4.993440178447925 -0.5068506739410547 -0.5161767754830308 0.6904085245544404 0.7590066352204666 0.11246715789890742 0.6412956152083436 0.0 0.0 0.0 0.0 0.0 0.0
7.097331908268393 6.142057855864129 5.4398652889006405 -0.17093725050471598 -0.915993376154605 0.3629553570768393 0.7590066352204666 0.11246715789890742 0.6412956152083436 0.0 0.0 0.0 0.0 0.0 0.0
7.152651295781873 6.2169826179219285 5.969026084419427 0.2299180923167864 -0.9678087786324877 -0.10239061884421521 0.7590066352204666 0.11246715789890742 0.6412956152083436 0.0 0.0 0.0 0.0 0.0 0.0
7.260380519673347 6.071295338438306 6.474846935150951 0.5434237078416312 -0.6519374452080003 -0.5288366867864959 0.7590066352204666 0.11246715789890742 0.6412956152083436 0.0 0.0 0.0 0.0 0.0 0.0
7.491983194866172 5.776998897806278 6.860119446489621 0.6504735711975574 -0.08838417653617202 -0.7543688557406902 0.7590066352204666 0.11246715789890742 0.6412956152083436 0.0 0.0 0.0 0.0 0.0 0.0
7.87186134108066 5.4625552813518174 7.073433553425952 0.5103976495173781 0.5087477185063771 -0.6933036840243176 0.7590066352204666 0.11246715789890742 0.6412956152083436 0.0 0.0 0.0 0.0 0.0 0.0
8.36808464756232 5.264080723338656 7.128709063774108 0.17641312739191345 0.9125978494800954 -0.36884085132765393 0.7590066352204666 0.11246715789890742 0.6412956152083436 0.0 0.0 0.0 0.0 0.0 0.0
8.904521331983812 5.273632873829415 7.099907290456532 -0.2245936912999405 0.969736799613947 0.09575078747856407 0.7590066352204666 0.11246715789890742 0.6412956152083436 0.0 0.0 0.0 0.0 0.0 0.0
9.389761877406633 5.504236558304984 7.092931912157497 -0.5402736116606744 0.6584565264397803 0.5239651012538794 0.7590066352204666 0.11246715789890742 0.6412956152083436 0.0 0.0 0.0 0.0 0.0 0.0
9.75184703605167 5.8849354287008655 7.205394395175869 -0.6506945540584349 0.09701761006509357 0.7531163128335161 0.7590066352204666 0.11246715789890742 0.6412956152083436 0.0 0.0 0.0 0.0 0.0 0.0
9.965606350624954 6.287749466363749 7.48952976540148 -0.5139057563366062 -0.5012799184212623 0.6961460457344218 0.7590066352204666 0.11246715789890742 0.6412956152083436 0.0 0.0 0.0 0.0 0.0 0.0
10.06222083187124 6.57629673084971 7.932351648656519 -0.18187556973644914 -0.9091328249460817 0.3746982569196143 0.7590066352204666 0.11246715789890742 0.6412956152083436 0.0 0.0 0.0 0.0 0.0 0.0
10.117376771273381 6.657607139283306 8.460586011366281 0.219252186603952 -0.9715909713836272 -0.08910366431973245 0.7590066352204666 0.11246715789890742 0.6412956152083436 0.0 0.0 0.0 0.0 0.0 0.0
10.222511253510671 6.517443355218852 8.96850919099071 0.5370823715524351 -0.6649254636577538 -0.5190536137501895 0.7590066352204666 0.11246715789890742 0.6412956152083436 0.0 0.0 0.0 0.0 0.0 0.0
10.45007367924266 6.2257097907917025 9.358114083028738 0.650865984009754 -0.10564365532738981 -0.7518064172033118 0.7590066352204666 0.11246715789890742 0.6412956152083436 0.0 0.0 0.0 0.0 0.0 0.0
10.826001026509202 5.909894751808593 9.576344678609647 0.5173747272428215 0.4937739439295756 -0.6989353932279049 0.7590066352204666 0.11246715789890742 0.6412956152083436 0.0 0.0 0.0 0.0 0.0 0.0
7.364266932797888 0.8149927094081402 13.142848457182648 -0.05411729044354654 0.8288270349624793 -0.5568815538248273 0.28796558704280384 0.5469584965799011 0.7860739301733316 0.0 0.0 0.0 0.0 0.0 0.0
7.806719236113401 1.0811896634324518 13.291375367462688 -0.6044739803276027 0.7404722870299023 -0.29378903867845574 0.28796558704280384 0.5469584965799011 0.7860739301733316 0.0 0.0 0.0 0.0 0.0 0.0
8.111381676593437 1.5161772985842235 13.37293305713189 -0.9251808988191957 0.37079973721822523 0.08091884415264775 0.28796558704280384 0.5469584965799011 0.7860739301733316 0.0 0.0 0.0 0.0 0.0 0.0
8.205149102076778 2.03568874550212 13.472936199871803 -0.894396125649632 -0.13974583220365994 0.4248843051992325 0.28796558704280384 0.5469584965799011 0.7860739301733316 0.0 0.0 0.0 0.0 0.0 0.0
8.095038902576073 2.5233451255720833 13.669791733350886 -0.5238153108399887 -0.5971996235456566 0.6074291150138691 0.28796558704280384 0.5469584965799011 0.7860739301733316 0.0 0.0 0.0 0.0 0.0 0.0
7.865524986487519 2.8748698326639017 14.005110752710165 0.04577169828273399 -0.8277672932574112 0.5592014483615125 0.28796558704280384 0.5469584965799011 0.7860739301733316 0.0 0.0 0.0 0.0 0.0 0.0
7.646444730462722 3.037704959211958 14.467899759818748 0.5979692739658603 -0.7438523287295629 0.2985238021269801 0.28796558704280384 0.5469584965799011 0.7860739301733316 0.0 0.0 0.0 0.0 0.0 0.0
7.563671589253573 3.0309789240207636 14.998737277015241 0.9229883249562401 -0.37733542796963004 -0.07556802758740239 0.28796558704280384 0.5469584965799011 0.7860739301733316 0.0 0.0 0.0 0.0 0.0 0.0
7.691293665760068 2.938239266151016 15.512349059945436 0.8973486797538798 0.13253751058789146 -0.42095030019128543 0.28796558704280384 0.5469584965799011 0.7860739301733316 0.0 0.0 0.0 0.0 0.0 0.0
8.023466402051577 2.8757115379900773 15.930005208701806 0.5307912682431639 0.5920572329640651 -0.606406515838796 0.28796558704280384 0.5469584965799011 0.7860739301733316 0.0 0.0 0.0 0.0 0.0 0.0
8.476633024640487 2.9481432747124043 16.209430973092115 -0.037422620429885735 0.8266445138681285 -0.5614787575428706 0.28796558704280384 0.5469584965799011 0.7860739301733316 0.0 0.0 0.0 0.0 0.0 0.0
8.921269159724899 3.2090086543813783 16.36086763703357 -0.5914190299287739 0.7471757231944476 -0.3032358318321926 0.28796558704280384 0.5469584965799011 0.7860739301733316 0.0 0.0 0.0 0.0 0.0 0.0
9.23109130832802 3.6401927636624443 16.443181683567552 -0.920725461958845 0.38384238316727987 0.07021145622428074 0.28796558704280384 0.5469584965799011 0.7860739301733316 0.0 0.0 0.0 0.0 0.0 0.0
9.331034058906955 4.15887375626411 16.54150043375706 -0.9002328972819383 -0.12531909572755334 0.4169842381882015 0.28796558704280384 0.5469584965799011 0.7860739301733316 0.0 0.0 0.0 0.0 0.0 0.0
9.225768692224603 4.648988257051508 16.734870754162003 -0.5377268038362213 -0.586869754931942 0.6053377364597416 0.28796558704280384 0.5469584965799011 0.7860739301733316 0.0 0.0 0.0 0.0 0.0 0.0
8.997928483688188 5.005325778736288 17.06622783063992 0.029070692699603416 -0.825458782298632 0.5637133079429864 0.28796558704280384 0.5469584965799011 0.7860739301733316 0.0 0.0 0.0 0.0 0.0 0.0
8.776714940467357 5.173499945022997 17.526083373400706 0.584823747042786 -0.7504422173352042 0.3079247689547838 0.28796558704280384 0.5469584965799011 0.7860739301733316 0.0 0.0 0.0 0.0 0.0 0.0
8.688811988786435 5.170610784255449 18.056130376933602 0.9183924821527876 -0.39032010728134686 -0.06484953798693491 0.28796558704280384 0.5469584965799011 0.7860739301733316 0.0 0.0 0.0 0.0 0.0 0.0
8.810256632309502 5.078748142751678 18.57139492624188 0.9030485585894749 0.11809113733288149 -0.4129864212209614 0.28796558704280384 0.5469584965799011 0.7860739301733316 0.0 0.0 0.0 0.0 0.0 0.0
9.137551223177503 5.01380437971868 18.992519207838207 0.5446213894512718 0.5816375844958209 -0.6042228582683974 0.28796558704280384 0.5469584965799011 0.7860739301733316 0.0 0.0 0.0 0.0 0.0 0.0
8.756433245587514 9.806807635979245 9.030816651085095 -0.7370924329787424 0.5736599425044984 -0.3572240411999361 0.35298219793429647 0.7775786958179162 0.5203603941035309 0.0 0.0 0.0 0.0 0.0 0.0
9.012751170990734 10.265842279261792 8.920031184972371 -0.934990059855701 0.3137210246510787 0.16544699049214945 0.35298219793429647 0.7775786958179162 0.5203603941035309 0.0 0.0 0.0 0.0 0.0 0.0
9.055938082830343 10.796389639984799 8.846959365548129 -0.7776693307933079 -0.06540575560310694 0.6252619443700974 0.35298219793429647 0.7775786958179162 0.5203603941035309 0.0 0.0 0.0 0.0 0.0 0.0
8.921855246246217 11.312027756660083 8.916416026016945 -0.32489902102469004 -0.419683795777754 0.8475294317596138 0.35298219793429647 0.7775786958179162 0.5203603941035309 0.0 0.0 0.0 0.0 0.0 0.0
8.713711667596552 11.731998938882457 9.179067047122915 0.25130585885316165 -0.6145169451975537 0.7478063180872042 0.35298219793429647 0.7775786958179162 0.5203603941035309 0.0 0.0 0.0 0.0 0.0 0.0
8.562853267379815 12.011890964111247 9.612180541966625 0.7320354413427993 -0.5758848329613776 0.3639790815185653 0.35298219793429647 0.7775786958179162 0.5203603941035309 0.0 0.0 0.0 0.0 0.0 0.0
8.578862369050697 12.160510023546248 10.12826307989511 0.934652520686405 -0.3184644444022215 -0.15812989352469883 0.35298219793429647 0.7775786958179162 0.5203603941035309 0.0 0.0 0.0 0.0 0.0 0.0
8.807925542220927 12.236535102859264 10.608299903619073 0.7821794808644281 0.05994591102690841 -0.6201626782270976 0.35298219793429647 0.7775786958179162 0.5203603941035309 0.0 0.0 0.0 0.0 0.0 0.0
9.215286552665518 12.326224854477067 10.946970625327726 0.3325433789185198 0.4155818126147305 -0.846585292903974 0.35298219793429647 0.7775786958179162 0.5203603941035309 0.0 0.0 0.0 0.0 0.0 0.0
9.698450836798077 12.510646493356697 11.092662202881073 -0.2434315125073367 0.6133312354328387 -0.7513760006553422 0.35298219793429647 0.7775786958179162 0.5203603941035309 0.0 0.0 0.0 0.0 0.0 0.0
10.126124899995006 12.834877006651737 11.067077597442955 -0.7269227023738085 0.5780658675585961 -0.3707064034209358 0.35298219793429647 0.7775786958179162 0.5203603941035309 0.0 0.0 0.0 0.0 0.0 0.0
10.388096910313168 13.290877652645628 10.95699045568074 -0.9342438041090052 0.323183611852936 0.15080075435363027 0.35298219793429647 0.7775786958179162 0.5203603941035309 0.0 0.0 0.0 0.0 0.0 0.0
10.437108016088661 13.820548013130383 10.88127835061839 -0.7866300649397504 -0.05448150133749696 0.615016184295092 0.35298219793429647 0.7775786958179162 0.5203603941035309 0.0 0.0 0.0 0.0 0.0 0.0
10.306806773809788 14.337799313670992 10.945759204117616 -0.3401624123465519 -0.41144818128768784 0.8455766833005901 0.35298219793429647 0.7775786958179162 0.5203603941035309 0.0 0.0 0.0 0.0 0.0 0.0
10.09896549893329 14.761260988340839 11.202989289181321 0.23553862790934996 -0.612098818119939 0.7548884630319586 0.35298219793429647 0.7775786958179162 0.5203603941035309 0.0 0.0 0.0 0.0 0.0 0.0
9.944815261699965 15.045194718160527 11.63229622314576 0.7217546054266354 -0.580202880201929 0.37740549459543643 0.35298219793429647 0.7775786958179162 0.5203603941035309 0.0 0.0 0.0 0.0 0.0 0.0
9.955189009483682 15.196871183182077 12.14763275147831 0.9337639412488496 -0.3278781676203535 -0.14346013112127 0.35298219793429647 0.7775786958179162 0.5203603941035309 0.0 0.0 0.0 0.0 0.0 0.0
10.178414277055998 15.273807809577866 12.630267538407786 0.7910207440900646 0.04901294267082314 -0.6098228544995216 0.35298219793429647 0.7775786958179162 0.5203603941035309 0.0 0.0 0.0 0.0 0.0 0.0
10.581952748133148 15.361916937797664 12.973893186465993 0.34775554108989043 0.40728321658865185 -0.8445036797589908 0.35298219793429647 0.7775786958179162 0.5203603941035309 0.0 0.0 0.0 0.0 0.0 0.0
11.064762105743881 15.54286628805403 13.125014194150793 -0.22762780613292402 0.6108197871122005 -0.7583434377294466 0.35298219793429647 0.7775786958179162 0.5203603941035309 0.0 0.0 0.0 0.0 0.0 0.0
9.439344574418499 9.815274143640297 2.8172067859541716 -0.7875591217164163 0.4889476765422848 0.3750743918280321 0.605888726360457 0.7254689953965507 0.326486734780485 0.0 0.0 0.0 0.0 0.0 0.0
9.546165882645615 10.324179389827336 2.6819671444642763 -0.5720064356324104 0.11204037782101688 0.8125611308282157 0.605888726360457 0.7254689953965507 0.326486734780485 0.0 0.0 0.0 0.0 0.0 0.0
9.522598305872116 10.858624243664032 2.731950838313945 -0.1391389412140445 -0.3074329336496782 0.9413423109291257 0.605888726360457 0.7254689953965507 0.326486734780485 0.0 0.0 0.0 0.0 0.0 0.0
9.467314003070863 11.322989750601893 2.996513541559286 0.3465897632505787 -0.6101073336223146 0.7124918087039154 0.605888726360457 0.7254689953965507 0.326486734780485 0.0 0.0 0.0 0.0 0.0 0.0
9.491034847708042 11.648281271643492 3.423488775017271 0.7006432219844821 -0.6809917571011824 0.21295375612429815 0.605888726360457 0.7254689953965507 0.326486734780485 0.0 0.0 0.0 0.0 0.0 0.0
9.674467336842353 11.818340700226441 3.8990068238843896 0.788510606556497 -0.4931560264822991 -0.36748898880387443 0.605888726360457 0.7254689953965507 0.326486734780485 0.0 0.0 0.0 0.0 0.0 0.0
10.037640843551738 11.875985197055574 4.290755746190607 0.5768096285033868 -0.11796207627372168 -0.8083165227972124 0.605888726360457 0.7254689953965507 0.326486734780485 0.0 0.0 0.0 0.0 0.0 0.0
10.532298123227813 11.906740234886428 4.4982488916914845 0.1459690288391303 0.3020476389319838 -0.9420510954483169 0.605888726360457 0.7254689953965507 0.326486734780485 0.0 0.0 0.0 0.0 0.0 0.0
11.06022904762069 12.006347041515772 4.491001460343238 -0.34032764535312915 0.6073044061402089 -0.7178847066842151 0.605888726360457 0.7254689953965507 0.326486734780485 0.0 0.0 0.0 0.0 0.0 0.0
11.510582274546895 12.244388906633636 4.320112187518051 -0.6973281571009379 0.6818360758675657 -0.22098191545854462 0.605888726360457 0.7254689953965507 0.326486734780485 0.0 0.0 0.0 0.0 0.0 0.0
11.801979526120482 12.637855326699516 4.098850080110882 -0.7894020432610458 0.49732682068156536 0.35987560007042757 0.605888726360457 0.7254689953965507 0.326486734780485 0.0 0.0 0.0 0.0 0.0 0.0
11.91343255709414 13.144687411188167 3.9596216270632696 -0.5815688950879436 0.12387479145760927 0.8040103583334733 0.605888726360457 0.7254689953965507 0.326486734780485 0.0 0.0 0.0 0.0 0.0 0.0
11.892316940133412 13.679756758287308 4.003667360495994 -0.15278800035752807 -0.2966393421171599 0.9426881391292904 0.605888726360457 0.7254689953965507 0.326486734780485 0.0 0.0 0.0 0.0 0.0 0.0
11.836373293683703 14.147207158017071 4.262598884904965 0.3340396101878537 -0.6044552300763011 0.723222934964697 0.605888726360457 0.7254689953965507 0.326486734780485 0.0 0.0 0.0 0.0 0.0 0.0
11.856573986886886 14.476871969031732 4.686389100095381 0.6939599879784145 -0.6826284701769361 0.22899324616436245 0.605888726360457 0.7254689953965507 0.326486734780485 0.0 0.0 0.0 0.0 0.0 0.0
12.034962881185232 14.650931598790624 5.162378332954245 0.7902333639437059 -0.5014597415179577 -0.35223480541672064 0.605888726360457 0.7254689953965507 0.326486734780485 0.0 0.0 0.0 0.0 0.0 0.0
12.393485495659274 14.710683464692043 5.558075630835285 0.586283872949504 -0.12977807309652656 -0.7996429653680946 0.605888726360457 0.7254689953965507 0.326486734780485 0.0 0.0 0.0 0.0 0.0 0.0
12.885651537419603 14.740852414747637 5.771494289599865 0.15959533647815596 0.291208455067948 -0.9432533934587037 0.605888726360457 0.7254689953965507 0.326486734780485 0.0 0.0 0.0 0.0 0.0 0.0
13.414197341151803 14.837402341298857 5.769898307646024 -0.32772613661297545 0.6015600224063795 -0.72850608701861 0.605888726360457 0.7254689953965507 0.326486734780485 0.0 0.0 0.0 0.0 0.0 0.0
13.868037961731156 15.071077893885723 5.602239340233813 -0.6905389711160312 0.6833688796853989 -0.23698713814790154 0.605888726360457 0.7254689953965507 0.326486734780485 0.0 0.0 0.0 0.0 0.0 0.0
2.7042922418123756 6.004666470596996 3.4205216271762944 0.5473969448407431 0.7301148775543034 -0.40900959689582483 0.37771215890893445 0.22058107848135522 0.899264984767201 0.0 0.0 0.0 0.0 0.0 0.0
3.1766369704990796 5.946316375188343 3.669862409572686 0.0055193461525375725 0.9706555547964205 -0.24041075425384295 0.37771215890893445 0.22058107848135522 0.899264984767201 0.0 0.0 0.0 0.0 0.0 0.0
3.6502398343149207 6.109227244037253 3.8644015529723794 -0.5384551444175636 0.84242795827593 0.019524153382636664 0.37771215890893445 0.22058107848135522 0.899264984767201 0.0 0.0 0.0 0.0 0.0 0.0
4.001101831018263 6.464169592482196 4.063391227749973 -0.8778615231335 0.3941478957620533 0.27204150872261557 0.37771215890893445 0.22058107848135522 0.899264984767201 0.0 0.0 0.0 0.0 0.0 0.0
4.151855265901371 6.908957966167979 4.324392773000685 -0.8837536321490473 -0.20387554215322548 0.42120574660739696 0.37771215890893445 0.22058107848135522 0.899264984767201 0.0 0.0 0.0 0.0 0.0 0.0
4.101157032528757 7.307272903604982 4.681408181443812 -0.5538929607383896 -0.724443252987203 0.4103468791714886 0.37771215890893445 0.22058107848135522 0.899264984767201 0.0 0.0 0.0 0.0 0.0 0.0
3.9241988813275603 7.540450978728912 5.131962173905662 -0.013599092946760588 -0.9697828599660598 0.2435903717043739 0.37771215890893445 0.22058107848135522 0.899264984767201 0.0 0.0 0.0 0.0 0.0 0.0
3.744140816461254 7.5525670204093185 5.638042599262106 0.531861297620052 -0.8466857445390424 -0.01571019058706421 0.37771215890893445 0.22058107848135522 0.899264984767201 0.0 0.0 0.0 0.0 0.0 0.0
3.6853205511224774 7.371681019981044 6.140541886179908 0.8752586889743137 -0.4019185589308924 -0.2690421888140971 0.37771215890893445 0.22058107848135522 0.899264984767201 0.0 0.0 0.0 0.0 0.0 0.0
3.8260155314754494 7.099177671398088 6.581712997692111 0.8861306708423277 0.1955442069350617 -0.4201605613651334 0.37771215890893445 0.22058107848135522 0.899264984767201 0.0 0.0 0.0 0.0 0.0 0.0
4.168704026129071 6.871248630938786 6.927108496020761 0.5603467955425918 0.7187164592615916 -0.41165291194358133 0.37771215890893445 0.22058107848135522 0.899264984767201 0.0 0.0 0.0 0.0 0.0 0.0
4.639123590457964 6.8071510299826095 7.1786677001191945 0.021677804117404473 0.9688363124162457 -0.24675143880500147 0.37771215890893445 0.22058107848135522 0.899264984767201 0.0 0.0 0.0 0.0 0.0 0.0
5.114484610917512 6.963899696926195 7.373979905977983 -0.5252269475255419 0.850879052404631 0.011895031399653663 0.37771215890893445 0.22058107848135522 0.899264984767201 0.0 0.0 0.0 0.0 0.0 0.0
5.470120132162323 7.314606270638363 7.572003584618599 -0.8725892004772603 0.4096586144453778 0.26602238030126085 0.37771215890893445 0.22058107848135522 0.899264984767201 0.0 0.0 0.0 0.0 0.0 0.0
5.626848917702286 7.758694538403282 7.830667073219296 -0.888440227254229 -0.1871979802684596 0.41908337926940376 0.37771215890893445 0.22058107848135522 0.899264984767201 0.0 0.0 0.0 0.0 0.0 0.0
5.5810577254848335 8.160111020675812 8.18486063131093 -0.5667579577688425 -0.7129349324949832 0.41292759575265015 0.37771215890893445 0.22058107848135522 0.899264984767201 0.0 0.0 0.0 0.0 0.0 0.0
5.40607403896091 8.399013962653582 8.633181047847165 -0.02975486443933585 -0.9678159842302384 0.24989371482822667 0.37771215890893445 0.22058107848135522 0.899264984767201 0.0 0.0 0.0 0.0 0.0 0.0
5.224307730151802 8.417303220573695 9.13846474454141 0.5185525993654787 -0.8550075625360667 -0.00807896635954879 0.37771215890893445 0.22058107848135522 0.899264984767201 0.0 0.0 0.0 0.0 0.0 0.0
5.160745502684335 8.24069347771086 9.641906840599793 0.8698532609342238 -0.41736747287031545 -0.2629823131542173 0.37771215890893445 0.22058107848135522 0.899264984767201 0.0 0.0 0.0 0.0 0.0 0.0
5.2954663534167965 7.968944806274751 10.085402110099922 0.8906821255030886 0.1788374977508935 -0.41797428235179557 0.37771215890893445 0.22058107848135522 0.899264984767201 0.0 0.0 0.0 0.0 0.0 0.0
