t = 0
b = 13 13 13
E = -1.00299748405984 -1.00299748405984 0
0.124996633480611 11.7906605023814 7.37538181638624 0.79217715756736 -0.581705625134923 0.184591215161738 0.553219669795331 0.812173447120143 0.185262755956315 0 0 0 0 0 0
0.340248677937174 12.0252097350898 7.80820778246443 0.792797880162549 -0.445029276964665 -0.416437827117177 0.553219669795331 0.812173447120143 0.185262755956315 0 0 0 0 0 0
0.736219024122211 12.1583145301113 8.14610673274803 0.492221433210282 -0.139278865982804 -0.8592551764051 0.553219669795331 0.812173447120143 0.185262755956315 0 0 0 0 0 0
1.2443912614953 12.2596707032496 8.28813843853358 0.00464183427792639 0.219385914804383 -0.975627118196281 0.553219669795331 0.812173447120143 0.185262755956315 0 0 0 0 0 0
1.7536216051381 12.4110359025705 8.20777591202814 -0.484701275103944 0.494702318620492 -0.72134200616914 0.553219669795331 0.812173447120143 0.185262755956315 0 0 0 0 0 0
2.15236427786981 12.6751685109868 7.96298345251939 -0.789898266300663 0.582073040610982 -0.193007005803142 0.553219669795331 0.812173447120143 0.185262755956315 0 0 0 0 0 0
2.3710496159441 13.0719846873253 7.67419503996483 -0.794999699735014 0.448304482731092 0.408654582972523 0.553219669795331 0.812173447120143 0.185262755956315 0 0 0 0 0 0
2.40851474744909 13.5709918846082 7.4785594524572 -0.498067455553869 0.144217556610414 0.855061463336652 0.553219669795331 0.812173447120143 0.185262755956315 0 0 0 0 0 0
2.33244538678886 14.1028734784584 7.4778351524217 -0.0119110577640251 -0.214660030455524 0.976616197913887 0.553219669795331 0.812173447120143 0.185262755956315 0 0 0 0 0 0
2.25366090013654 14.5858233116119 7.69973054542995 0.478770550012638 -0.491984683027088 0.727138110751549 0.553219669795331 0.812173447120143 0.185262755956315 0 0 0 0 0 0
2.28401217542413 14.9566252207891 8.08737709366344 0.787559221222771 -0.582396128971411 0.201408098213797 0.553219669795331 0.812173447120143 0.185262755956315 0 0 0 0 0 0
2.49388759997005 15.1946699140421 8.52093462422208 0.797140977002376 -0.451545548375478 -0.400840218199205 0.553219669795331 0.812173447120143 0.185262755956315 0 0 0 0 0 0
2.88547133530573 15.329784785335 8.86312061442976 0.503875548132368 -0.149145264512726 -0.850802634027267 0.553219669795331 0.812173447120143 0.185262755956315 0 0 0 0 0 0
3.39191351769265 15.4309019888894 9.01136611744039 0.0191793741769596 0.209917798914256 -0.977530904526898 0.553219669795331 0.812173447120143 0.185262755956315 0 0 0 0 0 0
3.90272763902669 15.5798699613113 8.93678342000605 -0.472803364690312 0.489229580895275 -0.732878840951595 0.553219669795331 0.812173447120143 0.185262755956315 0 0 0 0 0 0
4.30576621850279 15.840357832092 8.69514096771673 -0.785160200461024 0.58267486561178 -0.20979385261799 0.553219669795331 0.812173447120143 0.185262755956315 0 0 0 0 0 0
4.52982750557871 16.2336664568228 8.40567600012196 -0.799221548898084 0.454752227078125 0.392995327891355 0.553219669795331 0.812173447120143 0.185262755956315 0 0 0 0 0 0
4.57170621543576 16.7306358660248 8.20579432988565 -0.509645268637044 0.154061614425707 0.846479012803283 0.553219669795331 0.812173447120143 0.185262755956315 0 0 0 0 0 0
4.49741127027098 17.2627236250827 8.19886757725235 -0.0264462300062945 -0.20515958131987 0.978371168376864 0.553219669795331 0.812173447120143 0.185262755956315 0 0 0 0 0 0
4.41708790614415 17.7480452511234 8.41496056323504 0.466800173561232 -0.486437222036748 0.738563759590447 0.553219669795331 0.812173447120143 0.185262755956315 0 0 0 0 0 0
4.1768083305535 5.14202450607382 9.81546291292807 0.0791622515276691 -0.641008952149507 0.763440149060332 0.639962178307619 0.619869488583888 0.454103762876412 0 0 0 0 0 0
4.16635942615257 5.46981165560212 10.2410583864934 0.512299568516875 -0.784650698565644 0.349102325025014 0.639962178307619 0.619869488583888 0.454103762876412 0 0 0 0 0 0
4.27268922451459 5.61873765370332 10.7462317460327 0.750805714234497 -0.630190525936602 -0.197865308966924 0.639962178307619 0.619869488583888 0.454103762876412 0 0 0 0 0 0
4.5501652090605 5.62401170158829 11.2063017021671 0.704068216312304 -0.236310436280523 -0.669660603950777 0.639962178307619 0.619869488583888 0.454103762876412 0 0 0 0 0 0
4.98813356566833 5.5754187780876 11.5137225025601 0.389843431620231 0.247347939018328 -0.887040639365496 0.639962178307619 0.619869488583888 0.454103762876412 0 0 0 0 0 0
5.51496674478044 5.58320882506896 11.6189423612989 -0.0724893905789625 0.637034696847109 -0.767419105356651 0.639962178307619 0.619869488583888 0.454103762876412 0 0 0 0 0 0
6.02527596502919 5.73621095124094 11.5492290108248 -0.507282281339229 0.784701322691518 -0.356242222659597 0.639962178307619 0.619869488583888 0.454103762876412 0 0 0 0 0 0
6.41995017328501 6.06808576861111 11.3983102344863 -0.749350152111267 0.634246796538937 0.190277036478178 0.639962178307619 0.619869488583888 0.454103762876412 0 0 0 0 0 0
6.64380999078872 6.54453716320893 11.2907651146 -0.706727371629806 0.242831308340265 0.664506868195492 0.639962178307619 0.619869488583888 0.454103762876412 0 0 0 0 0 0
6.70657128169221 7.07634196218362 11.3346943562276 -0.395607046814641 -0.240839853819843 0.886279430722972 0.639962178307619 0.619869488583888 0.454103762876412 0 0 0 0 0 0
6.67915393382652 7.55324730890204 11.5806510219754 0.0658110092825094 -0.633011928886167 0.771339619716913 0.639962178307619 0.619869488583888 0.454103762876412 0 0 0 0 0 0
6.66673820759751 7.8858575665131 12.0024345783079 0.502226362651836 -0.784692188773574 0.363354991069677 0.639962178307619 0.619869488583888 0.454103762876412 0 0 0 0 0 0
6.76880499653757 8.03959721500286 12.5070449162877 0.747837524072727 -0.638254766792129 -0.182674273656415 0.639962178307619 0.619869488583888 0.454103762876412 0 0 0 0 0 0
7.04134137262075 8.04784666931963 12.9700146478396 0.709332706921753 -0.249333687855716 -0.659302527669451 0.639962178307619 0.619869488583888 0.454103762876412 0 0 0 0 0 0
7.47557016156592 7.9992605016444 13.2826963474643 0.40134053500078 0.23431342773404 -0.885450728470428 0.639962178307619 0.619869488583888 0.454103762876412 0 0 0 0 0 0
8.00128453809272 8.00408608719383 13.3935395256735 -0.0591276162229017 0.628940954616035 -0.775201393578771 0.639962178307619 0.619869488583888 0.454103762876412 0 0 0 0 0 0
8.51352077264106 8.15227878313764 13.3276755218246 -0.497132197482478 0.784623297507395 -0.370440088590401 0.639962178307619 0.619869488583888 0.454103762876412 0 0 0 0 0 0
8.91243570713098 8.47932638443646 13.1773696881256 -0.746267945311358 0.642214131473726 0.175057599481462 0.639962178307619 0.619869488583888 0.454103762876412 0 0 0 0 0 0
9.14123884000582 8.95276671721202 13.0669682397366 -0.711884023781774 0.255817079645503 0.654047978703334 0.639962178307619 0.619869488583888 0.454103762876412 0 0 0 0 0 0
9.20776798726014 9.48452056134206 13.1056570486727 -0.407043459551327 -0.227769157773534 0.88455459571675 0.639962178307619 0.619869488583888 0.454103762876412 0 0 0 0 0 0
0.972580389218034 8.20879367352293 7.36373818533961 0.883940573667327 -0.451992818500941 0.11979797263832 0.318534986284622 0.769613733616386 0.553380667842402 0 0 0 0 0 0
1.07704365205182 8.29857375625207 7.88307628868041 0.916756978466336 -0.101681546113142 -0.386286817809404 0.318534986284622 0.769613733616386 0.553380667842402 0 0 0 0 0 0
1.3904816969728 8.36517552734531 8.31436029974704 0.601282079786676 0.287260245667832 -0.745614787800152 0.318534986284622 0.769613733616386 0.553380667842402 0 0 0 0 0 0
1.84098201090053 8.49725828047718 8.57568139647381 0.0573700660957831 0.567067067384408 -0.821671233891155 0.318534986284622 0.769613733616386 0.553380667842402 0 0 0 0 0 0
2.30455983319994 8.75860398946213 8.64970250958118 -0.508337794881253 0.631435629345874 -0.585561040616472 0.318534986284622 0.769613733616386 0.553380667842402 0 0 0 0 0 0
2.6522620391613 9.16388547002461 8.59024496505531 -0.8809196286282 0.455911238678102 -0.126986417953075 0.318534986284622 0.769613733616386 0.553380667842402 0 0 0 0 0 0
2.79915858805868 9.67309193178904 8.50184086256141 -0.918825367268525 0.107178546007095 0.379832467990384 0.318534986284622 0.769613733616386 0.553380667842402 0 0 0 0 0 0
2.73660886557632 10.2067297464882 8.50001958309736 -0.607653986942613 -0.282273068221737 0.742346648884087 0.318534986284622 0.769613733616386 0.553380667842402 0 0 0 0 0 0
2.53554439765054 10.6760234064044 8.66741624560441 -0.0656246975443209 -0.564484424479102 0.822830926492626 0.318534986284622 0.769613733616386 0.553380667842402 0 0 0 0 0 0
2.31952077785464 11.0166428239991 9.02237724369587 0.501336511637491 -0.63223871020057 0.590707978127155 0.318534986284622 0.769613733616386 0.553380667842402 0 0 0 0 0 0
2.21777683166108 11.2131434077102 9.51199014398806 0.877831598148734 -0.459794939449305 0.134165192760454 0.318534986284622 0.769613733616386 0.553380667842402 0 0 0 0 0 0
2.31613462588654 11.3048337205063 10.0321860041915 0.920823783961619 -0.112667383839811 -0.373349192458345 0.318534986284622 0.769613733616386 0.553380667842402 0 0 0 0 0 0
2.62439423063981 11.3708414996111 10.4672769042266 0.613979618894816 0.277264394588631 -0.739021977396597 0.318534986284622 0.769613733616386 0.553380667842402 0 0 0 0 0 0
3.07261050883905 11.5000517061864 10.7339077212608 0.0738743314180642 0.561858793899382 -0.823927957333325 0.318534986284622 0.769613733616386 0.553380667842402 0 0 0 0 0 0
3.5376664432095 11.7573376425101 10.812724134496 -0.494297049677366 0.632993643629672 -0.595809930938284 0.318534986284622 0.769613733616386 0.553380667842402 0 0 0 0 0 0
3.89004734955291 12.1589144998163 10.7557256552266 -0.874676717394405 0.463643625055701 -0.141333750368963 0.318534986284622 0.769613733616386 0.553380667842402 0 0 0 0 0 0
4.04304567064453 12.6661789360425 10.6665101431135 -0.92275207635845 0.118147641615038 0.366837484939821 0.318534986284622 0.769613733616386 0.553380667842402 0 0 0 0 0 0
3.9857026268958 13.2003751308924 10.660915247235 -0.620258493921922 -0.272234606198405 0.735641026524289 0.318534986284622 0.769613733616386 0.553380667842402 0 0 0 0 0 0
3.78697163994111 13.6725154386935 10.8230097464997 -0.0821183394754541 -0.559190375597181 0.824962242870107 0.318534986284622 0.769613733616386 0.553380667842402 0 0 0 0 0 0
3.56952177491913 14.0171882827822 11.1731544149841 0.487219945083158 -0.633700372142078 0.600866510516401 0.318534986284622 0.769613733616386 0.553380667842402 0 0 0 0 0 0
7.2338415995452 8.65423856186874 5.8185582001903 0.837685282421372 -0.482857294831543 -0.255210110384738 0.522343971921928 0.57184898996957 0.632570555485794 0 0 0 0 0 0
7.47679135454325 8.58876021885899 6.29329297378651 0.772086153851951 -0.00225089809208677 -0.63551389008257 0.522343971921928 0.57184898996957 0.632570555485794 0 0 0 0 0 0
7.89573817260558 8.52276878355833 6.62316233614192 0.413158586842068 0.479210652465563 -0.77437531771241 0.522343971921928 0.57184898996957 0.632570555485794 0 0 0 0 0 0
8.40886450353861 8.56601343156557 6.77651282045904 -0.102734834952321 0.778612064176696 -0.61903861527842 0.522343971921928 0.57184898996957 0.632570555485794 0 0 0 0 0 0
8.8985724256117 8.78674272410096 6.78875343294536 -0.579597575313479 0.782205735007594 -0.228518793126441 0.522343971921928 0.57184898996957 0.632570555485794 0 0 0 0 0 0
9.25616106215502 9.18577583854346 6.74890317934816 -0.836261506458353 0.488626369326626 0.248819139164748 0.522343971921928 0.57184898996957 0.632570555485794 0 0 0 0 0 0
9.42312386198816 9.69619134924862 6.76577125635267 -0.775215709752914 0.00940967654123289 0.631626520453088 0.522343971921928 0.57184898996957 0.632570555485794 0 0 0 0 0 0
9.41337621639092 10.2087517960174 6.92661861856861 -0.419652503996852 -0.473381909683577 0.774468426389031 0.522343971921928 0.57184898996957 0.632570555485794 0 0 0 0 0 0
9.30796876930321 10.6134048215789 7.26400608294862 0.0953437042433215 -0.776327793896129 0.623076828718202 0.522343971921928 0.57184898996957 0.632570555485794 0 0 0 0 0 0
9.22429492259776 10.8410939020945 7.74342393004008 0.57411724517973 -0.784333769698996 0.234967926528282 0.522343971921928 0.57184898996957 0.632570555485794 0 0 0 0 0 0
9.27149111999566 10.8899940751282 8.27640272337694 0.834774045943898 -0.49435823303189 -0.242409219403969 0.522343971921928 0.57184898996957 0.632570555485794 0 0 0 0 0 0
9.50897408743267 10.8262052733872 8.75412432752325 0.778286229976209 -0.0165677384070793 -0.627691050018633 0.522343971921928 0.57184898996957 0.632570555485794 0 0 0 0 0 0
9.92386742548157 10.7586398551551 9.08876373706749 0.426114462988707 0.467517117036396 -0.774502556296506 0.522343971921928 0.57184898996957 0.632570555485794 0 0 0 0 0 0
10.4358935687765 10.7976449784618 9.24685526453417 -0.0879453127421062 0.773984403248382 -0.627067592445136 0.522343971921928 0.57184898996957 0.632570555485794 0 0 0 0 0 0
10.9278725752646 11.0130798708425 9.26200671457228 -0.568593193794975 0.786402074337163 -0.241399166212802 0.522343971921928 0.57184898996957 0.632570555485794 0 0 0 0 0 0
11.2902407453363 11.4077751408125 9.22213121707655 -0.833223014153886 0.500052449443724 0.235980839242606 0.522343971921928 0.57184898996957 0.632570555485794 0 0 0 0 0 0
11.4626757031143 11.9164573823673 9.23604755931131 -0.781297480689834 0.0237245385755015 0.623707778480514 0.522343971921928 0.57184898996957 0.632570555485794 0 0 0 0 0 0
11.4570138755854 12.4305476332369 9.39213810927571 -0.432543971714436 -0.461616721150686 0.774477704835711 0.522343971921928 0.57184898996957 0.632570555485794 0 0 0 0 0 0
11.3527536360943 12.8394123379955 9.72477087642637 0.0805402238648315 -0.771582070691724 0.631010602547115 0.522343971921928 0.57184898996957 0.632570555485794 0 0 0 0 0 0
11.2668525431673 13.072394885462 10.2012425302824 0.563025841837115 -0.788410491412691 0.2478120224162 0.522343971921928 0.57184898996957 0.632570555485794 0 0 0 0 0 0
6.99596494703348 10.4963001893426 8.22254380588977 0.78355379981866 -0.127643145711088 0.608071270611199 0.12074864523702 0.991294283957759 0.0524919733492481 0 0 0 0 0 0
6.91790527461968 10.8794833585422 8.59100336744731 0.992092148376156 -0.122332277060843 0.0280710370220221 0.12074864523702 0.991294283957759 0.0524919733492481 0 0 0 0 0 0
7.06599303864445 11.2347808813366 8.96586172277727 0.823718102869372 -0.0705453310685826 -0.562593852854532 0.12074864523702 0.991294283957759 0.0524919733492481 0 0 0 0 0 0
7.40184737013662 11.5739975936942 9.212476791647 0.342399778250254 0.00804296565167038 -0.939519931964034 0.12074864523702 0.991294283957759 0.0524919733492481 0 0 0 0 0 0
7.81575174185456 11.9150477003251 9.24492826246349 -0.269001946745147 0.0835756052496391 -0.959506680984806 0.12074864523702 0.991294283957759 0.0524919733492481 0 0 0 0 0 0
8.16833711134778 12.2751488688025 9.05866015515857 -0.778205334699357 0.127356475103666 -0.614960799803232 0.12074864523702 0.991294283957759 0.0524919733492481 0 0 0 0 0 0
8.34353055031002 12.6642809497869 8.73221171418874 -0.991755505101927 0.122752490779096 -0.0367810291801318 0.12074864523702 0.991294283957759 0.0524919733492481 0 0 0 0 0 0
8.29265329067865 13.0813944649069 8.39737903645998 -0.82852117784847 0.0715127828953467 0.555372469374515 0.12074864523702 0.991294283957759 0.0524919733492481 0 0 0 0 0 0
8.05291460248725 13.5148093211381 8.18914353059995 -0.350517802994989 -0.00689582684031426 0.936530681481261 0.12074864523702 0.991294283957759 0.0524919733492481 0 0 0 0 0 0
7.7332753700741 13.946652273424 8.19439022305157 0.260653145561436 -0.0826845966672633 0.961885229735285 0.12074864523702 0.991294283957759 0.0524919733492481 0 0 0 0 0 0
7.47305203039313 14.3596472692979 8.4188986838871 0.772797606230874 -0.127060105807584 0.621803497349442 0.12074864523702 0.991294283957759 0.0524919733492481 0 0 0 0 0 0
7.38898792936861 14.743678910055 8.78514727150851 0.991343335806247 -0.12316335641992 0.0454882203204658 0.12074864523702 0.991294283957759 0.0524919733492481 0 0 0 0 0 0
7.53090057293378 15.0996354598409 9.16176490038326 0.833261157732126 -0.0724747887468203 -0.548108792130742 0.12074864523702 0.991294283957759 0.0524919733492481 0 0 0 0 0 0
7.86275512362258 15.4390713792515 9.41344111284555 0.358609134451942 0.00574816288504598 -0.933470110561166 0.12074864523702 0.991294283957759 0.0524919733492481 0 0 0 0 0 0
8.27635463779336 15.7798175925726 9.45233278423373 -0.252284494631529 0.0817872913327249 -0.964190527201429 0.12074864523702 0.991294283957759 0.0524919733492481 0 0 0 0 0 0
8.63244589347474 16.1392072215265 9.27143719460805 -0.767331026232667 0.126754060392511 -0.628598842151919 0.12074864523702 0.991294283957759 0.0524919733492481 0 0 0 0 0 0
8.81362401758228 16.5274904425352 8.94725247913495 -0.990855671877403 0.123564842694306 -0.0541919473567076 0.12074864523702 0.991294283957759 0.0524919733492481 0 0 0 0 0 0
8.76893656010805 16.943940273324 8.61071470755674 -0.837937681552518 0.0734312753625334 0.54080337428036 0.12074864523702 0.991294283957759 0.0524919733492481 0 0 0 0 0 0
8.53324118175817 17.3771287656422 8.39745308216214 -0.366673156434895 -0.00460006118491909 0.930338452278076 0.12074864523702 0.991294283957759 0.0524919733492481 0 0 0 0 0 0
8.21396264586157 17.8092686738685 8.39626213623746 0.243896631260598 -0.0808837575792991 0.966422397825912 0.12074864523702 0.991294283957759 0.0524919733492481 0 0 0 0 0 0
10.8372397294223 5.11836895108629 5.5542767594133 0.935780514205884 -0.277055987237074 0.218070651782081 0.0514696490873005 0.719210919330178 0.692882766952008 0 0 0 0 0 0
10.8412381281232 5.14294462128327 6.09099377177695 0.962551445339155 0.149187398032992 -0.226357759627653 0.0514696490873005 0.719210919330178 0.692882766952008 0 0 0 0 0 0
11.0646501590758 5.20152756355607 6.57611252571111 0.623632989386117 0.518751996510044 -0.584789073654919 0.0514696490873005 0.719210919330178 0.692882766952008 0 0 0 0 0 0
11.4302193495817 5.37836003975588 6.92792859190522 0.047785934177738 0.691234038442063 -0.721049241448763 0.0514696490873005 0.719210919330178 0.692882766952008 0 0 0 0 0 0
11.8066813452869 5.71275933676828 7.11538146082324 -0.546215796362978 0.601104712353119 -0.583370747115787 0.0514696490873005 0.719210919330178 0.692882766952008 0 0 0 0 0 0
12.0586334330245 6.18418047187535 7.16985494958043 -0.932701013624285 0.282605656106375 -0.22405995251476 0.0514696490873005 0.719210919330178 0.692882766952008 0 0 0 0 0 0
12.097976295359 6.72002157518407 7.17325396511183 -0.964837521880367 -0.143260013809783 0.22037496412926 0.0514696490873005 0.719210919330178 0.692882766952008 0 0 0 0 0 0
11.9173844142222 7.22320655383717 7.22688746065059 -0.630416124350973 -0.514698809299902 0.581085747427659 0.0514696490873005 0.719210919330178 0.692882766952008 0 0 0 0 0 0
11.5930891577035 7.60906592271534 7.41297947059938 -0.0564891011851195 -0.690594921831799 0.721032340042684 0.0514696490873005 0.719210919330178 0.692882766952008 0 0 0 0 0 0
11.2559172087922 7.83750415743234 7.76343082514822 0.538899075968368 -0.604122477428431 0.587046691657635 0.0514696490873005 0.719210919330178 0.692882766952008 0 0 0 0 0 0
11.0415873212044 7.9282326544108 8.24769949153186 0.9295504842494 -0.28813380346081 0.230032190214572 0.0514696490873005 0.719210919330178 0.692882766952008 0 0 0 0 0 0
11.0391484957496 7.95328104182421 8.78440400291289 0.967050122308768 0.137321719781869 -0.214375386224133 0.0514696490873005 0.719210919330178 0.692882766952008 0 0 0 0 0 0
11.2571487761034 8.00963191958275 9.2722416382588 0.637151250687205 0.510606425782696 -0.577338169270967 0.0514696490873005 0.719210919330178 0.692882766952008 0 0 0 0 0 0
11.6203877040993 8.1823755481647 9.62847501975341 0.0651879663287394 0.68990321374449 -0.720960529232321 0.0514696490873005 0.719210919330178 0.692882766952008 0 0 0 0 0 0
11.998486231071 8.51238263602754 9.82036542592447 -0.53154131632269 0.607094236238131 -0.59067793032107 0.0514696490873005 0.719210919330178 0.692882766952008 0 0 0 0 0 0
12.2554198982619 8.98077687414311 9.87761077929313 -0.926329166006238 0.293640008310556 -0.235986910072493 0.0514696490873005 0.719210919330178 0.692882766952008 0 0 0 0 0 0
12.3011968029148 9.51610636139247 9.88106290908543 -0.969189078126269 -0.13137296817333 0.208359482803356 0.0514696490873005 0.719210919330178 0.692882766952008 0 0 0 0 0 0
12.1260470267131 10.0214893764131 9.93201058953879 -0.643837855488865 -0.506475157609272 0.573546624577429 0.0514696490873005 0.719210919330178 0.692882766952008 0 0 0 0 0 0
11.8041343910944 10.4114213633204 10.1136982411112 -0.0738818671563378 -0.689158966856385 0.720833814486344 0.0514696490873005 0.719210919330178 0.692882766952008 0 0 0 0 0 0
11.4653803815328 10.6442595420483 10.4596999833769 0.524143077747828 -0.610019762471281 0.594264186573208 0.0514696490873005 0.719210919330178 0.692882766952008 0 0 0 0 0 0
2.89785193182194 7.35986249938073 2.58556934637807 -0.374128836588402 0.461104866108032 0.80461786960302 0.805969608052114 0.590851693786864 0.0361561453354317 0 0 0 0 0 0
3.00795281816147 7.87562473379525 2.48284537401839 -0.0340686211832107 -0.0146787860345845 0.999311694263219 0.805969608052114 0.590851693786864 0.0361561453354317 0 0 0 0 0 0
3.11028776123033 8.38804093847132 2.6079145338094 0.318934833006454 -0.484885721946447 0.814350298672272 0.805969608052114 0.590851693786864 0.0361561453354317 0 0 0 0 0 0
3.2853239095183 8.78992742757274 2.91861486980633 0.550769611830918 -0.770876465233904 0.320003609404803 0.805969608052114 0.590851693786864 0.0361561453354317 0 0 0 0 0 0
3.58590800815312 9.01609260216844 3.30226003863601 0.573357806743969 -0.763998351011809 -0.295917801250588 0.805969608052114 0.590851693786864 0.0361561453354317 0 0 0 0 0 0
4.01718903687595 9.06810432861175 3.61845073535955 0.378117784843658 -0.466864489869074 -0.799415091729081 0.805969608052114 0.590851693786864 0.0361561453354317 0 0 0 0 0 0
4.5346620265514 9.01369427989949 3.75241473676981 0.039224494689006 0.00763899653294038 -0.999201223352114 0.805969608052114 0.590851693786864 0.0361561453354317 0 0 0 0 0 0
5.0610762410254 8.96102554068727 3.65861078787705 -0.314570836796578 0.47924030043488 -0.819374104470105 0.805969608052114 0.590851693786864 0.0361561453354317 0 0 0 0 0 0
5.51578402335363 9.01759964303851 3.37803048608869 -0.54885544803922 0.768770201731072 -0.328253064095424 0.805969608052114 0.590851693786864 0.0361561453354317 0 0 0 0 0 0
5.84538018903157 9.24941493706373 3.02262488801127 -0.574620698198026 0.766231450237286 0.287576803427673 0.805969608052114 0.590851693786864 0.0361561453354317 0 0 0 0 0 0
6.04399154847479 9.65589271428005 2.73277243132381 -0.382077937965655 0.472588560091673 0.794151435300845 0.805969608052114 0.590851693786864 0.0361561453354317 0 0 0 0 0 0
6.15550822993665 10.1700970686393 2.62394681930119 -0.0443773810976669 -0.00059862529213484 0.999014659399286 0.805969608052114 0.590851693786864 0.0361561453354317 0 0 0 0 0 0
6.25690908598096 10.6841649663443 2.74284663032268 0.310182884799571 -0.47355838291898 0.824335511757547 0.805969608052114 0.590851693786864 0.0361561453354317 0 0 0 0 0 0
6.42901614037525 11.0902852157625 3.04965374718706 0.546899486780174 -0.766605393400962 0.33647752104433 0.805969608052114 0.590851693786864 0.0361561453354317 0 0 0 0 0 0
6.72578894998929 11.3216577416336 3.43316092556077 0.575839830061182 -0.768406197971241 -0.279213905517779 0.805969608052114 0.590851693786864 0.0361561453354317 0 0 0 0 0 0
7.15382446698461 11.3778720504992 3.75302128538622 0.386008994373402 -0.47827664086572 -0.788827301166129 0.805969608052114 0.590851693786864 0.0361561453354317 0 0 0 0 0 0
7.66985074639314 11.3250631840305 3.89306843709037 0.0495268879969432 -0.00644179153630443 -0.998752016612303 0.805969608052114 0.590851693786864 0.0361561453354317 0 0 0 0 0 0
8.19716668147893 11.2707859109784 3.80545003518197 -0.305771311174964 0.467840402098765 -0.829234142704224 0.805969608052114 0.590851693786864 0.0361561453354317 0 0 0 0 0 0
8.65478203656129 11.3231528723054 3.52880768435225 -0.544901877007802 0.764382205102113 -0.344676353927284 0.805969608052114 0.590851693786864 0.0361561453354317 0 0 0 0 0 0
8.98818699163435 11.5497607813367 3.17359634779955 -0.577015109491823 0.770522428598216 0.270829744387959 0.805969608052114 0.590851693786864 0.0361561453354317 0 0 0 0 0 0
8.09084201372914 10.8106671095913 9.18324720913435 0.898963972866197 0.157370572230947 -0.408776563032089 0.219090516621965 0.646558827930639 0.73072636982066 0 0 0 0 0 0
8.41213892286556 10.8179874278229 9.61382799277283 0.505791366456413 0.56517773315157 -0.651727875395711 0.219090516621965 0.646558827930639 0.73072636982066 0 0 0 0 0 0
8.84873098990047 10.9541400281097 9.89584738670821 -0.0795398364508502 0.758264423980121 -0.647076871587502 0.219090516621965 0.646558827930639 0.73072636982066 0 0 0 0 0 0
9.26719194871368 11.2631390277016 10.0303655874049 -0.634652525655287 0.663273782633517 -0.396590545714836 0.219090516621965 0.646558827930639 0.73072636982066 0 0 0 0 0 0
9.54098384433441 11.7233313069148 10.0744809607272 -0.948650109538902 0.316294341918165 0.00456715911522388 0.219090516621965 0.646558827930639 0.73072636982066 0 0 0 0 0 0
9.59853091763642 12.2556228913204 10.1196374181135 -0.902239656224666 -0.15085060745129 0.403989723838581 0.219090516621965 0.646558827930639 0.73072636982066 0 0 0 0 0 0
9.450412432913 12.753528075011 10.2568833457603 -0.513053272868057 -0.56068488896234 0.649929838127673 0.219090516621965 0.646558827930639 0.73072636982066 0 0 0 0 0 0
9.18534343849607 13.1236251206206 10.5422808004585 0.0710506266444155 -0.757505607005156 0.648950740664641 0.219090516621965 0.646558827930639 0.73072636982066 0 0 0 0 0 0
8.93647043665834 13.3210487392785 10.9756065969104 0.628161205191545 -0.66653728012835 0.401424406945327 0.219090516621965 0.646558827930639 0.73072636982066 0 0 0 0 0 0
8.83078680130915 13.3665351639585 11.5004370995563 0.946622839591119 -0.32234029662174 0.00139022956930565 0.219090516621965 0.646558827930639 0.73072636982066 0 0 0 0 0 0
8.94088587203028 13.3385441078811 12.0255845050763 0.905446630540151 0.144319154813833 -0.399172119263493 0.219090516621965 0.646558827930639 0.73072636982066 0 0 0 0 0 0
9.25738153067296 13.3434506076845 12.4597406134502 0.520276108286605 0.556149346448036 -0.648082306186156 0.219090516621965 0.646558827930639 0.73072636982066 0 0 0 0 0 0
9.69247414457008 13.4751313685101 12.746166339737 -0.0625560060576779 0.756689103045416 -0.650775189630364 0.219090516621965 0.646558827930639 0.73072636982066 0 0 0 0 0 0
10.113307114918 13.779299434184 12.8842478410709 -0.621622047820002 0.669750018228697 -0.406227698153051 0.219090516621965 0.646558827930639 0.73072636982066 0 0 0 0 0 0
10.392441319906 14.236137037587 12.9297297258289 -0.944523480649102 0.328361703863735 -0.00734751238247105 0.219090516621965 0.646558827930639 0.73072636982066 0 0 0 0 0 0
10.4562713677606 14.7678247017176 12.9735367449081 -0.908584651589141 -0.137776711713984 0.394324116186066 0.219090516621965 0.646558827930639 0.73072636982066 0 0 0 0 0 0
10.3129895156968 15.2681061600778 13.1072299586793 -0.527459322665177 -0.551571451007781 0.64618542026787 0.219090516621965 0.646558827930639 0.73072636982066 0 0 0 0 0 0
10.0494732944349 15.6426568888256 13.3882211593329 0.0540566215888836 -0.755814974280838 0.652550079545817 0.219090516621965 0.646558827930639 0.73072636982066 0 0 0 0 0 0
9.7982792817651 15.8449195704043 13.8179611711514 0.615035551522811 -0.672911752272114 0.411000053548787 0.219090516621965 0.646558827930639 0.73072636982066 0 0 0 0 0 0
9.68728264241704 15.8937919968794 14.3413886581085 0.942352192587162 -0.334358105090678 0.0133042356541215 0.219090516621965 0.646558827930639 0.73072636982066 0 0 0 0 0 0
0.544613926688092 2.15384501787721 2.27067841391541 -0.366137738497777 0.477617172233256 0.79863946386066 0.9301316670124 0.213893475686915 0.298504041981519 0 0 0 0 0 0
0.855474039228983 2.59144967422752 2.29419983585274 -0.280019969096146 -0.112777702054792 0.953346740082869 0.9301316670124 0.213893475686915 0.298504041981519 0 0 0 0 0 0
1.10250359100357 3.00334664984588 2.53503667718906 -0.0875179317506687 -0.660326441789598 0.745861650640099 0.9301316670124 0.213893475686915 0.298504041981519 0 0 0 0 0 0
1.32958342748183 3.2647221922811 2.94589270525736 0.138233631088676 -0.957006126219171 0.255011249977361 0.9301316670124 0.213893475686915 0.298504041981519 0 0 0 0 0 0
1.58817362451628 3.30794815813242 3.41487855578194 0.311467926334369 -0.890103183008909 -0.33272218811251 0.9301316670124 0.213893475686915 0.298504041981519 0 0 0 0 0 0
1.91776294515901 3.14827507540973 3.80802037305715 0.366370348899609 -0.485035158841952 -0.794048904120106 0.9301316670124 0.213893475686915 0.298504041981519 0 0 0 0 0 0
2.33086639836126 2.87803821296735 4.0201587176534 0.282082550532307 0.104305831524465 -0.953703165662765 0.9301316670124 0.213893475686915 0.298504041981519 0 0 0 0 0 0
2.80827057783309 2.63157786810297 4.01490039562851 0.0906268750490392 0.654019292594233 -0.751029649503523 0.9301316670124 0.213893475686915 0.298504041981519 0 0 0 0 0 0
3.30633315632393 2.53420124156419 3.83844484136812 -0.135259465465907 0.955259889787998 -0.263027412951765 0.9301316670124 0.213893475686915 0.298504041981519 0 0 0 0 0 0
3.77356333540587 2.65457613695988 3.60203218004919 -0.309758473632689 0.893581283757648 0.324903335364199 0.9301316670124 0.213893475686915 0.298504041981519 0 0 0 0 0 0
4.17018406067667 2.9786429141047 3.43968124424964 -0.366575058780911 0.492416208145412 0.789397874481219 0.9301316670124 0.213893475686915 0.298504041981519 0 0 0 0 0 0
4.48324398976406 3.41495598139016 3.45727357877651 -0.284123650290118 -0.0958260177012316 0.953986963054182 0.9301316670124 0.213893475686915 0.298504041981519 0 0 0 0 0 0
4.73153792382786 3.82942550492546 3.69232727154883 -0.0937289167599984 -0.647662337297599 0.756140454551407 0.9301316670124 0.213893475686915 0.298504041981519 0 0 0 0 0 0
4.95846634836704 4.09626037829505 4.09974320472814 0.132274999311165 -0.953440906617779 0.271023545370321 0.9301316670124 0.213893475686915 0.298504041981519 0 0 0 0 0 0
5.21554686316123 4.14575836700105 4.56893896360238 0.308025431623963 -0.896991334831987 -0.317059739968986 0.9301316670124 0.213893475686915 0.298504041981519 0 0 0 0 0 0
5.54284178478613 3.99078715270823 4.96586094477439 0.366751852552235 -0.499759758048155 -0.784686729137911 0.9301316670124 0.213893475686915 0.298504041981519 0 0 0 0 0 0
5.95373780274019 3.72189568584337 5.18391356134921 0.28614311293193 0.0873389063557443 -0.954198110644853 0.9301316670124 0.213893475686915 0.298504041981519 0 0 0 0 0 0
6.42986015229058 3.47291312543042 5.18445668857865 0.0968238206510601 0.641256060006453 -0.76119367657616 0.9301316670124 0.213893475686915 0.298504041981519 0 0 0 0 0 0
6.92805349480495 3.3701049040731 5.01148569328157 -0.129280459903102 0.951549315231125 -0.278999038296586 0.9301316670124 0.213893475686915 0.298504041981519 0 0 0 0 0 0
7.39677735241659 3.48420237906325 4.77491685842605 -0.306268932286051 0.900333076543336 0.309191999247028 0.9301316670124 0.213893475686915 0.298504041981519 0 0 0 0 0 0
9.76382194024252 8.4056732214922 1.93671663612363 0.890153810444575 0.318168025592871 -0.326182926042027 0.189399567428335 0.392721306101549 0.899943209092581 0 0 0 0 0 0
10.0849050808887 8.29142786769711 2.35209443770597 0.478050102969811 0.763690577812437 -0.43387187096084 0.189399567428335 0.392721306101549 0.899943209092581 0 0 0 0 0 0
10.5149597575487 8.35126580514392 2.668571132651 -0.115672831194679 0.919074311295497 -0.376725638150783 0.189399567428335 0.392721306101549 0.899943209092581 0 0 0 0 0 0
10.9186468086982 8.62060676076925 2.89917320652587 -0.665449722841707 0.725286347814353 -0.17645503689046 0.189399567428335 0.392721306101549 0.899943209092581 0 0 0 0 0 0
11.1706445745876 9.05527676220004 3.08955234918939 -0.962411139055113 0.25594997465746 0.0908537830554397 0.189399567428335 0.392721306101549 0.899943209092581 0 0 0 0 0 0
11.203260691047 9.54829056840746 3.30064161455911 -0.893736472885316 -0.310626073127176 0.32364573182433 0.189399567428335 0.392721306101549 0.899943209092581 0 0 0 0 0 0
11.0321495503908 9.97049715147169 3.58550593468172 -0.485516378189408 -0.759190082339806 0.433479256005081 0.189399567428335 0.392721306101549 0.899943209092581 0 0 0 0 0 0
10.7503649360495 10.2196463313786 3.96918186485013 0.107159505981616 -0.919325086290255 0.378626763442828 0.189399567428335 0.392721306101549 0.899943209092581 0 0 0 0 0 0
10.4930073344685 10.259235328939 4.43916577765885 0.659123702218827 -0.730193119663256 0.179927633146741 0.189399567428335 0.392721306101549 0.899943209092581 0 0 0 0 0 0
10.3858970015476 10.1323767818967 4.95016420010479 0.960675784022474 -0.26364857869826 -0.0871290132113979 0.189399567428335 0.392721306101549 0.899943209092581 0 0 0 0 0 0
10.4977727438224 9.94541953304436 5.44130156124768 0.897251073833405 0.303060465283374 -0.321083890731109 0.189399567428335 0.392721306101549 0.899943209092581 0 0 0 0 0 0
10.8141768966095 9.82754492678919 5.85924783939549 0.492945679457053 0.754631771603081 -0.433053629925694 0.189399567428335 0.392721306101549 0.899943209092581 0 0 0 0 0 0
11.2429480325394 9.88168865661545 6.17847952897568 -0.0986380201572881 0.91950585112038 -0.380499054840924 0.189399567428335 0.392721306101549 0.899943209092581 0 0 0 0 0 0
11.6492346286708 10.1454337741369 6.41097644703247 -0.652747486774123 0.73504428447904 -0.183386527217139 0.189399567428335 0.392721306101549 0.899943209092581 0 0 0 0 0 0
11.9067274146533 10.5767322594335 6.60167040043985 -0.958867269809474 0.271327104879036 0.0833976081556662 0.189399567428335 0.392721306101549 0.899943209092581 0 0 0 0 0 0
11.945646376312 11.0698797668247 6.81137484125042 -0.900697345638373 -0.295471778211794 0.318497597856482 0.189399567428335 0.392721306101549 0.899943209092581 0 0 0 0 0 0
11.7792513496919 11.4956744730754 7.09368081951392 -0.50033744100269 -0.750015992735273 0.432595025135754 0.189399567428335 0.392721306101549 0.899943209092581 0 0 0 0 0 0
11.4988043876521 11.7505030101829 7.47459684736873 0.0901090226658322 -0.919616592019931 0.382342369762831 0.189399567428335 0.392721306101549 0.899943209092581 0 0 0 0 0 0
11.2388977801643 11.7957049162036 7.9426678304414 0.646321562081086 -0.739839472826721 0.186831455693479 0.189399567428335 0.392721306101549 0.899943209092581 0 0 0 0 0 0
11.1263201930893 11.6722603911144 8.45332704971806 0.956985734141472 -0.278984968450289 -0.0796598520491865 0.189399567428335 0.392721306101549 0.899943209092581 0 0 0 0 0 0
12.9764155870106 1.10030615327839 11.836136173209 -0.163934932300416 0.690785974022993 0.704230130046111 0.983395979194824 0.0581144197588776 0.171915858254971 0 0 0 0 0 0
13.3684051418611 1.45525554135715 11.7410560863927 -0.178432149426808 0.136955064174163 0.974374300999354 0.983395979194824 0.0581144197588776 0.171915858254971 0 0 0 0 0 0
13.7197210826353 1.84142384062371 11.868084652148 -0.125140009759506 -0.468907364320997 0.874337384333374 0.983395979194824 0.0581144197588776 0.171915858254971 0 0 0 0 0 0
14.0425113542474 2.1207046914391 12.194418452173 -0.0243050881551782 -0.896624045397553 0.442125077217631 0.983395979194824 0.0581144197588776 0.171915858254971 0 0 0 0 0 0
14.3597612802497 2.19560006289381 12.6215346774614 0.0857637427987052 -0.983698260872962 -0.158057938670186 0.983395979194824 0.0581144197588776 0.171915858254971 0 0 0 0 0 0
14.6965610541215 2.04626138483042 13.0126215906565 0.163249493970047 -0.697049060484868 -0.698192101069388 0.983395979194824 0.0581144197588776 0.171915858254971 0 0 0 0 0 0
15.0705735552805 1.73803035149682 13.2445555924443 0.178714032996181 -0.145579267979765 -0.973071411122902 0.983395979194824 0.0581144197588776 0.171915858254971 0 0 0 0 0 0
15.4853239258842 1.39661451944657 13.2546779354488 0.126282122947774 0.461198522386414 -0.878264623204414 0.983395979194824 0.0581144197588776 0.171915858254971 0 0 0 0 0 0
15.9288603103873 1.16032890508594 13.0645998299593 0.0258735230670041 0.892759283269901 -0.449790421129124 0.983395979194824 0.0581144197588776 0.171915858254971 0 0 0 0 0 0
16.3782945652876 1.12754779743739 12.7719919838207 -0.0843648608091578 0.985145866299913 0.149566682027933 0.983395979194824 0.0581144197588776 0.171915858254971 0 0 0 0 0 0
16.808497847512 1.31933072100957 12.5134778675565 -0.162551623558667 0.703259063962052 0.692100902061007 0.983395979194824 0.0581144197588776 0.171915858254971 0 0 0 0 0 0
17.2016474820314 1.67142157033998 12.412728173694 -0.178982306800022 0.154192385360478 0.971694418091093 0.983395979194824 0.0581144197588776 0.171915858254971 0 0 0 0 0 0
17.5539980940841 2.05866057876498 12.5334762530099 -0.127414619263459 -0.453454558398748 0.882124978824058 0.983395979194824 0.0581144197588776 0.171915858254971 0 0 0 0 0 0
17.8773045396666 2.34253460633501 12.8553047490048 -0.0274399876098749 -0.88882653406637 0.457421511758613 0.983395979194824 0.0581144197588776 0.171915858254971 0 0 0 0 0 0
18.19435603921 2.42380059749765 13.2814024929979 0.0829595541088279 -0.986518449054999 -0.141064035303773 0.983395979194824 0.0581144197588776 0.171915858254971 0 0 0 0 0 0
18.5303181717229 2.28018967715735 13.6753446857049 0.161841374211808 -0.709415511538738 -0.685956996889357 0.983395979194824 0.0581144197588776 0.171915858254971 0 0 0 0 0 0
18.9031720505797 1.97486746864001 13.9129229593872 0.179236950408242 -0.162793760394066 -0.970243426767279 0.983395979194824 0.0581144197588776 0.171915858254971 0 0 0 0 0 0
19.3168829979217 1.63243641731853 13.9293342134093 0.128537412462581 0.445676062090839 -0.885918157211278 0.983395979194824 0.0581144197588776 0.171915858254971 0 0 0 0 0 0
19.759894052479 1.39159723837387 13.7438003956195 0.029004362491451 0.884826097281038 -0.465017767969002 0.983395979194824 0.0581144197588776 0.171915858254971 0 0 0 0 0 0
20.2095166523789 1.35245419614552 13.4522657629895 -0.0815479297172617 0.987815904610727 0.132550646007173 0.983395979194824 0.0581144197588776 0.171915858254971 0 0 0 0 0 0
7.99543360311171 2.18333752396851 5.45162583664896 -0.00749801866948282 0.873454053886684 -0.486848842521937 0.761681633481454 0.320439695974684 0.563169149066846 0 0 0 0 0 0
8.51940345413275 2.27880607949027 5.38072835964206 -0.385989090094453 0.922498946017379 -0.00284902174110767 0.761681633481454 0.320439695974684 0.563169149066846 0 0 0 0 0 0
8.95538707992159 2.58455829878317 5.30918144803964 -0.617836452799098 0.621071065196187 0.482233190032272 0.761681633481454 0.320439695974684 0.563169149066846 0 0 0 0 0 0
9.25053486685462 3.03188368692957 5.34755960727856 -0.614957417410734 0.0836879029524956 0.784106950403409 0.761681633481454 0.320439695974684 0.563169149066846 0 0 0 0 0 0
9.40550309113921 3.49828573518723 5.5646749705339 -0.378445777608303 -0.485489692809971 0.788085370747184 0.761681633481454 0.320439695974684 0.563169149066846 0 0 0 0 0 0
9.47420458851018 3.8540203926929 5.9614344188482 0.00184374038350364 -0.870221637319124 0.492656982659356 0.761681633481454 0.320439695974684 0.563169149066846 0 0 0 0 0 0
9.54332636655958 4.01138800059012 6.47049504186117 0.381432790577922 -0.924341832480849 0.0100599700737368 0.761681633481454 0.320439695974684 0.563169149066846 0 0 0 0 0 0
9.69939576122302 3.95805185868887 6.98184883536899 0.616109146415612 -0.627289111311796 -0.476358993336625 0.761681633481454 0.320439695974684 0.563169149066846 0 0 0 0 0 0
9.99590725519779 3.76172514412642 7.38461658135707 0.616715336734401 -0.0919187690407366 -0.781801210880752 0.761681633481454 0.320439695974684 0.563169149066846 0 0 0 0 0 0
10.4329990295862 3.5444455432689 7.60917271672547 0.383021059697219 0.478373050388763 -0.790224077392083 0.761681633481454 0.320439695974684 0.563169149066846 0 0 0 0 0 0
10.9574004665843 3.43621109429953 7.65359724878791 0.00381067831044408 0.866922950004683 -0.498427605060146 0.761681633481454 0.320439695974684 0.563169149066846 0 0 0 0 0 0
11.4826705478232 3.5255917590615 7.58440519259384 -0.376847443477613 0.926114326735041 -0.0172701523006961 0.761681633481454 0.320439695974684 0.563169149066846 0 0 0 0 0 0
11.9220382424638 3.82608021374295 7.51127640463942 -0.614334920935263 0.63345938693293 0.470448520059336 0.761681633481454 0.320439695974684 0.563169149066846 0 0 0 0 0 0
12.2213682725472 4.27096575560759 7.54538637163522 -0.618426290797466 0.100142635158837 0.77943593416902 0.761681633481454 0.320439695974684 0.563169149066846 0 0 0 0 0 0
12.3797280101845 4.73867881430767 7.75716878434983 -0.387567173249513 -0.471219978007672 0.792302605414012 0.761681633481454 0.320439695974684 0.563169149066846 0 0 0 0 0 0
12.4497417984847 5.09897726419395 8.14955660089839 -0.00946480680648478 -0.86355824315117 0.504160270269069 0.761681633481454 0.320439695974684 0.563169149066846 0 0 0 0 0 0
12.5175980837756 5.26242758538203 8.65686776691822 0.372233397985458 -0.927816293797655 0.0244790193386936 0.761681633481454 0.320439695974684 0.563169149066846 0 0 0 0 0 0
12.6703049838496 5.21438215320514 9.16975892616654 0.612513911472191 -0.639581422169212 -0.46450222030583 0.761681633481454 0.320439695974684 0.563169149066846 0 0 0 0 0 0
12.9626344493165 5.02054411572033 9.57676678968056 0.620090149304151 -0.108358875027552 -0.777011300393192 0.761681633481454 0.320439695974684 0.563169149066846 0 0 0 0 0 0
13.3963134838284 4.80200566926347 9.80665490282126 0.392083772061036 0.464031020400853 -0.794320796525014 0.761681633481454 0.320439695974684 0.563169149066846 0 0 0 0 0 0
9.49403421483941 1.57644867219544 10.5136151959546 -0.275087086085003 0.939495001787699 -0.204147585548287 0.910438245040684 0.322787098658436 0.258671009019002 0 0 0 0 0 0
9.92622016647138 1.76898154275511 10.2589948921994 -0.403971989126814 0.828290919475489 0.388253505734815 0.910438245040684 0.322787098658436 0.258671009019002 0 0 0 0 0 0
10.2663206904709 2.15032335447142 10.0928769872929 -0.379381179447869 0.402405268568865 0.833150598936809 0.910438245040684 0.322787098658436 0.258671009019002 0 0 0 0 0 0
10.519941262678 2.62339345981971 10.1166757876292 -0.210657116781612 -0.17636087172438 0.961519850067525 0.910438245040684 0.322787098658436 0.258671009019002 0 0 0 0 0 0
10.7255425384865 3.05626209890923 10.3596530680426 0.0380991065491526 -0.688124568253 0.724591634402978 0.910438245040684 0.322787098658436 0.258671009019002 0 0 0 0 0 0
10.9398285068316 3.3322727210136 10.7678010343175 0.272380842318801 -0.93845823647305 0.212378942302653 0.910438245040684 0.322787098658436 0.258671009019002 0 0 0 0 0 0
11.2162036967537 3.39436175858531 11.2243607871727 0.403180542126706 -0.832255930471996 -0.38052006076501 0.910438245040684 0.322787098658436 0.258671009019002 0 0 0 0 0 0
11.5844839039397 3.26673803061896 11.5941809802036 0.380805213161484 -0.409865681907507 -0.828853130791898 0.910438245040684 0.322787098658436 0.258671009019002 0 0 0 0 0 0
12.039568671448 3.04568540756535 11.7750640759905 0.213755616992572 0.168239391802413 -0.962291038745596 0.910438245040684 0.322787098658436 0.258671009019002 0 0 0 0 0 0
12.5433790385755 2.86298295916676 11.7365928992168 -0.0345033118751506 0.682427507753966 -0.730138492431646 0.910438245040684 0.322787098658436 0.258671009019002 0 0 0 0 0 0
13.0393243746754 2.83583988263329 11.5316866301195 -0.269653855696892 0.937350003930305 -0.220594125578305 0.910438245040684 0.322787098658436 0.258671009019002 0 0 0 0 0 0
13.4738021058846 3.02236576898951 11.2764959231556 -0.402358391367338 0.836157561957189 0.372757637719334 0.910438245040684 0.322787098658436 0.258671009019002 0 0 0 0 0 0
13.8165622291213 3.39949379790359 11.1062753314386 -0.382200247083769 0.417294882387612 0.824492542272042 0.910438245040684 0.322787098658436 0.258671009019002 0 0 0 0 0 0
14.0721997940094 3.87174420838814 11.1239978406753 -0.216837838885711 -0.160105099799395 0.962988945235406 0.910438245040684 0.322787098658436 0.258671009019002 0 0 0 0 0 0
14.2784091667006 4.3074986563357 11.3612337102789 0.0309048896403642 -0.676678477758092 0.735629747587268 0.910438245040684 0.322787098658436 0.258671009019002 0 0 0 0 0 0
14.4916633099578 4.58900422398658 11.7661564039916 0.266906333889864 -0.936170388555663 0.228792509757229 0.910438245040684 0.322787098658436 0.258671009019002 0 0 0 0 0 0
14.7657587604234 4.65710972210956 12.2232323575024 0.401505599458674 -0.839995516806722 -0.364966827736355 0.910438245040684 0.322787098658436 0.258671009019002 0 0 0 0 0 0
15.131377424919 4.53373821574595 12.597114111147 0.38356617497749 -0.424692304246801 -0.82006916545294 0.910438245040684 0.322787098658436 0.258671009019002 0 0 0 0 0 0
15.5844300110697 4.31355808526632 12.7840610727232 0.219903547737896 0.151958615173156 -0.963613516388673 0.910438245040684 0.322787098658436 0.258671009019002 0 0 0 0 0 0
16.0876096178464 4.12801692589679 12.7513523029183 -0.0273041138785786 0.670877916076269 -0.741064981689506 0.910438245040684 0.322787098658436 0.258671009019002 0 0 0 0 0 0
12.2382992846207 4.94354431231662 0.740291911772035 0.92454185138986 -0.162126890624035 -0.344872782871007 0.347791503755715 0.72889205966431 0.589709619451522 0 0 0 0 0 0
12.5340327304754 4.97514382812277 1.18776068355621 0.657579790788387 0.258699000126683 -0.707575894219239 0.347791503755715 0.72889205966431 0.589709619451522 0 0 0 0 0 0
12.9796615103312 5.06571378914777 1.4739375079892 0.140792173518598 0.581240815512647 -0.801459093315499 0.347791503755715 0.72889205966431 0.589709619451522 0 0 0 0 0 0
13.4573838705706 5.28877761235764 1.57742170688298 -0.42948474439052 0.68295952725715 -0.590854583179736 0.347791503755715 0.72889205966431 0.589709619451522 0 0 0 0 0 0
13.8372051698123 5.66752208129513 1.54622058494967 -0.836593227303677 0.525210496122288 -0.155774538332162 0.347791503755715 0.72889205966431 0.589709619451522 0 0 0 0 0 0
14.0263250165668 6.16598829934947 1.47951065210209 -0.925865956071307 0.167925216459346 0.338486858039195 0.347791503755715 0.72889205966431 0.589709619451522 0 0 0 0 0 0
14.0043936895024 6.7027330757795 1.48995880919505 -0.663386728474157 -0.253157660496399 0.704151437842987 0.347791503755715 0.72889205966431 0.589709619451522 0 0 0 0 0 0
13.8312433368088 7.18177055553375 1.66091830870047 -0.148875791495044 -0.578061709659192 0.802297113626003 0.347791503755715 0.72889205966431 0.589709619451522 0 0 0 0 0 0
13.6241567427596 7.52903885038245 2.01476146050126 0.422195547743533 -0.683350450646068 0.595636702250083 0.347791503755715 0.72889205966431 0.589709619451522 0 0 0 0 0 0
13.5133096371029 7.72053738850473 2.50438001732169 0.83286773966121 -0.529022930422238 0.16268394917476 0.347791503755715 0.72889205966431 0.589709619451522 0 0 0 0 0 0
13.5923147589082 7.79144513299152 3.03108238547536 0.927119552475564 -0.173710754139275 -0.332075156122637 0.347791503755715 0.72889205966431 0.589709619451522 0 0 0 0 0 0
13.8826568118721 7.82275550560646 3.48208821134212 0.669143146692147 0.247597041930128 -0.70067335760851 0.347791503755715 0.72889205966431 0.589709619451522 0 0 0 0 0 0
14.3255300661791 7.91050563172002 3.7733755232953 0.156948072003573 0.57483858216849 -0.803074035905085 0.347791503755715 0.72889205966431 0.589709619451522 0 0 0 0 0 0
14.8041796384378 8.1292902307262 3.88160208349516 -0.414874199270989 0.683689334252471 -0.600373461279452 0.347791503755715 0.72889205966431 0.589709619451522 0 0 0 0 0 0
15.1882586239185 8.50392183498755 3.85297349430558 -0.829078825915788 0.532795077577841 -0.169580971004771 0.347791503755715 0.72889205966431 0.589709619451522 0 0 0 0 0 0
15.3833490649448 9.0000040939472 3.7856889174396 -0.928302545136411 0.179483063072728 0.32563816539726 0.347791503755715 0.72889205966431 0.589709619451522 0 0 0 0 0 0
15.3668329115981 9.53699952278171 3.79263357062214 -0.674848607068823 -0.242017567890503 0.697141918385084 0.347791503755715 0.72889205966431 0.589709619451522 0 0 0 0 0 0
15.196484997036 10.0188270394005 3.95849174603616 -0.165008400308769 -0.571571678494178 0.803789800987105 0.347791503755715 0.72889205966431 0.589709619451522 0 0 0 0 0 0
14.9885234124315 10.370364773922 4.30757383187648 0.407521256521919 -0.683976152269059 0.605064499545305 0.347791503755715 0.72889205966431 0.589709619451522 0 0 0 0 0 0
14.8734563110738 10.5659901230124 4.79458038942653 0.825226774607864 -0.536526650325486 0.176465078587281 0.347791503755715 0.72889205966431 0.589709619451522 0 0 0 0 0 0
4.55150907687284 1.8405583510843 11.4775966206095 -0.413184711152558 0.91060590859007 0.00867604233679927 0.825884339631143 0.370694646021009 0.424853547664828 0 0 0 0 0 0
4.96129524442506 2.15310876976931 11.3256998307124 -0.55966326003618 0.6304935501395 0.537824245082132 0.825884339631143 0.370694646021009 0.424853547664828 0 0 0 0 0 0
5.2435061542422 2.60938021304713 11.2964000944044 -0.49351637936134 0.110846150700918 0.862644025178905 0.825884339631143 0.370694646021009 0.424853547664828 0 0 0 0 0 0
5.41321998985541 3.090919039865 11.4637400907791 -0.23987437501328 -0.450913554637752 0.859730917471237 0.825884339631143 0.370694646021009 0.424853547664828 0 0 0 0 0 0
5.52825445413669 3.46967210771518 11.8270557768428 0.104899914888005 -0.841363661696938 0.530191660281836 0.825884339631143 0.370694646021009 0.424853547664828 0 0 0 0 0 0
5.66720085731737 3.656636302408 12.3112286685503 0.409820973290289 -0.912165646827187 -0.000776272980480632 0.825884339631143 0.370694646021009 0.424853547664828 0 0 0 0 0 0
5.8995659642546 3.63567230920523 12.7952246088075 0.559044192098311 -0.636420652131452 -0.53144928715892 0.825884339631143 0.370694646021009 0.424853547664828 0 0 0 0 0 0
6.25936521237099 3.46963620832409 13.1580766673347 0.495877175607732 -0.118888811305102 -0.860215831787441 0.825884339631143 0.370694646021009 0.424853547664828 0 0 0 0 0 0
6.73219967826997 3.2764993991651 13.3248424999392 0.24431812947952 0.443810876650981 -0.862171999878166 0.825884339631143 0.370694646021009 0.424853547664828 0 0 0 0 0 0
7.26072646947128 3.18452929330324 13.2950761980432 -0.100061458819255 0.837899392445196 -0.536574610468044 0.825884339631143 0.370694646021009 0.424853547664828 0 0 0 0 0 0
7.7664442479863 3.28355838031381 13.1429976968077 -0.406426025974217 0.913655920118705 -0.00712355549203079 0.825884339631143 0.370694646021009 0.424853547664828 0 0 0 0 0 0
8.17951720109229 3.59085536306365 12.9892953808736 -0.558382550780786 0.642299288226741 0.525033857314902 0.825884339631143 0.370694646021009 0.424853547664828 0 0 0 0 0 0
8.46530683417827 4.04456448877476 12.9552745492347 -0.498200208887335 0.126922418066008 0.857722129629925 0.825884339631143 0.370694646021009 0.424853547664828 0 0 0 0 0 0
8.63753171397248 4.52720558367764 13.1167715040331 -0.248743278174284 -0.436674400747668 0.86454742454927 0.825884339631143 0.370694646021009 0.424853547664828 0 0 0 0 0 0
8.75305555568015 4.9103067351901 13.4753420714606 0.0952153826830112 -0.834371313910661 0.542916698420233 0.825884339631143 0.370694646021009 0.424853547664828 0 0 0 0 0 0
8.89028374686637 5.1032129194431 13.9576705173759 0.403000127742725 -0.915076614974543 0.0150228414782115 0.825884339631143 0.370694646021009 0.424853547664828 0 0 0 0 0 0
9.11937582985196 5.08752736051972 14.4434234204789 0.557678386470154 -0.648129010744469 -0.518578444109897 0.825884339631143 0.370694646021009 0.424853547664828 0 0 0 0 0 0
9.4755907185808 4.92410077320374 14.8109663509299 0.500485302292171 -0.134946359193378 -0.855163108611431 0.825884339631143 0.370694646021009 0.424853547664828 0 0 0 0 0 0
9.94589124771492 4.72991315906353 14.9835748238652 0.253149484105366 0.429504670398086 -0.866857010586763 0.825884339631143 0.370694646021009 0.424853547664828 0 0 0 0 0 0
10.4738972097162 4.63363114805495 14.9585832139615 -0.090362055526735 0.83077969477017 -0.549217441163849 0.825884339631143 0.370694646021009 0.424853547664828 0 0 0 0 0 0
7.24481677938166 3.25300884685083 2.08782754370471 0.556274423740501 0.772823927428198 -0.305453667004718 0.0610630602293487 0.32856614223707 0.942504956406531 0 0 0 0 0 0
7.62359267678121 3.27813416532357 2.46806778360465 -0.035351884095435 0.944386526136076 -0.326931695532167 0.0610630602293487 0.32856614223707 0.942504956406531 0 0 0 0 0 0
7.99431011108885 3.5185324221442 2.77378393322113 -0.613547420111533 0.75716089426415 -0.224202906920485 0.0610630602293487 0.32856614223707 0.942504956406531 0 0 0 0 0 0
8.22516939167677 3.93152552863644 3.02839302315052 -0.958646033261428 0.282277179606199 -0.0362956854970057 0.0610630602293487 0.32856614223707 0.942504956406531 0 0 0 0 0 0
8.23750527881891 4.40886372710179 3.27472851042882 -0.939538990668353 -0.299848355006913 0.165400873678287 0.0610630602293487 0.32856614223707 0.942504956406531 0 0 0 0 0 0
8.03567322347556 4.81785148360856 3.55876713206644 -0.563485377266131 -0.768056486355746 0.304258875588061 0.0610630602293487 0.32856614223707 0.942504956406531 0 0 0 0 0 0
7.70539465865431 5.05176073988361 3.91216157396787 0.0266457519326022 -0.944467117318372 0.327523843724805 0.0610630602293487 0.32856614223707 0.942504956406531 0 0 0 0 0 0
7.3811899938245 5.07037868704823 4.34021508635193 0.606653714478925 -0.762058899763626 0.226357027723847 0.0610630602293487 0.32856614223707 0.942504956406531 0 0 0 0 0 0
7.19527206229855 4.91528528403352 4.81986669032796 0.956183788185486 -0.29013176524332 0.0391933924029133 0.0610630602293487 0.32856614223707 0.942504956406531 0 0 0 0 0 0
7.22731625537584 4.69405633600259 5.30845242933547 0.942443654219968 0.292021277637359 -0.162860467970463 0.0610630602293487 0.32856614223707 0.942504956406531 0 0 0 0 0 0
7.47419050908661 4.53939364739755 5.7599141195447 0.570653419198661 0.763230554808207 -0.303040913680041 0.0610630602293487 0.32856614223707 0.942504956406531 0 0 0 0 0 0
7.85114522765935 4.55870938777613 6.14229762394536 -0.0179375905925965 0.944475783673031 -0.328091049708684 0.0610630602293487 0.32856614223707 0.942504956406531 0 0 0 0 0 0
8.2240110718921 4.79331841276095 6.44989276324153 -0.599713809817205 0.766898871527455 -0.22849391056317 0.0610630602293487 0.32856614223707 0.942504956406531 0 0 0 0 0 0
8.460172134307 5.20274205964096 6.70540270843526 -0.953648726012057 0.297964256223228 -0.042088114580246 0.0610630602293487 0.32856614223707 0.942504956406531 0 0 0 0 0 0
8.47894893962085 5.68008666810251 6.95131866658611 -0.945276547038495 -0.284171961716905 0.160307659807464 0.0610630602293487 0.32856614223707 0.942504956406531 0 0 0 0 0 0
8.2822499262941 6.09265426894921 7.23377676083417 -0.577778003663944 -0.758346500298952 0.301799874033175 0.0610630602293487 0.32856614223707 0.942504956406531 0 0 0 0 0 0
7.95384639885235 6.33235676119136 7.58503014586423 0.00922806323561905 -0.944412524540077 0.328633270288871 0.0610630602293487 0.32856614223707 0.942504956406531 0 0 0 0 0 0
7.62754640871552 6.35678038874861 8.0111954951971 0.592728234626981 -0.771680440973047 0.230613392706553 0.0610630602293487 0.32856614223707 0.942504956406531 0 0 0 0 0 0
7.43635883831213 6.2052994355051 8.48992917465369 0.951041039795941 -0.305774056071408 0.0449796315847027 0.0610630602293487 0.32856614223707 0.942504956406531 0 0 0 0 0 0
7.46196110285477 5.98411727655892 8.9789159625453 0.948037453388178 0.276301005001351 -0.157742643595513 0.0610630602293487 0.32856614223707 0.942504956406531 0 0 0 0 0 0
2.91202369132602 5.31961801362611 3.4095976792777 -0.175618145395294 -0.704070048307659 0.688072404681345 0.574915830435706 0.494017947996437 0.65224079523732 0 0 0 0 0 0
2.83493111283516 5.61139680400053 3.8541277389448 0.326337544639859 -0.869451622437168 0.370887696209787 0.574915830435706 0.494017947996437 0.65224079523732 0 0 0 0 0 0
2.83222718791319 5.70498406968306 4.38320166063291 0.704312145393543 -0.704513988746867 -0.0872034489634691 0.574915830435706 0.494017947996437 0.65224079523732 0 0 0 0 0 0
2.99007123869488 5.63797734946317 4.89239755338595 0.814706786641108 -0.271919711885878 -0.512164545911587 0.574915830435706 0.494017947996437 0.65224079523732 0 0 0 0 0 0
3.3336277271262 5.50898652236294 5.28484552178315 0.615580698472629 0.263981409775698 -0.742545768933327 0.574915830435706 0.494017947996437 0.65224079523732 0 0 0 0 0 0
3.81750585514364 5.44017026592726 5.50803015878777 0.182585210993967 0.699591580329678 -0.690821439634087 0.574915830435706 0.494017947996437 0.65224079523732 0 0 0 0 0 0
4.3430042877522 5.53082593224041 5.57374202689108 -0.319777450803239 0.869415212968941 -0.376642495499318 0.574915830435706 0.494017947996437 0.65224079523732 0 0 0 0 0 0
4.79560944038834 5.81966482370602 5.55359822629424 -0.700651312646429 0.708933470354105 0.0806292298023552 0.574915830435706 0.494017947996437 0.65224079523732 0 0 0 0 0 0
5.08850110426071 6.27010512204548 5.55183386116785 -0.815336026549988 0.279116049616201 0.50726856265328 0.574915830435706 0.494017947996437 0.65224079523732 0 0 0 0 0 0
5.19553689522643 6.78416993267734 5.6657013808595 -0.620260952275789 -0.25674222494239 0.741188087474132 0.574915830435706 0.494017947996437 0.65224079523732 0 0 0 0 0 0
5.16118418260434 7.23971034505518 5.94852274841239 -0.189538372021916 -0.695059835744276 0.693517865859577 0.574915830435706 0.494017947996437 0.65224079523732 0 0 0 0 0 0
5.08362619211602 7.53681184600502 6.38943153530955 0.313193004675672 -0.869312594166167 0.382368612004586 0.574915830435706 0.494017947996437 0.65224079523732 0 0 0 0 0 0
5.07746055689816 7.63575351376173 6.9175012593444 0.696937122589175 -0.713298963932829 -0.0740488704132232 0.574915830435706 0.494017947996437 0.65224079523732 0 0 0 0 0 0
5.23016176070365 7.57209866024597 7.42869154103861 0.815903175463744 -0.286291131578704 -0.502333948929957 0.574915830435706 0.494017947996437 0.65224079523732 0 0 0 0 0 0
5.56884811902853 7.44318373427867 7.82537478326827 0.624893970805996 0.249483488194636 -0.739773961672451 0.574915830435706 0.494017947996437 0.65224079523732 0 0 0 0 0 0
6.04997907766096 7.37113857729535 8.05342652765767 0.196477098969008 0.690475159661348 -0.696161478014518 0.574915830435706 0.494017947996437 0.65224079523732 0 0 0 0 0 0
6.57589699718554 7.45648725468267 8.12278824122891 -0.306584707688223 0.869143773843667 -0.388065609659649 0.574915830435706 0.494017947996437 0.65224079523732 0 0 0 0 0 0
7.03192892294588 7.7399572826653 8.10369038686774 -0.693169858071734 0.7176101370338 0.0674628719159172 0.574915830435706 0.494017947996437 0.65224079523732 0 0 0 0 0 0
7.32995275774815 8.18700656396442 8.09997069628251 -0.816408190191791 0.293444411363116 0.497361080531558 0.574915830435706 0.494017947996437 0.65224079523732 0 0 0 0 0 0
7.44187631990788 8.700946508067 8.20962447965395 -0.62947940124095 -0.242205752313341 0.738303499219436 0.574915830435706 0.494017947996437 0.65224079523732 0 0 0 0 0 0
1.69350585677615 6.343277407471 5.70291026338725 -0.416786513491178 0.682359868387853 -0.600561414166429 0.542444029390603 0.716852787509958 0.438037162827186 0 0 0 0 0 0
2.11405174969166 6.65006981503177 5.56985135638242 -0.765322112277583 0.636710171066576 -0.094245543763885 0.542444029390603 0.716852787509958 0.438037162827186 0 0 0 0 0 0
2.36014244303261 7.10200032612128 5.41530917471119 -0.823099045106373 0.349163634530732 0.447875784416022 0.542444029390603 0.716852787509958 0.438037162827186 0 0 0 0 0 0
2.41860768314271 7.63352269868852 5.36286029219001 -0.568166889217085 -0.0710360044679945 0.819841614012489 0.542444029390603 0.716852787509958 0.438037162827186 0 0 0 0 0 0
2.34755926297838 8.14885241180214 5.49729433137934 -0.0973786328704129 -0.46424787771067 0.88033590742479 0.542444029390603 0.716852787509958 0.438037162827186 0 0 0 0 0 0
2.25431338038721 8.55835680658402 5.83240096836595 0.410405394187649 -0.681084220400467 0.606375871174941 0.542444029390603 0.716852787509958 0.438037162827186 0 0 0 0 0 0
2.25461942031455 8.81260803189527 6.30573100426654 0.762269550381547 -0.63916528063921 0.102043503401806 0.542444029390603 0.716852787509958 0.438037162827186 0 0 0 0 0 0
2.4286848282362 8.92116151137345 6.80232185997837 0.824534759918246 -0.3544167644895 -0.441056897390071 0.542444029390603 0.716852787509958 0.438037162827186 0 0 0 0 0 0
2.79070296062524 8.9489256782345 7.19837378205226 0.573545428675966 0.0649806060220783 -0.816592408785378 0.542444029390603 0.716852787509958 0.438037162827186 0 0 0 0 0 0
3.2834607915276 8.99150217628291 7.40828343884941 0.104656599911488 0.459690757888073 -0.881890811386113 0.542444029390603 0.716852787509958 0.438037162827186 0 0 0 0 0 0
3.80007509767281 9.1388651970561 7.41716605744236 -0.403993020924404 0.679756705212773 -0.612144150313183 0.542444029390603 0.716852787509958 0.438037162827186 0 0 0 0 0 0
4.22459918198664 9.44117878017111 7.28651039771027 -0.759158938708002 0.641571715301095 -0.109833692031865 0.542444029390603 0.716852787509958 0.438037162827186 0 0 0 0 0 0
4.47607296233501 9.88973865597608 7.1308181444236 -0.825907683215835 0.359642904239472 0.434204422173762 0.542444029390603 0.716852787509958 0.438037162827186 0 0 0 0 0 0
4.53928106030711 10.4202791431186 7.0741028028337 -0.578880290429881 -0.0589202590514311 0.813281016884772 0.542444029390603 0.716852787509958 0.438037162827186 0 0 0 0 0 0
4.47053337786123 10.9373887553565 7.20277489463261 -0.111926596947285 -0.455098630834497 0.883378555947769 0.542444029390603 0.716852787509958 0.438037162827186 0 0 0 0 0 0
4.37627202411943 11.3507586203759 7.53281315605536 0.397549882028493 -0.678377423920192 0.617865812304367 0.542444029390603 0.716852787509958 0.438037162827186 0 0 0 0 0 0
4.37263217849496 11.6094923302675 8.00369394883406 0.755990514142071 -0.643929291792914 0.117615516401038 0.542444029390603 0.716852787509958 0.438037162827186 0 0 0 0 0 0
4.54132039435644 11.7214423378337 8.50138520227716 0.827217710445715 -0.364841655789872 -0.427318880609614 0.542444029390603 0.716852787509958 0.438037162827186 0 0 0 0 0 0
4.89857291334247 11.7502266784828 8.90166910343968 0.584171068208454 0.0528554250749379 -0.809907690485985 0.542444029390603 0.716852787509958 0.438037162827186 0 0 0 0 0 0
5.38898724570759 11.7910594149409 9.11733452107215 0.119188070339383 0.450471846258197 -0.884799027812252 0.542444029390603 0.716852787509958 0.438037162827186 0 0 0 0 0 0
12.1387287996287 9.12896739542056 10.7140745057407 0.651633251236791 0.744327660768227 -0.146117895200651 0.16338895032124 0.0503764625874989 0.985274714447749 0 0 0 0 0 0
12.5372871516653 8.99915365793234 11.0502065269758 0.0935075707991857 0.99340867973104 -0.0662987876078287 0.16338895032124 0.0503764625874989 0.985274714447749 0 0 0 0 0 0
12.9571605574077 9.09578746024646 11.3712257374897 -0.500143199148244 0.865077132356621 0.0387083378538249 0.16338895032124 0.0503764625874989 0.985274714447749 0 0 0 0 0 0
13.2630263051672 9.38961562210096 11.7010685148353 -0.903781205790889 0.408088319081565 0.129009518595914 0.16338895032124 0.0503764625874989 0.985274714447749 0 0 0 0 0 0
13.3628750986292 9.77646752913063 12.0603190160042 -0.964057621937619 -0.203940069485425 0.170297826299288 0.16338895032124 0.0503764625874989 0.985274714447749 0 0 0 0 0 0
13.2429669268364 10.1168312909041 12.4583889120363 -0.658072429326355 -0.738488215958771 0.146887142563743 0.16338895032124 0.0503764625874989 0.985274714447749 0 0 0 0 0 0
12.9730511240724 10.2888566406132 12.8899417368377 -0.102074518429722 -0.992472342324839 0.0676715775461718 0.16338895032124 0.0503764625874989 0.985274714447749 0 0 0 0 0 0
12.6798674316205 10.2346478886612 13.3369202998701 0.492703208613301 -0.869399632589018 -0.037253551189631 0.16338895032124 0.0503764625874989 0.985274714447749 0 0 0 0 0 0
12.498995451075 9.9822594631048 13.7754069147366 0.900294749145774 -0.416027466845922 -0.128025432982332 0.16338895032124 0.0503764625874989 0.985274714447749 0 0 0 0 0 0
12.523345686925 9.63503756339056 14.1847101281264 0.965849262352257 0.195400489160259 -0.170158312313952 0.16338895032124 0.0503764625874989 0.985274714447749 0 0 0 0 0 0
12.7678612925188 9.33235721132869 14.5552257488702 0.664461492652595 0.732592532412496 -0.147645203902232 0.16338895032124 0.0503764625874989 0.985274714447749 0 0 0 0 0 0
13.16384091627 9.1966713500813 14.8920856407389 0.110633692690483 0.991460424307258 -0.0690392140318835 0.16338895032124 0.0503764625874989 0.985274714447749 0 0 0 0 0 0
13.5850394937511 9.2869889237511 15.2132080415966 -0.485225696821445 0.873655924673376 0.0357959275232811 0.16338895032124 0.0503764625874989 0.985274714447749 0 0 0 0 0 0
13.8956308583741 9.57645639293982 15.5424901252596 -0.896739731569878 0.423934932507963 0.127031597736358 0.16338895032124 0.0503764625874989 0.985274714447749 0 0 0 0 0 0
14.0018103729698 9.96255984333285 15.9007290656237 -0.967567349606129 -0.18684602833132 0.170005840114339 0.16338895032124 0.0503764625874989 0.985274714447749 0 0 0 0 0 0
13.8874328797782 10.3060717356887 16.2977208425911 -0.670799954663602 -0.726641059108531 0.148392021486812 0.16338895032124 0.0503764625874989 0.985274714447749 0 0 0 0 0 0
13.6201465158144 10.4839457757569 16.7285385855255 -0.11918444176721 -0.99037300273977 0.0704015929141505 0.16338895032124 0.0503764625874989 0.985274714447749 0 0 0 0 0 0
13.3256920545995 10.4360642586884 17.17540437378 0.477711233214148 -0.877845684476574 -0.0343355778584606 0.16338895032124 0.0503764625874989 0.985274714447749 0 0 0 0 0 0
13.140131884027 10.1880777902221 17.6144433659812 0.893116423791555 -0.431810113883562 -0.126028088542394 0.16338895032124 0.0503764625874989 0.985274714447749 0 0 0 0 0 0
13.1581576303597 9.84166019270906 18.0247542514337 0.969211752860239 0.17827733845392 -0.169840421311797 0.16338895032124 0.0503764625874989 0.985274714447749 0 0 0 0 0 0
7.13497006741301 9.50555120062903 0.777797449214838 0.608553308784665 -0.401911163940475 0.684200472571636 0.466869952277009 0.878558997246485 0.100829241880092 0 0 0 0 0 0
7.1605563322104 9.89296904152227 1.14919731691769 0.869190476745746 -0.476891460150515 0.130699848393225 0.466869952277009 0.878558997246485 0.100829241880092 0 0 0 0 0 0
7.38427459353111 10.1716794590688 1.55039021917426 0.79960765050131 -0.370692717449354 -0.472455833374705 0.466869952277009 0.878558997246485 0.100829241880092 0 0 0 0 0 0
7.79026344394327 10.3658904600089 1.84388679934722 0.426240509104434 -0.123661613737454 -0.896117645003289 0.466869952277009 0.878558997246485 0.100829241880092 0 0 0 0 0 0
8.29341383181747 10.5319127922065 1.9331133341453 -0.109062528062496 0.170350604545231 -0.97932938100707 0.466869952277009 0.878558997246485 0.100829241880092 0 0 0 0 0 0
8.77170341298817 10.7367665500702 1.79910170572817 -0.602930887390254 0.399643780050957 -0.690477511652177 0.466869952277009 0.878558997246485 0.100829241880092 0 0 0 0 0 0
9.11255487940701 11.0327191201715 1.50769570680403 -0.867735722131586 0.477105601827643 -0.139301691452251 0.466869952277009 0.878558997246485 0.100829241880092 0 0 0 0 0 0
9.25560596066261 11.4374279272214 1.18453588293021 -0.80287324826752 0.373307028689727 0.464797170330466 0.466869952277009 0.878558997246485 0.100829241880092 0 0 0 0 0 0
9.21564205971318 11.9272320832073 0.967326588658079 -0.432985804061748 0.127682873991902 0.89231181611036 0.466869952277009 0.878558997246485 0.100829241880092 0 0 0 0 0 0
9.07697903110397 12.4461415543372 0.953519800944939 0.10140018624368 -0.166450139279259 0.980822284291942 0.466869952277009 0.878558997246485 0.100829241880092 0 0 0 0 0 0
8.96143017813956 12.9271087109811 1.16329148379777 0.597262550474427 -0.397345961740306 0.696701968196914 0.466869952277009 0.878558997246485 0.100829241880092 0 0 0 0 0 0
8.98202734234869 13.3175008431437 1.53187640222284 0.86621488608261 -0.477283410066001 0.147892926148145 0.466869952277009 0.878558997246485 0.100829241880092 0 0 0 0 0 0
9.20007821709584 13.5990962069641 1.93417351781683 0.806077704127425 -0.375892911154548 -0.45710311118217 0.466869952277009 0.878558997246485 0.100829241880092 0 0 0 0 0 0
9.60187452986211 13.7950067698592 2.23227396483409 0.43969812547371 -0.131694410701151 -0.888438034217909 0.466869952277009 0.878558997246485 0.100829241880092 0 0 0 0 0 0
10.1039000441652 13.9608975876913 2.32785493399663 -0.0937301224080938 0.162536998190742 -0.982240494162456 0.466869952277009 0.878558997246485 0.100829241880092 0 0 0 0 0 0
10.5845597741162 14.1638387193752 2.19953415160859 -0.591548729702985 0.39501788399628 -0.702873368189382 0.466869952277009 0.878558997246485 0.100829241880092 0 0 0 0 0 0
10.9303759525183 14.4568241901453 1.91099336282584 -0.864628084416372 0.477424871324805 -0.156472898225122 0.466869952277009 0.878558997246485 0.100829241880092 0 0 0 0 0 0
11.0791001318721 14.8586386753561 1.58678457196925 -0.809220774049303 0.378450167918856 0.449374241862211 0.466869952277009 0.878558997246485 0.100829241880092 0 0 0 0 0 0
11.0433624103192 15.3467208882519 1.36501065368474 -0.446376962171056 0.13569591837115 0.884496594329424 0.466869952277009 0.878558997246485 0.100829241880092 0 0 0 0 0 0
10.9058730461941 15.8657349900101 1.34485776190833 0.0860529206607957 -0.158611479280527 0.983583902616442 0.466869952277009 0.878558997246485 0.100829241880092 0 0 0 0 0 0
1.08168668017978 5.1419089378206 8.34178127042217 0.618057856052877 0.603822225108011 -0.503391703385079 0.431106842111028 0.275132214484378 0.859330643721018 0 0 0 0 0 0
1.55144172308196 5.05475566709221 8.58758527606014 0.115181840628247 0.927804872081589 -0.35483977078557 0.431106842111028 0.275132214484378 0.859330643721018 0 0 0 0 0 0
2.04745247017956 5.17909554614824 8.75250354478249 -0.431453681788734 0.899298936081133 -0.0714782766600273 0.431106842111028 0.275132214484378 0.859330643721018 0 0 0 0 0 0
2.4451133369377 5.50843064598045 8.90112833809112 -0.814172736973297 0.529134298787052 0.239039009821716 0.431106842111028 0.275132214484378 0.859330643721018 0 0 0 0 0 0
2.6571835026848 5.9583819258704 9.10424208120998 -0.887573957139451 -0.0420573052699345 0.45874137995307 0.431106842111028 0.275132214484378 0.859330643721018 0 0 0 0 0 0
2.66693115697441 6.39874624170073 9.41192593632346 -0.623770991543119 -0.597270635894227 0.504160230093391 0.431106842111028 0.275132214484378 0.859330643721018 0 0 0 0 0 0
2.53449019411478 6.70296269728582 9.83453313175015 -0.122986997364726 -0.925570866109791 0.35804017971169 0.431106842111028 0.275132214484378 0.859330643721018 0 0 0 0 0 0
2.37401434133607 6.79619524481807 10.3387555974079 0.424521813345467 -0.902231249570597 0.0758946789449393 0.431106842111028 0.275132214484378 0.859330643721018 0 0 0 0 0 0
2.31030824926706 6.68376415062194 10.8602782575191 0.810747689539499 -0.536118896817462 -0.235084479244359 0.431106842111028 0.275132214484378 0.859330643721018 0 0 0 0 0 0
2.43141211853879 6.44912473702727 11.3282134031897 0.888956963498963 0.0336739882665822 -0.456751113365831 0.431106842111028 0.275132214484378 0.859330643721018 0 0 0 0 0 0
2.75515375561118 6.22216131011752 11.6920321181968 0.629436624457327 0.590673562209092 -0.504890363048245 0.431106842111028 0.275132214484378 0.859330643721018 0 0 0 0 0 0
3.22237549103386 6.12984194029891 11.9407610590607 0.130782788165193 0.923266374333047 -0.361213322491916 0.431106842111028 0.275132214484378 0.859330643721018 0 0 0 0 0 0
3.71940916713389 6.24798116956013 12.1071514116969 -0.417557615922511 0.905094854657275 -0.0803053015562114 0.431106842111028 0.275132214484378 0.859330643721018 0 0 0 0 0 0
4.12126057154591 6.57243679941932 12.2552361683166 -0.807260900530206 0.543062667318211 0.23111204607374 0.431106842111028 0.275132214484378 0.859330643721018 0 0 0 0 0 0
4.33909682828158 7.0206835813812 12.4560029231108 -0.890272272343966 -0.0252881068586492 0.454726063412926 0.431106842111028 0.275132214484378 0.859330643721018 0 0 0 0 0 0
4.35399549252398 7.46316593858895 12.7604244983679 -0.63505432333562 -0.584031506445309 0.50558204664719 0.431106842111028 0.275132214484378 0.859330643721018 0 0 0 0 0 0
4.22413350378001 7.77251829552592 13.1800935170664 -0.138568619349995 -0.920891572247325 0.36435895747914 0.431106842111028 0.275132214484378 0.859330643721018 0 0 0 0 0 0
4.06268479389514 7.87195338959321 13.6828181715869 0.410561619870462 -0.907889533266555 0.0847098086078555 0.431106842111028 0.275132214484378 0.859330643721018 0 0 0 0 0 0
3.99482361817808 7.76443503598561 14.2048524296449 0.8037126354779 -0.549965081494291 -0.227122012826027 0.431106842111028 0.275132214484378 0.859330643721018 0 0 0 0 0 0
4.11016876300707 7.53155212474671 14.6751142177328 0.891519783508602 0.016900299663472 -0.452666384309748 0.431106842111028 0.275132214484378 0.859330643721018 0 0 0 0 0 0
12.8276094587349 2.33098169196186 5.93822873481624 -0.558164649532506 0.744159554252491 0.36698607851932 0.828815670246499 0.479288306869647 0.288699330882276 0 0 0 0 0 0
13.1007363913437 2.76631146321609 5.78146531095142 -0.474973600527083 0.329957900355573 0.815798910758822 0.828815670246499 0.479288306869647 0.288699330882276 0 0 0 0 0 0
13.2655930767672 3.27685514823852 5.81066327446323 -0.211332139546304 -0.209600276488333 0.954676097370619 0.828815670246499 0.479288306869647 0.288699330882276 0 0 0 0 0 0
13.3822765943316 3.73962044364036 6.0574796844096 0.132597934533067 -0.669527803964577 0.730855873258151 0.828815670246499 0.479288306869647 0.288699330882276 0 0 0 0 0 0
13.529185815245 4.04976685506174 6.47089471366157 0.426151836364084 -0.875090524806741 0.229371283636337 0.828815670246499 0.479288306869647 0.288699330882276 0 0 0 0 0 0
13.7732363606665 4.16043635381867 6.93659493423563 0.557803530681635 -0.748191724541473 -0.359255291522279 0.828815670246499 0.479288306869647 0.288699330882276 0 0 0 0 0 0
14.1444382384582 4.10055552542448 7.3204028998032 0.477536337715533 -0.337042379024347 -0.811394775003416 0.828815670246499 0.479288306869647 0.288699330882276 0 0 0 0 0 0
14.6244945394579 3.96384587612664 7.51925340087816 0.215845106069501 0.202155001332202 -0.955271817663551 0.828815670246499 0.479288306869647 0.288699330882276 0 0 0 0 0 0
15.1537527391776 3.87321746574329 7.50034966105905 -0.127849290110063 0.664550316831265 -0.736225125500223 0.828815670246499 0.479288306869647 0.288699330882276 0 0 0 0 0 0
15.653867689194 3.93407332099173 7.31362338071681 -0.422971603450672 0.87447185627734 -0.237474199131675 0.828815670246499 0.479288306869647 0.288699330882276 0 0 0 0 0 0
16.057566248895 4.19426506339389 7.07276484921037 -0.55739993293228 0.75216691713389 0.351497145843876 0.828815670246499 0.479288306869647 0.288699330882276 0 0 0 0 0 0
16.3342054763454 4.62591327822368 6.91203010315891 -0.480062708663009 0.344101190611046 0.806928848394452 0.828815670246499 0.479288306869647 0.288699330882276 0 0 0 0 0 0
16.501414394251 5.13599937028042 6.93523481348902 -0.220341635152192 -0.194694331290044 0.955794790309081 0.828815670246499 0.479288306869647 0.288699330882276 0 0 0 0 0 0
16.6183964294905 5.60170488339353 7.17631297634421 0.123090909468627 -0.659522221618414 0.741538311348576 0.828815670246499 0.479288306869647 0.288699330882276 0 0 0 0 0 0
16.7634370414165 5.91707228533683 7.58642482060384 0.419759159612056 -0.873786593330428 0.245559030047331 0.828815670246499 0.479288306869647 0.288699330882276 0 0 0 0 0 0
17.0041617669837 6.03326000583672 8.05251185348929 0.556953887019969 -0.756084829303433 -0.34371223229694 0.828815670246499 0.479288306869647 0.288699330882276 0 0 0 0 0 0
17.3718441486218 5.97709816570665 8.44024967220773 0.482552520976581 -0.351133797559837 -0.80240147102953 0.828815670246499 0.479288306869647 0.288699330882276 0 0 0 0 0 0
17.8495243926 5.84089536537437 8.64508005035739 0.224821384366279 0.187218834520768 -0.956244975480821 0.828815670246499 0.479288306869647 0.288699330882276 0 0 0 0 0 0
18.3784526782185 5.74736910426195 8.63193435625791 -0.11832315497787 0.654443901234943 -0.746795026183538 0.828815670246499 0.479288306869647 0.288699330882276 0 0 0 0 0 0
18.8804091969367 5.80302335102815 8.44855671244195 -0.416514749488271 0.873034788151432 -0.253625160692128 0.828815670246499 0.479288306869647 0.288699330882276 0 0 0 0 0 0
6.64782602330906 5.06594814828172 3.06922515995461 -0.195537027617295 0.874563511950641 0.443738587904133 0.97639691337501 0.215933358669304 0.00467462999042848 0 0 0 0 0 0
6.97383027898685 5.40254369667598 2.80633779966604 -0.104605372584498 0.453842268614906 0.88492085027133 0.97639691337501 0.215933358669304 0.00467462999042848 0 0 0 0 0 0
7.27598973669259 5.84259260448118 2.74516817504089 0.0260676124017138 -0.139301240405721 0.98990688653282 0.97639691337501 0.215933358669304 0.00467462999042848 0 0 0 0 0 0
7.58409130746552 6.25088779015278 2.90964785634837 0.146837075609277 -0.679521879203674 0.718810746239942 0.97639691337501 0.215933358669304 0.00467462999042848 0 0 0 0 0 0
7.92566439424382 6.50428594207872 3.23798046987865 0.211820678807891 -0.961580795092188 0.174626385575719 0.97639691337501 0.215933358669304 0.00467462999042848 0 0 0 0 0 0
8.31552201142133 6.5384917215072 3.60611917349554 0.196330064674494 -0.878319090151624 -0.435901458566192 0.97639691337501 0.215933358669304 0.00467462999042848 0 0 0 0 0 0
8.75013307301892 6.37248463669928 3.87489412591661 0.106250376507623 -0.461369278150372 -0.880823050715065 0.97639691337501 0.215933358669304 0.00467462999042848 0 0 0 0 0 0
9.2089639112846 6.10130841041997 3.94288543621205 -0.024195606106058 0.130862436303184 -0.991105239321211 0.97639691337501 0.215933358669304 0.00467462999042848 0 0 0 0 0 0
9.66227936037708 5.85996228061357 3.78495427601904 -0.145449273431086 0.673377323301901 -0.72484997711329 0.97639691337501 0.215933358669304 0.00467462999042848 0 0 0 0 0 0
10.0824396430144 5.77211253284168 3.46179354073563 -0.211444329997474 0.960064906909758 -0.183212089754683 0.97639691337501 0.215933358669304 0.00467462999042848 0 0 0 0 0 0
10.4544011839757 5.90310961080836 3.09686960382785 -0.197108150437146 0.88200778095334 0.428031133644519 0.97639691337501 0.215933358669304 0.00467462999042848 0 0 0 0 0 0
10.7814319158428 6.23516039019576 2.82951537730236 -0.107887289053211 0.468861152629043 0.876658173073242 0.97639691337501 0.215933358669304 0.00467462999042848 0 0 0 0 0 0
11.0838697367755 6.67408808407769 2.76199540891301 0.0223217572213202 -0.122413666519468 0.992228115608408 0.97639691337501 0.215933358669304 0.00467462999042848 0 0 0 0 0 0
11.3913958029692 7.08511157882476 2.9206538706971 0.144050394727593 -0.667181487109871 0.73083400785451 0.97639691337501 0.215933358669304 0.00467462999042848 0 0 0 0 0 0
11.7317581611736 7.34405103259224 3.24590596756734 0.211051878882688 -0.958475906067623 0.191783841623678 0.97639691337501 0.215933358669304 0.00467462999042848 0 0 0 0 0 0
12.1202298018101 7.38450587341311 3.6148751971702 0.197871225651007 -0.885629303447706 -0.420128212494829 0.97639691337501 0.215933358669304 0.00467462999042848 0 0 0 0 0 0
12.5538061945598 7.22308148664672 3.8880761875155 0.109515985564035 -0.476317321515671 -0.87242653451742 0.97639691337501 0.215933358669304 0.00467462999042848 0 0 0 0 0 0
13.0123467596647 6.95308055145348 3.96240752186661 -0.0204462084483478 0.113955574461102 -0.993275429883034 0.97639691337501 0.215933358669304 0.00467462999042848 0 0 0 0 0 0
13.4662266109104 6.70905579304427 3.81032169072243 -0.142640546028828 0.6609348424645 -0.736762382756493 0.97639691337501 0.215933358669304 0.00467462999042848 0 0 0 0 0 0
13.8875915452007 6.61569115277118 3.49029085124665 -0.210643355350204 0.956813913574352 -0.200340988410611 0.97639691337501 0.215933358669304 0.00467462999042848 0 0 0 0 0 0
5.26308773130354 9.25222005242793 7.98414147195391 0.998155352663841 0.0550784432377918 -0.0255393233862043 0.00159853194797849 0.396677942765852 0.917956455622304 0 0 0 0 0 0
5.39882789018933 9.090730753577 8.47828812805983 0.772960168480954 0.581911153888737 -0.252808201848306 0.00159853194797849 0.396677942765852 0.917956455622304 0 0 0 0 0 0
5.71076434380159 9.06188812056487 8.91480714659979 0.254104493087301 0.887666088141685 -0.384031017700503 0.00159853194797849 0.396677942765852 0.917956455622304 0 0 0 0 0 0
6.0806239246085 9.23538900027508 9.26378628257138 -0.361289727630784 0.856181834524049 -0.369354029272062 0.00159853194797849 0.396677942765852 0.917956455622304 0 0 0 0 0 0
6.36812750063398 9.60405655610486 9.52857115594866 -0.839423940379812 0.499419787373819 -0.214353269853108 0.00159853194797849 0.396677942765852 0.917956455622304 0 0 0 0 0 0
6.46428436303736 10.0865668681808 9.74449419471829 -0.99864696375869 -0.0470801868532915 0.0220838805785975 0.00159853194797849 0.396677942765852 0.917956455622304 0 0 0 0 0 0
6.33279961862949 10.5583452501821 9.96545125476068 -0.778467309118793 -0.575693610956089 0.250130995555701 0.00159853194797849 0.396677942765852 0.917956455622304 0 0 0 0 0 0
6.02386322661347 10.8988942554517 10.2434256831104 -0.262534908465333 -0.885591407172776 0.383149163353962 0.00159853194797849 0.396677942765852 0.917956455622304 0 0 0 0 0 0
5.65508199395211 11.0375726715912 10.6087389753024 0.353138893263702 -0.859038221505784 0.370602558081655 0.00159853194797849 0.396677942765852 0.917956455622304 0 0 0 0 0 0
5.36679878312175 10.9804332981087 11.0585311322702 0.834649325274417 -0.506122053135593 0.217257844849782 0.00159853194797849 0.396677942765852 0.917956455622304 0 0 0 0 0 0
5.26877391224996 10.8079233866888 11.5578472218075 0.999062524020829 0.0390783451302841 -0.0186267559979835 0.00159853194797849 0.396677942765852 0.917956455622304 0 0 0 0 0 0
5.39848537516427 10.644321385271 12.052917341729 0.783915166457083 0.569432226726078 -0.247434740819362 0.00159853194797849 0.396677942765852 0.917956455622304 0 0 0 0 0 0
5.7068903249384 10.6105214778525 12.4915847046951 0.27094533079364 0.883449284989505 -0.38223813071521 0.00159853194797849 0.396677942765852 0.917956455622304 0 0 0 0 0 0
6.07705727139224 10.7781038627452 12.8431208737376 -0.344961166002665 0.86182918940105 -0.371822864071604 0.00159853194797849 0.396677942765852 0.917956455622304 0 0 0 0 0 0
6.36859030920156 11.1421402384794 13.1099000092156 -0.829811148391427 0.51278577574349 -0.220145874820423 0.00159853194797849 0.396677942765852 0.917956455622304 0 0 0 0 0 0
6.47096786962501 11.6230661479291 13.3264968856013 -0.999402001803737 -0.0310735274399969 0.0151682129177837 0.00159853194797849 0.396677942765852 0.917956455622304 0 0 0 0 0 0
6.34553171229106 12.0969088458212 13.5465513565989 -0.789303325620396 -0.563127478027355 0.244719642969528 0.00159853194797849 0.396677942765852 0.917956455622304 0 0 0 0 0 0
6.04017383704649 12.4423866173781 13.8223896779115 -0.279335119585999 -0.881239884722768 0.381297989162908 0.00159853194797849 0.396677942765852 0.917956455622304 0 0 0 0 0 0
5.67114151250299 12.5869857294842 14.1851448878514 0.336757168613265 -0.864554525666836 0.373014854310883 0.00159853194797849 0.396677942765852 0.917956455622304 0 0 0 0 0 0
5.37887299514097 12.5345096102612 14.6329288455683 0.824909778176741 -0.519410447729233 0.223017139830367 0.00159853194797849 0.396677942765852 0.917956455622304 0 0 0 0 0 0
2.14031541373115 11.3616398311219 13.1477929355694 0.551763287383126 0.694299139547569 -0.462067072533491 0.520197513410557 0.146547204539168 0.841378906250465 0 0 0 0 0 0
2.63530411524278 11.2499936042703 13.3244462896955 0.0647048982947202 0.975573945721103 -0.209925588165971 0.520197513410557 0.146547204539168 0.841378906250465 0 0 0 0 0 0
3.14504230035663 11.3607294890424 13.4532470993938 -0.446935963464059 0.886211899188631 0.121970136914468 0.520197513410557 0.146547204539168 0.841378906250465 0 0 0 0 0 0
3.552901418536 11.6734774041192 13.6098510056396 -0.788778380332017 0.460163135481583 0.407527367749158 0.520197513410557 0.146547204539168 0.841378906250465 0 0 0 0 0 0
3.78095848009973 12.091119520408 13.8593507881867 -0.830950702840592 -0.140709296912266 0.538258138081704 0.520197513410557 0.146547204539168 0.841378906250465 0 0 0 0 0 0
3.81960030280505 12.4766869480383 14.2315465302458 -0.557430960585143 -0.688123914875156 0.464495642560847 0.520197513410557 0.146547204539168 0.841378906250465 0 0 0 0 0 0
3.73117572050539 12.7053965076209 14.709624068642 -0.0721338766547382 -0.974108752758643 0.214263486478122 0.520197513410557 0.146547204539168 0.841378906250465 0 0 0 0 0 0
3.62630821875259 12.7120579463619 15.2365429755228 0.440568073030905 -0.890013389239283 -0.1173709504121 0.520197513410557 0.146547204539168 0.841378906250465 0 0 0 0 0 0
3.62186822310968 12.5158408050214 15.736707170564 0.785890845866734 -0.46778705891758 -0.404414200903121 0.520197513410557 0.146547204539168 0.841378906250465 0 0 0 0 0 0
3.79657207051019 12.2129915888817 16.1446851357844 0.832640546963541 0.132159396069461 -0.53781373502618 0.520197513410557 0.146547204539168 0.841378906250465 0 0 0 0 0 0
4.1610763567901 11.9402681112345 16.4300684431833 0.56305618326133 0.681896286902444 -0.466888839446654 0.520197513410557 0.146547204539168 0.841378906250465 0 0 0 0 0 0
4.65392931776102 11.8229829136426 16.6090244249396 0.0795573617407713 0.972569377643245 -0.218585067796223 0.520197513410557 0.146547204539168 0.841378906250465 0 0 0 0 0 0
5.16491738184403 11.9273949362864 16.738153933614 -0.434166631633262 0.893747101324518 0.112762825657438 0.520197513410557 0.146547204539168 0.841378906250465 0 0 0 0 0 0
5.57693714858516 12.2355366387989 16.8929877319451 -0.782943462770837 0.47537535855793 0.401270236349932 0.520197513410557 0.146547204539168 0.841378906250465 0 0 0 0 0 0
5.81048492835233 12.6520401692524 17.1392910932782 -0.83426698228514 -0.12359943077697 0.537328375372504 0.520197513410557 0.146547204539168 0.841378906250465 0 0 0 0 0 0
5.85386152325735 13.0403692055712 17.5080784746845 -0.5686385270292 -0.675616729887416 0.469246480939703 0.520197513410557 0.146547204539168 0.841378906250465 0 0 0 0 0 0
5.76761694803384 13.2746913870538 17.9838306061858 -0.0869747882256889 -0.970955937604284 0.222890003015124 0.520197513410557 0.146547204539168 0.841378906250465 0 0 0 0 0 0
5.66154646709761 13.2876841320084 18.5103905208877 0.427732126765675 -0.897412751107704 -0.108146113577024 0.520197513410557 0.146547204539168 0.841378906250465 0 0 0 0 0 0
5.65297753791622 13.0961116121109 19.0122985255969 0.779936455498962 -0.482927456524235 -0.398095713514664 0.520197513410557 0.146547204539168 0.841378906250465 0 0 0 0 0 0
5.82219514830656 12.7944557633034 19.4234605998843 0.835829884946042 0.11503005290929 -0.536802096082692 0.520197513410557 0.146547204539168 0.841378906250465 0 0 0 0 0 0
