t = 100
b = 13 13 13
E = -1.01123026703517 -1.01123026703517 0
6.62081442204449 8.00876482587431 12.9955924750756 0.302877891272014 -0.62648921549375 -0.718175637186783 -0.631897674704942 0.432098088906952 -0.643425652476994 0 0 0 0 0 0
6.71465938547442 8.18339013524968 12.5481151099435 -0.411318928506939 -0.836072656240365 -0.363041667772564 -0.415481122925928 0.526485636509631 -0.741746797122346 0 0 0 0 0 0
6.75190414617992 8.19019660393752 12.063483954557 -0.896593116052162 -0.422925737452974 0.131356784551588 -0.397952388160813 0.639285223670831 -0.657988069461172 0 0 0 0 0 0
6.58058415271767 8.30850121061168 11.607460478646 -0.700199411792923 0.143381795422337 0.699401490180219 -0.511765022753189 0.582263411930584 -0.631716614166023 0 0 0 0 0 0
6.14741425534996 8.20799321321734 11.3625166201078 -0.103012035023932 0.905761486249258 0.411077426609347 -0.637501222137253 0.257117430701741 -0.726280124058784 0 0 0 0 0 0
5.55798095723363 8.24219806412012 11.1792163955917 0.386517040555278 0.913221796934519 0.128959400448662 -0.561175833706027 0.343835004282645 -0.752900507035491 0 0 0 0 0 0
5.20460363750983 8.56297628586691 11.0684774377939 0.790672331120056 0.529470528526409 -0.307405634663943 -0.564168631185148 0.435068235232493 -0.70173313038388 0 0 0 0 0 0
4.90501029368857 8.92510702224731 10.7569703470533 0.868981094359224 -0.120714321883475 -0.479895728401971 -0.409586617734343 0.368749227236231 -0.834423639397652 0 0 0 0 0 0
4.83673671847132 9.18301906603893 10.3954463584365 0.19549839478373 -0.878624559510998 -0.435659570147483 -0.556392774588008 0.266448017793792 -0.787040363767969 0 0 0 0 0 0
4.68582423213504 9.28182544349388 9.87134577350156 -0.222144723424559 -0.973387849552328 0.0562833563189024 -0.625911998160243 0.0981075632251159 -0.773698311098765 0 0 0 0 0 0
4.57640991796167 9.13251714273454 9.51394823359342 -0.756200360429582 -0.466848249783948 0.458490704987391 -0.63826809814101 0.371925094686688 -0.674007091088629 0 0 0 0 0 0
4.21819055753216 9.36147365943865 8.93626831665386 -0.693819973800123 -0.397937561233677 0.600216245461074 -0.708394283892329 0.52710223890462 -0.46940469564163 0 0 0 0 0 0
3.87940102336186 9.23373078543303 8.66055923627598 -0.419614430473061 0.550560547224365 0.721669462828222 -0.747317503477823 0.241724963803792 -0.618939084942717 0 0 0 0 0 0
3.46718001307476 9.39181393843242 8.325318596193 -0.139745194420914 0.504894999968338 0.851793589811072 -0.761710251904592 0.494822047048101 -0.418268614527279 0 0 0 0 0 0
3.02691997811705 9.54099001394397 8.296973749904 0.358923283391517 0.848815129599734 0.388184173301849 -0.553197600439094 0.528435285701229 -0.643994226444841 0 0 0 0 0 0
2.72714594804364 9.77658953655488 8.34506631271216 0.580708755813515 0.571089686545214 -0.580201612237684 -0.813381875258449 0.376831680984062 -0.443179206650958 0 0 0 0 0 0
2.45512423980368 10.1673011783662 8.25526628709116 0.487954703245392 -0.0500631722588787 -0.871432089358706 -0.709638879539387 0.558557992205445 -0.429448052725245 0 0 0 0 0 0
2.21211875274193 10.5989725242274 7.99831928271987 0.290415451895849 -0.599907343592325 -0.745499862108726 -0.632326884039305 0.464428291534178 -0.620055702129886 0 0 0 0 0 0
1.81488635149806 10.7779100494304 7.83128359816824 0.47303982918168 -0.880504633261065 -0.0307394016461654 -0.274278753512057 -0.114017265564501 -0.954867126109735 0 0 0 0 0 0
2.06611781655558 10.8571827523056 7.49386757378631 -0.361280413524932 -0.925892452573773 -0.110451931038698 -0.438645775438765 0.2732843510419 -0.856099028830971 0 0 0 0 0 0
19.8679298272278 28.9891474338463 6.22840652762234 -0.875762324101542 0.0951076186653266 -0.47328098689476 -0.252969507488061 -0.925424044105013 0.282128989778738 0 0 0 0 0 0
19.827034307331 28.4465172542487 6.35634225230446 -0.766828246945215 0.450024820488414 -0.457659371838159 -0.450210086927329 -0.885327926623492 -0.116212477683921 0 0 0 0 0 0
19.5420036515488 28.0004536007708 6.31876004077376 -0.303390914194745 0.630928311438639 -0.714061215169445 -0.512730229558475 -0.739739317334747 -0.435767660670264 0 0 0 0 0 0
19.1728233244171 27.739727603411 6.23046847797818 0.52598307152023 0.322954237484828 -0.786792456092926 -0.316232499170159 -0.784510092686204 -0.533423772381844 0 0 0 0 0 0
18.9613966418289 27.542756995393 5.79113193979074 0.979788014467282 -0.118873947778171 -0.160886392357757 -0.196496650884198 -0.722614113506888 -0.662735172713767 0 0 0 0 0 0
18.9754001754824 27.3247064195077 5.25394915651058 0.883877855633837 -0.250743563831729 0.394826039563114 0.0530507540015732 -0.784960779506069 -0.617269950780929 0 0 0 0 0 0
19.4337064777285 27.9332964000552 4.28139381008891 0.333074413115337 0.381097435074328 -0.862453581537953 -0.111997974577588 -0.89221569836214 -0.437501544324904 0 0 0 0 0 0
19.3345253038867 27.6401657413847 3.9116137425761 0.948742880894418 0.212635577273102 -0.233822704692884 0.0893309379637054 -0.890079921776661 -0.446965005758367 0 0 0 0 0 0
19.5696753320023 27.3471442354962 3.46756446559012 0.872595922050474 0.0107982594617563 0.488323411699132 0.168852517191171 -0.944786173670893 -0.280834316775066 0 0 0 0 0 0
19.9236778417871 27.2628381063414 3.29902440459576 0.0718829926324322 -0.703245252590098 0.707304001176081 0.223072258441676 -0.679840360525367 -0.698609942467518 0 0 0 0 0 0
20.3413947847486 26.9957362310854 3.17912968677527 -0.723200150793368 -0.651683393883913 0.22867071528378 0.315479349022008 -0.606257792826535 -0.730016622398249 0 0 0 0 0 0
20.4490718673968 26.5324771189646 3.04568336737848 -0.911800433177896 0.119765118039975 -0.392780201330812 0.153150611723276 -0.78832246677918 -0.59589644947757 0 0 0 0 0 0
20.2936935720609 26.0755377294447 2.9716545076537 -0.222803044727503 0.579730038107271 -0.783754991165156 0.378984822165177 -0.689215607522444 -0.617537327548623 0 0 0 0 0 0
20.1739490216303 25.7512924085617 2.56620889275063 0.5114042751347 0.672913073402576 -0.534465773476516 0.316617204563525 -0.725741287355607 -0.610780754118697 0 0 0 0 0 0
20.1719726009169 25.6510853552478 2.026459181721 0.922097832299934 0.258007233100766 0.288388375867424 0.38539046834959 -0.679318212731509 -0.624500562655112 0 0 0 0 0 0
20.5042429216477 25.6637633591642 1.6978004207034 0.475703003213562 -0.557232636586596 0.680586836088055 0.266499428881602 -0.646068852558619 -0.715243379668327 0 0 0 0 0 0
20.8426751701431 25.5170898376337 1.33943537765184 -0.197959137296709 -0.791864589564903 0.577721950209571 0.304757776757971 -0.609896612892011 -0.731538665477357 0 0 0 0 0 0
21.1154162501549 25.0895835057187 1.2484106334693 -0.840928127338263 -0.538865424904807 -0.0496380750384777 0.505708297075357 -0.749895817021783 -0.426515394660467 0 0 0 0 0 0
21.2863484362206 24.6294358126177 1.31163308412295 -0.746320905748278 0.046032746092655 -0.66399253906218 0.4047074198673 -0.760615203710816 -0.507618376527393 0 0 0 0 0 0
21.1673167538084 24.0832930808321 1.07626276524366 -0.171428389127578 0.627278724984252 -0.759693167392767 0.0202287531249374 -0.768704512099169 -0.6392841079093 0 0 0 0 0 0
-2.50881255804009 8.48545393307046 9.70219121449349 0.486567013105789 0.210971278244292 0.847787509646893 0.868249678855121 -0.224436359064774 -0.442459959654799 0 0 0 0 0 0
-2.06056444219404 8.6687885414811 9.46949581248104 0.265103730675097 -0.437791227166511 0.859103517277276 0.90867639508819 -0.184601547651201 -0.374472265480787 0 0 0 0 0 0
-1.51122633722976 8.71610197290447 9.44484937297106 -0.132517640915622 -0.926258308635945 0.352823781127403 0.952702877965032 -0.217248607429192 -0.212509455994841 0 0 0 0 0 0
-0.974828626812614 8.45513805973371 9.43016719727996 -0.51093952176603 -0.833023976425793 -0.212159986324612 0.82622847853763 -0.407784420927534 -0.388662279237629 0 0 0 0 0 0
-0.555028202472174 8.14060099122446 9.49275102860295 -0.703108691021979 -0.292955908242582 -0.647931326943778 0.685261166713294 -0.522469861192753 -0.507387797980953 0 0 0 0 0 0
-0.470704156896648 7.70100824873508 9.29928600558712 -0.280237354942827 0.458894527327113 -0.843138682355325 0.640873064253336 -0.564477499461647 -0.520237319034367 0 0 0 0 0 0
-0.337409296796377 7.37649621834125 8.92017897883141 -0.147074038858535 0.871267433876722 -0.468254509598903 0.439313388088318 -0.366609161249628 -0.820122838320094 0 0 0 0 0 0
-0.560876675727211 7.34233922252737 8.4543608359451 0.510293898783139 0.842064000258198 -0.174723657052687 0.228545636030606 -0.32864417922041 -0.916384142003728 0 0 0 0 0 0
-0.443809441695982 7.28311044074052 7.94864245288967 0.776250556439116 0.492159379590787 0.393972357797818 0.546572539716317 -0.213980939880458 -0.809611398262111 0 0 0 0 0 0
-0.279283705809753 7.51592914579942 7.60216405281255 0.833721604754971 -0.421777441504816 0.356387535700182 0.338738132403108 -0.119044019387025 -0.933319344653391 0 0 0 0 0 0
0.0498168536205391 7.64331081280179 7.25457025333779 0.369874836114301 -0.885941354438578 0.279822304516561 0.454053736740324 -0.0903953248238757 -0.886376832618122 0 0 0 0 0 0
0.523554947799071 7.53844226897102 6.95586016040587 -0.469866352535746 -0.882496367673948 -0.0206342384652977 0.372101837800298 -0.176812403696168 -0.911195695888004 0 0 0 0 0 0
0.739976845764054 7.17477037437867 6.60607420106842 -0.852709549448009 -0.52183175843219 0.0240424660079255 0.30628657649565 -0.536716809779607 -0.786208368791999 0 0 0 0 0 0
0.865264806278911 6.67581943035024 6.33862600038741 -0.999824688839651 0.0187240362754454 4.5301775932559e-05 -0.00945790010402861 -0.502941191453992 -0.864268885280768 0 0 0 0 0 0
0.766958444950784 6.25869341668554 6.12448896480356 -0.737356183585586 0.62585888408303 -0.254178118142466 -0.0309829708879891 -0.407217487461105 -0.912805550717578 0 0 0 0 0 0
0.378674898817559 5.98592147965949 5.82722891805952 -0.0861964533087792 0.900795299073203 -0.425603102202751 0.00227562139272179 -0.427013918074989 -0.90424218841941 0 0 0 0 0 0
0.209657152526226 5.91179721062211 5.30052550824972 0.306415034107986 0.923150114067453 -0.232171690285117 0.0902746185210495 -0.270986349870436 -0.958340696952173 0 0 0 0 0 0
0.143768265820472 6.03078284005628 4.77465865860356 0.802842863606688 0.593377648861882 0.0578472314545554 0.21679024722358 -0.20017080946372 -0.955475607091766 0 0 0 0 0 0
0.278470691104866 6.03604753074605 4.2170307454653 0.927037917338455 -0.00868085592679167 0.374867099859616 0.368168407850096 -0.168446285697404 -0.914372939393918 0 0 0 0 0 0
0.602045490749014 6.17498888568345 3.83705509435523 0.496935410328699 -0.782109052397522 0.375979558113601 0.364549186335177 -0.205031102665569 -0.908331513095358 0 0 0 0 0 0
15.9793764909689 -0.881448776576088 8.38768590264743 0.0125638856850685 0.0146186184046604 -0.999814205126348 -0.765438495667251 0.643509025090773 -0.000209707843399253 0 0 0 0 0 0
15.6938623162498 -0.474288773193106 8.2645511852253 -0.329201933863789 -0.707657454666064 -0.625177585647381 -0.840683660561616 0.52113460586289 -0.14720633626598 0 0 0 0 0 0
15.5205165389172 -0.226972893511713 7.81171264396308 -0.661808595480896 -0.74169274605989 0.109092865897558 -0.743658385493841 0.631114504234389 -0.220605276976042 0 0 0 0 0 0
15.0830268069011 -0.144055591638369 7.49806553336807 -0.492746571920469 -0.657008195389705 0.570562044874515 -0.86988810406612 0.388690738144358 -0.303667904930769 0 0 0 0 0 0
14.5580129590946 0.078851032556012 7.37268974131614 -0.212960251899392 -0.440375250359006 0.872191246219653 -0.970611457557068 0.197747422859006 -0.137147202711412 0 0 0 0 0 0
14.1046669623641 -0.0336531790389643 7.31935033664786 0.0902208775621983 0.601580654633933 0.793700768061941 -0.917144764174941 0.360836511257771 -0.169240933848199 0 0 0 0 0 0
13.5886811942687 0.0749812508874969 7.39641418384674 0.463101868959171 0.841931894144232 0.276924799520065 -0.849106602051712 0.511022389851858 -0.133694036599581 0 0 0 0 0 0
13.1817217034083 0.340549391104304 7.59805712825593 0.689448714021591 0.680446856458898 -0.248299307830644 -0.72424305802 0.642146191681078 -0.251237460223043 0 0 0 0 0 0
12.9830093875956 0.795515664793423 7.64550956373554 0.515788249484393 0.0360819650913732 -0.855955941324652 -0.59190030532652 0.737322737852069 -0.325590553918109 0 0 0 0 0 0
12.7240033479792 1.30879456371363 7.45527382910366 0.38706364337983 -0.530865538565254 -0.753898876466435 -0.202403863883597 0.748769538572828 -0.631171018021601 0 0 0 0 0 0
12.8735988106381 1.59215188293605 7.05474302710954 -0.386010875729337 -0.69257611993138 -0.609371743617528 -0.206302236778101 0.708649642128852 -0.674725923476342 0 0 0 0 0 0
12.9571495127826 1.92051490120797 6.64977852441705 -0.816134706601798 -0.519836690258093 -0.252376615678852 -0.102660082012378 0.560226428611422 -0.821953317559157 0 0 0 0 0 0
12.8970193475202 2.24983202449198 6.15801522590489 -0.748740455102403 -0.662575542549931 0.0195289863461836 -0.33262452435292 0.350070785451133 -0.875677663853898 0 0 0 0 0 0
12.8432343538996 2.21468011945367 5.6619626914057 -0.869163592288529 0.0568267787973416 0.491248783257135 -0.434578064506977 0.386296938818707 -0.813582559368541 0 0 0 0 0 0
12.5036655248496 2.17264257278637 5.30124656580829 -0.39629033448822 0.71167970162827 0.580056870557976 -0.502236255097055 0.36084126490285 -0.785844975557773 0 0 0 0 0 0
12.1047752985804 2.28172989159276 4.99893513450321 0.14589118092578 0.842458736438131 0.518631893279954 -0.409501317146924 0.528646314302557 -0.74353328481599 0 0 0 0 0 0
11.6551891150642 2.50541418856217 4.85608211011608 0.732671747594839 0.676662413784315 -0.072938933690513 -0.538030249319697 0.510241127659592 -0.670952638016762 0 0 0 0 0 0
11.4347811354694 2.93721521686505 4.75842910139724 0.697331336331346 -0.26732663289914 -0.665030434426236 -0.454363707471299 0.552716560003515 -0.698611498352852 0 0 0 0 0 0
11.3090446038835 3.34023084949302 4.33254450976315 0.718380293679726 -0.521166224445416 -0.46077708292616 -0.246339463384216 0.428866428565642 -0.869132012544083 0 0 0 0 0 0
11.3882125755858 3.6248362624795 3.88320969714357 0.388380818458915 -0.874987480582263 -0.289062707171794 -0.0347963152779529 0.299538528837634 -0.953449467032659 0 0 0 0 0 0
3.09359991912659 13.8571578779794 9.8626274646173 0.806578668000036 -0.153296125329441 0.570903801254002 0.463664576441754 -0.435000598669142 -0.771874108718887 0 0 0 0 0 0
3.44724787184497 13.9628630984358 9.59878250369759 0.124069086904154 -0.876445104536411 0.46524277577296 0.453018039015428 -0.367118397369369 -0.812403064149541 0 0 0 0 0 0
3.80112836655593 13.7259698788054 9.32619438682106 -0.349471675504344 -0.815935570646041 0.460563451192889 0.352987205225038 -0.569994855876661 -0.741960846151306 0 0 0 0 0 0
4.13426052435847 13.3694384139358 9.17783795350524 -0.864714429547584 -0.501919125857647 0.0186050108973962 0.29928510221638 -0.544653655998855 -0.783441652325438 0 0 0 0 0 0
4.21216504115891 12.8687344585959 9.12306388190682 -0.778298143633261 0.0574801208887641 -0.625258374849657 0.480561758633125 -0.586376818764412 -0.652090961872011 0 0 0 0 0 0
4.19039350578873 12.4696370642999 8.88225981594422 -0.205377157151047 0.756284057878359 -0.621171994796608 0.410329232845456 -0.509682088882876 -0.756210347022869 0 0 0 0 0 0
3.93709742249593 12.1451514001232 8.51705401336542 0.500796492320291 0.762179765749384 -0.410225398972207 0.269610392454086 -0.587720071991205 -0.762820656025653 0 0 0 0 0 0
4.02608193061827 12.0050576745612 8.06088236122634 0.933383239576848 0.280165930380011 0.224282811493279 0.34962921061196 -0.568885364488249 -0.744398318884406 0 0 0 0 0 0
4.23977346941188 12.0366037917608 7.69084334455417 0.508452924457807 -0.581682084645975 0.634918558566544 0.358823100158996 -0.527148099815142 -0.770299203980877 0 0 0 0 0 0
4.70996176014749 11.9628490627305 7.44893768102165 -0.115537197030233 -0.865399491368205 0.487580635835806 0.387495121484033 -0.491244288015221 -0.780081137009793 0 0 0 0 0 0
4.94447643710935 11.5876752526807 7.20586883848697 -0.611805483469916 -0.697521949256865 0.373037773825985 0.581156297354882 -0.716297896428464 -0.386231383521485 0 0 0 0 0 0
5.40253253700466 11.3596650497217 7.31961873688082 -0.844809210436696 -0.40804474761145 -0.346116861634961 0.503696752424975 -0.388245860293951 -0.771721927614566 0 0 0 0 0 0
5.52415363751629 10.8361141010484 7.0673619319905 -0.904450803288331 0.163476206020774 -0.3940105004897 0.23351434720508 -0.583232730666745 -0.778017115189888 0 0 0 0 0 0
5.35017646586062 10.4228804429657 6.88798029726603 -0.0403596233428982 0.66812194761182 -0.742956367442266 0.454812180969637 -0.649782125985473 -0.609039464067346 0 0 0 0 0 0
5.20334982310429 10.2120201061279 6.40950565735219 0.611643013057935 0.683138127564155 -0.399017697910194 0.354459291404864 -0.687538063336829 -0.633758646646974 0 0 0 0 0 0
5.385898756451 9.90980941173525 6.01335876218115 0.592647870470891 0.801755269528456 -0.077181535419238 0.44309331362758 -0.40454263785434 -0.800008480940286 0 0 0 0 0 0
5.52809189079325 10.0019640638658 5.4839174622462 0.918794244326496 0.187508262663027 0.347358299203567 0.383773509971032 -0.21837332641597 -0.897235188428618 0 0 0 0 0 0
5.72948485189909 10.1702900722992 5.04986089100873 0.662236961444324 -0.47661207948058 0.578172234364627 0.493696988776487 -0.302904320269454 -0.815176211646985 0 0 0 0 0 0
6.16380496937737 10.203545748422 4.73530533521988 0.0354855117796283 -0.909494239024784 0.414199236641579 0.385612903094721 -0.369903161540134 -0.845265839869017 0 0 0 0 0 0
6.52591321534652 9.99328607896054 4.45059276385493 -0.57497685043887 -0.817905551062725 -0.0207877608264273 0.280727992318859 -0.173355480989004 -0.944001944669444 0 0 0 0 0 0
10.3966581241436 9.99700716021769 -6.40840437268773 0.366922731294659 -0.616461268265668 0.696665783563074 -0.929424422792154 -0.211365586910543 0.302481125010196 0 0 0 0 0 0
10.0345452386402 9.63248136710387 -6.44469087862248 0.197179411767789 0.0265706062417029 0.980007286941714 -0.886216067062125 -0.422622320517716 0.189766848214227 0 0 0 0 0 0
9.78103894520017 9.37824257105435 -6.09129164677592 -0.00542916274201489 0.765880771766846 0.642959693627634 -0.856936288226574 -0.334950502755319 0.391750377950581 0 0 0 0 0 0
9.57920215019342 9.1121835331446 -5.66808680135797 -0.429758600175537 0.885539789565929 -0.176427964537068 -0.896961628286595 -0.396228362734272 0.19611966231457 0 0 0 0 0 0
9.10878951041812 9.00481678718909 -5.54196710744076 -0.129444509710097 0.705557689167021 -0.696729837285018 -0.936925776854583 -0.317094296319135 -0.147041816866197 0 0 0 0 0 0
8.60999395029661 9.07084042571388 -5.49113921064784 0.101254315466667 0.00892783320207179 -0.99482051516527 -0.949481379444063 -0.297695125215682 -0.0993112406116166 0 0 0 0 0 0
8.1195676603714 9.20920618963356 -5.67744975558259 0.398736002789505 -0.544670853169286 -0.73779621968894 -0.916071123227928 -0.274023241690645 -0.292788251474119 0 0 0 0 0 0
7.710874767078 9.19646687860339 -6.01653860964223 0.412369837375454 -0.910870341939327 0.0163198467601339 -0.892329412927963 -0.407456062575745 -0.194236391785648 0 0 0 0 0 0
7.51737217171429 8.9383440258195 -6.46931027440113 0.124475130899212 -0.704730572905717 0.698470301014729 -0.728684750448621 -0.542709457870613 -0.417713991627547 0 0 0 0 0 0
7.29930860782876 8.5227969716792 -6.63453958823548 -0.282471134246819 -0.133411098876168 0.949953439392675 -0.839007905637607 -0.445726921672377 -0.312078909210581 0 0 0 0 0 0
7.01812547700472 8.05545174932737 -6.69405455598812 -0.612182806985494 0.509212442835047 0.604925531692395 -0.788966606726483 -0.444231892076806 -0.424487596441123 0 0 0 0 0 0
6.5880367523833 7.72667726151751 -6.72445202386757 -0.364497294511653 0.931070384834371 -0.0158006575199645 -0.735145639713364 -0.298128474234258 -0.60883520041238 0 0 0 0 0 0
6.07339098325377 7.66853308421283 -6.75536578997406 0.161466173943097 0.797006892020421 -0.581986845851455 -0.713408914497141 -0.313209484835816 -0.626855277815297 0 0 0 0 0 0
5.70090812276485 7.53003375207739 -7.0442301130041 0.56771098062637 0.664245422356676 -0.486294418387098 -0.484219548043712 -0.208285848879838 -0.849793171571028 0 0 0 0 0 0
5.43381530631355 7.56924578050536 -7.50371678063438 0.962003411900536 0.167778871527374 -0.215405862874551 -0.189995562329173 -0.155236985788349 -0.9694344560302 0 0 0 0 0 0
5.42031898471036 7.84597892505121 -7.99174231863558 0.828153747822645 -0.558973943749353 0.0413461023145445 0.061997420115061 0.0180394304289602 -0.997913272207999 0 0 0 0 0 0
5.68419812620564 7.95755051596439 -8.43108695950203 0.291063604086357 -0.932312196865976 0.214653082789879 0.120520179575354 -0.186848196988926 -0.974968018756058 0 0 0 0 0 0
5.85407832689334 7.88006172221793 -8.85683853070495 -0.331300023568502 -0.847218992932001 0.415283363980302 -0.129566440971544 -0.395119435334639 -0.909446628007826 0 0 0 0 0 0
5.92034657972769 7.48178290682044 -9.16977515255518 -0.926426968591676 -0.222160827864656 0.303936898761125 -0.211936386172797 -0.3594852714317 -0.908764715335984 0 0 0 0 0 0
5.79831025774696 7.13667587251431 -9.54349784302523 -0.88592962391919 0.424242889479885 0.187474457428633 -0.373721299885959 -0.413535383364344 -0.830253501478467 0 0 0 0 0 0
11.2906377473059 13.7339942021536 4.0877880544053 -0.000661664162119068 0.9182611982717 0.395974663266679 -0.950110117187689 0.122932816391036 -0.286667556364103 0 0 0 0 0 0
10.8084673021226 13.7111958395537 4.27033213847804 0.190445796422998 0.839310684015531 -0.50920327406861 -0.907867250546451 -0.0467709344332715 -0.416640774621816 0 0 0 0 0 0
10.3111102085148 13.6513441011476 4.06905821524646 0.60900369330672 0.590988666028383 -0.529005574795548 -0.707261489503809 0.102731200356749 -0.699447986585218 0 0 0 0 0 0
9.98607616931172 13.9187978397519 3.80617318675451 0.695188001323166 -0.198872128880025 -0.690770236164695 -0.662552484098407 0.195460189911366 -0.723062597549371 0 0 0 0 0 0
9.95342471125141 14.317772814074 3.5091730435511 0.203851761124662 -0.785596682166869 -0.584193728530854 -0.585983028165263 0.38011496184444 -0.715637133248596 0 0 0 0 0 0
10.030233609863 14.4890713912413 3.02973832339219 -0.541127130347083 -0.825451010488305 -0.160661314840156 -0.43952420334219 0.440492600077649 -0.782805687225921 0 0 0 0 0 0
9.78800158719148 14.6523746057995 2.52980812553348 -0.339061248213296 -0.910175914011207 0.237943849497954 -0.667902495697409 0.0547703074715325 -0.742230738827656 0 0 0 0 0 0
9.39177956091504 14.4277414797084 2.21717914470726 -0.422176796889592 -0.519992626152294 0.742545904921227 -0.713622736433433 -0.314494624775999 -0.625967827473795 0 0 0 0 0 0
9.17585301819972 14.1091310054074 1.94998309109929 -0.512834515224318 0.44595436604481 0.733570353408732 -0.828139042038642 -0.0317909263282707 -0.559620464292104 0 0 0 0 0 0
8.75513303376273 13.8733858957907 1.89779579233379 -0.116257462487715 0.992459742551142 0.038831196623826 -0.706305384513573 -0.0551234963260871 -0.705757822457479 0 0 0 0 0 0
8.29577381608706 14.0344879851803 1.89778390365328 0.400988352148779 0.678934114960697 -0.615025860418522 -0.814045679168676 -0.0438416321639571 -0.579143802104459 0 0 0 0 0 0
7.94523825981122 14.3503276298856 1.78038655911094 0.473181604057299 -0.273261451082212 -0.837512596283904 -0.8635246732539 0.0443602612023818 -0.502351775061859 0 0 0 0 0 0
7.80817017850056 14.7067316514467 1.51355059093069 -0.118782584989127 -0.93161218124927 -0.343495911549584 -0.806182992233284 0.292434900412578 -0.514345032108287 0 0 0 0 0 0
7.536971673902 14.709616242832 1.07350681856827 -0.321102667212508 -0.891334566111993 0.320024637118705 -0.875245457615017 0.150236289952971 -0.459754767354778 0 0 0 0 0 0
7.18985373428241 14.6031682037089 0.735543412634949 -0.354491907422767 -0.49337842692368 0.79430045663973 -0.925463430272975 0.0637421011868816 -0.373435916542131 0 0 0 0 0 0
6.80753030285064 14.2940997603998 0.638155227287831 -0.446920272282346 0.352767943212486 0.822080925739496 -0.84387271600363 0.138729277940755 -0.518298202415072 0 0 0 0 0 0
6.32554257776096 14.1338507873779 0.659558848274343 -0.0657859448220357 0.884972293307076 0.460973154904588 -0.912449010777831 0.133628793936713 -0.386755928411676 0 0 0 0 0 0
5.77096237432084 14.1901313133666 0.801403746779865 0.326093646083248 0.919560540002592 -0.219251789626161 -0.907765858128884 0.239858506172571 -0.344135211555276 0 0 0 0 0 0
5.39511331351214 14.5003767727498 0.832763117977702 0.407179715121548 0.408054718863463 -0.817126689079972 -0.903874915867382 0.30854726685836 -0.296325362701154 0 0 0 0 0 0
5.16588863936385 14.8933913860453 0.702336762028846 0.0814005238194668 -0.495723061332575 -0.864657505134245 -0.899495915516093 0.337117095044763 -0.277955324105239 0 0 0 0 0 0
15.6949194278363 9.73486526444027 6.4813058470831 -0.766329140748208 -0.27833100566219 -0.579026337334657 0.0216400827694618 -0.911952610003341 0.409724473183903 0 0 0 0 0 0
15.4562204859469 9.45161154253375 6.74543178452934 0.114932998472534 -0.391184565539029 -0.913107354885588 0.166745454206752 -0.898559114018663 0.405940232196046 0 0 0 0 0 0
15.4913467512489 8.91471238603723 6.87320828248668 0.0280809307008413 -0.044225435875178 -0.998626843296648 0.288066305398369 -0.956280588348783 0.0504503720644226 0 0 0 0 0 0
15.4132068979143 8.46888500044363 6.6330040187841 0.720495829533332 0.159517502761818 -0.674862894177559 0.253025724144463 -0.966561807560091 0.041668394345599 0 0 0 0 0 0
15.6140458182051 8.03524601573022 6.40034424178792 0.891695301177126 0.450894049330799 -0.0396742502980025 0.447079728162836 -0.891051091347918 -0.0784070741293791 0 0 0 0 0 0
15.9574582547724 7.73306042302419 6.12957259912769 0.541456206560027 0.426474630510997 0.724530583142033 0.689061942034538 -0.718863246781359 -0.0918110694118897 0 0 0 0 0 0
16.292906307139 7.33787586936914 6.15330994111967 0.195999694340438 0.676076146699496 0.710285269228088 0.888792119179579 -0.428496627728786 0.162601380404148 0 0 0 0 0 0
16.7824504520405 7.41745599101615 6.18876078236878 -0.201968612626097 0.116327342517958 0.972459062838432 0.778612963665799 -0.583249201357584 0.231478340082398 0 0 0 0 0 0
17.1785842639426 7.57761101216001 6.39584240652731 -0.280713797039737 -0.760090315589918 0.586056717645958 0.937972083293433 -0.346710567224252 -0.000391838254479384 0 0 0 0 0 0
17.5954240496918 7.47933366181362 6.68515455510228 -0.344311954600658 -0.895038192289898 -0.283471184181927 0.915706587569761 -0.386783362996946 0.108995759505206 0 0 0 0 0 0
17.9301904813879 7.12884300193253 6.97143268071169 -0.491571424674215 -0.617921101739124 -0.613621256533107 0.73579769917428 -0.671607018230254 0.0868663280777019 0 0 0 0 0 0
18.0840157114614 6.625505615248 7.14862760672631 -0.0753990711064211 0.0622566460506546 -0.995208063722765 0.649932228469539 -0.753853701594244 -0.0963986254532424 0 0 0 0 0 0
18.1201383445132 6.21432573746742 7.09737729263204 0.856016938452115 0.327447528419966 -0.400016396182363 0.468622287309605 -0.818209444754475 0.333056236019218 0 0 0 0 0 0
18.3934249528206 5.80879643963372 6.95974588947206 0.676666920801557 0.569454792144579 0.466736668793565 0.505886986102926 -0.820161264438887 0.26723371345267 0 0 0 0 0 0
18.7928889134298 5.52726451324913 6.9616949490622 0.0454706139277838 0.462976653433819 0.885203389986873 0.468893032561819 -0.792332794906242 0.390317903933507 0 0 0 0 0 0
19.169455703947 5.43327948107459 7.11445182837561 -0.497766957808806 -0.209054362047118 0.841738872467489 0.723060168616499 -0.635989809542825 0.269631145674908 0 0 0 0 0 0
19.5326705547728 5.10653811280639 7.39842682909591 -0.889259333726981 -0.170494449750795 0.424440196003655 0.397952817023747 -0.745861217254716 0.534157841857795 0 0 0 0 0 0
19.6261958134175 4.99757243036057 7.90530842973559 -0.637501011652533 -0.679108485688886 -0.363873775926962 0.351079622449499 -0.676460837735477 0.647413186234985 0 0 0 0 0 0
19.4400189319777 4.78815110246005 8.276704776195 0.366308111163382 -0.686246364280167 -0.628398197966996 0.298971198692341 -0.552727603568866 0.777887150302333 0 0 0 0 0 0
19.4800338832702 4.35177544660767 8.49238626283731 0.879003096177431 -0.0141436101057324 -0.476606247549973 0.361284304538324 -0.63255802046814 0.685086857293065 0 0 0 0 0 0
4.12704677845719 9.50146367287299 13.2135947009081 0.617674822943311 0.700738591558556 0.356991931845078 0.306183407169422 0.203845082338891 -0.929891877360144 0 0 0 0 0 0
4.04491514941397 9.78937278812809 12.8535316872142 0.983286833379163 -0.0601771254546179 0.171830488782396 0.179970260925646 0.178574060940399 -0.967327250697307 0 0 0 0 0 0
4.16628458649369 9.83973315816086 12.35889005072 0.862929560542673 0.11148505456664 0.492872860025686 0.483976648231342 0.0981626225012891 -0.869557763182197 0 0 0 0 0 0
4.31442557520777 10.253226539226 12.0188909966078 0.70319238544579 -0.512696388602522 0.492608244109851 0.634942826047165 0.141047082622449 -0.759574438837258 0 0 0 0 0 0
4.79699879873198 10.4770879722706 12.0062357399963 0.259319734195877 -0.950081557910533 -0.173488641630728 0.695280231591046 0.308327801095765 -0.649245228423092 0 0 0 0 0 0
5.34779753862377 10.4760005460592 11.9475357842697 -0.481890544816619 -0.690503929954694 -0.539431020180953 0.646378883892684 0.135507097531053 -0.750887584779745 0 0 0 0 0 0
5.73004282981564 10.2923253216576 11.6424241668356 -0.826808758156693 0.12959091373736 -0.547351324573261 0.561848517981905 0.23648570274517 -0.792717323665037 0 0 0 0 0 0
5.96944228471877 10.365991438895 11.1668274394451 -0.933242480801042 0.285656552596341 -0.217850421131312 0.314518846478874 0.35664548242398 -0.879705572948225 0 0 0 0 0 0
6.02267814137955 10.3016114184763 10.641723641227 -0.65608292648289 0.727421308439151 0.201030926989656 -0.0281822868218965 0.242575279303839 -0.969723152544144 0 0 0 0 0 0
5.8261516704857 10.5183657760185 10.1270488623501 -0.218352477089451 0.756024575332573 0.617048650628217 -0.0537097866043651 0.622037515748688 -0.781143128897717 0 0 0 0 0 0
5.66121309481254 10.8137743986922 9.75558474554345 0.234228402571477 0.650563697632665 0.722429187361176 -0.000886723756809163 0.743243726959972 -0.669020161172763 0 0 0 0 0 0
5.41933413065217 11.2694989883594 9.70808041404936 0.920099833657048 0.287531826067381 0.265973203730432 -0.138701536045839 0.874232339537793 -0.465273790799354 0 0 0 0 0 0
5.58024450551084 11.7844222907792 9.81414695416601 0.862283793706051 -0.059904808828481 -0.502869837026564 -0.163875740496591 0.906547033437675 -0.388995138584074 0 0 0 0 0 0
5.74880316247045 12.228261534115 9.77493439476725 0.217103995927314 -0.338343523598989 -0.915636125866063 0.0131761948400459 0.938939354652217 -0.34383030142036 0 0 0 0 0 0
6.13756704569774 12.6108077682347 9.66524122517865 -0.63129926032918 -0.23723666548995 -0.738363060055851 0.118251033398367 0.911486493606229 -0.393965817138543 0 0 0 0 0 0
6.29413882143187 12.8688937619008 9.29406804823177 -0.992966816482527 0.0976835543220877 -0.0668941296345239 0.117143448032907 0.892502204513934 -0.43556541129976 0 0 0 0 0 0
6.26794835129293 13.0219549645139 8.86744817857845 -0.4603848158006 0.455859607732934 0.761733443809461 0.462221831304916 0.855682244576678 -0.232720594235551 0 0 0 0 0 0
6.22604666262504 13.4244206965484 8.6867849333592 0.360130484678993 0.0680177205924493 0.930419058107841 0.617376814701027 0.730325467865245 -0.292353518290824 0 0 0 0 0 0
6.36007930276942 13.9266607559407 8.76666524982666 0.793971093873631 -0.487594708359715 0.363127116135263 0.572081380991488 0.801349000508521 -0.174821831894263 0 0 0 0 0 0
6.66161275939891 14.3290845870912 9.0052698892034 0.607844408592812 -0.633716752651885 -0.478464473446884 0.678121697430083 0.727776110634156 -0.10243483911621 0 0 0 0 0 0
2.0329916671059 14.3990190290191 5.84641397976485 0.609545225531927 -0.126554955009486 0.782584475563998 0.789447251737479 0.00686747125456838 -0.613779988727811 0 0 0 0 0 0
2.53834570562294 14.4132275631334 5.65468872834241 0.262919931390547 -0.526178266354191 0.808708564128071 0.69869481501851 -0.47419971809578 -0.535686646113316 0 0 0 0 0 0
3.02276744826204 14.2909737177713 5.47136910541838 -0.318307766192778 -0.749334209732428 0.580670653732426 0.700703122175492 -0.59853895059677 -0.388286310848107 0 0 0 0 0 0
3.36257250235657 13.9280508154313 5.30835956471181 -0.536279681316982 -0.591848550978612 0.601763571605223 0.573610803897963 -0.778571472328065 -0.254552760991593 0 0 0 0 0 0
3.74610574411531 13.6991624183151 5.47361021170382 -0.721210306498694 -0.682100408521586 -0.120808635845065 0.670529096455069 -0.643627260258751 -0.368964335212719 0 0 0 0 0 0
4.06184179849377 13.2782311018126 5.39454839541874 -0.806178664004185 -0.209049218960002 -0.553510962634563 0.554637236686325 -0.59278660950026 -0.583936273302271 0 0 0 0 0 0
4.14656355125551 12.8954646150814 5.33552008803323 -0.251933165478914 0.350891542910996 -0.901889574862307 0.541805860761679 -0.721056679729854 -0.431883866173831 0 0 0 0 0 0
4.00793911835541 12.4528821318191 5.1376359301808 0.632532093179201 0.550777698377353 -0.544561362996388 0.482926978023523 -0.830135146883009 -0.278670364062259 0 0 0 0 0 0
4.234150131131 12.1024702563635 4.79197995499916 0.63360862995437 0.77119699001629 -0.0616060600684756 0.596182228944491 -0.537461293719192 -0.59640766900206 0 0 0 0 0 0
4.49889014958141 12.1403249619401 4.32595759543428 0.721823180242387 0.184566929559979 0.667013002105333 0.634665931517575 -0.560872973035379 -0.531620789180957 0 0 0 0 0 0
4.89653957804799 12.1344694774466 4.08281401945965 0.200211635322561 -0.547499573926834 0.812502010847604 0.540444322278722 -0.629998350799247 -0.557693475402861 0 0 0 0 0 0
5.3253885383849 11.9531487449524 3.93306220439848 -0.696747686986342 -0.620167004670356 0.360465736232144 0.395175283295035 -0.751244261120135 -0.528647855955881 0 0 0 0 0 0
5.53900523101312 11.4599099714227 3.91328623506183 -0.914288845934036 -0.0889445536650954 -0.39517688770211 0.332138036670425 -0.723058709291031 -0.605698297434542 0 0 0 0 0 0
5.5081811626914 10.9575558809914 3.75586856217092 -0.557433964259269 0.496322300332821 -0.665531028339425 0.184023461225758 -0.707824602265547 -0.681996846140884 0 0 0 0 0 0
5.53976283831619 10.3427523978751 3.15191035024915 -0.317678255916363 0.321190996171391 -0.892141731843302 0.768806136680228 -0.463459393821201 -0.440616062441788 0 0 0 0 0 0
5.6284872937327 9.98920358769983 2.78800252440092 0.0480111980459526 0.837745816451176 -0.543945651587311 0.528468751896999 -0.483415052260169 -0.697875823851727 0 0 0 0 0 0
5.65779194356346 9.86824549212891 2.24520441147563 0.736312119121717 0.63223672294561 0.241083366065521 0.597504502565618 -0.440320632208009 -0.670153795979514 0 0 0 0 0 0
5.95737125142002 9.93904959603674 1.84193694731503 0.66494761282733 -0.070845041981418 0.743522462486431 0.676162930532596 -0.365748036052329 -0.639556147259517 0 0 0 0 0 0
6.36968500327125 9.91202268753305 1.55545945766951 0.176992892407567 -0.575623362882989 0.798330295141355 0.795714333802512 -0.393684567044382 -0.460272919746863 0 0 0 0 0 0
6.77582958963842 9.78269766157364 1.54434433848674 -0.465470333370109 -0.884398178323046 0.0343107990463384 0.757758561469036 -0.418249757357372 -0.500868348960958 0 0 0 0 0 0
13.4917967803972 1.78982419967606 0.438144259338095 0.402177469096258 0.915148516461842 -0.0275041118565508 -0.831703324432444 0.352616643424246 -0.428871872367772 0 0 0 0 0 0
13.0315215780452 2.07323602436452 0.316099031301442 0.7149758355373 0.697387068052115 -0.0496067728381624 -0.640886209387167 0.625385461327588 -0.445149291111902 0 0 0 0 0 0
12.7100155494948 2.36831165627412 0.391042317737949 0.572815593308128 0.140710170258631 -0.807516528653652 -0.739315448468353 0.514117440575018 -0.434851612567588 0 0 0 0 0 0
12.5750368803965 2.76691044630861 0.226143741704074 0.164415847230048 -0.486197342472188 -0.858242141445296 -0.736632846577953 0.518130150075334 -0.434641457899927 0 0 0 0 0 0
12.3958100903279 2.95489842663318 -0.178182393311858 -0.290046111467661 -0.929448137273282 -0.228033798682816 -0.704724218197276 0.368642756624229 -0.606189981997993 0 0 0 0 0 0
12.3128277580686 3.04010450540449 -0.555491785454127 -0.780873912930626 -0.425519736315107 0.457349850891782 -0.62465717309347 0.524530129211568 -0.57850804631584 0 0 0 0 0 0
11.9749137685698 3.06783975768401 -0.938862668080191 -0.431273605112166 0.200421058771587 0.879678621278494 -0.721619420139804 0.508609144827049 -0.46966174027207 0 0 0 0 0 0
11.5636246760824 3.30488186700818 -1.04418274642346 0.10009708070867 0.514554697961827 0.851594996015721 -0.848012555695946 0.49180691131372 -0.197485866243868 0 0 0 0 0 0
10.9882961379462 3.35202888416709 -1.00722126496606 0.370873665563763 0.829312693014447 0.417963134015935 -0.827940199345693 0.499130607709659 -0.255702293213809 0 0 0 0 0 0
10.5962315735692 3.61891574213183 -0.896347744054641 0.710770635247531 0.664227410490297 -0.231531965877666 -0.702443638494198 0.652859260532754 -0.283456735103713 0 0 0 0 0 0
10.2660050251857 4.08236428158264 -1.08862818766046 0.845049516007469 0.443478394489354 -0.298694206700911 -0.529558322058112 0.771368493133162 -0.352928649078636 0 0 0 0 0 0
10.1326197228863 4.57578596062905 -1.03827770129768 0.477153571484549 0.06302532203482 -0.876557059182085 -0.619639036989398 0.731428565048906 -0.284709884038733 0 0 0 0 0 0
10.093810022052 5.08784294992466 -1.08095919596909 -0.0226830428365656 -0.390691090246682 -0.92024233306751 -0.645995782041196 0.708237733582889 -0.28476088620869 0 0 0 0 0 0
10.0569127488658 5.38789139949872 -1.43451984043569 -0.778205682949928 -0.589771238614043 -0.215791105303474 -0.541856925335238 0.804266921051282 -0.244020065094927 0 0 0 0 0 0
9.71474513516132 5.68355734662295 -1.68359701409311 -0.63781027749997 -0.39794614064226 0.659421654985141 -0.61676842722676 0.776694495493993 -0.127837270956315 0 0 0 0 0 0
9.29248237130033 5.90938507300648 -1.82494530725355 -0.207254188173566 -0.154291195429594 0.966043440274517 -0.517161819597723 0.85550216278954 0.0256846610409777 0 0 0 0 0 0
8.88022866479396 6.25966509645117 -1.83515110296911 0.385521143710745 0.0631275724379025 0.920536994014937 -0.429877515885312 0.895056916357809 0.118652592960804 0 0 0 0 0 0
8.64791607334637 6.62891856212464 -1.54552108650268 0.871682032147497 0.286343598034186 0.397715700841753 -0.364359448610859 0.921392075227967 0.135199245246012 0 0 0 0 0 0
8.53494369139268 7.03260576840341 -1.20221713406259 0.873345641396198 0.2310377638982 -0.428822739960446 -0.218283223298618 0.972643886163749 0.0794751856534262 0 0 0 0 0 0
8.77707206793921 7.34731635043671 -0.995746516219592 0.0738433924480405 0.312927155428626 -0.946902185437922 -0.169263801016299 0.939651041336862 0.297330937139183 0 0 0 0 0 0
13.8199745479092 15.3489777562981 17.7321956641023 -0.759003504691111 0.640602749613157 0.116369227266816 0.585655237023556 0.749823331972572 -0.307852097891884 0 0 0 0 0 0
13.8846422623788 15.6893810887883 17.3778663130126 -0.339062487160513 0.59317333535653 0.730193141588264 0.477281025441221 0.777325932526497 -0.409838037980356 0 0 0 0 0 0
13.7859494480962 16.0589512233624 17.1230505818939 0.490358214321159 0.214958756834727 0.844595497565452 0.457239435219481 0.761565834114198 -0.459292476740167 0 0 0 0 0 0
13.9300074994836 16.6057573977261 17.164780868259 0.680335946642654 -0.375326895103828 0.629501963076815 0.696278588917279 0.599113214108995 -0.395296702864258 0 0 0 0 0 0
13.9212034519113 16.770097891453 17.8875312480334 0.894958784393454 0.112502008467538 0.431731481742716 0.0680196929018106 0.921966031041363 -0.38125051997785 0 0 0 0 0 0
13.8689296944781 17.2104197693915 17.7683180260464 0.92393226019475 -0.366787145175681 -0.108703121874659 0.2608158964503 0.811819697960305 -0.522421138701784 0 0 0 0 0 0
14.1760278857252 17.6360845583834 17.8129519202332 0.393981405503768 -0.59130078425716 -0.703663296367053 0.340809729844221 0.804992217637 -0.485629753605951 0 0 0 0 0 0
14.5264439753126 17.9377204802931 17.5311591572847 0.112705409925076 -0.754293555043369 -0.646791097181816 0.351718853345144 0.639079047948866 -0.684011563260703 0 0 0 0 0 0
14.961304539482 18.112416277433 17.2500067867468 -0.553755642306457 -0.525654457404365 -0.645787952833348 0.275628727711002 0.616118565237814 -0.737852775307998 0 0 0 0 0 0
15.2171690315377 18.0726901223419 16.8254770016375 -0.956984689705779 0.0125096005479496 -0.289868614311495 0.243921993351675 0.575672358314927 -0.780450765283421 0 0 0 0 0 0
15.3629466543238 17.9856628847119 16.365445862578 -0.790124677319443 0.612433255606901 -0.0250699365292259 0.377103834670595 0.453458952095101 -0.807568991877194 0 0 0 0 0 0
15.3558745697511 18.2054259608487 15.8492024475291 -0.398598945248939 0.75958765588864 0.513950847716039 0.446572090575008 0.650220701259561 -0.61464331735812 0 0 0 0 0 0
15.2512563026931 18.6012767900044 15.5274792972753 -0.00621558073299366 0.48827815952799 0.872665918598927 0.41187192687105 0.796471888197719 -0.442712149332147 0 0 0 0 0 0
15.3588282188408 19.1038385598324 15.3709670083828 0.0501701227204695 0.127151721066678 0.990613647501383 0.383122828611935 0.913531940805756 -0.13666122831315 0 0 0 0 0 0
15.2876410091401 19.6747776860636 15.4379172013288 0.606527159077377 -0.284694911292362 0.742343325413358 0.438582243929681 0.898586235696974 -0.0137256083854314 0 0 0 0 0 0
15.4279985245075 20.1370100985153 15.6756222718716 0.827253496219785 -0.555974265902935 0.0808966541077871 0.54736301215927 0.830018737078365 0.107063668061433 0 0 0 0 0 0
15.8203759931726 20.1880965838686 15.9620410742839 0.642896966745703 -0.102978303255438 -0.758998655603425 0.43340743250928 0.865936648566275 0.249623152202522 0 0 0 0 0 0
16.2439087630733 20.500101294352 16.0985199877022 0.330720964583492 0.138758393878521 -0.933471880515539 0.336008572402739 0.907000059809014 0.253868333547763 0 0 0 0 0 0
16.654916783452 20.7782291846763 16.2029956624459 -0.488969736725445 0.382964626511488 -0.783738917885011 0.355094750831565 0.908047547109875 0.222165186560832 0 0 0 0 0 0
17.0042860070042 21.0738197999558 16.0325467070331 -0.852919228096676 0.464555124976474 -0.238153996819418 0.436470134757101 0.884853361774811 0.162875257853781 0 0 0 0 0 0
12.2375849899163 6.07193211459912 2.64335508482289 -0.946193009111541 -0.147411422208514 0.288077527951956 -0.0190520854719711 0.914051567339871 0.405150281108989 0 0 0 0 0 0
12.0140606903548 6.51898021862286 2.63040386211843 -0.472096085052279 -0.448988495359449 0.7586399788524 -0.034928818817701 0.869429199244875 0.492821311548532 0 0 0 0 0 0
11.7466296420862 6.89506193881672 2.87688297762268 0.505993090304345 -0.556178169223249 0.659269926997837 0.294438907144149 0.829802485933688 0.474060717944476 0 0 0 0 0 0
11.8415670976312 7.19029702202068 3.38866866556388 0.706785535274499 -0.655914970469267 0.2650089784159 0.423537073391175 0.692391694636968 0.584131910325902 0 0 0 0 0 0
11.8568752990633 7.26394506606927 3.87141091725667 0.949947956120934 -0.110398809869144 -0.292251575600775 0.277464621378453 0.728051982029119 0.626860188037797 0 0 0 0 0 0
12.196523356428 7.2641423879437 4.14091266402086 0.308549441516154 0.673103930868549 -0.672107387542628 0.253782422461025 0.622717630045435 0.740146766040634 0 0 0 0 0 0
12.5442075030021 7.64710938996683 4.25282125480208 -0.204055385423434 0.6355383816858 -0.74461558208507 0.264341097910557 0.768136058590603 0.583173027024 0 0 0 0 0 0
12.8476839054929 8.03896213760699 4.33997484989388 -0.811909579109588 0.444784795901417 -0.378112841206203 0.233632097080226 0.841127410627702 0.487771178222568 0 0 0 0 0 0
13.073306849645 8.5466514242153 4.24531756545541 -0.884479882961667 -0.0650543824665675 0.462020847969019 0.198678370097662 0.843456957967445 0.499106466910255 0 0 0 0 0 0
12.9117476043853 8.98918379373537 4.33334586554093 -0.169567037069349 -0.481153421428629 0.860080464251482 0.312079312017455 0.801590627529568 0.509959771812896 0 0 0 0 0 0
13.1019289583023 9.35837253242916 4.66859189539577 0.0134173327926816 -0.830364668775818 0.557058786870431 0.293474611655749 0.535843436929876 0.791671941786927 0 0 0 0 0 0
12.9998266202428 9.46109102505292 5.13130894292354 0.650009488118332 -0.728266284143842 0.217061937555769 0.426408077706786 0.585967405670436 0.689070642792348 0 0 0 0 0 0
13.1672033069327 9.47837957257398 5.62862431599248 0.879733008740759 -0.257214441016032 -0.399888190204141 0.473862380255202 0.543363213126852 0.692972483724525 0 0 0 0 0 0
13.4536319418795 9.4045566318996 6.02117728716195 0.586356572337657 0.413416547078492 -0.696615194119486 0.592938777348104 0.366874658704858 0.716816985790047 0 0 0 0 0 0
13.8826501792253 9.45793850555811 6.29958807272836 -0.0249149166312681 0.713415168893407 -0.70029853899751 0.690063701020978 0.519127614658962 0.504300117223589 0 0 0 0 0 0
14.326381308545 9.74805338851066 6.2725779182003 -0.573382623426326 0.763736975104165 -0.296543757330146 0.587795085325084 0.63562032778973 0.500483502793202 0 0 0 0 0 0
14.5270966135322 10.1636026828963 6.41957624985137 -0.860653421800377 0.456920183853546 -0.224721234267133 0.330023847322065 0.836639858394479 0.437170455937277 0 0 0 0 0 0
14.7283874115891 10.6335472405597 6.2932851074595 -0.735050490416064 0.0807292225093938 0.673189103575014 0.455951581760015 0.79370390551273 0.402668927860568 0 0 0 0 0 0
14.7795028755277 11.0715802031971 6.47877299701925 -0.265293281372243 -0.616695380754048 0.741151996702003 0.713697852873177 0.391237992024045 0.581006203410266 0 0 0 0 0 0
14.9252120946572 11.299320774013 6.85424697718409 0.417076170538864 -0.90692999042351 0.0593755879048694 0.803514331934218 0.398471279925512 0.442250333466048 0 0 0 0 0 0
2.65299133989038 1.6591896416244 7.40210852667096 0.670452149912286 -0.311972753474347 0.673176734422417 -0.537466058547586 0.42127016522138 0.7305215149492 0 0 0 0 0 0
2.39812031863791 1.55825859891049 7.85965136712291 0.79840538501227 0.449107818044079 0.40106235045825 -0.598611324894501 0.520236444210775 0.609112899077814 0 0 0 0 0 0
2.3101961794144 1.60885462709052 8.3057795584199 0.178168613398456 0.824905043123553 -0.536458400091751 -0.610954377885859 0.520104135061924 0.596847079940575 0 0 0 0 0 0
2.05698193258216 1.92403853425883 8.58960401154298 -0.185212882536076 0.410257740906656 -0.892964038564177 -0.729532559601523 0.551400906695152 0.404647111168503 0 0 0 0 0 0
1.93442652553821 2.34456867535255 8.86318679811901 -0.271496726791415 0.0971249023940043 -0.957526125323223 -0.63615501058009 0.728461338372076 0.254265375171317 0 0 0 0 0 0
1.89590463488922 2.79819677965435 8.71081317030512 -0.903215206282679 -0.308285059269652 -0.298601094055003 -0.422174292696634 0.763439827014609 0.488803127152436 0 0 0 0 0 0
1.56508542310232 3.17981195349972 8.69950113505069 -0.385606625625137 -0.824458240094121 0.414217503993858 -0.564911498023504 0.565917554338738 0.600510050783584 0 0 0 0 0 0
1.13791174122533 3.32373273574944 8.93207739734668 0.147713106909851 -0.798993602022216 0.582915141315271 -0.527704742959035 0.434806694911335 0.729705997178878 0 0 0 0 0 0
0.700205589596127 3.27346140809081 9.25009054665967 0.795665670540059 -0.0856947474149753 0.599643686691958 -0.550926997713196 0.309107563601606 0.775198011681534 0 0 0 0 0 0
0.435040690926438 3.39331077635153 9.71369220742183 0.927054633249968 0.313479676039716 0.205670123449666 -0.345385624297066 0.500620529521777 0.793780735436595 0 0 0 0 0 0
0.403333885421911 3.50461167713658 10.2418621814343 0.616531197114294 0.693505246618928 -0.372746235255083 -0.221120073234518 0.606893189217282 0.763404591350116 0 0 0 0 0 0
0.600718304824284 3.78224911485436 10.630551678962 -0.208281335299529 0.701215719506141 -0.681847050359046 -0.320291700725475 0.609796150638926 0.724956468425749 0 0 0 0 0 0
0.761646207624029 4.14196821960958 10.9095082929306 -0.81344422869817 0.301943544196409 -0.497130348013225 -0.231597969662779 0.615881485416991 0.753028801818789 0 0 0 0 0 0
0.703996779459903 4.6023255332185 11.1843507584365 -0.805400614038393 -0.155241164175515 -0.572040236217707 -0.501124758147923 0.693751365052783 0.517284274126507 0 0 0 0 0 0
0.419363768927282 4.99444866173782 11.402731155299 -0.632903012874152 -0.698595695244943 -0.33376313589139 -0.708747874620802 0.349261525797461 0.612937873538686 0 0 0 0 0 0
0.0572424928360033 5.28892387087895 11.3765701655399 -0.383743259248869 -0.858330485974164 0.340602242841135 -0.640302953945296 0.513095679304681 0.571616087114241 0 0 0 0 0 0
-0.230197803617614 5.15446554304029 11.9712632650863 -0.192233864286533 -0.977740489368582 0.0840813705332639 -0.129658499104991 0.110233305833633 0.985412244644256 0 0 0 0 0 0
-0.486259585914564 5.10238203396977 12.3423800353797 0.611051003475656 -0.756558507747226 0.232886013978269 -0.0454834390452202 0.260157709069867 0.964494283645133 0 0 0 0 0 0
-0.594692640909995 4.97355820077001 12.8371213967048 0.999687561568562 0.0248693258341917 -0.00250915875467731 -0.0075163285759456 0.394831821062974 0.918722666467327 0 0 0 0 0 0
-0.521066838420466 5.05406161139478 13.3473462342121 0.816755887880171 0.443432514750283 -0.369157723033551 -0.023534391735232 0.664877375756936 0.746581681808644 0 0 0 0 0 0
12.6194059198532 7.96401344889683 11.0413827349457 0.983276236899722 -0.148728273186179 -0.105108242794645 0.125952295664917 0.972199528678367 -0.197393251288633 0 0 0 0 0 0
12.7876064673211 8.35338072529236 11.2795959754035 0.6025740104191 -0.0517284738795536 -0.796384785739616 0.096811772185717 0.995265511834869 0.00860474975447086 0 0 0 0 0 0
12.9676990709367 8.80934842825496 11.3493881756144 -0.18078758301844 -0.197254008115336 -0.963538637579617 0.124510279152228 0.967209268117181 -0.221367165708155 0 0 0 0 0 0
13.2272261930576 9.10645842410564 11.0229823739704 -0.887772463708932 0.112475267796119 -0.44632876538978 0.189924299436384 0.972799980607785 -0.132623369784867 0 0 0 0 0 0
13.2938082479809 9.52319777061883 10.6572466965748 -0.92848385586133 0.139687291684795 0.344100552087095 0.0313673769040638 0.952750570286904 -0.302129837129897 0 0 0 0 0 0
13.0821375151456 9.90180609125102 10.3759398906499 -0.446819200840612 0.229998626082017 0.864553777251909 -0.0326010034344289 0.961559622338003 -0.272654116536436 0 0 0 0 0 0
12.7935420238981 10.3115173632744 10.2298086264581 0.41721421604924 0.337581915864044 0.843783590743491 0.0984536774016829 0.906197449658907 -0.411233577955129 0 0 0 0 0 0
12.7602980783411 10.8716462406591 10.1390706214036 0.930370748845312 0.047263156762805 0.363560811565036 0.102622672964522 0.918440756313016 -0.38201461246501 0 0 0 0 0 0
12.7893751932481 11.4312687566687 10.2551777674062 0.905653244628208 -0.393416902639463 -0.158162388740085 0.272634625530435 0.825968867266388 -0.493402261110101 0 0 0 0 0 0
12.9690708409517 11.9713213939067 10.3318473482327 0.0745524738975619 -0.507846796068376 -0.858215334492946 0.135454128361757 0.857791206350255 -0.495829028413958 0 0 0 0 0 0
13.246435567549 12.2303960367893 10.0331728140091 -0.797818776140759 -0.279161263995471 -0.53437270619083 0.0918415559554444 0.819722215262982 -0.565349996377494 0 0 0 0 0 0
13.4046558774461 12.3256794232179 9.62660003465372 -0.935956201700084 0.302389573825642 0.180406580092572 0.188571170743187 0.86313742504925 -0.468438575529274 0 0 0 0 0 0
13.4237214978335 12.712000439648 9.25982632112082 -0.845605506279381 0.209615400977551 0.490930454772377 -0.0322743151359918 0.897917061344164 -0.438979862328062 0 0 0 0 0 0
13.1823089640768 13.0564851229659 9.0180306631961 -0.122707228105295 0.403286453346552 0.906809226198033 -0.0942583976223049 0.904848050041827 -0.415169074972087 0 0 0 0 0 0
12.8685861267302 13.4507460203927 8.92078488239061 0.471129976725714 0.363223115551947 0.803806888101343 -0.248876076351852 0.928993265651713 -0.273920081398703 0 0 0 0 0 0
12.8005632800382 13.945462537298 8.8780336088726 0.965600274872522 -0.0711060988150455 0.25012003493806 0.100909151937352 0.988971273143742 -0.108412010182128 0 0 0 0 0 0
12.8789661915235 14.4561305535185 8.95317420203971 0.705372323305669 -0.380286718695477 -0.59819051906411 0.12935572883124 0.898792453965811 -0.418854652728908 0 0 0 0 0 0
13.1876132821148 14.8116726003019 8.78003208902653 -0.109288904991387 -0.370358969484122 -0.92243708130606 0.249723502195756 0.888002899170309 -0.386120477980916 0 0 0 0 0 0
13.5238643049521 15.0546446022299 8.58534990498507 -0.689147687312015 0.0463736199617589 -0.723135500749442 0.385221812729451 0.868693940348847 -0.31140808113893 0 0 0 0 0 0
13.7382147969661 15.2198848813981 8.18505210171998 -0.828950231391141 0.546844599092083 -0.117484034321241 0.557891493900323 0.793369124383631 -0.243562134800171 0 0 0 0 0 0
7.88518155107404 11.5654073598536 13.2439163700155 0.878084937906031 0.0418056334259733 0.476675078891707 0.4587644712933 0.209626815958671 -0.863476553190651 0 0 0 0 0 0
8.05323913206638 11.9513855972473 13.0452176794058 0.685628511000819 -0.714960033174966 -0.136914921996297 0.335733698101656 0.477455267783611 -0.811984822040823 0 0 0 0 0 0
8.55334924475743 12.2507814690672 12.9558111894079 0.122118232263636 -0.854844445558491 -0.504309539119183 0.498150421033948 0.492267696595532 -0.713805766936798 0 0 0 0 0 0
8.99353449668915 12.1875671490357 12.7792950773604 -0.550878776019457 -0.29577188361814 -0.780417559382336 0.660019597906516 0.417912640237244 -0.624278107504386 0 0 0 0 0 0
9.3083986355276 12.1562211816917 12.4432727183055 -0.809390923208528 0.365611551144264 -0.459580816720555 0.574240909082383 0.328785603303572 -0.749764900083049 0 0 0 0 0 0
9.39763318599899 12.0397772952349 11.938405039253 -0.24265664201748 0.957294675641739 0.157177155060067 0.61862487497081 0.277497118947764 -0.735050075194227 0 0 0 0 0 0
9.51210323436634 12.2191705063926 11.4306998613286 0.516628550168945 0.557917675563772 0.649478874516986 0.521162412862089 0.396934162697366 -0.755534916402616 0 0 0 0 0 0
9.68771630944578 12.6290506295542 11.2279535070825 0.843972687314536 -0.276228726360121 0.459791032753519 0.525965855010879 0.594329809768665 -0.608384743877603 0 0 0 0 0 0
10.0157149704865 13.020693490264 11.1314639439954 0.661434823909071 -0.734131031843517 0.153478343113129 0.691387225572725 0.517529683041566 -0.504129677251544 0 0 0 0 0 0
10.4789209066331 13.2616708747238 11.1498277383409 0.365181869869337 -0.805938239711056 -0.465946086677611 0.693973670332704 0.569293974139216 -0.440800312946502 0 0 0 0 0 0
10.950125958261 13.4401432419411 11.1430096371793 -0.354094471444915 -0.282873492775655 -0.891403215372846 0.734280950283679 0.506202955111316 -0.452316321048743 0 0 0 0 0 0
11.2682797903945 13.338042871747 10.9847132192651 -0.355516367349048 0.855887774644706 -0.37558518309522 0.933927711852197 0.341303976792459 -0.106257350146577 0 0 0 0 0 0
11.6262558345734 13.5813249718393 10.711450779073 -0.288291004587998 0.877596894043185 0.38303000958071 0.940022387608393 0.335557447843724 -0.0613115812194105 0 0 0 0 0 0
11.9154696724968 13.8567442707048 10.4503724382638 0.00798534163045788 0.327589494413683 0.944786408384897 0.957631369483556 0.269502958339227 -0.101539724381415 0 0 0 0 0 0
12.0644932716951 14.1496811320656 10.4196090468491 0.505596348874801 -0.606572874965635 0.613548432774784 0.861304333590177 0.313421088190494 -0.39990257115486 0 0 0 0 0 0
12.5311281494398 14.3438925788574 10.4637231448814 0.123774840705156 -0.961923578268567 0.243685901068177 0.952614777462312 0.0464213539995753 -0.300616273101233 0 0 0 0 0 0
13.0527926077573 14.2960498293465 10.3573684682049 -0.262805216773716 -0.94864345193902 0.176093779361289 0.939209840827608 -0.293319178513173 -0.178462137185837 0 0 0 0 0 0
13.3692904598063 14.0421635809727 10.5617821758736 -0.191491096535787 -0.680729505014926 -0.707063293453745 0.961514161663239 -0.274724931404918 0.0040901082628989 0 0 0 0 0 0
13.7391528777724 13.7315510020295 10.5737332340643 -0.282461439521818 0.00133080267321866 -0.95927773045532 0.953334865828883 -0.110758162552505 -0.280865204365047 0 0 0 0 0 0
14.0706323931884 13.3748007539172 10.3737501003985 0.016853221799348 0.714137366973494 -0.699802679336931 0.984873083393673 -0.132576092269997 -0.11157324663671 0 0 0 0 0 0
9.99369559613713 12.3424073349402 8.40954592347752 0.787736878971995 -0.579964939701209 0.207632555792273 -0.194984033000533 -0.554478040075488 -0.809033577763551 0 0 0 0 0 0
10.0522271645926 12.1911324397019 7.92407251724383 0.274951493861724 -0.776993673412728 0.566288360731353 -0.0914887961157161 -0.607460179812027 -0.789063958198597 0 0 0 0 0 0
10.1391438362381 11.9594292790521 7.48214846748524 -0.396044153295721 -0.611443454774201 0.685044473194306 -0.459298868190103 -0.514096315709953 -0.724395974486842 0 0 0 0 0 0
10.1104882911731 11.513205282775 7.17894393737346 -0.845419096299347 0.0152883838393437 0.533884647589699 -0.466262277519435 -0.508679919847829 -0.723770839220534 0 0 0 0 0 0
9.94163577981252 11.0345555572119 7.03274645814735 -0.714556429218981 0.699577807358003 -3.0232241092909e-05 -0.512966563541727 -0.523979045717231 -0.679934750058747 0 0 0 0 0 0
9.48865601232537 10.7723180451906 6.930241903045 -0.135083390770902 0.88527835233714 -0.445010917193133 -0.738749602196508 -0.389290526850102 -0.550183524798107 0 0 0 0 0 0
8.88814980293333 10.6374049651332 6.85267315058437 0.365268593669083 0.597703818744244 -0.713672893935 -0.652189350252902 -0.382734436724549 -0.654341961333552 0 0 0 0 0 0
8.45314259627444 10.6321974532106 6.52406185575217 0.743628662133087 0.220409386342112 -0.631217961774257 -0.388867233701289 -0.625405435220012 -0.676498570693815 0 0 0 0 0 0
8.29956904485233 10.5107047083292 6.05036093223689 0.926921965788985 -0.375142999678905 -0.00913231240130828 -0.276244636668801 -0.665683533650318 -0.693220263508322 0 0 0 0 0 0
8.24219980029793 10.3101089768227 5.54789669707323 0.533458591683827 -0.545791629474983 0.646168266130232 -0.134171323162167 -0.808880562635604 -0.572459860104814 0 0 0 0 0 0
8.48616802353149 9.9261096456358 5.30801443481251 -0.108233722362188 -0.419990002261109 0.901051529794128 -0.0397037255759815 -0.903826693612979 -0.426052722192941 0 0 0 0 0 0
8.77673584259798 9.63622289791066 5.27683069316791 -0.824371957607025 -0.469023053357401 0.316904166792516 0.15854992282942 -0.728769978332624 -0.666150313857055 0 0 0 0 0 0
8.8354480147146 9.16432142188478 5.22401070135377 -0.873220844086964 0.2654658008457 -0.408672565794917 0.0664570729265538 -0.765900880987099 -0.639514892681335 0 0 0 0 0 0
8.63784861464383 8.65997771901737 5.16425526490446 -0.207237165793848 0.620943933203415 -0.755963880705689 -0.101688897240436 -0.782226364093518 -0.614639149009449 0 0 0 0 0 0
8.41255364132681 8.3259673133791 4.94330796449136 0.414177556756661 0.597884773336583 -0.686287657831134 -0.0784292644976906 -0.72775244995975 -0.681340753256352 0 0 0 0 0 0
8.18297495391568 8.23098301691482 4.48568658440248 0.969420563525003 0.124332045317646 -0.211578149916279 -0.0923471329262327 -0.613965160818834 -0.783912487680231 0 0 0 0 0 0
8.22324302012824 8.20355311972102 3.99624456480647 0.818134381518393 -0.452926510686045 0.354279140926021 -0.13507839381674 -0.750246078916287 -0.647212985495987 0 0 0 0 0 0
8.32818903831751 8.02463478976547 3.60488095361027 0.0110210737692879 -0.72987721530522 0.683489419458173 -0.30269542075387 -0.653895876103524 -0.693394307352925 0 0 0 0 0 0
8.40118214038226 7.62454824703803 3.2818601456398 -0.59621257201698 -0.427012068326702 0.679846499198348 -0.0778507840837462 -0.812074134804995 -0.578338011026655 0 0 0 0 0 0
8.63026013195046 7.14772214748046 3.35496675698187 -0.991850193871728 -0.127180477291608 0.00763669512901546 0.123235942308079 -0.972850450846031 -0.195895132180753 0 0 0 0 0 0
5.34313605127382 4.69492950996841 1.67768417805919 0.583996158992026 -0.784322934226903 0.209251095883061 0.606388127670405 0.592879683133599 0.529893498684202 0 0 0 0 0 0
5.59106086355788 4.7802627285512 2.09953371842497 0.696211702623506 -0.550409234482593 -0.460802495356053 0.711895944040733 0.611825196624973 0.344781225755068 0 0 0 0 0 0
6.06364787375345 4.79416838461817 2.36767033697371 0.375994654086843 0.100658103807895 -0.921138407752014 0.63171219374027 0.699423360127198 0.334285308663476 0 0 0 0 0 0
6.55154945727316 4.8371214777418 2.39746692776131 -0.289991523675768 0.671727130648336 -0.681679967541339 0.620193031659813 0.674385783235293 0.400704902454077 0 0 0 0 0 0
6.69772437616008 5.14217690955318 3.44755385981625 -0.659540314433666 0.415769075451342 0.626212942644175 0.751662823944528 0.361377797227704 0.551732803783309 0 0 0 0 0 0
6.90868858456398 5.56290645322194 3.67554454482915 -0.509593779715444 -0.279265593565111 0.813833464491388 0.741454102924971 0.337351833329997 0.580034097105176 0 0 0 0 0 0
7.08469389374577 5.84698254531169 3.99870607641807 -0.00714760512057128 -0.871410106662182 0.490503147541426 0.720282553084551 0.335765427118575 0.607004630685699 0 0 0 0 0 0
7.59481299169442 6.12398388835565 4.33645445293394 -0.0383829374915928 -0.963510168074494 0.264905466396181 0.860097184870965 0.103096688333296 0.499603748416431 0 0 0 0 0 0
7.8570506081308 6.10600085549065 4.77598683200102 0.376853787883774 -0.746480847552714 -0.548404564892228 0.837839386161588 0.0222489499252697 0.545463240946258 0 0 0 0 0 0
8.19724513076731 5.81085681928473 4.96604822586992 0.423624359009595 0.110053684359332 -0.899127682263563 0.905799562231289 -0.0606042824061582 0.419349822958877 0 0 0 0 0 0
8.68843508799417 5.73508527431653 5.11826147072294 0.124982259676769 0.524937521284128 -0.841914504872178 0.973332298793504 0.0996518741335386 0.206624635769859 0 0 0 0 0 0
9.16271078646735 5.60288643492079 5.0143217911042 -0.0926011665139126 0.911059190920152 -0.40174142753789 0.992944715039014 0.114507322463069 0.0308036682625468 0 0 0 0 0 0
9.72590619843446 5.66824954359481 4.97551136671556 -0.296216874835916 0.931645123363756 -0.210458849124895 0.92226864940559 0.336292091798522 0.19059949453596 0 0 0 0 0 0
10.2138313208287 5.89287958618287 4.8308404158665 -0.522973118717233 0.81303027513747 0.255892338316452 0.847016099046711 0.529258711582058 0.0494868080420626 0 0 0 0 0 0
10.3977009353271 6.28292382999069 4.62715424491457 -0.271946811230077 0.413231582241211 0.869071108310602 0.893595120704171 0.443585157168629 0.0687020275783999 0 0 0 0 0 0
10.6400870044605 6.71796816272139 4.56497195993373 -0.0103805823314115 -0.15360662881019 0.988077551154781 0.864613380905109 0.495016196391524 0.0860387521405721 0 0 0 0 0 0
11.0767562918693 6.96763239600908 4.87792199701826 -0.0731772806469193 -0.664889382481921 0.743348636011348 0.801898948730277 0.403923756746011 0.440231387751335 0 0 0 0 0 0
11.3072222510671 7.27419757260548 5.20201404452494 0.447152303880157 -0.890619285131666 -0.0827774491406144 0.834339230941964 0.381952583717029 0.397479900753557 0 0 0 0 0 0
11.6836091610804 7.23904223847644 5.56085290629472 0.365617934719077 -0.472163367300375 -0.802113009738235 0.922906782953565 0.295653325838781 0.246641806875416 0 0 0 0 0 0
12.0772689228774 7.13592212176507 5.75349713955871 0.1915931123509 0.369575531442056 -0.909233746546518 0.882656927217479 0.34022889862923 0.324285438113615 0 0 0 0 0 0
16.5009898071368 -1.86160051396987 11.2586278902869 0.408308235592551 0.297435809729351 -0.863027417778799 0.471537346487613 0.74080029825052 0.478400929116324 0 0 0 0 0 0
16.8250379715115 -1.42820929325161 11.4889318667717 -0.0792197064150551 0.159972949861867 -0.983937443859112 0.17771166570628 0.973494763607671 0.143967041715613 0 0 0 0 0 0
17.0746802165456 -0.980033333891481 11.4698292340056 -0.835730931397762 0.166403754484521 -0.523319788273369 0.0178675615895313 0.960717575485804 0.276952144594556 0 0 0 0 0 0
17.1334093719062 -0.540329693072259 11.2980864310508 -0.901879561071006 0.0749356437004879 0.425438487475641 0.104290356569656 0.993478137300874 0.0460946008959745 0 0 0 0 0 0
16.9918613299564 -0.0933001331759895 11.021075863194 -0.345004825087578 -0.100043546495205 0.933253963008436 0.182886666311982 0.968080161612126 0.17138631210902 0 0 0 0 0 0
16.6840587094609 0.36592740084057 11.1344952194569 0.441053564989947 -0.162835082543777 0.882585116973212 -0.0373913631005182 0.979214993351914 0.199348646246457 0 0 0 0 0 0
16.5206665952508 0.74139040841162 11.454217993037 0.911441719961861 -0.114636540080876 0.395135995312057 -0.125066226756473 0.837753702284424 0.531532852450007 0 0 0 0 0 0
16.3395288727565 0.902765389501565 12.0081916384563 0.9908258836906 0.100532092543516 -0.0903181409106878 -0.0161703629465357 0.751697132748785 0.659310200117846 0 0 0 0 0 0
16.5064727771529 1.22810676841586 12.4223199064819 0.598707383550392 0.313293890212923 -0.737154262849707 0.110784647055452 0.879093302213202 0.463596514202478 0 0 0 0 0 0
16.857897194795 1.57479580780048 12.6342810492048 -0.113817966181262 0.210395249157729 -0.970968233108694 0.133513034974499 0.971693143365203 0.19490178200558 0 0 0 0 0 0
17.1466712914632 1.96602483332303 12.6040935344872 -0.775204306125247 0.281288304035575 -0.565628123220251 0.107046658639837 0.940935067258817 0.321219881197742 0 0 0 0 0 0
17.3188110714089 2.46722239901719 12.4584642216039 -0.940484089477583 0.0322485255331601 0.338304167932436 0.239998804290064 0.76782871211047 0.594003066320468 0 0 0 0 0 0
17.4018248204932 2.96234544800097 12.4748873815259 -0.534294854774133 -0.562616769333732 0.630865579205556 0.384793941397407 0.502628360184045 0.774143626339807 0 0 0 0 0 0
17.2953274656519 3.20353841109326 12.9662188277457 0.144513097147565 -0.900475823184164 0.410194169404709 0.173071708789549 0.431157706515704 0.88552200183213 0 0 0 0 0 0
17.2844603540348 3.22563071692684 13.5021656945696 0.55641059753959 -0.830877275022396 0.00708525207706562 0.321065884681638 0.22285622367139 0.920462819056003 0 0 0 0 0 0
17.2755542772465 3.22989268054715 14.0273014054277 0.89791168064511 -0.218300925257043 -0.382229407284412 0.434576241288435 0.301580215850176 0.848641775966383 0 0 0 0 0 0
17.6559264651813 3.19575329671996 14.3811265597991 0.564079439773781 0.521066346298255 -0.640549957754963 0.5561291993662 0.333675247696617 0.761170902417394 0 0 0 0 0 0
18.0947146585797 3.28076926839493 14.6495309563085 -0.181427694561506 0.82671378232591 -0.532567661202298 0.360669960750669 0.559755633738661 0.746050139005376 0 0 0 0 0 0
18.5286074867967 3.58947448232993 14.7736784564888 -0.870159385313331 0.482404544390897 0.100541034916774 0.411962599940385 0.600207668770253 0.685592860668587 0 0 0 0 0 0
18.7655226812823 4.0049412072789 14.8713037014476 -0.752919139848548 -0.26487789874762 0.602455365653563 0.410657093155692 0.526252408434663 0.744593281233206 0 0 0 0 0 0
7.34424410593204 -0.659760419437276 -1.1947768596643 -0.943392285653361 -0.0130981556451213 0.331420327814128 -0.310253129754879 0.388159583411856 -0.867799016640857 0 0 0 0 0 0
7.01940067085087 -0.745385221408738 -1.48540220839792 -0.302942871202554 0.887103189603371 0.348243517934043 -0.0692914530927723 0.34394451246317 -0.936429851550434 0 0 0 0 0 0
6.69771380329305 -0.431186200565595 -1.8963647775888 0.244052510155818 0.742626111435365 0.623654416244315 0.0173502523171816 0.639653828569793 -0.768467272133652 0 0 0 0 0 0
6.52172565527181 -0.0844286181604602 -2.1944980977334 0.886637287689679 0.296930631327135 0.354551153231746 0.115373810982973 0.600393523268337 -0.791338423783844 0 0 0 0 0 0
6.74338550271778 0.350325730523508 -2.56902734566578 0.909069812781841 -0.0737991637060887 0.410055799770069 0.287609784087061 0.823234896053624 -0.489453693434806 0 0 0 0 0 0
6.95606642134037 0.899598154365844 -2.66588201212535 0.916726996556315 -0.398855312376998 0.0229358578101163 0.385565914182166 0.868224755570881 -0.312289448484499 0 0 0 0 0 0
7.21695957129303 1.29967439618108 -2.58269832599719 0.496668008968005 -0.562538249193976 -0.660962636660753 0.339293201649834 0.826770066670869 -0.448699654748311 0 0 0 0 0 0
7.59929865339113 1.58518996020698 -2.71808018518177 -0.32421634486179 -0.45424218808646 -0.829787801963181 0.195990823664613 0.825882834446194 -0.528682457441503 0 0 0 0 0 0
7.91268473812029 1.71212609131086 -3.10770957639182 -0.867326070307254 -0.116339652560265 -0.483953069013448 0.255036120995272 0.731093009185713 -0.632818764661308 0 0 0 0 0 0
8.08126378421805 1.78078649312064 -3.57966230356829 -0.716322501733454 0.570924738134211 0.401157097527526 0.370068719699731 0.798242635426125 -0.475245029103678 0 0 0 0 0 0
8.1201082251006 2.25857708051576 -3.92671922309893 -0.494414181258141 0.332487900221054 0.803122913119428 0.160731958512395 0.942988136517063 -0.291442296005312 0 0 0 0 0 0
7.91978993927731 2.68393014235221 -4.0202601847169 0.445601072857975 0.128216469564526 0.886002381938237 0.191362784113791 0.953173656916632 -0.234179983381148 0 0 0 0 0 0
7.98188745006854 3.20190533157614 -3.75665906036303 0.897320310831142 -0.220782662102166 0.382192720868654 0.214578085400207 0.974899948900623 0.0593829512532254 0 0 0 0 0 0
8.00643034044757 3.49929966651682 -3.35377483808626 0.804933104442194 -0.032378794396363 -0.59248148582592 0.131627029178355 0.983375878355128 0.12508479947204 0 0 0 0 0 0
8.20593541200907 4.01537649279374 -3.23714762830291 0.386433614239692 -0.191938712293479 -0.90212448836553 0.347938581256005 0.936175545799023 -0.0501407132125122 0 0 0 0 0 0
8.62001989611314 4.29652811769704 -3.24532549114407 -0.562929088743793 0.0453084716071545 -0.825262372489323 0.317418904973172 0.933775649317025 -0.165252157348095 0 0 0 0 0 0
8.93294132725301 4.63147729226063 -3.63030882743625 -0.946941402484005 0.195900538310805 -0.254803766359842 0.28978841933053 0.863281197206325 -0.413241148207589 0 0 0 0 0 0
8.94097903645918 4.81499519890247 -4.05626453614445 -0.545606031908686 0.597006790303891 0.588130045377639 0.563323448355716 0.780858077401515 -0.270050653562315 0 0 0 0 0 0
8.98107103442913 5.28069487459958 -4.23862688499673 0.00512858716389974 0.255530577097563 0.966787371536207 0.582671931898697 0.784956715296273 -0.210562045223552 0 0 0 0 0 0
9.0178576440693 5.79277309664563 -4.24953697381011 0.620232755287397 -0.177443453789959 0.764084517560521 0.676569798517987 0.61393244461381 -0.40662053709059 0 0 0 0 0 0
0.869946544397824 13.0666592598421 11.3616595981099 0.409593024771152 0.908161692250773 0.0864632568611243 0.469765304191196 -0.291213536708559 0.833375806593788 0 0 0 0 0 0
1.32866114651361 12.9620563013863 11.5712943807135 -0.37752012338107 0.791574503154816 0.480508441546607 0.707401267268488 -0.0883167724654241 0.701272839035015 0 0 0 0 0 0
1.74264330487286 13.0691492019273 11.8216979102068 -0.853377242367079 0.0731246878688376 0.51613957631056 0.514711010568361 -0.0386556874881476 0.856491864190499 0 0 0 0 0 0
2.01943360268251 13.2504515647396 12.1828311062428 -0.710341064798471 -0.636247334515283 0.301006479968741 0.50269039193469 -0.159254460673121 0.849670751887025 0 0 0 0 0 0
2.01099914064485 13.3914463217416 12.7054759848212 -0.150898377550155 -0.948875429702643 -0.277245556428512 0.499940350462075 -0.315199026367409 0.806665494338822 0 0 0 0 0 0
1.92432219781886 13.1871432222337 13.1674592576334 0.568165996949768 -0.527151681072124 -0.631900708223144 0.701800498712189 -0.090591493174131 0.706589867866647 0 0 0 0 0 0
2.14768383886208 12.7911339086946 13.3972522608484 0.740650418771491 0.433338673172187 -0.513473028996642 0.669339853135341 -0.409344143020544 0.620017365546755 0 0 0 0 0 0
2.55709770773304 12.5131746440151 13.5532721478673 0.453598290521801 0.776977096634303 -0.43652626741289 0.849483854144697 -0.22883018200899 0.475409223037589 0 0 0 0 0 0
3.13732631413681 12.5051047981084 13.5923608331295 0.126573127567973 0.297905778096462 -0.946166682331609 0.991111317186619 -0.077364729727089 0.108226870687742 0 0 0 0 0 0
3.46388227162918 12.153277816724 13.5166413085433 0.291741544901664 0.876481199729774 -0.38297203226691 0.954894157674405 -0.243716770287151 0.169644579990313 0 0 0 0 0 0
3.95487185359095 12.0834979838425 13.3098924090387 0.127798963172594 0.906463251310384 0.402482048091363 0.960944184049023 -0.213605137767798 0.175952039662962 0 0 0 0 0 0
4.4544006270067 12.2513897134775 13.1600767071549 -0.25401714071533 0.277382936762065 0.926571097442641 0.947058496810847 -0.123154083021893 0.296501729258729 0 0 0 0 0 0
4.7896347125733 12.5656897786433 13.3980314470899 -0.260192540437988 -0.521747513406684 0.812452690409952 0.964390853821586 -0.0990900415974153 0.245217137903321 0 0 0 0 0 0
5.25025295699777 12.5819228495278 13.684460018294 -0.418006168720304 -0.873303703639299 0.250222868902216 0.897591769901984 -0.354588453458097 0.261908463548659 0 0 0 0 0 0
5.50256322602007 12.5183190932585 14.1129750423885 -0.0874393969625437 -0.882021025175763 -0.463026201209741 0.799464606338543 -0.339436190729304 0.495620233278604 0 0 0 0 0 0
5.69591338650246 12.1702510331448 14.4057473084726 0.389828848822188 -0.368614272117171 -0.843893942991355 0.747859062246696 -0.408000386072051 0.523681685741014 0 0 0 0 0 0
5.89261579270223 11.68921832179 14.5802576182202 0.703709671863112 0.437169389807093 -0.560067515878225 0.708846541731361 -0.378451336744125 0.595240427047825 0 0 0 0 0 0
6.27011090578922 11.5045604560004 14.7246846552454 0.295324733289015 0.954695539183363 -0.0366023137405127 0.703077995202565 -0.191230335141239 0.684917726142135 0 0 0 0 0 0
6.73540531237388 11.5481631623268 14.9642544784136 -0.284156045460689 0.942157141007006 0.177750565337068 0.628447262355596 0.0430129651723174 0.776662039284038 0 0 0 0 0 0
7.16290458494335 11.6562432111978 14.9143083723746 -0.596095616862757 0.249167756410407 0.763272850769902 0.760342369497658 -0.130254166951422 0.63632800750751 0 0 0 0 0 0
13.9212408244716 2.58449677920982 11.4137701219983 0.335978109012714 -0.940531031452485 -0.0502004894315209 0.878312192096228 0.293613702852657 0.377304501314615 0 0 0 0 0 0
14.283251114548 2.78032234271545 11.7347950588291 0.365988979091719 -0.425729921757006 -0.827530120844055 0.906605579523645 0.363809536778564 0.213796501668203 0 0 0 0 0 0
14.848377395446 2.94927586520334 11.6960179260439 -0.20010061633517 -0.14814616659377 -0.968510431882825 0.846114907021397 0.472285273574202 -0.24705502318535 0 0 0 0 0 0
15.2868870032562 2.76202559490719 11.4836318807993 -0.223217379048093 0.791695034601528 -0.568676510749464 0.973497343586691 0.151271500385922 -0.171522171163523 0 0 0 0 0 0
15.5815037550884 2.84549233834871 11.1186572957511 -0.106876069475686 0.946757744620714 0.303689444620861 0.990888283708275 0.126601135300686 -0.0459626125263465 0 0 0 0 0 0
16.0354646608202 3.0791547791593 10.9547500269477 -0.28764926560922 0.505655348739723 0.813369884053612 0.892758022507453 0.449050692472908 0.0365593878256335 0 0 0 0 0 0
16.4302769919712 3.42996324416295 10.9991616745366 -0.387098952937471 0.090810205376343 0.917555397365314 0.836820656772072 0.452445452763045 0.3082601185259 0 0 0 0 0 0
16.5455050179847 3.80580483354937 11.2622047783551 0.272687824279604 -0.596825251096055 0.754613126140666 0.823265025661842 0.550628251458373 0.137997196413192 0 0 0 0 0 0
16.9042211092251 4.00085313085637 11.5709466385851 0.28515106823978 -0.924777809022641 0.251942200159075 0.871457814351778 0.359583198072825 0.333558392892371 0 0 0 0 0 0
17.3374804548173 4.21898879280184 11.819102519743 0.0561034118316641 -0.993471809538063 -0.0993286002821636 0.942738263674962 0.0199509885410381 0.332936216503033 0 0 0 0 0 0
17.5804586627033 4.13566449394735 12.1902734033276 0.337591096178282 -0.323221849388597 -0.884058758148439 0.915444078778348 0.331327213235631 0.228439086846306 0 0 0 0 0 0
17.969849404464 3.99838196437496 12.3671402621323 0.0443455196336838 0.541131346706651 -0.839768027790928 0.978168858597391 0.14731073704035 0.146578411858314 0 0 0 0 0 0
18.5147533630742 3.99850584562937 12.2299885780419 -0.0675687137878948 0.866343195801452 -0.494857490602674 0.952947745042456 0.20294433292954 0.225175915564439 0 0 0 0 0 0
19.0217613410274 4.01671179945682 12.052440715584 -0.338258978059353 0.9358653533132 0.0986757530004298 0.939972027852467 0.33098326652593 0.0830822732882619 0 0 0 0 0 0
19.3206829728148 4.14319425135365 11.8387939250323 -0.104261372066419 0.387084899713826 0.916130365563966 0.983978773970872 0.1740959386861 0.0384236451652523 0 0 0 0 0 0
19.8433782999367 4.43463483520478 11.7753484163615 -0.150197253839388 -0.281637039843575 0.947692652038231 0.931595558766778 0.28062297496856 0.23104211911643 0 0 0 0 0 0
20.018908203685 4.82729100802971 12.0375954680733 0.36300992652112 -0.908175576058391 0.208424845683377 0.825212201733413 0.41722348984079 0.380722184322589 0 0 0 0 0 0
20.2885032367451 4.79435745343889 12.4608561537679 0.69237188274478 -0.443533496342514 -0.569121440122082 0.709584090562473 0.561547992840643 0.425622215300464 0 0 0 0 0 0
20.6620698360325 4.7062514504665 12.7887791756168 0.522701332877605 0.322774329562284 -0.789050092696016 0.714068938536744 0.339849956278871 0.612051924459238 0 0 0 0 0 0
21.1192466828823 4.61904369861017 13.0391521524901 -0.0188272249977141 0.866211620214551 -0.499322505605514 0.685986484901111 0.374512607505386 0.623829182831754 0 0 0 0 0 0
9.9645217007673 4.08774353970557 16.9181452244301 0.533487095718376 0.249606629397214 -0.808138632452956 0.320149579913686 -0.943964997817979 -0.0802142716453523 0 0 0 0 0 0
10.0828979428229 3.65943658055045 16.6161099348124 0.899051987219224 0.431963476046732 -0.0715058014344906 0.428388820613961 -0.901584159412144 -0.060241363448046 0 0 0 0 0 0
10.3491372905836 3.37991734251675 16.2984160322791 0.669640151599416 0.240344831832562 0.70272073341925 0.52517019195426 -0.822278858431488 -0.219211652197905 0 0 0 0 0 0
10.7823288505972 3.15731057249369 16.1869339622571 -0.0301255178262629 -0.0218562440583789 0.999307138857399 0.492185322725953 -0.870480304008766 -0.00420100297054074 0 0 0 0 0 0
11.1643591324847 2.9219340192098 16.3388767336097 -0.836572595111484 -0.428312319076051 0.341606279854646 0.380743634101842 -0.902875562767629 -0.199624655911944 0 0 0 0 0 0
11.2853992124533 2.50919198935234 16.6015543147744 -0.811649371879732 -0.273634996850773 -0.516090288249753 0.382518858342092 -0.916694465132967 -0.115544712588881 0 0 0 0 0 0
11.2957974920912 2.00030212986542 16.6965394465821 -0.0358332462147199 0.180689677178771 -0.982887185299893 0.297229482508001 -0.937084292420192 -0.18310560785343 0 0 0 0 0 0
11.8705720695555 1.5407207914409 16.4992529506053 0.759948861176695 0.307003182072431 -0.572910791130387 0.122984151798639 -0.933418807936464 -0.337052262115003 0 0 0 0 0 0
11.819440836832 1.21265363860546 16.0962145367744 0.937833376626541 0.177689577326001 0.298152598169071 0.295992689662184 -0.858063813696392 -0.419660361830075 0 0 0 0 0 0
12.129082600563 1.13334740502347 15.7026490646421 0.288813830467682 -0.429477674207949 0.855649167993235 0.20169105911525 -0.846383537540251 -0.492905289131511 0 0 0 0 0 0
12.3914684245891 0.697964472136384 15.5324144472254 -0.199412086260724 -0.386198553376667 0.900602852106807 0.21600620424457 -0.913778588483615 -0.344020364159952 0 0 0 0 0 0
12.6391248022048 0.251030831943115 15.5628268828453 -0.719082286653841 -0.296904507920919 0.628305959065265 0.240854651849554 -0.954575071685609 -0.175429385220505 0 0 0 0 0 0
12.8215181579075 -0.0779908974050739 15.8396818530362 -0.860581270707732 -0.412420203643143 -0.298846870711427 0.447816512122986 -0.892225410598775 -0.0582596614464191 0 0 0 0 0 0
12.8744960125199 -0.639594782649055 15.9184161922907 -0.686695752104822 -0.103468033873625 -0.719543820769465 0.310882026384867 -0.936537370873183 -0.162018883556163 0 0 0 0 0 0
12.740965543716 -1.14510936885857 16.0108163659366 -0.0497553955703973 0.157592357482157 -0.986249993396628 0.202661997468643 -0.965337319865519 -0.164474842018091 0 0 0 0 0 0
12.6548319147718 -1.54784275842693 15.7075248096474 0.694768978668399 0.309437530338585 -0.649264569415294 0.129342508234905 -0.94175558316381 -0.310430245213472 0 0 0 0 0 0
12.6700946245854 -1.96905026936127 15.3324101914164 0.970081575579105 0.233666029585981 0.0658932723385712 0.24277817789234 -0.932878875359934 -0.266074726808956 0 0 0 0 0 0
12.9584145455964 -2.30880552252394 15.0867470428552 0.555947947785889 -0.0300218666597408 0.830674766003472 0.280023906520849 -0.934167226769176 -0.221174601180133 0 0 0 0 0 0
13.2653707944385 -2.62279154960652 14.9109089051646 -0.105184150064527 -0.178145358262207 0.978366253457688 0.201710346246674 -0.967194785995301 -0.154425328753254 0 0 0 0 0 0
13.5757385549437 -3.02983879888069 14.9099387797177 -0.780246469042242 -0.299197335752811 0.549268970382938 0.0533651850562667 -0.906809062625416 -0.41815006990831 0 0 0 0 0 0
3.24820787290418 8.72317248842067 12.5992826179283 -0.0957757451701212 -0.995221392566718 0.0190101660873908 -0.528971515733523 0.034709222570496 -0.847929481390482 0 0 0 0 0 0
3.16698044522947 8.53287598699698 12.107156542866 -0.573317505170873 -0.63474709473659 0.518076407480697 -0.477087918405119 -0.255434206991989 -0.840916454833799 0 0 0 0 0 0
3.05978916074435 8.00820893665199 11.8941323447742 -0.915900267909135 0.123788258774406 0.381841807864951 -0.401121837778234 -0.246470382978769 -0.882243516027015 0 0 0 0 0 0
2.86808399334769 7.65135533611012 11.7993787492105 -0.702285402202498 0.67631862831569 -0.222234846157071 -0.208028852672025 -0.493512289783043 -0.844493704114518 0 0 0 0 0 0
2.55598387891677 7.37643320149329 11.5078914063953 0.0251066242358347 0.898462296987161 -0.438332246488932 -0.489802256981466 -0.371179596151538 -0.788872268784145 0 0 0 0 0 0
2.09754610688623 7.36526512486464 11.3295612975468 0.713903790971041 0.333605414754919 -0.615669395441561 -0.384317755271754 -0.54830292253842 -0.742740713922907 0 0 0 0 0 0
1.80731939150674 7.50479712903233 10.9694264792909 0.738040018797405 -0.624143413121531 -0.25640189256426 -0.662476922037966 -0.598089903166948 -0.451013076857927 0 0 0 0 0 0
1.69451459163773 7.31503996722635 10.5589916732308 0.364598747549874 -0.781327043355973 0.506552864571584 -0.57722901729659 -0.616511500128934 -0.535462633429809 0 0 0 0 0 0
1.67406379428717 6.98820381349762 10.1740780023347 -0.204240996579576 -0.329695755487465 0.921730071186641 -0.67700375335352 -0.632527838257275 -0.376263806091984 0 0 0 0 0 0
1.53284315538034 6.49906309157661 10.0948992995563 -0.570280143022725 0.187238584904947 0.799826400412474 -0.695026285013309 -0.628980275200388 -0.348313474544762 0 0 0 0 0 0
1.34324497234984 6.03868478979037 10.2339930015637 -0.85073157164181 0.501547018716838 0.157182635898846 -0.520821890364165 -0.844652501473173 -0.123720290464457 0 0 0 0 0 0
1.05113127641169 5.67413562793723 10.3904238805757 -0.556522150672859 0.638255997889911 -0.531895080789444 -0.547189930244033 -0.763311332881761 -0.343422464806542 0 0 0 0 0 0
0.603752810594147 5.38728387294687 10.2681336734227 0.0767070430836837 0.449817569337727 -0.889820309869615 -0.582279322958977 -0.704239386243792 -0.406199060704727 0 0 0 0 0 0
0.105530717216079 5.31315759994179 10.2226534918032 0.477753185949522 -0.0235627120214695 -0.878178052513997 -0.64635482550523 -0.686434187135345 -0.333216965771466 0 0 0 0 0 0
-0.183613662627115 5.25076924502348 9.80047785645122 0.707261029843004 -0.544215456481743 -0.451233168762871 -0.704967540107294 -0.590721344980571 -0.392516318105904 0 0 0 0 0 0
-0.379512229327828 5.11341476786147 9.44529092851329 0.451525938865129 -0.811519310374723 0.370891810938036 -0.732305496922128 -0.574530668344941 -0.365572387235074 0 0 0 0 0 0
-0.619021946131527 4.76518214274749 9.12751213142645 0.143651810681671 -0.41449628253492 0.898641746778219 -0.695385205616129 -0.688374094274327 -0.206350483746014 0 0 0 0 0 0
-1.05522242345857 4.23922910844869 9.04288763036534 0.469833418167256 -0.590731863262783 0.65596678643004 -0.528835367397166 -0.783341665432587 -0.326663419113935 0 0 0 0 0 0
-1.16254582552946 3.73097682184082 8.87021556523551 0.0513550493032446 -0.154249549053339 0.986696374538746 -0.587911472534149 -0.803329337981007 -0.0949846050774897 0 0 0 0 0 0
-1.36615437837626 3.24871316697685 9.00954235169916 -0.297787787680462 0.319467638343027 0.899590385431006 -0.554151850604166 -0.825168814929594 0.109599969615265 0 0 0 0 0 0
4.55158691690035 -4.06258015745829 3.21744433514215 -0.781553735571649 -0.537240824039322 0.317089979973432 -0.604079731115428 0.778656690973924 -0.169650924126728 0 0 0 0 0 0
4.19692345942155 -3.90469064956371 2.98401794046797 -0.574477594729966 -0.194839968283833 0.794992377266869 -0.47943412825267 0.867304668418897 -0.133886253235311 0 0 0 0 0 0
3.72811391576483 -3.8078899738215 2.83196598792681 -0.122306357305904 0.184793591144339 0.97513716144681 -0.625203859441902 0.74872338092789 -0.220303048074376 0 0 0 0 0 0
3.23096123924195 -3.5969500777036 2.82640191053209 0.641699109899278 0.411779098982485 0.647039586111737 -0.426966020589941 0.892626582863246 -0.14462987529372 0 0 0 0 0 0
2.89817299536832 -3.20430281231003 3.03932313779887 0.90663630215662 0.385765072486053 0.17086814934797 -0.380698051370847 0.922561699420363 -0.0628403090782627 0 0 0 0 0 0
2.91483799299628 -2.79266366836749 3.33748400176718 0.66406502490943 0.501540143586249 -0.554504397695387 -0.541072059258454 0.834200153185666 0.106541687215979 0 0 0 0 0 0
2.9118248817069 -2.30446571130134 3.5361721620922 0.127018936185973 0.179171071551023 -0.9755838851526 -0.318999779740358 0.938677172654497 0.130859871859037 0 0 0 0 0 0
3.06528436629264 -1.81736954045545 3.47776365064476 -0.687195775054523 -0.06302244000294 -0.723733472214247 -0.199786807043392 0.974211594575913 0.104866585360937 0 0 0 0 0 0
3.18041807974122 -1.45440830144693 3.21915619245381 -0.987949603747799 -0.0242971415518591 0.152856891787632 0.0025165397559463 0.984949135937289 0.172826116788078 0 0 0 0 0 0
3.01379620253186 -0.930614765749209 3.2544196408421 -0.711726962986985 -0.512481006939457 0.480424757567346 -0.519224060416348 0.844447356377707 0.131586615548326 0 0 0 0 0 0
2.55369049812707 -0.848001185234886 3.20995935596623 0.011960637706058 0.206632152876885 0.978345591569322 -0.499575175256423 0.848787276228955 -0.173161208067355 0 0 0 0 0 0
2.11490783992408 -0.591321406743824 3.37453904562483 0.640232249779517 0.476162551678597 0.602803359911991 -0.53450565259109 0.839737646644813 -0.0956263151836584 0 0 0 0 0 0
1.75510747386269 -0.24848648335809 3.53835874490096 0.885452165867329 0.443798452879259 -0.137903572045224 -0.461665811962157 0.874016559045622 -0.151524692969074 0 0 0 0 0 0
1.73395364562744 0.279259311484003 3.72506880923626 0.710731668328727 0.127776332317392 -0.691761306040011 -0.225219277749351 0.97293635674408 -0.0516829048682211 0 0 0 0 0 0
1.84474966204954 0.78461642265885 3.72219504653178 0.260853848632875 -0.100033428077747 -0.96018153644008 0.153124962374932 0.986312664338005 -0.061156144941792 0 0 0 0 0 0
2.22604009669258 1.18350399530986 3.5958753490362 -0.194692006999909 -0.245413168947351 -0.949666993697036 -0.0508919567692463 0.96941727579894 -0.240083639839868 0 0 0 0 0 0
2.42847848618488 1.58488696493438 3.28827199674557 -0.78006500263288 -0.301796089651793 -0.548103741948777 -0.20833262733038 0.951281034550065 -0.227292564099621 0 0 0 0 0 0
2.40318018720389 1.87686813385067 2.89571015864405 -0.913631815088824 0.0135526052283064 0.406316666344154 -0.0425640805068601 0.990762556301475 -0.128755023519756 0 0 0 0 0 0
2.04191513336136 2.51023517268707 3.09314625414205 -0.993972660714715 -0.0210992763422428 0.107578670235058 -0.0986538026497265 0.600106724242928 -0.793813168661978 0 0 0 0 0 0
1.77261321256466 2.66482826587176 2.62853783726259 -0.688002487103052 0.323167213152471 0.649781140141263 -0.131571330870347 0.824990467591522 -0.549617788354897 0 0 0 0 0 0
