t = 20
b = 13 13 13
E = -1.0031159424343 -1.0031159424343 0
2.42582732756915 8.99933407547925 6.58944747042363 -0.783150389636815 -0.620769190859153 -0.0363466489759036 0.217292679745482 -0.32796174174747 0.919361184344321 0 0 0 0 0 0
2.2267138844046 8.92039826307416 7.17826046857893 -0.280858357554164 -0.853868696923887 -0.438208661947116 0.189273971613624 -0.49689775039558 0.846916754658578 0 0 0 0 0 0
2.09427105642956 8.52353152628652 7.5829841789062 0.444701517386943 -0.618646452969377 -0.647701417832445 0.383579884145221 -0.521929700400575 0.76187653876393 0 0 0 0 0 0
2.02495213082094 8.12754610420178 7.91591147195459 0.887651482663283 -0.156631714082539 -0.433060447823674 0.354299926990518 -0.368460445233853 0.859481507673426 0 0 0 0 0 0
2.26223368423017 7.5769685151738 8.04174608096214 0.804230244128998 0.479647096072301 -0.350930730568898 0.570175126336835 -0.456102816430747 0.683279259271577 0 0 0 0 0 0
2.552799934309 7.24587753083114 8.14794682098085 0.470789934427751 0.865109617183103 0.173038111116653 0.428650818773302 -0.395724600884542 0.812194875519262 0 0 0 0 0 0
3.00921612927138 7.07688177529561 8.38673023479448 0.171121048406049 0.916798686158638 0.360829261355297 0.63659812726522 -0.382402593175371 0.669709699119825 0 0 0 0 0 0
3.44469131856695 7.01238444717814 8.63643968151383 -0.505877609023765 0.711766772770829 0.487314996555409 0.493022214539389 -0.224990927948114 0.840421428993647 0 0 0 0 0 0
3.76114973381192 7.12392095354246 9.02594343274805 -0.801474011596628 0.404306272232492 0.440653885684302 0.441570350156562 -0.0968324265170116 0.891986046436512 0 0 0 0 0 0
3.94156064246899 7.34955943564515 9.44806894196924 -0.797383519826465 -0.384912142668299 0.464781846392109 0.568290803570256 -0.219815115551891 0.792922995979043 0 0 0 0 0 0
4.06622699128696 7.48730850086133 9.95222030676242 -0.536465906752647 -0.843921992127853 -4.57713466909282e-05 0.530466397450542 -0.337250050867014 0.777732476090615 0 0 0 0 0 0
4.2784780714866 7.38729732994814 10.4569144083399 -0.316941989097162 -0.832097240976779 -0.455150477431327 0.55173174691771 -0.552092466905898 0.625128776676368 0 0 0 0 0 0
4.2781806915172 7.14936005833025 10.8526020577105 0.276854770231422 -0.644405582390105 -0.712806342272973 0.580003167429991 -0.4793650290135 0.658639123291401 0 0 0 0 0 0
4.18953976052977 6.73220031526482 11.121344656299 0.83738665398963 -0.161669677118592 -0.5221556350557 0.378151661439888 -0.518430558119668 0.766962239851468 0 0 0 0 0 0
4.32326680501786 6.24601642018135 11.3177051214238 0.926601640773714 0.364456413361185 -0.092633266569638 0.226063286965201 -0.343017593754634 0.911720527717387 0 0 0 0 0 0
4.63420804742123 5.81348603501914 11.3878343721146 0.522140148326852 0.741684005820431 0.421039785549265 0.503295576214848 -0.666515446651179 0.549955200300846 0 0 0 0 0 0
5.05785243702945 5.5247669606898 11.6353070631228 0.152400852738721 0.885358408169394 0.439220296853717 0.474677576974967 -0.455369127785855 0.753206582138475 0 0 0 0 0 0
5.52829081776394 5.45343711318334 11.8848764620982 -0.45481378499866 0.537472368776609 0.710118211128861 0.452420889422133 -0.547372563703963 0.704058673207451 0 0 0 0 0 0
5.92693396724163 5.42441941339729 12.2932967080819 -0.844184286004392 0.228347183085723 0.484985005170335 0.410273923528199 -0.307060628033699 0.858713618375956 0 0 0 0 0 0
6.0173918431504 5.59825523555623 12.7935802094477 -0.848309642888072 -0.509337725206406 0.144726747578586 0.273981927671416 -0.188338295323179 0.943113243372297 0 0 0 0 0 0
8.0831366740445 13.7603240012557 -1.3754564339851 0.986870330587504 -0.117866861012368 0.110428047529612 -0.063735715728887 0.344027465346737 0.936793926980543 0 0 0 0 0 0
8.20313396147182 13.5306675364302 -0.904772186009545 0.757223824923903 0.635416244092023 -0.151189535721228 -0.0391641124157752 0.275230123928653 0.960580320004997 0 0 0 0 0 0
8.4490228252732 13.5025525221633 -0.429969925204951 0.239859321052768 0.932821533393859 -0.268907963699171 0.0285844845190752 0.270087890978166 0.96241127299702 0 0 0 0 0 0
8.78931186721845 13.6994924637555 -0.0592245383602243 -0.431928590420962 0.901616697947755 0.0229133751059741 0.0702616148012886 0.00830956917802664 0.997493988225288 0 0 0 0 0 0
8.9743735439535 13.8262347614295 0.373115555309651 -0.874715454809602 0.460242187475859 -0.151822271043041 -0.106924535706935 0.122277888798464 0.986719444206329 0 0 0 0 0 0
8.89756693242113 14.2366840583047 0.725394892276746 -0.982300237667821 -0.182471338605883 -0.0423137526711851 -0.0755477558224838 0.179233359360123 0.980901595208546 0 0 0 0 0 0
8.67528276329151 14.5703099458301 1.08312190753508 -0.60146812242682 -0.79823692028324 0.0324640847874156 -0.209553078896022 0.196849908681883 0.957777437914013 0 0 0 0 0 0
8.36710456668357 14.7652570912336 1.53081526490405 -0.0391758821009226 -0.997785942706764 0.0537444210908329 -0.272619250673394 0.0624180557388065 0.960095167407931 0 0 0 0 0 0
8.00294571605221 14.6920425616883 1.91903307269841 0.672205760647824 -0.731810085875193 0.112220379446974 -0.187198538557565 -0.021351743365472 0.98209002144262 0 0 0 0 0 0
7.88327232688728 14.3727372010445 2.34421833393203 0.966193701198112 -0.00655751935831533 0.257733836942218 -0.256937557440008 -0.107002064823041 0.960486152789497 0 0 0 0 0 0
7.96466713046576 14.2024908471198 2.92747767717702 0.941889560015709 0.33587281482736 -0.00578869530720299 0.0382254587174805 -0.0900436909122215 0.995203973079259 0 0 0 0 0 0
8.23885400022777 14.0214137759094 3.35258678887701 0.426572478839705 0.903686360057732 -0.0372408773011167 -0.105649881399727 0.0906791300037995 0.990260267779122 0 0 0 0 0 0
8.47172398207937 14.040692744668 3.79508818590681 -0.242077346541902 0.946794170455311 -0.212083372952883 -0.093685966221446 0.194754147471941 0.976367636587588 0 0 0 0 0 0
8.73265558967708 14.1813571382827 4.17887125917863 -0.682078738669534 0.663956483294618 -0.306480639757266 -0.0957376521129635 0.334419458607359 0.937548893483779 0 0 0 0 0 0
8.83716423680667 14.5922761025733 4.48759973074818 -0.98943055004037 0.117847453218192 -0.0844935761865745 -0.0446716949773456 0.306627880528491 0.950780617466751 0 0 0 0 0 0
8.67302146324721 14.9593783603927 4.86628838096118 -0.807470577555906 -0.58870568730387 -0.0376414680586435 -0.201337705053882 0.215053509853773 0.955622894463715 0 0 0 0 0 0
8.36049183074217 15.1103867211968 5.2623223925216 -0.285492634317274 -0.95603691119092 -0.0669879107832746 -0.220666415860503 -0.00244527461862035 0.975346273660447 0 0 0 0 0 0
7.96382707079437 15.1352928125668 5.62387716976371 0.283164613767887 -0.958903550036433 0.0179383175690678 -0.19199607046075 -0.0383514618103793 0.9806460494514 0 0 0 0 0 0
7.6385430735019 14.9447632306117 6.00672688130051 0.824153750768521 -0.517486630725228 0.230169898368206 -0.249991855070818 0.0322827631185705 0.967709613264062 0 0 0 0 0 0
7.50169094134833 14.756882857945 6.41504935182 0.993744415475391 -0.0402961121817943 0.104154980939496 -0.103108149772125 0.0272441655304411 0.994296970172955 0 0 0 0 0 0
7.23439216941919 8.99301250976304 0.256870495264779 0.284376111730599 -0.0815789127501583 0.955235629607422 0.670024542943701 0.729557100360032 -0.1371624918385 0 0 0 0 0 0
7.37268609838629 9.48395981792737 0.348026639164211 0.578110599195695 -0.645582643847186 0.499010205367458 0.751127048527472 0.659954144632337 -0.016391581772632 0 0 0 0 0 0
7.69231811218774 9.76576070577774 0.606310032137082 0.741561382506316 -0.657484939723806 -0.133417652549071 0.655454480704733 0.752440938754791 -0.0649003652524232 0 0 0 0 0 0
8.14132404252151 10.067054308279 0.837782446852742 0.500727486054398 -0.57160485275882 -0.650030673901017 0.755616543766323 0.654985827534635 0.00609955042641285 0 0 0 0 0 0
8.64945382838703 10.1554086407866 0.988390330981533 0.0656256022887498 -0.119440222599198 -0.990670133571056 0.647905602112301 0.760160377249966 -0.0487291659141244 0 0 0 0 0 0
9.13854523808365 10.4477050954585 0.905576512093274 -0.430772874865191 -0.0845451202606884 -0.898491431745726 0.590193892763404 0.726789854870254 -0.351351214317604 0 0 0 0 0 0
9.4664440925653 10.5856448220235 0.46201462711317 -0.717890945082353 0.43008228965611 -0.547413751282268 0.648352275667704 0.699416443543076 -0.300758981807799 0 0 0 0 0 0
9.60375918468121 10.8357108745456 0.105308453159428 -0.71157845495651 0.686652856834837 0.148875641534349 0.565006477402005 0.685179145142708 -0.459670773005295 0 0 0 0 0 0
9.67777689132972 11.1602975913569 -0.345442543014345 -0.594415354566217 0.478961334833541 0.645961628883939 0.272996160209666 0.87576145499711 -0.398139385708225 0 0 0 0 0 0
9.53671307478242 11.4879994349956 -0.682061660296669 0.0736156575518903 0.520899704109445 0.850437671567938 0.253762737235363 0.814899324411099 -0.521098420900649 0 0 0 0 0 0
9.38216539505728 11.9767145945616 -0.843175314653639 0.541400808870753 0.200794022600979 0.81643549937629 0.39698457142933 0.794947717598685 -0.458760696149652 0 0 0 0 0 0
9.44097119971389 12.4647993224243 -0.860804294905385 0.904751300321905 -0.218142414162398 0.365840090352636 0.394541551586307 0.752861343072588 -0.526817579603043 0 0 0 0 0 0
9.64816741608014 12.9469719225203 -0.745633058224869 0.866559670001337 -0.465421247977373 -0.18015937460581 0.420458146040408 0.875305134230921 -0.238863704687947 0 0 0 0 0 0
10.0525724086061 13.2549567141154 -0.586447806405323 0.452759210356953 -0.542852887008824 -0.707332906418988 0.501677278161584 0.810914236639824 -0.301227504373747 0 0 0 0 0 0
10.5310457427715 13.477458907362 -0.687646346965518 -0.122039703613167 -0.326947877340189 -0.937129338055722 0.339028676980008 0.873664000773944 -0.348956687766334 0 0 0 0 0 0
10.9306369151569 13.7252227084171 -0.89753890677964 -0.80100889263618 -0.0173007898335504 -0.598402403562098 0.252448316805074 0.896597627843054 -0.363844116468157 0 0 0 0 0 0
10.9700046642639 14.0591637551407 -1.379299909834 -0.942579195066227 0.287183358983319 0.170499792819118 0.180938854718659 0.86819338250451 -0.462062096939879 0 0 0 0 0 0
10.9338058711335 14.2842435913621 -1.79222105678367 -0.497816295908511 0.42825154717493 0.75417474624268 0.1146444069113 0.894446568503373 -0.432229101353087 0 0 0 0 0 0
10.7404893326913 14.729155873969 -2.08789972539285 -0.036086994115987 0.206742786161837 0.977729589010026 0.0301132391053285 0.978147531238069 -0.205719712141197 0 0 0 0 0 0
10.4423732277786 15.1761587000266 -2.08729672737498 0.699823264590666 0.280814117346597 0.656803494080623 -0.100150273930133 0.948976286232094 -0.299021622630975 0 0 0 0 0 0
15.3906346884409 0.469932743909043 2.05662453889318 -0.347832907208306 -0.185926083981879 0.918936211038711 -0.673246086059012 0.731664995399563 -0.106799073559552 0 0 0 0 0 0
14.8916642670336 0.743616625847586 2.13037145431541 0.347983787191572 0.0837650813489301 0.933750874162063 -0.614234255284056 0.772819775433855 0.159580306848955 0 0 0 0 0 0
14.4439328854447 0.833887434115965 2.4133429956997 0.713463427830234 0.597324868452514 0.366296244420987 -0.67712261686159 0.722199943380564 0.141181455990588 0 0 0 0 0 0
14.2135606151256 1.18478450427277 2.69022386027909 0.658123108082513 0.651402617298381 -0.377556094884763 -0.670222535601494 0.735336172143123 0.1004114869415 0 0 0 0 0 0
14.1473036877447 1.60446064569431 3.01911146724222 0.325897714722716 0.450735749992809 -0.831040289767549 -0.624087285357087 0.762855933003654 0.169014454224326 0 0 0 0 0 0
14.1745747260853 2.11896200064169 3.14727095287491 -0.324244765616497 0.166363911055238 -0.931229499677018 -0.432160078366564 0.849633005781872 0.302260520333482 0 0 0 0 0 0
14.1982045650478 2.63383010586002 3.1811326044995 -0.656221452740844 -0.191238332318419 -0.729932397701846 -0.444250482585134 0.87984252005043 0.168874653616772 0 0 0 0 0 0
14.1889564623903 3.04217318956406 2.94362871661769 -0.887640733801759 -0.390260236676166 0.244521727798038 -0.315602194974393 0.902143567110108 0.294163625979139 0 0 0 0 0 0
13.787618273637 3.37825188922196 2.77080036449455 -0.469862849044463 -0.398581843553046 0.787630254039086 -0.428046406871461 0.883213358324486 0.19159967964904 0 0 0 0 0 0
13.3233827033581 3.64226059581207 2.7156469501372 0.14874187740222 -0.0695313276681111 0.986428531815444 -0.616963596092091 0.773041700618722 0.147521016135432 0 0 0 0 0 0
12.8620172696273 3.7345837339157 2.79419129840292 0.533088280791246 0.22729981419102 0.81495501676581 -0.565788689401411 0.811942372661085 0.143641019290872 0 0 0 0 0 0
12.4938235549497 3.99479049150408 3.13950265992007 0.826041646402901 0.553852061209059 0.104417875397189 -0.545298262356827 0.832209583469028 -0.100384332706516 0 0 0 0 0 0
12.3381596890586 4.46291345955145 3.35803226120922 0.8165397517696 0.28879274826216 -0.499861563166472 -0.407598659939375 0.901585358007888 -0.144938520212584 0 0 0 0 0 0
12.357938920173 4.93300399072564 3.61747161180054 0.470532796455012 0.210648730930927 -0.856869884881839 -0.479995580898392 0.875943452909803 -0.0482421975294003 0 0 0 0 0 0
12.3885920760477 5.48426864326993 3.60961717407596 -0.138020587477341 -0.26420149083254 -0.954540669471067 -0.65835460277203 0.744497703233107 -0.110871037198683 0 0 0 0 0 0
12.3765892052881 5.96004511827143 3.36026244874067 -0.572603450901748 -0.57717640774092 -0.582230781016168 -0.597355530934072 0.780136401679334 -0.185885890904322 0 0 0 0 0 0
12.240197174134 6.30508472063892 2.9716366791961 -0.751774855321015 -0.658484302903425 -0.0351139535919503 -0.651770343755586 0.750087089600567 -0.112092716156208 0 0 0 0 0 0
12.051356727123 6.65168308046429 2.41435878345631 -0.843478718238209 -0.280292640287285 0.458235406401569 -0.481890894068392 0.771742469859274 -0.41496352421565 0 0 0 0 0 0
11.6769353468518 6.73684693019079 2.03853854609022 -0.422543825779818 0.27562128266727 0.863417409968205 -0.466377922727194 0.75071740028434 -0.467883551861987 0 0 0 0 0 0
11.1944899812327 6.96848166095434 1.87646202144331 0.245310414524596 0.512413467737373 0.822955186269052 -0.537880501907943 0.778187496296529 -0.324204852331054 0 0 0 0 0 0
13.8530636900005 4.52671776756076 12.3176018487977 0.652716012811838 0.0031729999439548 -0.757596026052389 -0.316239133973487 0.909846433551926 -0.268648985660732 0 0 0 0 0 0
13.9225649587023 5.05427835170267 12.2432075894287 0.170861586378973 -0.290724400116516 -0.941427448865261 -0.356541119134237 0.872483195546385 -0.334142939257549 0 0 0 0 0 0
14.0468883292092 5.47478631399375 11.9763536801188 -0.566678404132832 -0.473206605871764 -0.674500625981023 -0.394392213226765 0.874538755358884 -0.282199836147062 0 0 0 0 0 0
14.0675444799791 5.78592392509008 11.6003241096012 -0.877561139695564 -0.457416905392828 -0.14372272178425 -0.334815888706895 0.799195490551078 -0.49918422306022 0 0 0 0 0 0
13.9130604265609 6.01478334607816 11.1394085590034 -0.866798834878718 -0.167509463355075 0.469681125381245 -0.359675497001877 0.862408604713076 -0.356209117476376 0 0 0 0 0 0
13.6253894339343 6.35633610047128 10.8259747936553 -0.567801381368601 -0.0752831210108107 0.819715830643022 -0.417013056119452 0.884876689486453 -0.207589391418277 0 0 0 0 0 0
13.1445786657612 6.5078001377467 10.6400588106431 0.0282691296815427 0.254648301843961 0.966620452232951 -0.371833133150799 0.900293376215493 -0.226300591766281 0 0 0 0 0 0
12.7769004021001 6.8494737958006 10.7681631033768 0.61360764263207 0.456054873414749 0.644592594852106 -0.603161411450576 0.797557848372559 0.00988889459363943 0 0 0 0 0 0
12.5108179711499 7.24123819318858 11.0894154455443 0.881348113172599 0.472412557962129 0.00720267219714861 -0.47165879216014 0.880628921696849 -0.0450631340353067 0 0 0 0 0 0
12.4341475879448 7.64216423891941 11.4387935506284 0.720472812701816 0.424917591542075 -0.548054711279464 -0.431683676468497 0.893307017209122 0.125107060054909 0 0 0 0 0 0
12.3661148122953 8.1827287503259 11.5314965673616 0.419626626886076 0.0528884655749845 -0.906154680072523 -0.474306969452474 0.863943051509032 -0.169219687028647 0 0 0 0 0 0
12.4432814993884 8.7105485112529 11.4671793496326 -0.283204751540426 -0.273557800268763 -0.919217710130218 -0.493946585699905 0.863166067918583 -0.104695318278223 0 0 0 0 0 0
12.2719023258381 9.16327928079514 11.2398092544251 -0.20217489807414 -0.695256705984223 -0.689741562741204 -0.78678077402429 0.534692941608373 -0.308349593513474 0 0 0 0 0 0
11.9890271087646 9.30464455251622 10.8109622856967 -0.41994549690195 -0.902209791894967 -0.0983019381325512 -0.836149528279582 0.426742689209108 -0.344593446781001 0 0 0 0 0 0
11.7449209802585 9.41879648845846 10.4245249150378 -0.559263653443729 -0.683892517463774 0.468524482277964 -0.82872488144615 0.446940396462582 -0.336837279531134 0 0 0 0 0 0
11.2348169674823 9.49706997140147 10.3282286032986 -0.265286130169523 -0.356084234718322 0.896006298484975 -0.950411418395788 0.253007868672071 -0.18084566395942 0 0 0 0 0 0
10.770702161658 9.27427855775414 10.2352494734415 -0.117807144343045 0.325976430381932 0.93800897840969 -0.965466582626971 0.1834346344308 -0.185002737065801 0 0 0 0 0 0
10.2477954080507 9.08924721667352 10.281222215345 0.151832905914626 0.851544806439779 0.501814917381857 -0.941926204579108 0.278516331488163 -0.187626432630298 0 0 0 0 0 0
9.82269609849352 9.33780619065968 10.4261267659218 0.369218925384842 0.807525023382042 -0.459979044902585 -0.928112046577658 0.294936649564286 -0.227201236222925 0 0 0 0 0 0
9.39504079831608 9.66799139431114 10.5103132339223 0.316358246439755 0.345044514831894 -0.883663817689728 -0.936840475288993 0.260097976308309 -0.233835340743471 0 0 0 0 0 0
12.7900268013673 11.279028250152 10.2592259082452 -0.663415384513267 -0.0826218849091441 0.743675770564816 -0.577722758105818 0.68817778010899 -0.438916572631826 0 0 0 0 0 0
12.2824659157788 11.248105488123 10.0857011770756 -0.0811188073768537 0.645627089250648 0.759332207084286 -0.708941535629494 0.498126762371944 -0.499271096367635 0 0 0 0 0 0
11.755815826603 11.3542511623987 10.0933091677437 0.411202683976628 0.888150398861366 0.205185822348462 -0.720519253066813 0.454570190918997 -0.523658235386314 0 0 0 0 0 0
11.2995707037611 11.7172862178175 10.1364038109203 0.758681720817702 0.620946143778027 -0.19704804750184 -0.637627891186568 0.645786640791964 -0.419988436692726 0 0 0 0 0 0
11.0345480521338 12.1079414130644 10.0354089778379 0.614166072921676 0.109341946006371 -0.781565335538563 -0.713202981870065 0.500875232589939 -0.490372825541569 0 0 0 0 0 0
10.9465291750174 12.6112338152874 9.86917258815704 0.157969981881201 -0.520353315912198 -0.839212673548031 -0.417988395202994 0.734746500364048 -0.534259563955958 0 0 0 0 0 0
10.8618690193104 13.0411727430317 9.52584583059853 -0.0189860492832586 -0.85151170309137 -0.523991745575299 -0.640713519544702 0.412694456044323 -0.647432986356828 0 0 0 0 0 0
10.6697535409741 13.25822210658 9.07534692212773 -0.306326366124124 -0.951604018168907 0.0247780148918133 -0.835647972015694 0.25635083284142 -0.485774348198387 0 0 0 0 0 0
10.272614812156 13.361873875084 8.71334891845829 -0.32871120122845 -0.840283401735949 0.431129621986256 -0.909905528718184 0.159470573090553 -0.382937416722698 0 0 0 0 0 0
9.88888269503549 13.2920439761375 8.36033124926408 -0.235953385166492 -0.435802976155415 0.868563046648058 -0.971282729873683 0.133901986533715 -0.196672612865775 0 0 0 0 0 0
9.4243386608843 13.0430007843408 8.27310820997145 -0.191858944020486 0.272979071699627 0.942694315254608 -0.980873009761762 -0.0211964898434957 -0.193491207911925 0 0 0 0 0 0
8.94352934434643 12.8587816875506 8.35173080639025 -0.124733139115867 0.79122396862049 0.598670423093328 -0.963058128705067 0.0485913166709497 -0.26487341255641 0 0 0 0 0 0
8.45187146593592 12.914967642092 8.5610171442805 0.0640453903265233 0.997691381257598 -0.022585299250401 -0.994026314837982 0.0617732708596492 -0.0899763769937523 0 0 0 0 0 0
7.96459029235718 13.1441718452707 8.6915177309445 0.221368400601341 0.814112550692177 -0.536858255054982 -0.956886487735211 0.075174470482643 -0.280565586944349 0 0 0 0 0 0
7.56609391157608 13.4950196164401 8.7739287622946 0.182287239506996 0.127084919524082 -0.974997838737336 -0.977343300272974 0.13190523669927 -0.165532721668079 0 0 0 0 0 0
7.14805829916176 13.8189527120174 8.67906739786498 0.280105033650939 -0.526825198908627 -0.802493850392819 -0.90503560272593 0.133808507556776 -0.403739818576196 0 0 0 0 0 0
6.95164485539075 14.1100860854681 8.27243707424462 0.0164425190727043 -0.892799195583729 -0.450154684449234 -0.715186591774122 0.304124524398334 -0.629298349438486 0 0 0 0 0 0
6.81451565469843 14.2698095563445 7.86487899821095 -0.312542773909863 -0.947338975643509 0.0697558578431652 -0.803849482102814 0.224647310510417 -0.55078089654914 0 0 0 0 0 0
6.46702100325451 14.0319132789561 7.49922940591769 -0.399775265966133 -0.627731702567261 0.667931617992227 -0.904039712472216 0.149743703373856 -0.400361113962179 0 0 0 0 0 0
6.04819495370916 13.8612141176237 7.20917486163158 -0.499790243001353 -0.0939142716582493 0.861039965727229 -0.824718593534145 0.355366745276598 -0.439947403482029 0 0 0 0 0 0
1.64700326111093 -2.1362981947086 5.27408658482692 0.552493627043843 0.546777617349335 -0.629114480235294 0.790449170775926 -0.104224323398429 0.603595393315581 0 0 0 0 0 0
2.14492247741838 -2.3122933111879 5.4530652543293 0.172903132266848 0.94363450640182 -0.282238241881051 0.759508501364802 0.0547070007109608 0.648192857433498 0 0 0 0 0 0
2.67179631152133 -2.25539101267411 5.52111551428999 -0.292048954251779 0.953977794960011 0.0680718373755072 0.712650400276703 0.169596833100614 0.680710159456797 0 0 0 0 0 0
3.11750874149539 -1.95603308274102 5.54137289988531 -0.687499432762921 0.555141433449902 0.468147966798798 0.68735687956827 0.289489281881682 0.666135478552073 0 0 0 0 0 0
3.4083551088195 -1.55348746085743 5.74643512223521 -0.749856452232673 -0.066986552061156 0.658200655490396 0.634609982677711 0.208436527882652 0.744193781034228 0 0 0 0 0 0
3.52892028986606 -1.169094113948 6.1019500925098 -0.519496583116044 -0.691522423637457 0.501916365281441 0.559081066074546 0.169126570407859 0.811680087681732 0 0 0 0 0 0
3.59714031484111 -0.924445071568334 6.50676107850173 -0.0395424745385976 -0.96113143707735 0.27324485973023 0.645346475578781 0.184210482146849 0.741346359487434 0 0 0 0 0 0
3.69683684598362 -0.865387631006548 7.04478367015342 0.352271587132442 -0.930556478229348 -0.0998467311662425 0.679233787948713 0.180809736472169 0.711301132085214 0 0 0 0 0 0
3.89267942604717 -1.00982460049049 7.5116797705491 0.647071941626717 -0.564476421115573 -0.512507826636808 0.717061318858766 0.22214512728696 0.660662249125215 0 0 0 0 0 0
4.03948900389895 -1.2848350714484 7.94247576590866 0.704679359093562 0.162817114702206 -0.690592200960549 0.587156230575695 0.412619164583483 0.696414378021139 0 0 0 0 0 0
4.36658990349687 -1.37522333939551 8.28129075781293 0.374726936944118 0.676465129430081 -0.634014709130335 0.593321824429062 0.350504727238524 0.724648638196207 0 0 0 0 0 0
4.85312008728915 -1.26918123083256 8.48310392286648 -0.251948147678391 0.870527328291877 -0.422734315591288 0.38906211903639 0.491085166371354 0.779401069348082 0 0 0 0 0 0
5.25685627234152 -1.0141278462011 8.77177185022957 -0.715451078055877 0.665312532368799 -0.213281478759171 0.236682142689922 0.518020692386354 0.821970878797583 0 0 0 0 0 0
5.411660092211 -0.6063880712405 8.93226628301862 -0.987677761717195 0.14881770424755 0.0484348006272426 0.125485863006845 0.568121606038184 0.813321055265399 0 0 0 0 0 0
5.273219148833 -0.0990863251609138 9.08001227669616 -0.812220736523008 -0.359970203794655 0.459041313546023 0.180772177191948 0.59285369519013 0.784758508111057 0 0 0 0 0 0
5.14354279881473 0.296279733580723 9.43654242561766 -0.398424907542864 -0.80270456919647 0.443760033847765 0.0989462842555913 0.443380314739889 0.890855504183013 0 0 0 0 0 0
4.95367395086585 0.605688233443158 9.81780873692996 0.319172957532677 -0.899202978181814 0.299270157564699 0.213625617241486 0.375924500096325 0.901690005426212 0 0 0 0 0 0
4.8213171944345 0.706002162135695 10.3430369645544 0.734114909190642 -0.672107459472858 0.0966791757565032 0.169654545887123 0.319413784890147 0.932304761911032 0 0 0 0 0 0
4.86890554413111 0.64858415557909 10.7860674751078 0.981863727058955 -0.0622141193904067 -0.179089432503357 0.186736156447094 0.480583935242819 0.85683644242171 0 0 0 0 0 0
5.04186432210195 0.491136867252446 11.2697830058071 0.73906643750658 0.621647632353587 -0.259489926857504 0.0340806816021266 0.350210972068059 0.936050630139567 0 0 0 0 0 0
7.26944518824625 9.34802246865952 3.75498680151067 0.680549991645373 0.645810875020881 -0.34609250580769 0.348194751896492 0.130548121517512 0.928287456944232 0 0 0 0 0 0
7.65770748250838 9.33397386977058 4.06545865306649 -0.0749418109233331 0.98361905325592 -0.163942926189144 0.295759448420287 0.17893244558543 0.938354692313596 0 0 0 0 0 0
8.11978307647668 9.47228899043788 4.30218671429284 -0.572590724406101 0.802599682037442 0.167253139634191 0.348054562269359 0.0532651469586393 0.935959852666213 0 0 0 0 0 0
8.54974238512719 9.69715322851517 4.58093631971612 -0.8791345645661 0.34429398090659 0.329520973682505 0.389861855196927 0.12188304369371 0.912771744480715 0 0 0 0 0 0
8.67635012954853 10.0872059734993 4.92808821341867 -0.88399703254313 -0.313731879480237 0.346585565557395 0.348054562269359 0.0532651469586393 0.935959852666213 0 0 0 0 0 0
8.44016217606749 10.2799658322961 5.32007054846406 -0.544878155587409 -0.816635516014088 0.190300366652478 0.263664632080078 0.0485755012140148 0.963390565903509 0 0 0 0 0 0
8.24375017807158 10.4138578173751 5.80192152697632 0.092215575422509 -0.994359222532451 0.0524025210667884 0.0728922983606705 0.0592267755232304 0.99557968134189 0 0 0 0 0 0
8.1334908435796 10.3293724980302 6.3246658161477 0.628189729266187 -0.714994395308944 -0.306856120553708 0.268967943623626 -0.170514359102604 0.947935176392725 0 0 0 0 0 0
8.20212582304947 10.1236292138031 6.78968574635778 0.803736493004125 -0.360435231870599 -0.47338577654997 0.393614772079514 -0.274531474222232 0.877325413322878 0 0 0 0 0 0
8.29617891786146 9.70627862334924 7.11473589959953 0.914789241184685 0.166623646368775 -0.367963591518946 0.396179152225763 -0.192497203028572 0.897767735089568 0 0 0 0 0 0
8.57148241746532 9.35021415221913 7.37670253641023 0.738930228036245 0.672602412834582 -0.0398511272538518 0.322302393882971 -0.300907407677211 0.897538800778154 0 0 0 0 0 0
9.0510194486672 9.22348749407666 7.72537091944237 0.132943889255499 0.980052550940633 -0.147725826125219 0.235418508437989 0.113558192424009 0.965237101865767 0 0 0 0 0 0
9.43288382371901 9.36377191120643 8.10551616025837 -0.514536888519198 0.854879733255412 -0.0665765125411211 0.128529711775341 0.153659296871907 0.979729010326722 0 0 0 0 0 0
9.67171506188771 9.61763777943479 8.531551493164 -0.854048495985219 0.515647699030603 0.0686193630823659 0.197032119114833 0.198575848874678 0.960076026302511 0 0 0 0 0 0
9.87286957469357 9.90110644738062 8.91201929804439 -0.995008632537606 -0.0989414786466632 0.0129770943918283 0.00978540528416193 0.0326756824310349 0.999418103508782 0 0 0 0 0 0
9.71389354196578 10.0847515970113 9.37327070302103 -0.828701759995643 -0.556168206802434 0.0626922540852494 0.0325820430715971 0.063883633474317 0.997425331462661 0 0 0 0 0 0
9.42020735744651 10.2585142706476 9.75915335410215 -0.432734563099701 -0.894841771066246 0.109539959165303 -0.228853767614048 0.226562476662071 0.946728787572029 0 0 0 0 0 0
9.15709715963857 10.3380006385726 10.2695082579037 0.00455018708786402 -0.992647638971627 -0.120954374214082 -0.256949529538202 -0.11805503061662 0.959187129300746 0 0 0 0 0 0
8.83881074748743 10.2258473095153 10.5221758807205 0.878825879071071 -0.449819222247217 0.159146918197833 -0.276863442395125 -0.209091381115152 0.937884549722661 0 0 0 0 0 0
8.72989908863848 9.88077074158183 10.9193477766905 0.86404964310197 0.393583656827304 0.313863217554726 -0.236494717574057 -0.233028460018415 0.943275137688369 0 0 0 0 0 0
-2.2059566513326 -1.4641885585429 9.16798885103625 -0.119033534191479 0.96022974807231 0.252566523226799 0.83890711072235 -0.0388008346231689 0.542889818298357 0 0 0 0 0 0
-1.69172642132638 -1.24269611207605 9.02947508629341 -0.290571333870781 0.64632213421478 0.705574941984625 0.885598913804928 -0.0975710435248446 0.454086396331144 0 0 0 0 0 0
-1.26037004351546 -0.946104113787367 9.15051212191192 -0.451959486087051 -0.36625038175724 0.813383845916923 0.87565673010378 -0.00821132469405808 0.482864230577006 0 0 0 0 0 0
-0.929399874038665 -0.769201122131886 9.57478241294207 -0.488257179156167 -0.677729228969771 0.549807256411284 0.738612297781505 0.0146395542120456 0.673971480864286 0 0 0 0 0 0
-0.687819111456757 -0.667162832545707 9.99325552145157 -0.0605036508912247 -0.993895992170664 0.0922500134196367 0.869947852363926 -0.00719123841048092 0.493091289983424 0 0 0 0 0 0
-0.460429469809015 -0.643369239687416 10.5152054680879 0.0765651545607332 -0.915444862715497 -0.395093002260096 0.680960417990199 -0.241434918540726 0.691376951626135 0 0 0 0 0 0
-0.251732513390428 -0.864910414229296 10.9286644927598 0.357209931004249 -0.528759284028617 -0.76994459849101 0.775563096728529 -0.291444517725948 0.559966049042568 0 0 0 0 0 0
0.0132470858645257 -1.29493643392452 11.1118270885105 0.638202640793942 0.188238326894074 -0.746500985646876 0.76176180527084 -0.294746078026521 0.576926079769753 0 0 0 0 0 0
0.375794379051329 -1.68457103000618 11.1855118485194 0.514402179893508 0.794019117082118 -0.323919803391117 0.688098631847649 -0.156756799212367 0.708482588882808 0 0 0 0 0 0
0.916600588074065 -1.70259057946465 11.3292478037848 0.0458536096407168 0.995051468244253 0.0881477284328569 0.681716535593115 -0.0956691645634011 0.725334389127292 0 0 0 0 0 0
1.41225959257162 -1.62575990641962 11.5622422491432 -0.569681686285512 0.765081229478795 0.300189088093007 0.539625378957626 0.0727088540768732 0.838759722997991 0 0 0 0 0 0
1.73142823903212 -1.33304943089965 11.8802627748264 -0.823466731383608 0.108899484216426 0.556815449356241 0.567144696705851 0.130675209833872 0.813185638420466 0 0 0 0 0 0
1.94121328383201 -0.957946048568342 12.204767822306 -0.714580435173496 -0.461185942924221 0.52600601490511 0.543409829801017 0.107579274661396 0.83254576843496 0 0 0 0 0 0
1.9011769330073 -0.682019237754078 12.6663331343178 -0.0755908228013583 -0.96034453908649 0.268373608529174 0.405982277470844 0.21618480292113 0.88794285929081 0 0 0 0 0 0
1.82692956639108 -0.67005826084281 13.240498588307 0.507691001450612 -0.861528203453245 0.00435909402265534 0.407205314884506 0.244415200292517 0.880025591330036 0 0 0 0 0 0
1.88589375353348 -0.818095680719247 13.7536196744741 0.861979867810081 -0.273515200291629 -0.426825658436258 0.499344380059269 0.312874110885621 0.807938723444269 0 0 0 0 0 0
2.09035962486883 -0.847514784662088 14.260219741318 0.556633803338487 0.432389966961002 -0.709364310811021 0.588593610117373 0.397324419598643 0.704053171088377 0 0 0 0 0 0
2.55352211009215 -0.899295500108355 14.4982421167895 0.0338182697139909 0.883940106239694 -0.466375613872026 0.677565658465584 0.322753302194869 0.660859352956744 0 0 0 0 0 0
3.0374090901895 -0.781246302458539 14.6252996584103 -0.437634888674126 0.897919561664463 -0.0470761616477376 0.658946441031975 0.355904441717297 0.662662520606977 0 0 0 0 0 0
3.50040734397195 -0.400154658419533 14.800888701935 -0.748248414215191 0.630580777650996 0.206136346822964 0.56030273933818 0.434294014770817 0.705301034328164 0 0 0 0 0 0
2.84426944427804 1.43987736710404 8.53179079884644 -0.0971926424118794 0.0172905976801925 0.995115383004835 0.775715597842598 0.627741132091593 0.0648566291450997 0 0 0 0 0 0
3.16699820386076 1.91241983943775 8.71331886330871 0.156283434716221 -0.581635285720381 0.798295610935117 0.725376424670658 0.616144256367038 0.306912524798066 0 0 0 0 0 0
3.27563455950459 2.27283237288918 9.09670646102401 0.670807684955102 -0.641426329018789 0.372275857727379 0.548734380153291 0.766952222279897 0.332678326281877 0 0 0 0 0 0
3.48981440016218 2.44617877540346 9.56731775524601 0.748871685971128 -0.265837526046675 -0.607059805699689 0.50677262267037 0.819991350536812 0.266074602238939 0 0 0 0 0 0
3.89273523234859 2.70261512171972 9.7174974907403 0.344709254392864 -0.180675032014003 -0.921158000965445 0.692565452178498 0.711364328457092 0.119640656332133 0 0 0 0 0 0
4.37357576479551 2.83439438268496 9.72172288459956 -0.11916784538001 0.269502397352671 -0.955597971140924 0.709938259853178 0.695972612122349 0.107748737218753 0 0 0 0 0 0
4.87348207177385 3.07715891386736 9.5994882672731 -0.548331392238971 0.515526030974018 -0.658456980882918 0.542088590894055 0.818667610967456 0.189534435856221 0 0 0 0 0 0
5.17919434591241 3.28176809278074 9.362690359483 -0.741428518349 0.660633354193723 -0.117674651074719 0.656472361135145 0.750433383193146 0.0767709349619875 0 0 0 0 0 0
5.38334047308079 3.71692410561347 9.10182141427298 -0.686016753279907 0.298496511468365 0.663536620587373 0.651766967358375 0.657457497246577 0.378086576824321 0 0 0 0 0 0
5.43683524398804 4.24923514863123 9.1515040579756 -0.237970530071117 -0.277244831204361 0.930862680736604 0.687350878531136 0.629066032311146 0.363076709215541 0 0 0 0 0 0
5.54475520339785 4.70372026639264 9.42586598431834 0.28477398320427 -0.650519182495801 0.704079946948476 0.636183780765659 0.677677793471706 0.368812967947213 0 0 0 0 0 0
5.56916109712965 5.01903011216689 9.86022661286026 0.627822575060672 -0.740987691479029 0.238277265639769 0.644765003840593 0.66658811610678 0.37408337745435 0 0 0 0 0 0
5.86781352806986 5.21432029475261 10.3292130732106 0.741004933577634 -0.46777285145517 -0.481767836052912 0.656047415303532 0.657338889121787 0.370819866945786 0 0 0 0 0 0
6.26736326778757 5.47548545066805 10.6781923254006 0.61507896194915 -0.541026761216949 -0.573557245804334 0.788008225808974 0.446579564383164 0.423803880035019 0 0 0 0 0 0
6.72438262837869 5.3334040263294 10.9223874830536 0.349814195041558 0.349186471678782 -0.869309402309643 0.801114593289714 0.369534155250682 0.470807727763065 0 0 0 0 0 0
7.18745315378575 5.34304499652717 10.8900687609579 -0.104367518781478 0.860256981697532 -0.499064471250009 0.805608756975094 0.367377284640625 0.464788620143743 0 0 0 0 0 0
7.70030434181985 5.47237125487492 10.7954987871176 -0.438149081450481 0.890109393684611 0.125421886840028 0.799715368235753 0.32227739095956 0.506549714326099 0 0 0 0 0 0
8.07554920239711 5.82088321885089 10.7939093831545 -0.648772446363815 0.138388414362617 0.748293364670108 0.759803926720702 0.172504953350489 0.626849291304814 0 0 0 0 0 0
8.36423441529031 6.13135945027451 11.1605687478733 -0.757944498104075 -0.325549139960579 0.56527683064556 0.604155293324554 -0.0235371274887047 0.796518917024262 0 0 0 0 0 0
8.44534269568951 6.40412319314034 11.6163170221947 -0.2160030088034 -0.923657421235833 0.316543312018827 0.705728116736469 0.0763487409048744 0.704356937219928 0 0 0 0 0 0
0.764841629091364 9.29275885903916 11.1927926433948 0.663723149517297 -0.732485398051657 -0.151448745243881 0.742668564263196 0.669444459019029 0.0169564130629921 0 0 0 0 0 0
1.10727368649371 9.43720856954576 11.5389390400152 0.447366415897926 -0.553052450879642 -0.702848686775941 0.776128914818369 0.630570537257981 -0.00216913001996481 0 0 0 0 0 0
1.63333143949923 9.42660442751065 11.6477319386476 -0.00579738012019485 -0.125986536878148 -0.992015011433392 0.763156679065825 0.640491814585317 -0.0858027892695156 0 0 0 0 0 0
2.08314331412088 9.49413154708348 11.4378294946286 -0.418585737386656 0.417018511061524 -0.806772298662081 0.846237172755677 0.501547506914609 -0.179813085603409 0 0 0 0 0 0
2.52890614999825 9.60967292672258 11.0802329211169 -0.661538511733524 0.638568907398964 -0.393187675285848 0.726637282481544 0.675444478129423 -0.12559067111975 0 0 0 0 0 0
2.8975127213603 9.9141065050666 10.9052535829462 -0.812596877788626 0.56081183895947 0.1586707140309 0.576099448665173 0.814122128819084 0.0729011976223044 0 0 0 0 0 0
3.02177244228897 10.3287951751698 10.5870116454818 -0.418508473576384 0.376480265236461 0.826506665086403 0.54441908565539 0.832404075067383 -0.103495482922511 0 0 0 0 0 0
3.04622325827582 10.8608095657123 10.5159627329519 0.0953064294111162 -0.128220871699077 0.987155556421394 0.721656398269915 0.691956522934371 0.0202042867894279 0 0 0 0 0 0
3.20401121684498 11.3628288311432 10.568501675434 0.610313674912307 -0.607114480012846 0.508850888152676 0.73944187043784 0.667036855110145 -0.091036004790168 0 0 0 0 0 0
3.56443174013577 11.7344470771496 10.5410660312915 0.312874176174448 -0.634184907864952 0.707049681790102 0.898944052129551 0.438036114186549 -0.00489426289150581 0 0 0 0 0 0
3.80775082066191 11.945681567803 10.9237997560647 0.529690970127087 -0.832549655072896 -0.162137435541051 0.844004312438017 0.536325911761545 0.00335215739162064 0 0 0 0 0 0
4.11997642726264 12.0779577794498 11.1732650007267 0.413652665969991 -0.411225363777496 -0.812271612283715 0.754148659999753 0.654589200508473 0.0526571666371825 0 0 0 0 0 0
4.67420882309113 12.2208368877833 11.1326369979056 -0.170590906213786 0.180911913274444 -0.968591566323256 0.711015415400235 0.703149899080846 0.00610724862989015 0 0 0 0 0 0
5.15609406039385 12.3177214080023 11.0653271799754 -0.525325630560402 0.443709328658918 -0.726054414997504 0.729955240886373 0.673481574398546 -0.116567213435738 0 0 0 0 0 0
5.55360795130238 12.5957288427622 10.8113261223417 -0.797218696460119 0.576225495594274 -0.180018133090984 0.582259313959868 0.81268387222496 0.0227819036173395 0 0 0 0 0 0
5.71123411687929 13.0452043323019 10.6082134464211 -0.680015645053926 0.330803934262005 0.654329794185373 0.578096586209122 0.790830443370595 0.200976483329833 0 0 0 0 0 0
5.74243433356478 13.6075376388251 10.6177072458317 -0.169385475431192 -0.338033500185962 0.925765582350617 0.55120800512766 0.746192710238943 0.373317792596933 0 0 0 0 0 0
5.69648958326165 13.946033847813 10.9099104179147 0.630860573586352 -0.459691569293788 0.625058875478554 0.311891777195936 0.887887881074304 0.338199098104865 0 0 0 0 0 0
5.62294310145655 14.2125385338291 11.3629364594159 0.98767151522584 -0.133149898195854 0.082316964362932 0.0849771902765061 0.897665120734128 0.432407456168477 0 0 0 0 0 0
5.72238038272692 14.3994447979775 11.8567617095135 0.789639378075349 0.2551868591639 -0.557986845277592 0.0204034477559864 0.897984517521336 0.439553757362672 0 0 0 0 0 0
8.94451383944392 4.60912204812274 -3.24292179181508 0.684287565445789 -0.699547755376818 -0.205872450132432 0.351885465854374 0.0694981220512043 0.933459495613927 0 0 0 0 0 0
9.00496553324581 4.4102940782303 -2.73530396192528 0.972482444599238 -0.0380938973698288 -0.229840705553797 0.221037472241266 -0.160895375874889 0.961901821334833 0 0 0 0 0 0
9.25944425900841 4.02518906736164 -2.46031339689358 0.704501461373561 0.708905957433826 -0.0336159848487068 0.225261388030838 -0.178442536730878 0.957818128951144 0 0 0 0 0 0
9.59524243824178 3.80376007724221 -2.19761266292838 0.00703914664404778 0.995599095207088 0.093449944020055 0.218762497321393 -0.0927217581007579 0.971362777411412 0 0 0 0 0 0
9.98938717589535 3.98744779787363 -1.88202773111509 -0.712884431416527 0.605197763205684 0.354304184077427 0.361715419022293 -0.115511406630502 0.925104897068311 0 0 0 0 0 0
10.1152934071085 4.20529139410344 -1.39577102577659 -0.982578178726614 0.145308496699512 0.115868733820731 0.137652341981536 0.150124375837591 0.979037539896388 0 0 0 0 0 0
10.1139371589825 4.53407397187565 -0.970017201083778 -0.907187531619899 -0.420467534821849 0.0147592220063527 -0.0275410024382549 0.0943535577468806 0.995157725853144 0 0 0 0 0 0
9.9896428939614 4.82104758194472 -0.490149208726132 -0.451938057064754 -0.891791408085535 -0.0214494065501488 0.0260140246328531 -0.037210512691736 0.998968792439293 0 0 0 0 0 0
9.84348061632923 4.74585837232635 -0.0267592033335683 0.40990259991276 -0.895602239198784 -0.172848163793791 0.205101721774345 -0.094145949663656 0.9742021473427 0 0 0 0 0 0
9.70896841871171 4.60464531085543 0.408734561005997 0.901536542094148 -0.307640291183557 -0.304284923237124 0.264306640221291 -0.16526270144505 0.950173794337656 0 0 0 0 0 0
9.76673172531828 4.22632427783729 0.785857483279788 0.905304470879175 0.324668304755208 -0.273887398201443 0.37920270294026 -0.327218780432868 0.865524800230951 0 0 0 0 0 0
10.1638264392734 3.90148172112272 0.945476415786035 0.330923324470601 0.913185616130179 0.237869257816707 0.289969128091631 -0.338279165315167 0.895257008387789 0 0 0 0 0 0
10.676295815191 3.72260332765539 1.16569400209702 -0.11341234131024 0.745288126559558 0.657026064359606 0.325873960876491 -0.596807405283435 0.733230579437002 0 0 0 0 0 0
11.0852606470533 3.50737937240017 1.57345007192898 -0.575410372400776 0.584248470860261 0.572325630765429 0.267509107490634 -0.526842508684524 0.806768770127205 0 0 0 0 0 0
11.3831683258671 3.56217825638394 2.01722163403753 -0.930084458814882 -0.092241726423059 0.355576100683837 0.336926500971688 -0.599887575597364 0.725682733422045 0 0 0 0 0 0
11.3804295492127 3.26878811675146 2.48082070226032 -0.950456953667704 -0.310727484935297 -0.0089447934852321 0.214079013487078 -0.675148930058552 0.705934910756787 0 0 0 0 0 0
11.2748958040807 3.33608178656524 2.98766635945719 -0.451412799618522 -0.793370342134887 -0.408399295495648 0.237750405170878 -0.548078693823082 0.801925489193521 0 0 0 0 0 0
11.1913976520634 3.07668420936942 3.49032509502082 -0.0767589889776179 -0.640543940707279 -0.764075596805921 0.24411423088365 -0.755086220043941 0.608484217198637 0 0 0 0 0 0
10.8790730134553 2.70168356595159 3.75818507338189 0.538190711592473 -0.517057671779407 -0.665584045789597 0.164721055494793 -0.709950469837035 0.684716951926017 0 0 0 0 0 0
10.8170475955079 2.1122980484835 3.8474765431757 0.943786180846943 0.000861398131599863 -0.330555445932448 0.253355956941291 -0.644183660608635 0.721691187757771 0 0 0 0 0 0
3.18172456986933 3.71097571186569 14.057344498796 0.851482662639278 -0.521619043890008 0.0537666093035365 0.099715257141447 0.26172463850011 0.959977646143493 0 0 0 0 0 0
3.25005261145436 3.56666339974476 14.5005327364553 0.909588314379565 0.403099839556335 -0.100794928909141 -0.0603109007365374 0.368094148100222 0.927830422753382 0 0 0 0 0 0
3.32371516630461 3.65125287469542 15.0024183155595 0.57603069155839 0.682222877569539 -0.450289448803212 -0.0133909401089192 0.558662937210296 0.829286684633586 0 0 0 0 0 0
3.66892997409581 3.78668188566782 15.3912252362632 -0.0489967758178176 0.839171034233968 -0.541656063625389 0.1688777283233 0.541459771727101 0.823590692320887 0 0 0 0 0 0
4.04190649074626 4.12105041598821 15.5855736503988 -0.685974931120617 0.642980684310421 -0.340608622142435 0.167013794488111 0.594749049989875 0.78637138807743 0 0 0 0 0 0
4.22141969667597 4.50842241296794 15.8203350867316 -0.976223343408063 0.205670688061062 -0.0684656984019919 0.0495153049751295 0.519078246036753 0.853291280316767 0 0 0 0 0 0
4.20545798639377 4.92395389088004 15.9735401001421 -0.718335051783609 -0.589536348927315 0.369380084293254 0.0985896859938702 0.439327148599822 0.892900739342722 0 0 0 0 0 0
3.98319260229768 5.22247058948007 16.2405456563125 0.111198157382383 -0.837847733570616 0.534458740358265 0.0534184526827533 0.542055680526337 0.838643015902541 0 0 0 0 0 0
3.8187056892576 5.42686152606053 16.6343330371569 0.660363665219693 -0.684798945785457 0.308172408740205 0.186505097595488 0.547082271721165 0.816037276439812 0 0 0 0 0 0
3.65651653705794 5.5119072195676 17.1200848328803 0.961319409894828 -0.263997196962513 -0.0785523529590026 0.194357260875232 0.448088555554269 0.872606384073807 0 0 0 0 0 0
3.79061720222319 5.51229316443775 17.6004473864075 0.865639250908313 0.280146648488136 -0.414953663229715 0.334307141248463 0.293546642854277 0.895583108248064 0 0 0 0 0 0
4.13878104606816 5.37389865457872 17.9855629529564 0.335391880214626 0.823204848938207 -0.458089580072196 0.515956159680257 0.246334560309231 0.82043191410699 0 0 0 0 0 0
4.51852565086639 5.58530037232541 18.3284783068405 -0.1534919656322 0.785305345177986 -0.599779735670727 0.633850883437434 0.543893438155419 0.549920890217004 0 0 0 0 0 0
4.88401914376148 5.9068546961339 18.4124186558248 -0.703418800655937 0.683058495837679 -0.196553000861676 0.467808327187022 0.653106943559026 0.595488613904135 0 0 0 0 0 0
5.07695633304722 6.45390489002491 18.5628846884145 -0.939414584241148 0.184225946576309 0.28906926423107 0.340980031945415 0.588606207064577 0.732990689449433 0 0 0 0 0 0
5.13144453327326 6.94270094750971 18.8588174922856 -0.680049894853209 -0.583350346412186 0.44411092516501 0.121456392239915 0.507737767001531 0.852907207581436 0 0 0 0 0 0
4.90177213128042 7.24707128327397 19.2462905353875 -0.20833674619571 -0.916454540570532 0.341623879803859 -0.166330415584153 0.377398917389355 0.910990806762036 0 0 0 0 0 0
4.59927526200368 7.40308539494752 19.6731362929151 0.227413933038754 -0.957712283512858 0.176267084472492 -0.136190227954221 0.147951388904209 0.979572666182093 0 0 0 0 0 0
4.29727004166213 7.30684648963657 20.0983099806337 0.845340165462525 -0.499062175710181 0.190622531279 -0.0246024199504484 0.320072617274773 0.947073513832722 0 0 0 0 0 0
4.253352664608 7.06998764096368 20.5816612527672 0.892209346856979 0.449417706930333 -0.0445668719849742 -0.0709453356967708 0.236929700514065 0.968932957617393 0 0 0 0 0 0
11.3113827828634 7.77037074719182 0.332953080695907 -0.839339255306289 0.353142887786887 0.413279221964307 0.42931355718613 -0.035745382031079 0.902447858482496 0 0 0 0 0 0
11.3726076705358 8.16830321233092 0.688742861937837 -0.725547887109794 -0.485969998534415 0.487250884078188 0.480548593490592 0.149035509792845 0.864211470714779 0 0 0 0 0 0
11.2850307475079 8.42952144440113 1.15002414261746 -0.263401955822274 -0.929092172740565 0.259628858606315 0.412071962517492 0.134981600918486 0.901097478145659 0 0 0 0 0 0
11.2804137361841 8.77994172010077 1.74286368516363 0.171307842918557 -0.98012132893473 0.100078986414776 0.422811478841862 0.164888117750099 0.891090546456637 0 0 0 0 0 0
11.2864874600834 8.7760387044842 2.28754603449316 0.475921041740523 -0.874682937126598 -0.0918091581935199 0.199503236853371 0.00570009560843262 0.979880588334662 0 0 0 0 0 0
11.1764555452016 8.52208368266047 2.67978176741424 0.999850967987701 -0.0105694072273874 0.0136502543902517 -0.0140270153502476 -0.0364331544985286 0.999237643453073 0 0 0 0 0 0
11.2942751866163 8.30686760192132 3.10312440257788 0.777651057907673 0.623649172092076 -0.0795018382425568 0.0257169940376562 0.0947945923652341 0.995164620289516 0 0 0 0 0 0
11.6671489593319 8.11328918161501 3.40406462981412 0.166018496128422 0.98431342923434 0.0597070512769751 0.450079467915275 -0.129507061027193 0.883547618244315 0 0 0 0 0 0
12.1439529227169 8.20449805216307 3.68259041546737 -0.409239272814832 0.891051454492923 0.196342871100619 0.586874424860801 0.0922882990635116 0.804401193000276 0 0 0 0 0 0
12.5804829571133 8.52708189924745 3.78111323072017 -0.746121242726186 0.225419409326244 0.626489569786872 0.66549185063196 0.281578625338849 0.691255433609555 0 0 0 0 0 0
12.8078384245609 8.802384525098 4.26224870589179 -0.86735032549178 -0.14752570464862 0.47533102080259 0.408572059716631 0.33431856788055 0.849293804986948 0 0 0 0 0 0
12.8059169519831 9.20280880891513 4.62049694802429 -0.327291011773268 -0.792460830224578 0.514671182574082 0.407256146790574 0.373184937796295 0.83359188641881 0 0 0 0 0 0
12.7194142776089 9.39503363176736 5.03746593246832 0.39586383627348 -0.86730226094979 0.301792331384062 0.535255102966253 0.484961805303769 0.691602502992214 0 0 0 0 0 0
12.7110202383433 9.44630334542532 5.57224257620344 0.835502072904753 -0.544059774200025 -0.0770405624932716 0.424221388456779 0.54955070086456 0.719743176942354 0 0 0 0 0 0
12.9468022005524 9.51418855684727 6.00688783355855 0.815790136148702 -0.286578619299927 -0.502353609246147 0.573519240702261 0.512867743832368 0.63878193296351 0 0 0 0 0 0
13.1988483387808 9.41092257211072 6.45526190673705 0.561079841839867 0.395992687195023 -0.726896968468719 0.543879489484758 0.485628651575019 0.684368258825048 0 0 0 0 0 0
13.7870904973082 9.60743587962781 6.45412315295388 0.0275459477665694 0.794350601482547 -0.606834691399526 0.677397162937241 0.431590388226477 0.595703634733829 0 0 0 0 0 0
14.3368039629499 9.83501359823274 6.54824162407182 -0.429044783742258 0.852274061784013 -0.299248219967539 0.619089865988261 0.518692946764317 0.589648509544107 0 0 0 0 0 0
14.7241179727725 10.1909902933719 6.54984658401572 -0.752349273358076 0.62349491735935 0.212660901212782 0.617962526688563 0.556120885781398 0.555744434075952 0 0 0 0 0 0
14.9883684025663 10.6583404875509 6.52885590815656 -0.677926310445104 0.0842610820654113 0.730284867469849 0.676090105758751 0.461525929843891 0.574365724061641 0 0 0 0 0 0
17.5618182040262 3.93706911210076 6.42352891207212 0.758820207451736 0.493958801994928 -0.424495694553713 -0.57371993920795 0.815454444530179 -0.0766777689503477 0 0 0 0 0 0
17.5121560266606 4.35935414613791 6.72829278635126 0.252261339019028 0.120079911583739 -0.960179687178587 -0.514445273346859 0.85706687508708 -0.0279719924127971 0 0 0 0 0 0
17.4759743320285 4.8309626955012 6.67951939781015 -0.290964239829366 -0.310483925642862 -0.90495278498821 -0.390125114099221 0.902170467904507 -0.184094655517299 0 0 0 0 0 0
17.2465842684222 5.41682768433659 6.53287233272953 -0.659082932477901 -0.533956652104809 -0.529622489882514 -0.498584642602844 0.837442591416956 -0.223837575579811 0 0 0 0 0 0
17.1388122292665 5.73974829561122 6.25353034424785 -0.892480978327556 -0.369750569973331 0.258383860424534 -0.419520367551588 0.890871990952144 -0.174211816322379 0 0 0 0 0 0
16.8110481348749 5.98107146980673 5.95998295845614 -0.52823742421801 0.0933433297390718 0.843950381508739 -0.318060393251871 0.899819777021689 -0.29859999183708 0 0 0 0 0 0
16.3473703014003 6.18240354122745 5.72395013316327 -0.0178583180920023 0.428819561690628 0.903213631421926 -0.373606331446111 0.835059504065145 -0.403848899681369 0 0 0 0 0 0
16.1680459572037 6.73284549292251 5.78458386040779 0.654795179017697 0.154183601346996 0.739912623632583 -0.023633229991641 0.982669246365588 -0.183854895739681 0 0 0 0 0 0
16.1629998800573 7.30167296337201 5.96033108692282 0.875514006124504 -0.101561947669255 0.472398556163595 0.0886397745265038 0.994828005004311 0.0496007140173614 0 0 0 0 0 0
16.3003726527818 7.83798361329017 6.10900626176095 0.871952404740323 -0.478711737184131 0.102635649506982 0.485378430075101 0.872681982639606 -0.0532347329667175 0 0 0 0 0 0
16.6849492621917 8.23466121687118 6.29740431621816 0.671501293265969 -0.565560253272982 -0.478777206078079 0.641752181920564 0.766890017155381 -0.00581709443065719 0 0 0 0 0 0
17.1424284346 8.40871706432088 6.50792063444516 0.384637348146932 -0.159656085310804 -0.909155676896825 0.659154159686536 0.73700913440836 0.149443399207113 0 0 0 0 0 0
17.6584141771118 8.57092589037827 6.5366957515421 -0.286398563554875 0.343548301504287 -0.894399478604065 0.545454168081399 0.825923408873317 0.142584267006243 0 0 0 0 0 0
18.1222431005744 8.73839791903654 6.32338623113819 -0.641366793780235 0.628624253616729 -0.439863823928351 0.739582969135204 0.659085646940914 -0.136466632411123 0 0 0 0 0 0
18.5368537175612 8.98972706884319 6.07029476520617 -0.730649300661463 0.675830349228196 0.0969790621990622 0.66433690579663 0.736500718622897 -0.127370196924224 0 0 0 0 0 0
18.7942797215639 9.44163234776881 5.85991478733993 -0.678238274689649 0.460177154186579 0.572913457260998 0.568685628264849 0.82245820098097 0.0126160153836663 0 0 0 0 0 0
18.8118676388921 9.94040341135138 5.66090927632297 -0.413804064494805 0.226824840438887 0.881655651582551 0.595989875273754 0.799573095315815 0.0740198204419771 0 0 0 0 0 0
18.7465493798757 10.473608719112 5.67143196292321 0.303456017202953 -0.208086858365744 0.929846387850593 0.770518951739016 0.627679059235987 -0.110993439480154 0 0 0 0 0 0
19.0312173449716 10.9172351641248 5.7905192497307 0.255149422897713 -0.707265793552262 0.659298012484379 0.853000350600557 0.485724307225 0.19095103887154 0 0 0 0 0 0
19.2356236261321 11.1990985984255 6.19973334863826 0.673649951149449 -0.725918811441288 -0.138699756712158 0.729992745295944 0.624278176093553 0.278185820394566 0 0 0 0 0 0
6.20653404522376 8.91231724284573 1.08953096169341 0.903580294247237 -0.332091297768921 0.270662191290604 0.0921252700731977 0.767604878732471 0.634267833616091 0 0 0 0 0 0
6.24793844887412 8.95555276571498 1.62347989842701 0.863308270032882 0.308614107248718 -0.399319625988894 0.244094705949126 0.437196945663975 0.865607650861348 0 0 0 0 0 0
6.60846651608986 8.96071646365528 1.98553163630748 0.25050957913742 0.808294352458797 -0.532827542966397 0.381514686134217 0.423414424505123 0.821685322605257 0 0 0 0 0 0
7.01921324382955 9.13103362431522 2.28713450856541 -0.338256686307649 0.784275877427178 -0.520090148199327 0.355519022667477 0.618210571647306 0.701014916834922 0 0 0 0 0 0
7.35477363691844 9.55033052193755 2.30370062919386 -0.857373454406023 0.512501071829567 -0.0474701069456289 0.313477692766732 0.593112156993805 0.741585939297532 0 0 0 0 0 0
7.46007171573012 10.0347746325567 2.45120176308916 -0.990350043164691 -0.0445887101683671 0.131219811496645 0.0723696975667072 0.64109813466923 0.764039140749829 0 0 0 0 0 0
7.50781689251512 10.5584367232283 2.61304295267287 -0.779306248561949 -0.383670491573317 0.495458095955846 0.0339641342696836 0.763630907220494 0.644759083007689 0 0 0 0 0 0
7.35821502292111 10.9790514103876 2.79151701391242 -0.222299267990984 -0.771095719265866 0.596652685555449 0.0368510858047727 0.604882520155287 0.795461585675637 0 0 0 0 0 0
7.08295773459455 11.2169221472137 3.07513464833724 0.545669598637608 -0.681577547770393 0.487541521819394 -0.0502534043373221 0.554129718770867 0.830912059202073 0 0 0 0 0 0
6.82436071508507 11.2671436122475 3.54341927126334 0.969374253988488 -0.191371116432649 0.153917677670839 -0.0475394017803062 0.468656694257135 0.882100282397838 0 0 0 0 0 0
6.74366907526553 11.1745626407291 4.04528207801627 0.90674048890137 0.293284606489969 -0.302994761312682 0.062716241031208 0.616742902971163 0.784662261578585 0 0 0 0 0 0
7.03687555080839 11.2846723943471 4.492844081541 0.409575520947876 0.569320048697201 -0.712827170351757 0.252839415477364 0.679921975069109 0.688315580093307 0 0 0 0 0 0
7.47196354366438 11.5399579891799 4.75610827090112 -0.283568314344827 0.727950378815553 -0.624241345219881 0.36135108417248 0.684091520993435 0.633596231737739 0 0 0 0 0 0
7.8328543290852 11.8973391353522 4.90011965352119 -0.771521456781498 0.602867519297647 -0.203237289643552 0.304143402342281 0.63009203024367 0.714479407845371 0 0 0 0 0 0
8.09484286768118 12.3186180048632 5.15241522923816 -0.993756206710329 0.0103794993425764 0.111089457727084 0.0939188780310504 0.61531733541848 0.78266456485706 0 0 0 0 0 0
7.95354697151716 12.7684684501657 5.34033291425755 -0.576548848507244 -0.651375261293001 0.493256215632856 -0.0861527415705554 0.648793859625022 0.756071579172729 0 0 0 0 0 0
7.66798654172856 13.1442248584309 5.55139043913985 0.361841204504455 -0.631282639328325 0.685968783550265 -0.0994046295553321 0.705506381483438 0.701697559714378 0 0 0 0 0 0
7.46024698614894 13.3321580052217 6.01346462896497 0.882931967036789 -0.334928901517745 0.329019410540875 -0.00358980436961009 0.69594901231041 0.718082227581739 0 0 0 0 0 0
7.43548436246066 13.4083261370258 6.52867028717396 0.954289631876673 0.158675588040367 -0.253285128368658 0.107751866705671 0.607804113697346 0.786742457602249 0 0 0 0 0 0
7.65886539501528 13.4177863607706 7.01723606634795 0.611883053632573 0.58572916917138 -0.53152654595898 0.0827650430994098 0.620907499713725 0.779502292774051 0 0 0 0 0 0
16.4417133130539 -0.961749961057996 3.4126767100176 0.259504324076064 -0.862256591213295 0.434938014773432 0.648293766055265 0.489345044343176 0.58331519821676 0 0 0 0 0 0
16.5036670481425 -0.830672873969961 3.870005945708 0.582631031060751 -0.812639515060596 0.0125737904852108 0.610362520046564 0.447717072987456 0.653457739014507 0 0 0 0 0 0
16.6840103947855 -0.820095348871906 4.37601928091051 0.769820852484045 -0.370737156179585 -0.519547703400383 0.627634641927182 0.587622309527183 0.510661118158487 0 0 0 0 0 0
17.1698048034945 -0.74526910075776 4.74173660444304 0.427338370178973 0.110292256469197 -0.897339141872075 0.491421487377401 0.804769321517806 0.332943329843914 0 0 0 0 0 0
17.6320430813667 -0.570516583430085 4.94825134381877 -0.252254560719114 0.490548036647405 -0.834104466081907 0.593708364491329 0.759127480067923 0.266900443871411 0 0 0 0 0 0
18.0698598552021 -0.183972150377877 4.84628572721792 -0.701134870820081 0.545062126694784 -0.459692474338081 0.582631859232757 0.809601915562521 0.0713081687079107 0 0 0 0 0 0
18.3152571742719 0.247724148549062 4.63186491638275 -0.958643686434857 0.266934037249854 -0.0987345036756722 0.257044713419207 0.960969106267327 0.102305386480922 0 0 0 0 0 0
18.4423365842867 0.656988523732291 4.39441529807159 -0.849123322641302 0.0677117417226027 0.523836523143897 0.248077301155538 0.926682677700786 0.282341756565841 0 0 0 0 0 0
18.3880692650115 1.06300140204828 4.24872229223384 -0.201419566927829 -0.176286002313555 0.963510977335967 0.307769924859952 0.922461655114671 0.233114066917468 0 0 0 0 0 0
18.1204590397223 1.51133337923995 4.37548312083019 0.337504141001614 -0.284351944202866 0.897348832191145 -0.00567058379667274 0.952652201267158 0.304009256273953 0 0 0 0 0 0
17.9522714492335 1.9173602646517 4.71795068379075 0.882759989887031 -0.366086991542297 0.294474302576913 0.266164488755987 0.906171695007975 0.328647720350588 0 0 0 0 0 0
18.0078011291314 2.29052068964042 5.14037897898105 0.93094377285223 -0.250351091023199 -0.265834578283468 0.30039163501869 0.938959179553525 0.167691755143084 0 0 0 0 0 0
18.3012125183703 2.58392619877128 5.48171175794453 0.548081754325576 0.0298307170309396 -0.835892647949973 0.429099777158711 0.847804627057612 0.311609845130168 0 0 0 0 0 0
18.7318579573921 2.86259337175836 5.6416311584796 -0.0591758772052771 0.193441776445833 -0.97932553049661 0.51745805256063 0.84489304363377 0.135620458115376 0 0 0 0 0 0
19.1819345297597 3.13716132050285 5.54271730356689 -0.706552041372095 0.490162811767122 -0.510416134926663 0.438460232728437 0.869368844166296 0.227926385284115 0 0 0 0 0 0
19.5010513128731 3.55058050780507 5.48260238740252 -0.952444970745669 0.288239849557685 -0.0988249301960017 0.270321328691598 0.948954970327014 0.162514133373269 0 0 0 0 0 0
19.5210390994395 4.00835923981863 5.20202401506674 -0.694772943435591 0.134048370814166 0.706626911001777 0.342828024458255 0.92540717374212 0.161525565879432 0 0 0 0 0 0
19.4378583475154 4.59181116673304 5.36096011617286 -0.472727995847258 -0.292349758412308 0.831300102669607 0.178198904626174 0.892159018487196 0.415087263261585 0 0 0 0 0 0
19.2018097852474 5.04647528911775 5.52296849307265 0.292780708596747 -0.439595694340208 0.849137846401358 0.4230276563934 0.85596568271517 0.297271512157253 0 0 0 0 0 0
19.2917724628514 5.49290823905724 5.84224325608482 0.571495644152353 -0.7367249688674 0.361426408778075 0.62838385272058 0.676153192949365 0.384643462578553 0 0 0 0 0 0
10.1778957876708 8.72430979461836 6.70370677683024 0.522676957390008 -0.0847309613396766 0.848309767952708 -0.316830208226455 0.904476834696689 0.285552577736991 0 0 0 0 0 0
9.91316857699181 9.03250708377129 7.05530176684473 0.925696911626712 0.258526830654782 0.276132405987349 -0.313426383156206 0.932917184116436 0.177283473346724 0 0 0 0 0 0
9.95228955894367 9.48481705394832 7.2768755644666 0.929551511887105 0.143159527480612 -0.339763647908257 -0.118572761016713 0.988658186710487 0.0921709834774738 0 0 0 0 0 0
10.0942230016831 9.90385109261923 7.53246099240169 0.601206534303352 0.104984462017081 -0.792167258756594 0.0141479812370916 0.989778317997696 0.14191094337142 0 0 0 0 0 0
10.2015972860026 10.3315582790051 7.57158571670042 -0.139132284010142 -0.155284469254765 -0.97802297578042 -0.237674014351246 0.96399759195048 -0.119246407140171 0 0 0 0 0 0
10.4090004874116 10.7737596151038 7.36704433823485 -0.686595133644052 -0.193797184366695 -0.700735166655597 -0.134300844842802 0.981039913567864 -0.139728204244055 0 0 0 0 0 0
10.5659203248381 11.1747059438584 7.04563601818285 -0.99149025853536 -0.0848091762875522 -0.0987647247093371 -0.0655274625887367 0.980685294033025 -0.184289190442743 0 0 0 0 0 0
10.4334962224809 11.6527347252355 6.74891877688168 -0.848130570114552 -0.270096499127797 0.45576574816025 -0.277556008207784 0.959301095010069 0.0520006867285723 0 0 0 0 0 0
10.0745506064908 11.9777119449311 6.51603907927207 -0.315546785320134 -0.226210284649673 0.921552566809318 -0.382585724324527 0.919064286397681 0.0945991596759636 0 0 0 0 0 0
9.59654084169246 12.2229835456252 6.52183638629552 0.23636569658001 0.0620121387522203 0.969683325693302 -0.388544706655945 0.920733050639473 0.0358282066223612 0 0 0 0 0 0
9.2206444502229 12.564503382175 6.68720939531292 0.757840041205133 0.124986567179233 0.640356798957388 -0.354162268445733 0.903096495321574 0.242869939982831 0 0 0 0 0 0
9.01679087267344 12.9787407423946 6.9730185681054 0.979557390920663 0.0391408497030639 0.197320327835793 -0.124579136365076 0.888190067659982 0.442265126923533 0 0 0 0 0 0
8.92336775855027 13.1062736203881 7.43422506004424 0.820342183066114 0.389121886693935 -0.419073812088128 -0.203919176582007 0.883677201527441 0.421344957158321 0 0 0 0 0 0
9.05718883829496 13.5133161206383 7.7584062188496 0.28877815224255 0.281903570890869 -0.914952214875922 -0.292777750345463 0.935887760962178 0.195947155590106 0 0 0 0 0 0
9.07609398136421 14.0460133811537 7.81952915554299 -0.19636414154278 -0.0521928629910164 -0.979140964809954 -0.428907790671255 0.902552626311319 0.037905986862807 0 0 0 0 0 0
9.03996305463231 14.5605320901042 7.66902946653421 -0.729771756681306 -0.445182445535719 -0.518888979779989 -0.527168872279093 0.849669479660716 0.0124400736765206 0 0 0 0 0 0
8.82218587128573 14.9820815253589 7.41692973593457 -0.792929656552316 -0.535372946854091 0.290926739122744 -0.525953719002062 0.842453842661355 0.116808426292871 0 0 0 0 0 0
8.35376132204004 15.2477274915567 7.36167279567993 -0.546775788852977 -0.52369244706046 0.653285892711631 -0.655558911451532 0.75313438025644 0.0550555981915624 0 0 0 0 0 0
7.82518787990615 15.3792737916746 7.30102606052262 0.0103080260764316 -0.247528730793322 0.968825718088788 -0.721584984387729 0.668898684791086 0.178576761620643 0 0 0 0 0 0
7.48060949361997 15.5130352284086 7.56572417167986 0.650833288562524 0.454748022827506 0.607964033667588 -0.687217165632292 0.693240368556873 0.217141333383237 0 0 0 0 0 0
7.94700800938421 7.87383349338219 8.45332544307693 0.426383231018512 0.413248475425625 -0.804626023606377 0.329925226583016 0.757206542615045 0.563726526504756 0 0 0 0 0 0
8.35592756749768 8.14119017358899 8.550233392079 -0.205496439431877 0.686241794986606 -0.697741651468782 0.204597933116904 0.727327952851458 0.655082998378983 0 0 0 0 0 0
8.64242726204804 8.52576108094396 8.79759136256782 -0.650257890002042 0.530965539213355 -0.543360168449954 0.0034313416104972 0.717262522838507 0.696794588975899 0 0 0 0 0 0
8.62568197436913 9.05456197775425 8.877491383978 -0.96197331397905 0.0125959800447758 -0.272852862324874 -0.185370602881589 0.703568292195165 0.686024341991519 0 0 0 0 0 0
8.41223366265273 9.47113096734464 9.0801168857788 -0.831452172153209 -0.553018191380883 -0.0534618127594557 -0.477959711855585 0.662889838133581 0.576308577362996 0 0 0 0 0 0
8.06803691649826 9.88055879714883 9.02929804835746 -0.507374066570796 -0.65966947869478 0.554443626936022 -0.400089419514252 0.750190787344017 0.526443006389971 0 0 0 0 0 0
7.82498653689355 10.1605173063266 9.4569843889598 -0.0726205484526669 -0.86751645118742 0.492078716123365 -0.239495217826531 0.494113612635334 0.835759402248448 0 0 0 0 0 0
7.38273564183087 10.2341199987462 9.75309567142499 0.546937346375592 -0.590017591864203 0.593918159707541 -0.281881082417107 0.538219864323018 0.794268489255033 0 0 0 0 0 0
7.05548956906845 10.2478144998049 10.166232447221 0.932583492097441 -0.0747076758543654 0.353138490447844 -0.304350473157532 0.363235113025802 0.880585624544212 0 0 0 0 0 0
6.89913291327273 10.0694002903677 10.6213550790556 0.871390370519735 0.470121596845047 0.140230190563025 -0.159005326288465 0.000233068502253258 0.987277697454456 0 0 0 0 0 0
7.03209405037638 9.94669001836112 11.179123805246 0.30281010943778 0.952378241307976 -0.0358011606712144 -0.159548235590125 0.087691688917295 0.983287612153693 0 0 0 0 0 0
7.11599476530402 9.98413501581887 11.6908245852605 -0.0496735220245076 0.935545362469145 -0.349696176662194 -0.236911022510321 0.329098784184019 0.914093626310629 0 0 0 0 0 0
7.21536909093707 10.2764204944946 12.0848756853905 -0.423961116365038 0.717366746996802 -0.552848914364257 -0.261486108538805 0.487474428102057 0.833062840959675 0 0 0 0 0 0
7.19129992556318 10.7397512809113 12.3558560532311 -0.858378882915847 0.0604417898131542 -0.509443307354533 -0.457278398637894 0.360009894294308 0.813196988526989 0 0 0 0 0 0
6.87902951074924 11.1186965514645 12.5830032755771 -0.731365003319253 -0.5768769812001 -0.363755660411338 -0.625457114309038 0.354745531631379 0.6949525206428 0 0 0 0 0 0
6.45859446787999 11.4530273624977 12.5949358209795 -0.377458645203547 -0.922989721062143 0.0749329431874337 -0.663791645774267 0.326103091863368 0.67308054828337 0 0 0 0 0 0
5.94276065781742 11.5487903185441 12.5571988101983 0.180033210633043 -0.662519214616036 0.727087569233383 -0.737321436161502 0.39838249763427 0.545571705053901 0 0 0 0 0 0
5.44402198873244 11.49880964358 12.7507105003047 0.547761485266197 -0.210192632569739 0.80980022997797 -0.717081411665965 0.380671186038822 0.583852461811153 0 0 0 0 0 0
5.1066723318491 11.4543868329491 13.0801149247998 0.716001216703624 0.373827282462431 0.589572235239826 -0.680836412505431 0.187282595843719 0.708086865222604 0 0 0 0 0 0
4.90578645823405 11.3673998512417 13.5710654924466 0.320511581366939 0.946588593395617 -0.0352471426213856 -0.674343091676269 0.254146073532406 0.693304527618674 0 0 0 0 0 0
8.15688144372685 4.90536307086705 7.68173551376802 -0.0221743605708556 0.992108016152806 0.123409813299494 0.990071125262716 0.00465303774385876 0.14049027069791 0 0 0 0 0 0
8.66133232284064 5.09044847252407 7.47227986244513 -0.171056692966327 0.662621381166022 0.72915877078525 0.950828445889231 0.304961169533292 -0.0540735754759818 0 0 0 0 0 0
8.92628232161446 5.51474997808605 7.27527365430539 0.0721234147927616 0.0926586153372832 0.99308237022032 0.950749841754019 0.294544512619005 -0.09653117885295 0 0 0 0 0 0
9.20823369725427 5.96034122885493 7.32684029089123 0.179569487163906 -0.549751529340871 0.815799028724026 0.960759644098461 0.276222704170101 -0.0253362185962402 0 0 0 0 0 0
9.60230898451445 6.29287344758148 7.53054137637689 0.117531809341017 -0.917517363120443 0.379931786200544 0.977530436296137 0.174305421303893 0.118540567818599 0 0 0 0 0 0
9.97161008533533 6.42021521985009 7.76410300899572 0.0454952297559973 -0.968708607948303 -0.243995526508809 0.998743263685625 0.0389667274380001 0.031519635076541 0 0 0 0 0 0
10.4394289123848 6.29264992498555 7.99552846723783 0.118985559860742 -0.593078000185911 -0.79630454113995 0.980546135222662 -0.0559112889910557 0.188157392794593 0 0 0 0 0 0
10.8493460326022 6.04237994802494 8.20473621896933 0.0297826555840669 0.105264637056865 -0.993998163786859 0.99951938684805 0.00542130007100153 0.0305222020902538 0 0 0 0 0 0
11.2524333743981 5.71268930347607 8.07241170914896 0.0398626227326239 0.696755748234122 -0.716199971105546 0.998466703385691 -0.0553280155748291 0.00174726147512912 0 0 0 0 0 0
11.879419444014 5.53691462803709 7.96473714157864 -0.0137673588408028 0.97982680853191 -0.199373732253572 0.998479373153045 0.0241162121126248 0.0495716622803853 0 0 0 0 0 0
12.2894677698474 5.58585750953337 7.62100749934448 -0.0971856616382167 0.773364053424091 0.62646866485356 0.993560920346415 0.112220035829282 0.0156000358608452 0 0 0 0 0 0
12.6601156801795 5.92651908899301 7.43324457178711 -0.0365102453500285 0.234021727017187 0.971545589907326 0.954763596338639 0.295269963703385 -0.0352437745014464 0 0 0 0 0 0
12.9154573918087 6.35725518227189 7.48913927783762 0.249615633659853 -0.523492547316927 0.814645682696609 0.926090986967286 0.374855597416281 -0.0428808225625497 0 0 0 0 0 0
13.3523439488108 6.63978529917661 7.71138250419175 0.23926227558508 -0.867457966163451 0.43619977123036 0.969618579204539 0.189901961122991 -0.154198106418374 0 0 0 0 0 0
13.8937617497183 6.72440233259627 7.9589830233384 0.00169783778374743 -0.982356662535332 -0.187009371207178 0.997484298213964 0.0149166022652388 -0.069300575707978 0 0 0 0 0 0
14.2571460545413 6.45439131785811 8.32056435974435 0.124877042394222 -0.491036990964539 -0.862141750402661 0.965450783319836 -0.140169802737897 0.219675240724882 0 0 0 0 0 0
14.7522795410301 6.28191008899808 8.31289613836503 -0.268398963354244 -0.0596034102681023 -0.961462131316038 0.924961407843227 -0.29474812153351 -0.239937364437353 0 0 0 0 0 0
15.0694520714957 5.91326961251968 8.22634483894124 0.0685709706596976 0.611944544688147 -0.787922519166195 0.904244604293145 -0.371779960908902 -0.210050842115214 0 0 0 0 0 0
15.4304460715363 5.71596537072503 7.86914305765168 0.169236385370117 0.924465786052648 -0.341646098009206 0.850090662437746 -0.312324736260768 -0.424027268882316 0 0 0 0 0 0
15.7892068726913 5.57786904872903 7.51283720231815 0.310944213317854 0.934014203354577 0.175872579261398 0.883413753383249 -0.215774791751698 -0.415958386834347 0 0 0 0 0 0
