t = 0
b = 13 13 13
E = -0.991307002545802 -0.991307002545802 0
0.829570734796824 3.87118824574305 -0.399333343021306 0.415824217585359 -0.29867987086761 0.858999740866103 0.581018167605141 0.813888737542085 0.00173545812817411 0 0 0 0 0 0
0.857270861047884 4.32970902430674 -0.120628300459488 0.747089506980864 -0.534175171635741 0.395618698454732 0.581018167605141 0.813888737542085 0.00173545812817411 0 0 0 0 0 0
1.05527006392244 4.66646455568821 0.248258036863247 0.79452300200388 -0.566728393766851 -0.218064501891499 0.581018167605141 0.813888737542085 0.00173545812817411 0 0 0 0 0 0
1.43438081010347 4.8740343318784 0.567436564118405 0.540103924849419 -0.383972023912481 -0.748901352125102 0.581018167605141 0.813888737542085 0.00173545812817411 0 0 0 0 0 0
1.93660826294833 4.99407767313604 0.715903004592432 0.0804903365885932 -0.0553382625038654 -0.995218057723486 0.581018167605141 0.813888737542085 0.00173545812817411 0 0 0 0 0 0
2.45718349055119 5.1015066557147 0.637509457493809 -0.409702876268903 0.294319430036378 -0.863434784034121 0.581018167605141 0.813888737542085 0.00173545812817411 0 0 0 0 0 0
2.88436693461724 5.27602576163093 0.362295924206594 -0.744243116565039 0.532160250347344 -0.403618200030436 0.581018167605141 0.813888737542085 0.00173545812817411 0 0 0 0 0 0
3.14190013684464 5.57185081335828 -0.00492239047742307 -0.796032953796769 0.567824494306439 0.209539686301253 0.581018167605141 0.813888737542085 0.00173545812817411 0 0 0 0 0 0
3.21797760220685 5.99711147642941 -0.324376127075894 -0.545396562919856 0.38776271935924 0.743089942490366 0.581018167605141 0.813888737542085 0.00173545812817411 0 0 0 0 0 0
3.16973190389055 6.51076266357945 -0.474442487902328 -0.0875548992454287 0.060383404280524 0.994327905726083 0.581018167605141 0.813888737542085 0.00173545812817411 0 0 0 0 0 0
3.10152806353635 7.0381782496352 -0.397851771331929 0.403550334492189 -0.289936575641045 0.867804073300412 0.581018167605141 0.813888737542085 0.00173545812817411 0 0 0 0 0 0
3.12531353462736 7.4995027841507 -0.123445088947208 0.741340049154434 -0.530104802995541 0.411586964517537 0.581018167605141 0.813888737542085 0.00173545812817411 0 0 0 0 0 0
3.31808749324943 7.8399899121436 0.244782854949888 0.79748228459826 -0.568877352812363 -0.20099891345263 0.581018167605141 0.813888737542085 0.00173545812817411 0 0 0 0 0 0
3.69264756373848 8.05080142966317 0.567193090201018 0.550647666930438 -0.391523885173635 -0.737221943679519 0.581018167605141 0.813888737542085 0.00173545812817411 0 0 0 0 0 0
4.19272778723048 8.1723650652381 0.721553560193679 0.0946127942577042 -0.0654239476271629 -0.993362031808961 0.581018167605141 0.813888737542085 0.00173545812817411 0 0 0 0 0 0
4.71437500015053 8.27901530989285 0.649477123779307 -0.397367060795095 0.285531641452941 -0.872107275926681 0.581018167605141 0.813888737542085 0.00173545812817411 0 0 0 0 0 0
5.14544237905915 8.45075250120106 0.378603806376554 -0.738380525828871 0.528008986110606 -0.419524385063765 0.581018167605141 0.813888737542085 0.00173545812817411 0 0 0 0 0 0
5.40819589387192 8.742849357507 0.0120998921981621 -0.798870884036201 0.569886889105372 0.192442833758549 0.581018167605141 0.813888737542085 0.00173545812817411 0 0 0 0 0 0
5.48884676553212 9.16485194811604 -0.310536671969746 -0.555856836989264 0.395255234928328 0.73129780256339 0.581018167605141 0.813888737542085 0.00173545812817411 0 0 0 0 0 0
5.44279005371055 9.67695298196371 -0.466473879033012 -0.101663484139389 0.0704595086868908 0.99232050952716 0.581018167605141 0.813888737542085 0.00173545812817411 0 0 0 0 0 0
10.1998756339316 -0.241835031421386 11.6337877786927 -0.360128371381405 0.831502705847029 -0.422978493892119 0.077165103769561 0.478397001242128 0.874746738183557 0 0 0 0 0 0
10.5159984001128 0.138745461428295 11.8433348790844 -0.836872829747381 0.50797085291408 -0.203984017561065 0.077165103769561 0.478397001242128 0.874746738183557 0 0 0 0 0 0
10.6413559784209 0.635117926183066 12.0063838162547 -0.995675308324763 -0.00854761986068572 0.0925073974723405 0.077165103769561 0.478397001242128 0.874746738183557 0 0 0 0 0 0
10.5397493388674 1.12954196072164 12.1905198175896 -0.776204090466148 -0.521818708941794 0.353853705564797 0.077165103769561 0.478397001242128 0.874746738183557 0 0 0 0 0 0
10.2612069524688 1.50501740413789 12.455316782242 -0.261839961199109 -0.836842146152351 0.480765074794724 0.077165103769561 0.478397001242128 0.874746738183557 0 0 0 0 0 0
9.92297813867607 1.68973465400743 12.8297041608212 0.352001547058169 -0.833935260785068 0.42502575414673 0.077165103769561 0.478397001242128 0.874746738183557 0 0 0 0 0 0
9.66498808861101 1.6843563349412 13.3009761734315 0.832111782436023 -0.514202427191507 0.207812043446734 0.077165103769561 0.478397001242128 0.874746738183557 0 0 0 0 0 0
9.59667794553468 1.56176555641727 13.8196189478844 0.996088839499334 0.000884505498231079 -0.0883529369907589 0.077165103769561 0.478397001242128 0.874746738183557 0 0 0 0 0 0
9.7554262847642 1.43937640094949 14.3181216675701 0.781635092719557 0.515635399761048 -0.350951159483131 0.077165103769561 0.478397001242128 0.874746738183557 0 0 0 0 0 0
10.0923483679733 1.43452635108174 14.736625059409 0.270225105973769 0.834487784690495 -0.48021716889738 0.077165103769561 0.478397001242128 0.874746738183557 0 0 0 0 0 0
10.4908682725918 1.61989781799137 15.0456629324877 -0.343847916454295 0.836304308324286 -0.427040647044609 0.077165103769561 0.478397001242128 0.874746738183557 0 0 0 0 0 0
10.8110080338354 1.99590487829788 15.2573568766357 -0.827287366590781 0.520394842963287 -0.211624243640718 0.077165103769561 0.478397001242128 0.874746738183557 0 0 0 0 0 0
10.9425676138339 2.49053595943212 15.4208110677871 -0.996426514652263 0.00677867622274168 0.0841917480909531 0.077165103769561 0.478397001242128 0.874746738183557 0 0 0 0 0 0
10.8469917384648 2.98671224002463 15.6034567705649 -0.787006570434431 -0.509412822948246 0.348021887111908 0.077165103769561 0.478397001242128 0.874746738183557 0 0 0 0 0 0
10.5720176906021 3.36676785159738 15.8654340734603 -0.27858967206039 -0.832069873752984 0.479632692603389 0.077165103769561 0.478397001242128 0.874746738183557 0 0 0 0 0 0
10.2335391182273 3.55715310926702 16.2367436637264 0.335668100500322 -0.838609668052541 0.42902301914386 0.077165103769561 0.478397001242128 0.874746738183557 0 0 0 0 0 0
9.97157609992338 3.5563772667172 16.7058490647055 0.8223999496096 -0.526547628652986 0.215420327829212 0.077165103769561 0.478397001242128 0.874746738183557 0 0 0 0 0 0
9.89707917600983 3.43557487564809 17.2240595361916 0.996688308068279 -0.0144413417212755 -0.0800241476635686 0.077165103769561 0.478397001242128 0.874746738183557 0 0 0 0 0 0
10.0497773832813 3.31148058027921 17.7240285006997 0.792318114551947 0.503151452376705 -0.345066111526559 0.077165103769561 0.478397001242128 0.874746738183557 0 0 0 0 0 0
10.3830845296952 3.30207967431129 18.1453396342278 0.28693302246488 0.829588597473097 -0.479011690422883 0.077165103769561 0.478397001242128 0.874746738183557 0 0 0 0 0 0
6.35348295114247 3.84193373272637 7.96319008634731 0.151867182080384 -0.161870649788285 0.97505602492579 0.0707551939496724 0.985748040719032 0.152625367314004 0 0 0 0 0 0
6.05151932495084 4.22381004977838 8.19050825335197 0.701102803081632 -0.157984560225359 0.695338578134047 0.0707551939496724 0.985748040719032 0.152625367314004 0 0 0 0 0 0
5.90937210478191 4.56967378135602 8.57632887112115 0.983977747378397 -0.0940774948718302 0.151450380068112 0.0707551939496724 0.985748040719032 0.152625367314004 0 0 0 0 0 0
5.99152264308878 4.89409254501748 8.99667260779225 0.89302309421548 0.00557118367534272 -0.449976349501021 0.0707551939496724 0.985748040719032 0.152625367314004 0 0 0 0 0 0
6.27723782382108 5.21978126017303 9.31444422143607 0.462794037010179 0.103103276399029 -0.880449540691348 0.0707551939496724 0.985748040719032 0.152625367314004 0 0 0 0 0 0
6.66844691985169 5.56897237042789 9.43151733457591 -0.143258212358964 0.161464710623869 -0.976425231041714 0.0707551939496724 0.985748040719032 0.152625367314004 0 0 0 0 0 0
7.02700030186745 5.95496936654995 9.32601428557652 -0.694884271703355 0.1584830017367 -0.701440651160042 0.0707551939496724 0.985748040719032 0.152625367314004 0 0 0 0 0 0
7.22715479228386 6.37709256790457 9.06061781807434 -0.982512178382171 0.0952909507952719 -0.159967040440382 0.0707551939496724 0.985748040719032 0.152625367314004 0 0 0 0 0 0
7.20334560072327 6.8209373444913 8.75875685867041 -0.896867281765978 -0.0041037255330167 0.44228072344887 0.0707551939496724 0.985748040719032 0.152625367314004 0 0 0 0 0 0
6.97509548406415 7.26384667671366 8.55771380409303 -0.470487509985578 -0.10193932792068 0.876498645960535 0.0707551939496724 0.985748040719032 0.152625367314004 0 0 0 0 0 0
6.63959772469991 7.68351893592898 8.55646864344143 0.134638332970026 -0.161046475296603 0.97772007859591 0.0707551939496724 0.985748040719032 0.152625367314004 0 0 0 0 0 0
6.33479077757259 8.0664806460331 8.77809480546976 0.688612822197433 -0.158969374153867 0.707489306764713 0.0707551939496724 0.985748040719032 0.152625367314004 0 0 0 0 0 0
6.18695314493241 8.41320528229686 9.1609931772363 0.98097178727961 -0.0964971499438767 0.168471518703184 0.0707551939496724 0.985748040719032 0.152625367314004 0 0 0 0 0 0
6.26272806206893 8.73793339019464 9.58229463699219 0.900643169400606 0.0026359548761031 -0.43455141600727 0.0707551939496724 0.985748040719032 0.152625367314004 0 0 0 0 0 0
6.54380461800911 9.06326236408936 9.90454008779605 0.478145153515526 0.100767616367836 -0.872481002464328 0.0707551939496724 0.985748040719032 0.152625367314004 0 0 0 0 0 0
6.933874376738 9.41156131930579 10.0279034666355 -0.126008200350759 0.160615975656726 -0.978940468980725 0.0707551939496724 0.985748040719032 0.152625367314004 0 0 0 0 0 0
7.29522056223208 9.79647269122695 9.9281173347684 -0.682288932159029 0.159443640437717 -0.713484084319518 0.0707551939496724 0.985748040719032 0.152625367314004 0 0 0 0 0 0
7.50103896417227 10.2177292460028 9.66569248343085 -0.979356691377461 0.0976960004609093 -0.176963167207573 0.0707551939496724 0.985748040719032 0.152625367314004 0 0 0 0 0 0
7.48361297749745 10.6612556071577 9.36292887256018 -0.904350469570902 -0.00116798348102017 0.426789015792906 0.0707551939496724 0.985748040719032 0.152625367314004 0 0 0 0 0 0
7.26004027282853 11.1045157264414 9.15745183126844 -0.485766384440818 -0.0995882309708676 0.868396916161837 0.0707551939496724 0.985748040719032 0.152625367314004 0 0 0 0 0 0
10.48444728419 1.01079873863716 9.75475572164265 0.758667587365963 0.528780991529231 -0.38054455045063 0.084934424950569 0.498858792798343 0.862511477202533 0 0 0 0 0 0
10.8312696779184 1.02391279246305 10.1649109982381 0.235804071097828 0.83098528079933 -0.503845118214466 0.084934424950569 0.498858792798343 0.862511477202533 0 0 0 0 0 0
11.2318436170732 1.22644996719413 10.460214764283 -0.3766453542142 0.817484368560769 -0.435726501727473 0.084934424950569 0.498858792798343 0.862511477202533 0 0 0 0 0 0
11.5465612358837 1.61533272946082 10.656194660549 -0.846000912285744 0.493407477096191 -0.202068102275595 0.084934424950569 0.498858792798343 0.862511477202533 0 0 0 0 0 0
11.6684329201193 2.11668774165667 10.8061131265432 -0.993946579398969 -0.0181231642503281 0.108359347629289 0.084934424950569 0.498858792798343 0.862511477202533 0 0 0 0 0 0
11.5637344503062 2.61391157799142 10.980732109239 -0.764275323097912 -0.522768512495 0.377619269698127 0.084934424950569 0.498858792798343 0.862511477202533 0 0 0 0 0 0
11.284819396545 2.99197031545399 11.2414294163443 -0.244243093549979 -0.828805362619389 0.503415317751139 0.084934424950569 0.498858792798343 0.862511477202533 0 0 0 0 0 0
10.950229121924 3.18110284442908 11.616880260971 0.368581170764351 -0.819965198597965 0.437955469935221 0.084934424950569 0.498858792798343 0.862511477202533 0 0 0 0 0 0
10.6996569367762 3.18332428058352 12.0921630687497 0.841375285956752 -0.499606546542128 0.206109016865934 0.084934424950569 0.498858792798343 0.862511477202533 0 0 0 0 0 0
10.6408762745361 3.07166038873354 12.6144284334082 0.994516862969566 0.0105609855210762 -0.104041697669719 0.084934424950569 0.498858792798343 0.862511477202533 0 0 0 0 0 0
10.8087957625024 2.9624038738654 13.1129774898092 0.769824856304996 0.516716222614562 -0.374665231776223 0.084934424950569 0.498858792798343 0.862511477202533 0 0 0 0 0 0
11.152196850686 2.97093283820074 13.526121594838 0.25266351594493 0.826562327702233 -0.502947180262313 0.084934424950569 0.498858792798343 0.862511477202533 0 0 0 0 0 0
11.5531925952793 3.16787671114362 13.8246188743007 -0.360488918431328 0.822383585110664 -0.44015108613832 0.084934424950569 0.498858792798343 0.862511477202533 0 0 0 0 0 0
11.8720148795735 3.55228294818882 14.0227836998289 -0.836685585642218 0.50576756901524 -0.210134235456654 0.084934424950569 0.498858792798343 0.862511477202533 0 0 0 0 0 0
12.0001146582941 4.05197891850504 14.1730484197728 -0.995011410230619 -0.00299800253188843 0.0997161245320574 0.084934424950569 0.498858792798343 0.862511477202533 0 0 0 0 0 0
11.9014015547446 4.55099149404978 14.3460434334413 -0.775315764368774 -0.510624582793223 0.371682661646344 0.084934424950569 0.498858792798343 0.862511477202533 0 0 0 0 0 0
11.6259551983118 4.93360717987998 14.6037635215272 -0.261064697034916 -0.824256346863657 0.502440741398472 0.084934424950569 0.498858792798343 0.862511477202533 0 0 0 0 0 0
11.2909991359756 5.12833360550735 14.9760149924241 0.352369213471478 -0.824739343929369 0.442313183132096 0.084934424950569 0.498858792798343 0.862511477202533 0 0 0 0 0 0
11.0363656469375 5.13506067173556 15.4490917673334 0.831932168480977 -0.511890075329813 0.214143451511777 0.084934424950569 0.498858792798343 0.862511477202533 0 0 0 0 0 0
10.9713711218814 5.0251023791857 15.9709825487529 0.995430183520441 -0.0045652087667994 -0.0953829576254459 0.084934424950569 0.498858792798343 0.862511477202533 0 0 0 0 0 0
12.2069850885982 6.78645890069644 9.10615192250762 0.388365000183975 0.458039026052834 -0.799607952214504 0.0657407465361316 0.851736574711144 0.519829742842981 0 0 0 0 0 0
12.6002534782427 7.08111754079587 9.32341066603589 -0.224376814109779 0.520233424517676 -0.82402198350806 0.0657407465361316 0.851736574711144 0.519829742842981 0 0 0 0 0 0
12.942375166051 7.49436340638326 9.35283357249561 -0.751874125342949 0.384782447169231 -0.535376286354031 0.0657407465361316 0.851736574711144 0.519829742842981 0 0 0 0 0 0
13.1131071233295 7.99532044291008 9.26021743763529 -0.993721885693322 0.103146184921748 -0.043332186999935 0.0657407465361316 0.851736574711144 0.519829742842981 0 0 0 0 0 0
13.0573201454967 8.51978965553531 9.15772372938489 -0.858038087524867 -0.217677037489755 0.465174534670968 0.0657407465361316 0.851736574711144 0.519829742842981 0 0 0 0 0 0
12.8059433586145 8.99463938061553 9.16126657094946 -0.396371274273912 -0.455801113992912 0.796953673316897 0.0657407465361316 0.851736574711144 0.519829742842981 0 0 0 0 0 0
12.4642137272897 9.36558922741927 9.34647502742281 0.215883613048007 -0.520758726701925 0.825956787114876 0.0657407465361316 0.851736574711144 0.519829742842981 0 0 0 0 0 0
12.1716947723519 9.6178321060856 9.71996035950777 0.746120706391458 -0.38787139251527 0.54116510822685 0.0657407465361316 0.851736574711144 0.519829742842981 0 0 0 0 0 0
12.0492540559128 9.78165968862369 10.2168042950408 0.992894068903818 -0.107625231448204 0.050775756925332 0.0657407465361316 0.851736574711144 0.519829742842981 0 0 0 0 0 0
12.1531435737218 9.92095409626673 10.7252225659626 0.862450374336043 0.213509554443947 -0.458904153357504 0.0657407465361316 0.851736574711144 0.519829742842981 0 0 0 0 0 0
12.4536286814977 10.1089180135634 11.1290336206872 0.404347363156699 0.453528490913455 -0.794238703311535 0.0657407465361316 0.851736574711144 0.519829742842981 0 0 0 0 0 0
12.846284783428 10.400263764634 11.3517979380011 -0.207373971613273 0.521244371092936 -0.827828690914532 0.0657407465361316 0.851736574711144 0.519829742842981 0 0 0 0 0 0
13.1916699820041 10.8104271864962 11.3858586791734 -0.740310467459451 0.390930799953063 -0.546912718281471 0.0657407465361316 0.851736574711144 0.519829742842981 0 0 0 0 0 0
13.3683013862288 11.3097032965085 11.2952506490048 -0.991990639386822 0.112096081896597 -0.0582154600802527 0.0657407465361316 0.851736574711144 0.519829742842981 0 0 0 0 0 0
13.3188084929923 11.8345317119161 11.1913724028792 -0.8667969822121 -0.209325811818931 0.452598824716042 0.0657407465361316 0.851736574711144 0.519829742842981 0 0 0 0 0 0
13.0717292003867 12.3116443019332 11.1906640730886 -0.412292659422288 -0.451221329883507 0.791463248953896 0.0657407465361316 0.851736574711144 0.519829742842981 0 0 0 0 0 0
12.730667783093 12.6859009756056 11.3703698158005 0.19884853784772 -0.521690320707009 0.829637552354305 0.0657407465361316 0.851736574711144 0.519829742842981 0 0 0 0 0 0
12.4349338962585 12.9412383242579 11.7391914646762 0.734443851019118 -0.39396043649689 0.552618678815136 0.0657407465361316 0.851736574711144 0.519829742842981 0 0 0 0 0 0
12.3066165083731 13.1067723790147 12.2339825587759 0.991011665941989 -0.116558395794357 0.065650729902498 0.0657407465361316 0.851736574711144 0.519829742842981 0 0 0 0 0 0
12.4042002609214 13.2457369437826 12.7437387388226 0.871077580142021 0.205126128222908 -0.44625902892177 0.0657407465361316 0.851736574711144 0.519829742842981 0 0 0 0 0 0
0.816779711344788 3.03615401922136 1.36469475041416 -0.864194630712261 0.497429690758836 0.0757056338700525 0.35904209228058 0.504240387635919 0.785385515175548 0 0 0 0 0 0
0.982242222112149 3.53773751982542 1.46329115790803 -0.906730030325797 -0.0109858549862797 0.421568456001632 0.35904209228058 0.504240387635919 0.785385515175548 0 0 0 0 0 0
0.941015593936444 4.03681679443968 1.65798410821214 -0.604783531700888 -0.515227690748408 0.607270373449474 0.35904209228058 0.504240387635919 0.785385515175548 0 0 0 0 0 0
0.761928540679981 4.41844990073619 1.99110435925184 -0.0730696579413826 -0.823725912647599 0.562260123004654 0.35904209228058 0.504240387635919 0.785385515175548 0 0 0 0 0 0
0.566185256596639 4.6123146593261 2.452391823022 0.486404600529587 -0.819276888369136 0.303637851342416 0.35904209228058 0.504240387635919 0.785385515175548 0 0 0 0 0 0
0.481317916508759 4.61942522543369 2.98289354455964 0.86108561900812 -0.503570876620125 -0.0703415165989587 0.35904209228058 0.504240387635919 0.785385515175548 0 0 0 0 0 0
0.592735070367878 4.51174679437084 3.49736091517524 0.908625814241656 0.00345013041294888 -0.417596966336948 0.35904209228058 0.504240387635919 0.785385515175548 0 0 0 0 0 0
0.911273507173334 4.40485482064417 3.91663704417463 0.610963871231296 0.509160375219039 -0.60620034671458 0.35904209228058 0.504240387635919 0.785385515175548 0 0 0 0 0 0
1.36908117764997 4.41402597046944 4.19772978506632 0.0811865387689698 0.821432080771906 -0.564498080246029 0.35904209228058 0.504240387635919 0.785385515175548 0 0 0 0 0 0
1.84539532219353 4.61044258895307 4.35014517080396 -0.47943491713823 0.821628005227518 -0.308333555187412 0.35904209228058 0.504240387635919 0.785385515175548 0 0 0 0 0 0
2.21242226228999 4.99414933708087 4.4322759129349 -0.857911032300263 0.509673713609505 0.0649720425490378 0.35904209228058 0.504240387635919 0.785385515175548 0 0 0 0 0 0
2.38388835557939 5.49403622426286 4.52921703420925 -0.910452402783872 0.00408585690117068 0.413593675046485 0.35904209228058 0.504240387635919 0.785385515175548 0 0 0 0 0 0
2.34781679500679 5.99485448265404 4.72043684672418 -0.617097683497466 -0.503054285155803 0.605084155476283 0.35904209228058 0.504240387635919 0.785385515175548 0 0 0 0 0 0
2.17107779806393 6.38100150091532 5.04958561151893 -0.0892972369273033 -0.819075693662958 0.566693048773049 0.35904209228058 0.504240387635919 0.785385515175548 0 0 0 0 0 0
1.97398349315376 6.58044018903388 5.50791207461253 0.472428722921726 -0.823916551932239 0.313005778238418 0.35904209228058 0.504240387635919 0.785385515175548 0 0 0 0 0 0
1.88457933049858 6.59206707321492 6.03758821470431 0.854671112345758 -0.515737736972311 -0.0595976206265272 0.35904209228058 0.504240387635919 0.785385515175548 0 0 0 0 0 0
1.98999747479488 6.4861315240254 6.55367907529903 0.912209656850656 -0.0116215330614682 -0.409558886996374 0.35904209228058 0.504240387635919 0.785385515175548 0 0 0 0 0 0
2.303353839073 6.37754684600885 6.97641097471614 0.623184501385846 0.496909885561098 -0.603921884736868 0.35904209228058 0.504240387635919 0.785385515175548 0 0 0 0 0 0
2.75876513005056 6.38223279204125 7.26147886150505 0.0974011347553167 0.816656930768757 -0.568844861430364 0.35904209228058 0.504240387635919 0.785385515175548 0 0 0 0 0 0
3.23637901276033 6.57307571113853 7.41687854423218 -0.465386551428889 0.826142354201608 -0.31765416468756 0.35904209228058 0.504240387635919 0.785385515175548 0 0 0 0 0 0
5.02913921002916 7.28893532722769 1.51156981852833 0.262036634432048 0.70998784206487 -0.653646744301227 0.65382627071836 0.367572173905995 0.661363670523671 0 0 0 0 0 0
5.56357421595401 7.30179138397819 1.56541263016824 -0.203959718718719 0.927337714094134 -0.313759776196452 0.65382627071836 0.367572173905995 0.661363670523671 0 0 0 0 0 0
6.05151659757933 7.52603410183517 1.54773389095169 -0.592468364703597 0.792376484279263 0.145329776669067 0.65382627071836 0.367572173905995 0.661363670523671 0 0 0 0 0 0
6.40440579682842 7.93089906421577 1.56318307889967 -0.75588837339476 0.35637818025836 0.549206117593717 0.65382627071836 0.367572173905995 0.661363670523671 0 0 0 0 0 0
6.58499021757811 8.41700044399971 1.70382381863394 -0.632133751253595 -0.215014152768124 0.744429872207895 0.65382627071836 0.367572173905995 0.661363670523671 0 0 0 0 0 0
6.62147972983943 8.85408934089474 2.01415737116151 -0.268220948298474 -0.704719014313069 0.656832272166559 0.65382627071836 0.367572173905995 0.661363670523671 0 0 0 0 0 0
6.59682826849653 9.13053751630308 2.4742158607967 0.19759347733035 -0.926689340046881 0.319693110279182 0.65382627071836 0.367572173905995 0.661363670523671 0 0 0 0 0 0
6.61721824652837 9.19574682748942 3.00714840497919 0.588338837334605 -0.796594892077346 -0.138902809187024 0.65382627071836 0.367572173905995 0.661363670523671 0 0 0 0 0 0
6.77172008104274 9.07937230796183 3.50841804943692 0.755564436534642 -0.363860726251269 -0.544727229111954 0.65382627071836 0.367572173905995 0.661363670523671 0 0 0 0 0 0
7.09845285263905 8.88005572443637 3.88551710487871 0.635738473931445 0.207110212904592 -0.743600667343657 0.65382627071836 0.367572173905995 0.661363670523671 0 0 0 0 0 0
7.57010222937157 8.72794992045924 4.09311236480209 0.274384836101227 0.699396519479897 -0.659967779711335 0.65382627071836 0.367572173905995 0.661363670523671 0 0 0 0 0 0
8.1042976381269 8.7352715751041 4.15026794857435 -0.191212188433667 0.925970395018559 -0.325602098493822 0.65382627071836 0.367572173905995 0.661363670523671 0 0 0 0 0 0
8.59490622251228 8.95366821042914 4.13320252374986 -0.584164505685304 0.800752636090254 0.132465263718277 0.65382627071836 0.367572173905995 0.661363670523671 0 0 0 0 0 0
8.95235448944592 9.35459643434667 4.14633255995798 -0.755182960517395 0.371315562841131 0.540206857542698 0.65382627071836 0.367572173905995 0.661363670523671 0 0 0 0 0 0
9.13765877676776 9.8401660524973 4.28260276634058 -0.639294782663143 -0.199190500796487 0.742714834409634 0.65382627071836 0.367572173905995 0.661363670523671 0 0 0 0 0 0
9.1772357982661 10.2803301897238 4.58817484259642 -0.280527828436387 -0.694020762893943 0.663053028154517 0.65382627071836 0.367572173905995 0.661363670523671 0 0 0 0 0 0
9.15286649244555 10.5622922722113 5.04488987748308 0.184816337988528 -0.925180933759618 0.331486290848042 0.65382627071836 0.367572173905995 0.661363670523671 0 0 0 0 0 0
9.17062607668473 10.6333593317374 5.57716722279878 0.57994568764721 -0.804849399689685 -0.126017630506837 0.65382627071836 0.367572173905995 0.661363670523671 0 0 0 0 0 0
9.32058429867111 10.5209609452796 6.08071884527529 0.754743974393895 -0.378742122313276 -0.535645347129743 0.65382627071836 0.367572173905995 0.661363670523671 0 0 0 0 0 0
9.64258643336863 10.3222282801234 6.46217009401947 0.642802406622011 0.191255619560549 -0.741772440865432 0.65382627071836 0.367572173905995 0.661363670523671 0 0 0 0 0 0
1.02810537559515 1.53409519410331 8.82337435972163 0.235691746199271 -0.11070547635828 0.965501785745539 0.41282629729086 0.910802433517472 0.0036572344427545 0 0 0 0 0 0
0.906343299609709 2.01640259706114 9.02644742052032 0.706802466683277 -0.322889553042317 0.629422441311532 0.41282629729086 0.910802433517472 0.0036572344427545 0 0 0 0 0 0
0.945696868144291 2.42510731624324 9.37299734662078 0.909387112967242 -0.412402490100137 0.0542149880412425 0.41282629729086 0.910802433517472 0.0036572344427545 0 0 0 0 0 0
1.19234525769366 2.73980487483075 9.73190558095112 0.766480390893225 -0.345236826166975 -0.541589645612177 0.41282629729086 0.910802433517472 0.0036572344427545 0 0 0 0 0 0
1.61371287646448 2.9758056880306 9.96735843852302 0.332374953450124 -0.146909919921056 -0.931635318001533 0.41282629729086 0.910802433517472 0.0036572344427545 0 0 0 0 0 0
2.11084537633245 3.17831838036193 9.99044499604253 -0.228005285821558 0.107230521105749 -0.967737156970228 0.41282629729086 0.910802433517472 0.0036572344427545 0 0 0 0 0 0
2.5560040641232 3.40527427335332 9.79293583818078 -0.701762504964539 0.320632294365773 -0.636179470303495 0.41282629729086 0.910802433517472 0.0036572344427545 0 0 0 0 0 0
2.8411959668263 3.7053183079341 9.45040955004593 -0.908908415628094 0.412220498310151 -0.0629265665149341 0.41282629729086 0.910802433517472 0.0036572344427545 0 0 0 0 0 0
2.91920216758812 4.09932801807521 9.09353914909402 -0.770744823056202 0.347199242987304 0.534233191968738 0.41282629729086 0.910802433517472 0.0036572344427545 0 0 0 0 0 0
2.82151706168277 4.57248180657992 8.85844722106105 -0.339762386039008 0.150271190391797 0.928428828920835 0.41282629729086 0.910802433517472 0.0036572344427545 0 0 0 0 0 0
2.64638310918918 5.07988991766274 8.83499067379364 0.220301461958571 -0.103747399833877 0.969898831263666 0.41282629729086 0.910802433517472 0.0036572344427545 0 0 0 0 0 0
2.52146688188084 5.563648805689 9.03262259563069 0.696669101314064 -0.318350618298635 0.642888051765727 0.41282629729086 0.910802433517472 0.0036572344427545 0 0 0 0 0 0
2.55535639813777 5.97483966025717 9.37680086909624 0.908360501394114 -0.412007114333244 0.0716333528869554 0.41282629729086 0.910802433517472 0.0036572344427545 0 0 0 0 0 0
2.7963067192691 6.29211348014926 9.73730796760632 0.774950560016844 -0.349135219241043 -0.526836054399363 0.41282629729086 0.910802433517472 0.0036572344427545 0 0 0 0 0 0
3.21390704494011 6.52980191582979 9.97772277093915 0.347123944406752 -0.153621017129591 -0.925151636390256 0.41282629729086 0.910802433517472 0.0036572344427545 0 0 0 0 0 0
3.71063428466092 6.73247243582194 10.0072492296469 -0.212580861286324 0.100256377795832 -0.971986644005989 0.41282629729086 0.910802433517472 0.0036572344427545 0 0 0 0 0 0
4.15890371036264 6.95799640028723 9.81521130226984 -0.691522643614259 0.31604469859937 -0.649547674813774 0.41282629729086 0.910802433517472 0.0036572344427545 0 0 0 0 0 0
4.4495405276937 7.2555627637426 9.47510896198095 -0.907743411991093 0.411762354419429 -0.0803346841018147 0.41282629729086 0.910802433517472 0.0036572344427545 0 0 0 0 0 0
4.53325720569921 7.646990368844 9.11669432792332 -0.779097281491998 0.351044607496105 0.519398796224716 0.41282629729086 0.910802433517472 0.0036572344427545 0 0 0 0 0 0
4.43937863387428 8.11843860326977 8.87667666580802 -0.354459067942184 0.156959145032162 0.921803989980696 0.41282629729086 0.910802433517472 0.0036572344427545 0 0 0 0 0 0
8.29803102998722 3.29256434086127 9.66096042207693 -0.850888899614232 0.514524807375179 0.106076873581456 0.431129723372252 0.56852690526601 0.700645644825984 0 0 0 0 0 0
8.4747038835788 3.79863501457891 9.69789655784045 -0.865279735745018 0.0403914675372472 0.499659392245577 0.431129723372252 0.56852690526601 0.700645644825984 0 0 0 0 0 0
8.45413619418124 4.31391292459259 9.84873006778816 -0.550936333560566 -0.449087266127409 0.703412953936058 0.431129723372252 0.56852690526601 0.700645644825984 0 0 0 0 0 0
8.30798255021331 4.72682137816197 10.1599065827185 -0.0272830070921686 -0.767950239051576 0.639928173988797 0.431129723372252 0.56852690526601 0.700645644825984 0 0 0 0 0 0
8.15560974392027 4.96467555057595 10.616954745045 0.506735589918097 -0.79505607671675 0.333323981714678 0.431129723372252 0.56852690526601 0.700645644825984 0 0 0 0 0 0
8.11874733129351 5.02129666528588 11.1499841194914 0.848236864151216 -0.520106818208494 -0.0999155640926319 0.431129723372252 0.56852690526601 0.700645644825984 0 0 0 0 0 0
8.27524053853983 4.95935941442 11.660237737959 0.8674787719292 -0.0475602837405536 -0.495195516602004 0.431129723372252 0.56852690526601 0.700645644825984 0 0 0 0 0 0
8.62947555914267 4.88658079537897 12.0576115228358 0.557150990779652 0.443055197685963 -0.702342413126749 0.431129723372252 0.56852690526601 0.700645644825984 0 0 0 0 0 0
9.11071316562451 4.91479662259121 12.2948863325412 0.0351522331650992 0.765346602023701 -0.642657684365698 0.431129723372252 0.56852690526601 0.700645644825984 0 0 0 0 0 0
9.5999637247624 5.11747323181641 12.3856673028741 -0.500201445542872 0.796870036339827 -0.338816556650624 0.431129723372252 0.56852690526601 0.700645644825984 0 0 0 0 0 0
9.97519334864994 5.50179639089883 12.3992150284577 -0.845520232166911 0.525649220893927 0.0937466456467632 0.431129723372252 0.56852690526601 0.700645644825984 0 0 0 0 0 0
10.1576866090107 6.0059413064236 12.4341323048662 -0.869611746246319 0.0547254780441159 0.490693929902613 0.431129723372252 0.56852690526601 0.700645644825984 0 0 0 0 0 0
10.1419518444522 6.52256089639046 12.5809032780357 -0.563323218793692 -0.436989388875855 0.701218386223452 0.431129723372252 0.56852690526601 0.700645644825984 0 0 0 0 0 0
9.99780753444475 6.93956874141319 12.8875170044086 -0.0430187822593768 -0.762684680888923 0.645338253871784 0.431129723372252 0.56852690526601 0.700645644825984 0 0 0 0 0 0
9.84385709166766 7.18272258942937 13.3412356060573 0.493629208890959 -0.798623311224428 0.344283329393999 0.431129723372252 0.56852690526601 0.700645644825984 0 0 0 0 0 0
9.80242944258933 7.24383022852323 13.8734336034742 0.842739210543363 -0.531151593356055 -0.0875705880308737 0.431129723372252 0.56852690526601 0.700645644825984 0 0 0 0 0 0
9.95310422307119 7.18386184519886 14.3856698825941 0.871678496262123 -0.061886504790647 -0.486154974960662 0.431129723372252 0.56852690526601 0.700645644825984 0 0 0 0 0 0
10.3024781442034 7.10978643116021 14.7870871198748 0.569452547563626 0.430890301631911 -0.700040958825166 0.431129723372252 0.56852690526601 0.700645644825984 0 0 0 0 0 0
10.7816587914706 7.13393247493653 15.0289299985645 0.0508820553068315 0.759964678362841 -0.647969678371308 0.431129723372252 0.56852690526601 0.700645644825984 0 0 0 0 0 0
11.272438004846 7.33131249105799 15.123068168681 -0.487019380463627 0.800315767851884 -0.349723883628893 0.431129723372252 0.56852690526601 0.700645644825984 0 0 0 0 0 0
0.493934373859556 7.70359963577348 3.26840147170354 0.474581169578249 0.522688441258632 -0.708215720565679 0.396159668815011 0.591660441933469 0.702136338794307 0 0 0 0 0 0
0.978973958015631 7.7778356174617 3.4872866538033 -0.076470931340515 0.783307243637685 -0.616913250566599 0.396159668815011 0.591660441933469 0.702136338794307 0 0 0 0 0 0
1.44658199096648 8.03062650998393 3.56554644102521 -0.598470446917226 0.746334527960058 -0.291235122437753 0.396159668815011 0.591660441933469 0.702136338794307 0 0 0 0 0 0
1.77776866671164 8.4535443816381 3.5774191729237 -0.893101033817802 0.425816847062524 0.145088097896779 0.396159668815011 0.591660441933469 0.702136338794307 0 0 0 0 0 0
1.90537293369657 8.97352721697852 3.62236474130297 -0.848427606117991 -0.0564757733120911 0.526289924096688 0.396159668815011 0.591660441933469 0.702136338794307 0 0 0 0 0 0
1.83957810117109 9.48063639801543 3.78727811443982 -0.481422345900832 -0.517312303180866 0.707545409033969 0.396159668815011 0.591660441933469 0.702136338794307 0 0 0 0 0 0
1.66404302974954 9.86982422326502 4.1134764858289 0.0684833124764438 -0.781613240070753 0.619992563550849 0.396159668815011 0.591660441933469 0.702136338794307 0 0 0 0 0 0
1.50411873156183 10.080843285847 4.5810021815875 0.592371015463993 -0.748966239181266 0.296894177451879 0.396159668815011 0.591660441933469 0.702136338794307 0 0 0 0 0 0
1.47922542498812 10.1211354706413 5.11620491443804 0.891207065761546 -0.43177444197907 -0.138999270466999 0.396159668815011 0.591660441933469 0.702136338794307 0 0 0 0 0 0
1.65748279709662 10.0630046578007 5.61972275921201 0.851458651588741 0.0494556846146784 -0.522084571591592 0.396159668815011 0.591660441933469 0.702136338794307 0 0 0 0 0 0
2.02983019562596 10.0161472698242 6.00423140946426 0.488226860047873 0.511896769768358 -0.706821215179988 0.396159668815011 0.591660441933469 0.702136338794307 0 0 0 0 0 0
2.51346892226529 10.0859767666232 6.22762014147607 -0.0604904783429836 0.779859713629451 -0.623024661700986 0.396159668815011 0.591660441933469 0.702136338794307 0 0 0 0 0 0
2.983318842463 10.3335753096823 6.30899038224964 -0.586226472664475 0.75154091372362 -0.302530622824919 0.396159668815011 0.591660441933469 0.702136338794307 0 0 0 0 0 0
3.3195384197712 10.752487627672 6.32139875803114 -0.889245228836785 0.437699155600176 0.132899857704614 0.396159668815011 0.591660441933469 0.702136338794307 0 0 0 0 0 0
3.45305451918592 11.271173481953 6.3641016605581 -0.854424855186618 -0.0424318296754068 0.517839460325036 0.396159668815011 0.591660441933469 0.702136338794307 0 0 0 0 0 0
3.39180444597633 11.7801869993244 6.52484608435999 -0.494994193829274 -0.506442253434943 0.706043194153902 0.396159668815011 0.591660441933469 0.702136338794307 0 0 0 0 0 0
3.21772043070834 12.17375698909 6.84653307648495 0.052493037625399 -0.778046797851606 0.626009314110996 0.396159668815011 0.591660441933469 0.702136338794307 0 0 0 0 0 0
3.05560220501876 12.3899711868041 7.31091891145892 0.580037286449396 -0.754058355515685 0.308144029319736 0.396159668815011 0.591660441933469 0.702136338794307 0 0 0 0 0 0
3.02570349702622 12.434297758652 7.84554618761209 0.887215672444995 -0.443590536735963 -0.126790324103523 0.396159668815011 0.591660441933469 0.702136338794307 0 0 0 0 0 0
3.1980456294838 12.3775078536932 8.35127160539639 0.857325991023731 0.035404743388024 -0.513554913578681 0.396159668815011 0.591660441933469 0.702136338794307 0 0 0 0 0 0
0.470082553364709 10.9480116292964 8.98365850535564 0.935373538953303 0.0883389395845877 -0.342450834980797 0.263271271178059 0.47262381684192 0.841020193292684 0 0 0 0 0 0
0.762386558544453 10.833803528239 9.41977773254828 0.619222467533975 0.585704455105047 -0.522985494035193 0.263271271178059 0.47262381684192 0.841020193292684 0 0 0 0 0 0
1.19584234468243 10.8531067761521 9.73668239991984 0.0678184278509271 0.860551055674819 -0.504829220054449 0.263271271178059 0.47262381684192 0.841020193292684 0 0 0 0 0 0
1.64475734358293 11.0685726642834 9.93851123069551 -0.509350966436335 0.808459922547337 -0.294879885080562 0.263271271178059 0.47262381684192 0.841020193292684 0 0 0 0 0 0
1.97756577365752 11.4683270171977 10.0731221823887 -0.893009412680408 0.449221348115033 0.027099248364197 0.263271271178059 0.47262381684192 0.841020193292684 0 0 0 0 0 0
2.10681268001303 11.9704813905496 10.2139104085991 -0.937398652726014 -0.0806839270465903 0.338782924280126 0.263271271178059 0.47262381684192 0.841020193292684 0 0 0 0 0 0
2.02237953398436 12.4542438601925 10.431924213059 -0.625654472131311 -0.579936029359891 0.521757303113597 0.263271271178059 0.47262381684192 0.841020193292684 0 0 0 0 0 0
1.79532843134711 12.805809893695 10.7688726111808 -0.0762136971889774 -0.858860738106024 0.506507359177299 0.263271271178059 0.47262381684192 0.841020193292684 0 0 0 0 0 0
1.55090441403756 12.9615985949222 11.2212793777643 0.502181935540514 -0.811489893059891 0.298826801138098 0.263271271178059 0.47262381684192 0.841020193292684 0 0 0 0 0 0
1.42095278473565 12.9324081494929 11.7418037230699 0.889790254923944 -0.455820470252812 -0.0223830547711499 0.263271271178059 0.47262381684192 0.841020193292684 0 0 0 0 0 0
1.49382887204094 12.799313413527 12.2572258503361 0.939352379962035 0.0730227701151677 -0.335089213948119 0.263271271178059 0.47262381684192 0.841020193292684 0 0 0 0 0 0
1.78083036391534 12.6828642203065 12.6962643807392 0.632038830718275 0.574123439240785 -0.520489378353303 0.263271271178059 0.47262381684192 0.841020193292684 0 0 0 0 0 0
2.21190512713911 12.6972864831258 13.0166573409694 0.0846031625589135 0.857105014966808 -0.508146925803726 0.263271271178059 0.47262381684192 0.841020193292684 0 0 0 0 0 0
2.66226518393022 12.9070858610756 13.2212181934739 -0.494974661546026 0.814458065475279 -0.302750960377773 0.263271271178059 0.47262381684192 0.841020193292684 0 0 0 0 0 0
2.99979575104751 13.3025409806775 13.3567669550341 -0.886503336194604 0.462384879897 0.0176651566218225 0.263271271178059 0.47262381684192 0.841020193292684 0 0 0 0 0 0
3.13524785478538 13.8033967482008 13.4963424896021 -0.941234571877471 -0.0653560522170817 0.331369985275119 0.263271271178059 0.47262381684192 0.841020193292684 0 0 0 0 0 0
3.05614550824779 14.2893546015648 13.7114538227402 -0.638375057101242 -0.568267127398972 0.519181816311691 0.263271271178059 0.47262381684192 0.841020193292684 0 0 0 0 0 0
2.83152554735747 14.6457759453577 14.0449126672426 -0.0929861850704662 -0.855284019962286 0.509747795074382 0.263271271178059 0.47262381684192 0.841020193292684 0 0 0 0 0 0
2.58570938265452 14.8072352698886 14.4945685376714 0.487729693314688 -0.817364213755677 0.306652063959668 0.263271271178059 0.47262381684192 0.841020193292684 0 0 0 0 0 0
2.4510712168891 14.7823763961755 15.0141257557287 0.883148906803976 -0.468914077142389 -0.0129459132024249 0.263271271178059 0.47262381684192 0.841020193292684 0 0 0 0 0 0
6.38006799207771 4.8003694009866 4.3551148854443 -0.519137715120103 0.203752392629422 0.83004879087778 0.854038627011517 0.161590672919569 0.494475963013051 0 0 0 0 0 0
6.64202881677625 5.22629300235892 4.55171273445505 -0.400951533525035 -0.401150206258508 0.823599647755315 0.854038627011517 0.161590672919569 0.494475963013051 0 0 0 0 0 0
6.8125927267918 5.5607744015924 4.93605014908623 -0.13043716079165 -0.853649134915044 0.504251228598811 0.854038627011517 0.161590672919569 0.494475963013051 0 0 0 0 0 0
6.95342348190068 5.70066645366189 5.4353316471428 0.189632470119514 -0.981832484964926 -0.00667066293333747 0.854038627011517 0.161590672919569 0.494475963013051 0 0 0 0 0 0
7.1374809645401 5.61674975989022 5.93309256737382 0.437657555146449 -0.737001258612878 -0.515058258089574 0.854038627011517 0.161590672919569 0.494475963013051 0 0 0 0 0 0
7.42130250064607 5.36483360602796 6.31344594146699 0.519409217729139 -0.212170932109858 -0.827766609682729 0.854038627011517 0.161590672919569 0.494475963013051 0 0 0 0 0 0
7.82352338427663 5.0645530815153 6.50510989083727 0.403828634437509 0.393266678810512 -0.82599258673773 0.854038627011517 0.161590672919569 0.494475963013051 0 0 0 0 0 0
8.3177970178337 4.85391770881165 6.50848880407079 0.134826801268352 0.849295703382532 -0.510410170231466 0.854038627011517 0.161590672919569 0.494475963013051 0 0 0 0 0 0
8.84280442498223 4.83687931841717 6.39551970293996 -0.185397987886559 0.982663090772593 -0.000914396451299789 0.854038627011517 0.161590672919569 0.494475963013051 0 0 0 0 0 0
9.32555035495846 5.04383901048385 6.2823421651093 -0.435186981754307 0.742700340727403 0.508928771828609 0.854038627011517 0.161590672919569 0.494475963013051 0 0 0 0 0 0
9.70909539875061 5.42009726858843 6.28517495683043 -0.519641165315269 0.220573313952361 0.825421390855521 0.854038627011517 0.161590672919569 0.494475963013051 0 0 0 0 0 0
9.97418822255862 5.8466352205488 6.47616258056899 -0.406674982235984 -0.385353202582331 0.828322623186705 0.854038627011517 0.161590672919569 0.494475963013051 0 0 0 0 0 0
10.1465794713699 6.18533189785538 6.85596637232618 -0.139206174162134 -0.844877594694026 0.516530242153525 0.854038627011517 0.161590672919569 0.494475963013051 0 0 0 0 0 0
10.2872386684008 6.33143870086734 7.35351324903491 0.181149386879028 -0.983418862981363 0.00849938620110701 0.854038627011517 0.161590672919569 0.494475963013051 0 0 0 0 0 0
10.4691908738706 6.25337514311938 7.85299756109561 0.43268326718861 -0.7483428633355 -0.502760528671271 0.854038627011517 0.161590672919569 0.494475963013051 0 0 0 0 0 0
10.7497732437105 6.00472680612746 8.23787759482632 0.519833540214788 -0.228958898283022 -0.823013312993651 0.854038627011517 0.161590672919569 0.494475963013051 0 0 0 0 0 0
11.1488516853989 5.70388728106771 8.43515171796397 0.409490360160055 0.377410380215818 -0.830589579660942 0.854038627011517 0.161590672919569 0.494475963013051 0 0 0 0 0 0
11.6412734675704 5.4890784640534 8.44309292028337 0.143574945966794 0.840395145305607 -0.522610978297816 0.854038627011517 0.161590672919569 0.494475963013051 0 0 0 0 0 0
12.1664231631927 5.46583774685457 8.33190493365581 -0.176886990644338 0.984099744036256 -0.0160837286897483 0.854038627011517 0.161590672919569 0.494475963013051 0 0 0 0 0 0
12.6512514637318 5.66692259727354 8.21705066056734 -0.430146602116914 0.753928396737226 0.496553998353158 0.854038627011517 0.161590672919569 0.494475963013051 0 0 0 0 0 0
2.75304414014793 12.4474241670798 3.39691275361047 -0.729765394023083 0.411234869537177 -0.546194426704517 0.343409460735565 0.911270879790276 0.22727808060516 0 0 0 0 0 0
3.01171387606062 12.841836594422 3.13959212288052 -0.937801200719148 0.345846723807143 0.0303142138540732 0.343409460735565 0.911270879790276 0.22727808060516 0 0 0 0 0 0
3.05661179876143 13.3150847933381 2.88918161815244 -0.789550652062068 0.149065625453907 0.595305977742873 0.343409460735565 0.911270879790276 0.22727808060516 0 0 0 0 0 0
2.92153162548144 13.8223125062668 2.77447112978218 -0.341336610103664 -0.104347996253619 0.934131047701977 0.343409460735565 0.911270879790276 0.22727808060516 0 0 0 0 0 0
2.70864376118815 14.3057540901662 2.87269584312807 0.236556916876911 -0.318118069578935 0.918064114800847 0.343409460735565 0.911270879790276 0.22727808060516 0 0 0 0 0 0
2.54967905354023 14.7166806500954 3.18019330032973 0.724578516115209 -0.411029769620721 0.553209275473414 0.343409460735565 0.911270879790276 0.22727808060516 0 0 0 0 0 0
2.55588204143966 15.0339129611065 3.61379482928232 0.937320622774578 -0.347784388132318 -0.0218190167722184 0.343409460735565 0.911270879790276 0.22727808060516 0 0 0 0 0 0
2.77574729479339 15.2718678098999 4.04242271267514 0.79395895367678 -0.15240990294756 -0.588557899751578 0.343409460735565 0.911270879790276 0.22727808060516 0 0 0 0 0 0
3.1765955166197 15.4750808165207 4.33688880430058 0.348959003791355 0.100867652524666 -0.931693796451983 0.343409460735565 0.911270879790276 0.22727808060516 0 0 0 0 0 0
3.65698895434026 15.7012866077083 4.41897526570901 -0.22861630591782 0.315823900385554 -0.920863642790693 0.343409460735565 0.911270879790276 0.22727808060516 0 0 0 0 0 0
4.08526929793343 15.9994844669263 4.29115083076829 -0.719336458748013 0.410793368195942 -0.560181995214146 0.343409460735565 0.911270879790276 0.22727808060516 0 0 0 0 0 0
4.34957687312104 16.3913226873501 4.03563289239235 -0.9367686642356 0.349695567329835 0.0133221580877607 0.343409460735565 0.911270879790276 0.22727808060516 0 0 0 0 0 0
4.40034800182067 16.86287402335 3.7831517403717 -0.798306792243232 0.155742573837023 0.581765000797522 0.343409460735565 0.911270879790276 0.22727808060516 0 0 0 0 0 0
4.2691450721097 17.3699268839564 3.6632839385881 -0.356554822899857 -0.0973796273334487 0.929185593112189 0.343409460735565 0.911270879790276 0.22727808060516 0 0 0 0 0 0
4.0566654592997 17.8547820554482 3.7552240219913 0.22065828494191 -0.313505679979397 0.923593043448872 0.343409460735565 0.911270879790276 0.22727808060516 0 0 0 0 0 0
3.89448490948522 18.2681735973241 4.05769716870956 0.714039621124459 -0.410525683265723 0.567112054927111 0.343409460735565 0.911270879790276 0.22727808060516 0 0 0 0 0 0
3.89506971377336 18.5879857967825 4.48944352619266 0.936145367135993 -0.351580115855998 -0.00482428486938568 0.343409460735565 0.911270879790276 0.22727808060516 0 0 0 0 0 0
4.109048883956 18.8276552977689 4.92009018778799 0.802593836656684 -0.159063384326508 -0.574927798186261 0.343409460735565 0.911270879790276 0.22727808060516 0 0 0 0 0 0
4.50597934445818 19.0310662952932 5.21968203969663 0.364123488978138 0.093884186306589 -0.926606628691991 0.343409460735565 0.911270879790276 0.22727808060516 0 0 0 0 0 0
4.98591176573009 19.2558781960402 5.30805388143921 -0.212683459983288 0.311163584901924 -0.926252108920957 0.343409460735565 0.911270879790276 0.22727808060516 0 0 0 0 0 0
8.13412344782368 7.36559069869893 6.295897882429 0.86297164707192 0.447195464608949 -0.23515134016876 0.148536670386435 0.220298126647559 0.964056841138575 0 0 0 0 0 0
8.46027914063768 7.19743433923496 6.68836572179319 0.415868953617516 0.870562775085586 -0.263008494258944 0.148536670386435 0.220298126647559 0.964056841138575 0 0 0 0 0 0
8.88123217451414 7.22772279174404 7.02088076661548 -0.189229308274302 0.963188732273795 -0.190944324112628 0.148536670386435 0.220298126647559 0.964056841138575 0 0 0 0 0 0
9.25905038161536 7.47757014608172 7.30987004674823 -0.722436192207393 0.689883186414358 -0.0463372128170703 0.148536670386435 0.220298126647559 0.964056841138575 0 0 0 0 0 0
9.47218923597142 7.88467639446975 7.58829675776132 -0.981177488231881 0.154479483804324 0.115874180344577 0.148536670386435 0.220298126647559 0.964056841138575 0 0 0 0 0 0
9.46166865101223 8.32699624605168 7.89313699182994 -0.867153052064283 -0.43961355746221 0.234063035080337 0.148536670386435 0.220298126647559 0.964056841138575 0 0 0 0 0 0
9.25348050054997 8.66910617337764 8.25133190210994 -0.423682673391581 -0.866690058302125 0.263327429463819 0.148536670386435 0.220298126647559 0.964056841138575 0 0 0 0 0 0
8.94871387135691 8.81365407464319 8.66955230822182 0.18075183649913 -0.964496515708022 0.192549330794156 0.148536670386435 0.220298126647559 0.964056841138575 0 0 0 0 0 0
8.68514962898119 8.73834496480517 9.1316643403468 0.716515701694272 -0.695874621274636 0.0486185221026578 0.148536670386435 0.220298126647559 0.964056841138575 0 0 0 0 0 0
8.58491516335188 8.50441121315187 9.60485896611486 0.980063272312068 -0.162878323815785 -0.113783275993982 0.148536670386435 0.220298126647559 0.964056841138575 0 0 0 0 0 0
8.70808615148384 8.23334934245979 10.0521166905399 0.871268419994412 0.431998172041037 -0.232956905185581 0.148536670386435 0.220298126647559 0.964056841138575 0 0 0 0 0 0
9.02986280336803 8.06076146867731 10.4462718810979 0.431464128089713 0.862751339715198 -0.263626311265426 0.148536670386435 0.220298126647559 0.964056841138575 0 0 0 0 0 0
9.4499917168263 8.08483778992941 10.7803334457079 -0.1722605997718 0.965730848998377 -0.194139674098659 0.148536670386435 0.220298126647559 0.964056841138575 0 0 0 0 0 0
9.83085382114641 8.32905248859746 11.0701408654985 -0.710540645736364 0.701813062588316 -0.050896128899553 0.148536670386435 0.220298126647559 0.964056841138575 0 0 0 0 0 0
10.0497481629137 8.7332454969651 11.348346511105 -0.978874420779599 0.171264760012278 0.11168370660639 0.148536670386435 0.220298126647559 0.964056841138575 0 0 0 0 0 0
10.045508049664 9.17647831276638 11.6520104611466 -0.875317437461105 -0.424349888286514 0.231833034720567 0.148536670386435 0.220298126647559 0.964056841138575 0 0 0 0 0 0
9.84173929900309 9.52298055818057 12.0085207587474 -0.43921272512401 -0.858746919273474 0.26390511690276 0.148536670386435 0.220298126647559 0.964056841138575 0 0 0 0 0 0
9.53785199383034 9.67373141632586 12.4251882360499 0.163756244732863 -0.966891638145602 0.195715232915336 0.148536670386435 0.220298126647559 0.964056841138575 0 0 0 0 0 0
9.27129292979703 9.60407929513257 12.8864690068537 0.704511479357313 -0.7076980581201 0.05316985975918 0.148536670386435 0.220298126647559 0.964056841138575 0 0 0 0 0 0
9.16532727965071 9.37310737932306 13.3598698488626 0.977611024170121 -0.179638153734218 -0.109575632072138 0.148536670386435 0.220298126647559 0.964056841138575 0 0 0 0 0 0
6.49316148366695 11.5102567308975 10.5160824480441 0.0856582703631979 0.992224322698355 -0.0902970329754924 0.709512668451396 0.0028778770022497 0.704686803573715 0 0 0 0 0 0
7.02555502574216 11.5806901178539 10.5328561321003 -0.340761494084253 0.876704827032869 0.339514727820068 0.709512668451396 0.0028778770022497 0.704686803573715 0 0 0 0 0 0
7.48027197451879 11.850968397718 10.6270222090459 -0.637720269700735 0.428110509854551 0.640339167133245 0.709512668451396 0.0028778770022497 0.704686803573715 0 0 0 0 0 0
7.78962056775125 12.2188344817739 10.8671536192879 -0.692398452743585 -0.183130147643535 0.697888050952548 0.709512668451396 0.0028778770022497 0.704686803573715 0 0 0 0 0 0
7.94113691189445 12.5449560429123 11.2663686327036 -0.484022887304354 -0.724796600279051 0.490297596148998 0.709512668451396 0.0028778770022497 0.704686803573715 0 0 0 0 0 0
7.98232022364683 12.7058601962114 11.7773469985887 -0.0917589345470741 -0.991100706515622 0.0964348872297813 0.709512668451396 0.0028778770022497 0.704686803573715 0 0 0 0 0 0
8.002587083382 12.6408429122752 12.3103077000521 0.335365771572214 -0.880869084026753 -0.334065047653363 0.709512668451396 0.0028778770022497 0.704686803573715 0 0 0 0 0 0
8.09930058129935 12.3750314929185 12.7671182633916 0.635079414054526 -0.435980569170411 -0.637648085663248 0.709512668451396 0.0028778770022497 0.704686803573715 0 0 0 0 0 0
8.34078045163324 12.0098382891013 13.0785769255405 0.693515769175953 0.17454425312017 -0.698977955022194 0.709512668451396 0.0028778770022497 0.704686803573715 0 0 0 0 0 0
8.74034726337229 11.6844324532748 13.2307035408487 0.488473888622108 0.718756795426108 -0.494754412980004 0.709512668451396 0.0028778770022497 0.704686803573715 0 0 0 0 0 0
9.2512617133926 11.5228672515815 13.2700508721507 0.0978526109328253 0.989901614176886 -0.102565397594045 0.709512668451396 0.0028778770022497 0.704686803573715 0 0 0 0 0 0
9.78448166915399 11.586950153987 13.2860184178439 -0.329944509658247 0.884966259429464 0.328589927139894 0.709512668451396 0.0028778770022497 0.704686803573715 0 0 0 0 0 0
10.2424907635571 11.852761143075 13.3768880477677 -0.632390194652126 0.44381742687796 0.634908444822773 0.709512668451396 0.0028778770022497 0.704686803573715 0 0 0 0 0 0
10.556346493191 12.2197403285846 13.6124850776663 -0.694580271697442 -0.165945066376154 0.700014629214363 0.709512668451396 0.0028778770022497 0.704686803573715 0 0 0 0 0 0
10.7118726280365 12.5488923309923 14.0076504643203 -0.492887690762039 -0.712662254460413 0.499173552346943 0.709512668451396 0.0028778770022497 0.704686803573715 0 0 0 0 0 0
10.7550449982641 12.7155929500717 14.5166024779383 -0.103938835463402 -0.988627136997671 0.108688097206184 0.709512668451396 0.0028778770022497 0.704686803573715 0 0 0 0 0 0
10.7745245076773 12.6569359821654 15.0503299467343 0.324498121192439 -0.888996041225235 -0.323089783231285 0.709512668451396 0.0028778770022497 0.704686803573715 0 0 0 0 0 0
10.8679733740267 12.3956323386895 15.5104090892767 0.629652816288006 -0.451620486170144 -0.632120453246077 0.709512668451396 0.0028778770022497 0.704686803573715 0 0 0 0 0 0
11.104951619661 12.0313817911808 15.826396354612 0.695591879242065 0.157333242272851 -0.700997994582299 0.709512668451396 0.0028778770022497 0.704686803573715 0 0 0 0 0 0
11.5004900560554 11.7029953611987 15.9825911050253 0.497263957596026 0.706513441504857 -0.503554677715241 0.709512668451396 0.0028778770022497 0.704686803573715 0 0 0 0 0 0
