t = 20
b = 13 13 13
E = -1.01979795760683 -1.01979795760683 0
4.22096043599545 -3.60532061044405 -6.7227876840422 -0.476696967873441 0.746418404174188 -0.464348540140189 0.327669125003322 0.641035187046016 0.694051030896458 0 0 0 0 0 0
4.52556924913536 -3.16660583956732 -6.66423921787589 -0.939421046311002 0.329229558005001 -0.0953729305609043 0.199398956554556 0.751232644783025 0.629197560021695 0 0 0 0 0 0
4.65444698949833 -2.61681633328496 -6.67056830246056 -0.895762565174487 -0.104851076086199 0.431990368730125 0.24671822616545 0.69111354615583 0.679332159696335 0 0 0 0 0 0
4.51390722745958 -2.17738509859576 -6.39518880543151 -0.493312320592663 -0.631316119575176 0.598400293713183 0.17851997039081 0.59981047599406 0.77997308483014 0 0 0 0 0 0
4.31505608499924 -1.8899371859358 -5.87609618973069 -0.311843688469833 -0.854248870937872 0.415947569367703 0.0496519168689855 0.422528189723645 0.904988738073626 0 0 0 0 0 0
4.04776603035645 -1.70688884667787 -5.44745364132663 0.360314950107426 -0.877099948276355 0.317598516153174 0.0592681827617858 0.361304784622399 0.930562268266383 0 0 0 0 0 0
3.95528242179366 -1.72599928533214 -4.90978709366788 0.833685731332229 -0.549772147871535 -0.052141027969979 0.331252565668356 0.422294533265551 0.84376481611416 0 0 0 0 0 0
4.16581421351423 -1.71086038869575 -4.4256060857328 0.8343807281064 -0.252022664593974 -0.490197283851704 0.5501361979066 0.325850162071126 0.768876996424715 0 0 0 0 0 0
4.46870776862511 -1.88205156285499 -4.01617455509473 0.506957328118241 0.554780929840698 -0.659706288701497 0.534863881150469 0.39771643342307 0.745481231974279 0 0 0 0 0 0
5.0493823938057 -1.80904636272305 -3.86078465695094 -0.00639600464331795 0.975254865085443 -0.22099103884949 0.762121379499911 0.147830126086135 0.630331069145819 0 0 0 0 0 0
5.5064310692448 -1.70971041104352 -3.83593940331599 -0.426552149923891 0.866849754013254 0.258117739340919 0.762713296182911 0.191356367116741 0.617779223177408 0 0 0 0 0 0
5.94118693450468 -1.39248353366653 -3.73802283211057 -0.64434301555997 0.417290333810607 0.640851664277559 0.758065650449703 0.238082776037212 0.607168066817321 0 0 0 0 0 0
6.15479888555762 -1.00138794843751 -3.47088874935272 -0.721862120097823 -0.209141564984331 0.659677864842971 0.575327813283919 0.348392658222497 0.740013826194218 0 0 0 0 0 0
6.27403395893569 -0.602868944273413 -3.12626057521978 -0.277039035155316 -0.794101235475022 0.54097375242913 0.618108480764835 0.28376852486229 0.733087532498042 0 0 0 0 0 0
6.32789686174813 -0.448005614266655 -2.54849388138281 0.235089322007997 -0.968737334318424 0.0792526830804704 0.584996942211004 0.206136869047175 0.784401790425802 0 0 0 0 0 0
6.44689307471568 -0.507550180256821 -2.04702876329915 0.62027966296824 -0.661110321341186 -0.422121170665676 0.680691786673841 0.186278004134442 0.708490788035005 0 0 0 0 0 0
6.91237432736006 -0.506093473781365 -1.71218625135986 0.415758663904339 -0.596553736028428 -0.686489893165954 0.879785574279573 0.0725178612392943 0.469806878505243 0 0 0 0 0 0
7.35648806811768 -0.732875581626816 -1.51279064257821 0.305720917860865 0.0415798740112744 -0.951212822905324 0.949721658458964 0.0575655439229075 0.307757988696985 0 0 0 0 0 0
7.75692829540498 -0.940723577355311 -1.46457320743689 0.208035097323734 0.618573474122651 -0.757686119308873 0.949721658458964 0.0575655439229075 0.307757988696985 0 0 0 0 0 0
8.24759120323838 -1.10907451160634 -1.51882823412449 -0.136354339225997 0.989218342317296 -0.0534281330130723 0.896843751475919 0.146170691545509 0.417498999246354 0 0 0 0 0 0
0.382164571061613 0.238927106469155 -0.127747449999435 -0.171107752934673 0.801980934777154 -0.572318719892692 0.668852356267809 0.521074904764815 0.530205119872808 0 0 0 0 0 0
0.908525653113692 0.521440073308498 -0.0127555402754375 -0.699554897476347 0.686024119607866 -0.19998463124228 0.535684786071608 0.688689096598033 0.48861962526939 0 0 0 0 0 0
1.19337810972293 0.960868617469809 -0.0265624374689341 -0.898230555639262 0.268178888050791 0.348226869899244 0.426460140584023 0.723503716460889 0.542838945508092 0 0 0 0 0 0
1.29681233238719 1.52148835963236 -0.0253027421559214 -0.57539685007919 -0.177458763797771 0.798390162809083 0.525859745741601 0.667382949829303 0.527324877173186 0 0 0 0 0 0
1.32831351115945 1.94519491300268 0.30611798404353 -0.389162769610627 -0.704688302294815 0.593267844533848 0.4255157396854 0.433687968998872 0.794261355490509 0 0 0 0 0 0
1.14418681229083 2.23788594322784 0.718407286004872 0.171924958103355 -0.930689857384267 0.322890381001372 0.204185241369927 0.354319384306941 0.91256022327902 0 0 0 0 0 0
1.0760665339106 2.22364501232065 1.22289495998125 0.777666389252795 -0.611941812732285 -0.144090960356452 0.302235161039914 0.162935736047131 0.939204904879631 0 0 0 0 0 0
1.13297463546541 1.92274388348118 1.66437551533892 0.951782591404898 0.173232732681003 -0.253180408062017 0.240455772737775 0.0912230226281411 0.9663640005193 0 0 0 0 0 0
1.35687529593839 1.96841527491111 2.12585271474896 0.627065765696574 0.492516296218085 -0.603503291996812 0.53534940551772 0.290309936327563 0.79317157972365 0 0 0 0 0 0
1.85331983631393 1.98780487086362 2.36034390818419 0.0905009994174706 0.896048183811247 -0.43463458375169 0.724808780069743 0.240035657922523 0.645782560355661 0 0 0 0 0 0
2.37020715392691 2.12805396767501 2.40327168302529 -0.443985107600808 0.886075631608995 -0.133218614680608 0.625172082949444 0.412838490149736 0.662362625569664 0 0 0 0 0 0
2.78210890313939 2.43822697621751 2.55431722544798 -0.719460176702275 0.62236929401612 0.308275065494127 0.600685244218462 0.334779196225653 0.726016616306206 0 0 0 0 0 0
3.01486562973435 2.86171186618364 2.78920008202446 -0.655757729331624 -0.335611888169939 0.67627395406066 0.641942132990885 0.223591512408985 0.73342834242329 0 0 0 0 0 0
3.15850426476961 3.2109440168395 3.13345146228945 -0.39696429857482 -0.75648760914607 0.51975556068739 0.487598781223149 0.3059502168604 0.81770526068552 0 0 0 0 0 0
3.16932178659269 3.49784453008668 3.53157203780686 0.0150460975097814 -0.964538534128007 0.263512867108842 0.501550275332452 0.235270041534177 0.832523470462213 0 0 0 0 0 0
3.38353502171301 3.5004861051026 3.99307475253863 0.206554386049098 -0.943144569732953 -0.260410457138579 0.886615146658836 0.0678533702151742 0.457503553937641 0 0 0 0 0 0
3.70717820791308 3.3375905332844 4.40879649176922 0.427811312450126 -0.530435289181403 -0.731857831092038 0.853436655008275 -0.0296269467249003 0.520353841069754 0 0 0 0 0 0
4.02171690296345 3.01154086672161 4.69765999996757 0.516725543345684 0.131766810411289 -0.845950483496607 0.850322133304419 0.0361181062372938 0.525021668138042 0 0 0 0 0 0
4.49195451108215 2.74985608888144 4.66286210465569 0.235764992360447 0.906304774346859 -0.350751371163917 0.9327844585549 -0.109789390550172 0.343306632037694 0 0 0 0 0 0
5.01255192063457 2.70200728715132 4.5388704458287 -0.100264637848092 0.967536566495327 0.231991368140333 0.929742893907605 0.00808188012309053 0.368120679182774 0 0 0 0 0 0
-0.173493798775541 8.46561157608261 7.66341415039647 -0.1835578056757 0.659290859313982 0.729137912058173 0.710334218429965 -0.42377050758903 0.561999871018871 0 0 0 0 0 0
0.248322985223587 8.56914272920894 7.91650831154928 -0.541953634966364 0.100467021948408 0.834381588392004 0.811512640827756 -0.195543990393787 0.550644877936439 0 0 0 0 0 0
0.682816063422075 8.72391286670717 8.25801675622607 -0.72578023732269 -0.384620651568553 0.570359537045539 0.679992810605874 -0.275549226961968 0.679472148836865 0 0 0 0 0 0
0.89483409029383 8.75858290902885 8.78153909505121 -0.413216658452914 -0.910310153811003 0.0242366880079632 0.685875202700265 -0.29361075058938 0.665858793933978 0 0 0 0 0 0
0.958370901645616 8.59079203384092 9.28799185486724 0.0518278375838743 -0.815793983553977 -0.576015669620639 0.56930992862033 -0.449750963330018 0.688193487442329 0 0 0 0 0 0
1.18397608816209 8.33648120744876 9.68227857923331 0.171785715166019 -0.58490519468294 -0.792701445247712 0.792972053169916 -0.395354856556583 0.463562142855315 0 0 0 0 0 0
1.57283362532994 7.98464342229668 9.86003279851316 0.189529360736972 -0.0940117108294217 -0.977364015935496 0.965518573317544 -0.163087537585799 0.202919539874932 0 0 0 0 0 0
1.86941663551532 7.56422375887203 9.9595450198614 0.48875291676289 0.551346206535302 -0.676119772595729 0.871258205677171 -0.268444822720975 0.410909377107045 0 0 0 0 0 0
2.40448553219048 7.31731492426002 9.98525613472893 0.187699300002805 0.959216083288038 -0.211361014238697 0.908152267814329 -0.0874981053941696 0.409394113313958 0 0 0 0 0 0
2.88245009495418 7.29390424905683 9.84494110927232 -0.00878786158260858 0.835462684220907 0.549476911947355 0.915930320282668 -0.213764533235474 0.339670977149225 0 0 0 0 0 0
3.40327338379032 7.36441200174119 9.94653409405877 -0.4900342787356 0.287735726021469 0.822845403241082 0.852358997019056 -0.0395940377496307 0.521456088635803 0 0 0 0 0 0
3.6505631771755 7.70735860573632 10.2780766810881 -0.211248137058236 -0.719509549784426 0.661574056594149 0.863763513847828 0.179372956789888 0.470890575949133 0 0 0 0 0 0
4.00072299158755 7.88370382798967 10.6297963218366 -0.154282500401987 -0.966597401330002 0.204661608055341 0.89811178845451 -0.0508624004976289 0.436816015794592 0 0 0 0 0 0
4.33041268250499 7.69318252053086 11.0247442481745 -0.270885959880572 -0.943770707264975 -0.189519521021319 0.706912941718593 -0.328669531722581 0.626298995487 0 0 0 0 0 0
4.39527938754494 7.43298369054942 11.4903341767295 0.307696892050648 -0.71150949664195 -0.631725303285131 0.721570032644166 -0.258282487802602 0.64236036964028 0 0 0 0 0 0
4.50637515405609 7.01030200447303 11.8028770138532 0.763574564819916 -0.05049725294416 -0.643742115606218 0.611267448201641 -0.26476265515258 0.745823600595751 0 0 0 0 0 0
4.87704870766632 6.65788615842072 12.0805572361888 0.615249944367937 0.437772224595966 -0.655608866114202 0.788324969063216 -0.345192329447468 0.509299517810601 0 0 0 0 0 0
5.30232889588921 6.35269742436247 12.0764672555538 0.513642660467979 0.81763989660718 -0.260069638411672 0.770836576905381 -0.306635571661558 0.558377648099012 0 0 0 0 0 0
5.80022234265435 6.16066305979193 12.0445774936311 0.195575491730591 0.914897340899094 0.353147395077615 0.770252277829071 -0.36619335635639 0.522124366659486 0 0 0 0 0 0
6.32991696741841 6.17328439824005 11.9554180385509 -0.139599039377691 0.4554966046159 0.879224062107158 0.805018367168139 -0.464822754635593 0.368626145701744 0 0 0 0 0 0
15.0740195213096 12.8807347229966 6.22304809469976 -0.770666009797447 -0.43597378824087 -0.464758816279786 -0.543774654633409 0.0696714278314423 0.836334273554686 0 0 0 0 0 0
14.6734523014195 13.0170044505753 6.49633628367943 -0.312007804754496 -0.937921910193534 -0.151504521883643 -0.517249049711589 0.033931211157866 0.855162027619221 0 0 0 0 0 0
14.2957881348013 13.1489660338028 6.8676698791005 0.206981305865076 -0.960404269488766 -0.186500343619357 -0.312494654733584 -0.245542430928832 0.917636096378351 0 0 0 0 0 0
13.9263860533078 12.9080974533472 7.14433560209044 0.825730159697239 -0.552449389761794 0.113883164331676 -0.466078003850813 -0.554517479115126 0.689406744732198 0 0 0 0 0 0
13.7672679618882 12.4494518196584 7.39417981545804 0.986959911606912 0.075980595385009 0.141905186676939 -0.0640384986841297 -0.623471821036708 0.779218813337726 0 0 0 0 0 0
13.8891169740488 11.9362915253049 7.49667094996681 0.654985265829103 0.521490552751775 0.546847240952561 -0.176613549306961 -0.597991377546455 0.781801743782457 0 0 0 0 0 0
13.9736788414167 11.6321266098866 7.89214747449456 -0.0450718616522003 0.887290576079773 0.459003225356019 -0.419273900069143 -0.433845589607233 0.797488182419753 0 0 0 0 0 0
13.8861136886615 11.3741664840168 8.34802093690997 -0.452444033147381 0.889993361819852 0.056623429655306 -0.578123697137871 -0.341059540987745 0.741249877105465 0 0 0 0 0 0
13.5936804369828 11.3065232547036 8.84151366566752 -0.672710205540304 0.613944776013698 -0.412956161556421 -0.704781406815784 -0.361770411468195 0.610250225721299 0 0 0 0 0 0
13.1910409965669 11.3596194064545 9.19329112630018 -0.55695967955823 -0.179495624802009 -0.810911361385035 -0.66088210982079 -0.495561585212914 0.563607622535469 0 0 0 0 0 0
12.7317645889257 11.302073799558 9.29925768954764 0.171296862777872 -0.748078270837035 -0.641121116095805 -0.459574043354298 -0.636275204844419 0.619633409666694 0 0 0 0 0 0
12.3016130530884 10.9827185768311 9.3400866015133 0.684722045092146 -0.652550844760838 -0.32455063698404 -0.380274083118213 -0.699785686676793 0.604724411968702 0 0 0 0 0 0
12.1241203195392 10.5435995660838 9.49886649426119 0.940085850788048 -0.340934924782803 -0.00140364221065852 -0.30455855442181 -0.841618739336475 0.446006709059604 0 0 0 0 0 0
12.0093331337978 10.0219119121818 9.47895365914398 0.906408795681811 0.0342019979706061 0.421014629728549 -0.203163323038814 -0.838557612283397 0.505515375684454 0 0 0 0 0 0
12.1279536766131 9.56154650710007 9.58696020902267 0.321723730497397 0.48428038884103 0.813613142850348 -0.189542247849089 -0.808963944143873 0.556463002683469 0 0 0 0 0 0
12.2841388286558 9.14172762286171 9.78068449879949 -0.344435495442927 0.605110036634352 0.717778540389275 -0.0938007815419983 -0.782917876470548 0.615013017817475 0 0 0 0 0 0
12.4745419496439 8.93673307561194 10.239388095073 -0.860891358739372 0.428712762084471 0.273991671540911 -0.198091377011687 -0.778451823817212 0.595627874053313 0 0 0 0 0 0
12.4670294808941 8.82327476447362 10.764512724628 -0.963869743559656 0.122856276185592 -0.236350275760475 -0.237906668847412 -0.79614427090572 0.556376416486112 0 0 0 0 0 0
12.3117224150933 8.5529784956927 11.2131886182132 -0.656941312575557 -0.207702747826463 -0.724767328441923 -0.368605939062523 -0.750099061399031 0.549072909344585 0 0 0 0 0 0
11.9297906264557 8.36802682677641 11.438548835892 0.0937635101410941 -0.600159121068373 -0.794366057661365 -0.240412778535082 -0.787917891176174 0.566910127517169 0 0 0 0 0 0
6.12558964429409 14.0467228054924 -0.708510156348226 0.987326606169742 0.158097122005899 0.0138373683477614 0.0195265935139889 -0.207546411470344 0.978030264987501 0 0 0 0 0 0
6.3227524649263 13.6801458834326 -0.368755414671473 0.546918101319376 0.793805395967067 0.265995458199527 -0.0784807661605611 -0.267713105251082 0.960297069983906 0 0 0 0 0 0
6.63325083893829 13.501765128548 0.031814389658673 -0.093553471545106 0.966006959865315 0.240994401291047 -0.127079123463053 -0.251662112560406 0.959435812069518 0 0 0 0 0 0
6.58772361574286 13.5132391176568 0.600412490581875 -0.455532656294462 0.889391834804526 -0.0383687793961491 -0.161200945206869 -0.0400233811269447 0.986109722205181 0 0 0 0 0 0
6.62700170863154 13.6433638613406 1.08489145536127 -0.926109644681612 0.324419030942238 -0.192544068696487 -0.197997216056232 0.0164554612609131 0.980064446977173 0 0 0 0 0 0
6.52162441562946 13.9266993853152 1.54914293831475 -0.878128720048166 -0.35382332594658 -0.322023298912778 -0.300899003410082 -0.114849026796571 0.946715105399031 0 0 0 0 0 0
6.08050639371962 14.0544904241317 1.90234618983074 -0.473901653615013 -0.806394757756769 -0.353757992649434 -0.517458974702184 -0.0700319586637854 0.852837460637065 0 0 0 0 0 0
5.69028527343001 14.0837776735498 2.32831979323612 -0.0804593465314534 -0.944922431644542 -0.317250518881681 -0.389337239187212 -0.263204397530949 0.882689050177042 0 0 0 0 0 0
5.34728589253131 13.9364640745996 2.63671182436674 0.588791120305815 -0.792303356387653 -0.159938763612458 -0.175294121954148 -0.318332063790225 0.931631186667439 0 0 0 0 0 0
5.16960408201604 13.5930613132907 2.92781967976093 0.97685171774931 -0.146459461359741 0.155917759438872 -0.180203820381713 -0.17064597479907 0.968713855792674 0 0 0 0 0 0
5.12438958278075 13.2644669224562 3.36247874877082 0.94916631447607 0.304545513686914 -0.0795948337336608 0.0949809049670047 -0.0360194674697877 0.994827234073757 0 0 0 0 0 0
5.38793622956165 13.0299299070742 3.78401310367517 0.67718937457103 0.721291773671692 -0.145439775170488 0.236308980864762 -0.0260032350064698 0.971329963159716 0 0 0 0 0 0
5.6961011083435 13.0741806642171 4.11964166385249 0.0113484211941296 0.995738138258272 -0.091524714445616 0.0481428268723333 0.0908803749843229 0.994697454336467 0 0 0 0 0 0
5.94363457509229 13.2062848719516 4.51351926034007 -0.559847245569952 0.82662500450564 -0.0571153530479167 0.0305158037414101 0.0894527302798503 0.995523477758057 0 0 0 0 0 0
6.13998372977511 13.5762584542052 4.81269278703314 -0.87598744923908 0.328522147282465 0.353156038487986 0.450193063141279 0.294082303059851 0.843114348665996 0 0 0 0 0 0
6.17985048370931 13.9314136985895 5.19305595560763 -0.980371538773441 -0.0682823942706993 0.184957185844875 0.177315284107826 0.10480598683131 0.978557609518252 0 0 0 0 0 0
6.14091332405452 14.3320086625985 5.55994986101379 -0.61821705691063 -0.741433298571522 0.26092974976823 0.0938859692593809 0.259935556005454 0.961050951563111 0 0 0 0 0 0
5.90907108695473 14.504554313209 6.01289828817777 -0.00691028938033272 -0.942720555187986 0.333511922915412 0.108085212176821 0.330861759050359 0.937468977250337 0 0 0 0 0 0
5.90215107482248 14.5896092002388 6.46966013993422 0.704785329407645 -0.707568488043479 -0.0512296220913401 0.3784625452287 0.313929174051127 0.870755175430265 0 0 0 0 0 0
5.92583100022658 14.4998808467743 7.04812100488682 0.927817254278879 0.0997475300758398 -0.35945176714849 0.322853228598373 0.267988781594656 0.907715707544503 0 0 0 0 0 0
16.923429638991 -1.93964527030271 2.2815394799411 -0.707797222977206 0.295767433196598 0.641517510755592 0.0867702821809526 0.937654234793722 -0.336564190168289 0 0 0 0 0 0
16.690691981179 -1.49974936804106 2.09711816482661 -0.0294898596564917 0.205941960589546 0.978119755983885 0.0203380069575422 0.978466392495713 -0.205401762965707 0 0 0 0 0 0
16.3580790070607 -1.14384387554697 1.94686613974331 0.676601889622342 0.154762530929739 0.719901689107407 -0.054924307392036 0.985547265386218 -0.160249518399439 0 0 0 0 0 0
16.2797123009757 -0.620331083539934 2.09247775124316 0.856202177285588 -0.111173804947542 0.504537626649295 0.088953417332839 0.993711331748985 0.0680079311438636 0 0 0 0 0 0
16.2274294002874 -0.244230717196422 2.47260945848454 0.97902274732822 0.0232396969995702 -0.202421285188274 -0.0154982570259404 0.99908962369791 0.0397457903220782 0 0 0 0 0 0
16.3635060336918 0.20195966938404 2.79102012208393 0.507970629971198 0.0971569509705561 -0.855877541453665 -0.195711681257292 0.98064955652684 -0.00483581463206011 0 0 0 0 0 0
16.5351601984929 0.693405133276249 2.88632365244044 0.0222682747109736 -0.0387901170169037 -0.998999224605911 0.0812638772047714 0.996010706167199 -0.0368626567404661 0 0 0 0 0 0
16.8002113071393 1.14801782185263 2.68723402532127 -0.662042464407487 -0.164604018616832 -0.731167075555546 0.164835987214872 0.919715703719863 -0.356303412346801 0 0 0 0 0 0
17.018237719181 1.34850680657787 2.2837351333554 -0.936697524667782 0.324089770551237 -0.132527611859928 0.349651391994856 0.845818853468616 -0.402907397788989 0 0 0 0 0 0
17.0964706250236 1.76137843994751 1.95568634822207 -0.916134909112913 0.228785986444084 0.329171385013159 0.183953301817668 0.969513871831564 -0.161876604475591 0 0 0 0 0 0
17.0219292602145 2.0983864543659 1.68748146485171 -0.410670623848077 0.3311382309986 0.849527580882074 0.245916024113263 0.93741864026024 -0.246518968797468 0 0 0 0 0 0
16.8588248831677 2.57794360459674 1.52085986826099 0.219843777824013 0.212725589098223 0.952059103782365 0.159227009084589 0.955023007293641 -0.250155581824166 0 0 0 0 0 0
16.5791830536583 3.03197007328372 1.58678038887936 0.662910413539518 0.0978269855739275 0.742280044534664 0.0740521958800861 0.97799834709236 -0.195026934985784 0 0 0 0 0 0
16.5613179075157 3.54348180238749 1.71631528143568 0.956770342379488 -0.16883045591926 0.236826495766697 0.199184365365086 0.97370583310227 -0.110555593149885 0 0 0 0 0 0
16.7160680850726 3.90517304854084 2.08226189929204 0.878399342162592 -0.0279501536814088 -0.477109405270438 0.10828233709759 0.983967516156877 0.141714017022842 0 0 0 0 0 0
16.9372226384806 4.40463469827088 2.31817202901469 0.486212384065376 -0.13573841242769 -0.86323380435029 0.0718769244733301 0.990726630650799 -0.115301565677008 0 0 0 0 0 0
17.2503561150976 4.85244924284001 2.25350646551088 -0.000500341760141304 -0.285207077891018 -0.958465790927871 0.224247680815712 0.934023870867829 -0.278051049805338 0 0 0 0 0 0
17.7190012433071 5.07065656815925 2.10707419754745 -0.701945221157238 0.00299296882519475 -0.712224647588194 0.402981373950354 0.826203136384321 -0.393693268519791 0 0 0 0 0 0
17.9653739553449 5.25505026139572 1.79010075175064 -0.856673804831267 0.473809515014416 0.203996410747163 0.460477417640186 0.880625744890421 -0.111619197630225 0 0 0 0 0 0
17.9716273678997 5.68551088716116 1.46862035325736 -0.426760128639321 0.33781415770029 0.838902489840741 0.507072971754106 0.857466919468018 -0.0873354643571925 0 0 0 0 0 0
11.4660166217964 11.1361020986911 5.21364531606893 0.208018808141664 -0.366080290275374 0.907035499046879 -0.111767845109569 0.912350616169365 0.393858225729695 0 0 0 0 0 0
11.2124072631662 11.3901889331922 5.61340433831446 0.848652645848504 -0.287389228372863 0.444067695413193 0.0292989627186018 0.863777132346038 0.503021506915628 0 0 0 0 0 0
11.1540481598812 11.580941165394 6.11229601302167 0.983186402233817 -0.00611798633777448 -0.182502243015514 0.10904719467978 0.821331229437188 0.55993188950413 0 0 0 0 0 0
11.2938619242029 11.8328093750696 6.54734902719125 0.752471368457406 0.150748065043365 -0.641141061341044 0.253481903062808 0.832186902681676 0.493165168908689 0 0 0 0 0 0
11.6325579625029 12.0622802170843 6.89951389309208 0.289191050813815 0.393260996443253 -0.872762467573888 0.356418032820756 0.801933903470602 0.479445722000504 0 0 0 0 0 0
11.9610182789993 12.3484619944896 7.12586960817559 -0.487336868976757 0.58847354598083 -0.645136932609411 0.356469162585676 0.8085144941185 0.468224357467415 0 0 0 0 0 0
12.2639853477507 12.7869591740451 7.05792639002663 -0.838518276652511 0.413247112420109 -0.355125222697775 0.344010590216961 0.906947828425595 0.243109749563184 0 0 0 0 0 0
12.4399694731744 13.3045853604233 6.95190145604458 -0.98179820943833 0.138326703513556 0.130146068087981 0.149257189901228 0.985691832899292 0.0783192301955463 0 0 0 0 0 0
12.4048101752679 13.7899714191113 6.89053611172679 -0.727955167468205 -0.15383514728387 0.66814371329564 0.0137190050738784 0.971040202124498 0.238521937686655 0 0 0 0 0 0
12.1451669358012 14.240566760462 6.86958369593824 -0.112268882850501 -0.173630450515978 0.978390599197028 0.0621486885346475 0.981460845253843 0.181306783510809 0 0 0 0 0 0
11.918084083133 14.6675608901578 7.10366593223081 0.50668536220856 -0.383188654819326 0.772292948654418 0.201237385136345 0.923617166470716 0.326243535758323 0 0 0 0 0 0
11.8168545399817 14.9732186447248 7.57046191831218 0.896791689777378 -0.384740012024086 0.21849436673274 0.263489900332587 0.861105530571646 0.434822190833962 0 0 0 0 0 0
11.9140364140224 15.2058011527553 8.04495761105823 0.909576727667289 -0.171118247590596 -0.378667032929446 0.31845944324574 0.872448179618752 0.370699011176911 0 0 0 0 0 0
12.2319304032746 15.4279692492195 8.43657656258747 0.527589295382393 0.0047043062766483 -0.849486553690149 0.455236603681722 0.842710476972979 0.287399872422214 0 0 0 0 0 0
12.7108261558912 15.5416005885441 8.65205713936282 0.02564551185737 0.428967602611491 -0.90295575950947 0.561818204840645 0.740927500385349 0.367949376792995 0 0 0 0 0 0
13.1928068290466 15.7778918255017 8.67542772258539 -0.646776482668385 0.65920894928941 -0.38356712925362 0.457565904714864 0.737744386428639 0.496353365190062 0 0 0 0 0 0
13.5932031927392 16.2679431327708 8.74101062828847 -0.794187720187195 0.508003795924191 -0.333463653837235 0.40953696368322 0.852860723079896 0.323895141063841 0 0 0 0 0 0
13.73050586634 16.7435968675928 8.57493830671123 -0.799853581101242 0.255788139442506 0.54296102670455 0.40601687601371 0.896832070803873 0.175620423555188 0 0 0 0 0 0
13.5464134843872 17.2303743390214 8.43339415660445 -0.21527337896394 0.00806507926532747 0.976520520422327 0.145171897607285 0.989119337620936 0.0238339272764905 0 0 0 0 0 0
13.3073947411264 17.6132684639638 8.37583760919395 0.572152652990613 0.096274728660868 0.814476837176527 0.143686401750784 0.965960012732733 -0.215117344148001 0 0 0 0 0 0
8.60660658234596 3.36828904023718 0.351966685622711 -0.0419416331644863 0.495273997126808 0.867723785070762 0.442924222189878 -0.769266414847158 0.460485956773595 0 0 0 0 0 0
9.02903383323258 3.22213027636348 0.650090712781948 -0.703249849469533 0.17360434710556 0.689420901835106 0.289300314062905 -0.815929512344101 0.500564041026743 0 0 0 0 0 0
9.36352289856728 3.04952981003931 1.13513409318087 -0.912805777677027 -0.28146860085069 0.295907145866054 0.403323348264212 -0.735125170684709 0.544904817533047 0 0 0 0 0 0
9.56096993946924 2.74424274575601 1.63014030002155 -0.885759423176889 -0.399381201694166 -0.236484460349235 0.25344307679141 -0.84301828049955 0.474433120228855 0 0 0 0 0 0
9.52150610511054 2.33806012341427 2.06881938413375 -0.504152656946495 -0.449938911392403 -0.737146576000194 0.353131656806395 -0.886342967043329 0.299489862489531 0 0 0 0 0 0
9.29591236426215 1.89051867649256 2.26246653617998 0.124672868463457 -0.256928936473825 -0.958354943364682 0.381501832285564 -0.879224106228208 0.28534421842744 0 0 0 0 0 0
9.35774115591647 1.34362831463655 2.26956283613927 0.645127508161634 0.2487262292794 -0.722458137944069 0.378323284197987 -0.92547422535111 0.0192080932008164 0 0 0 0 0 0
9.34515236663942 0.910648237328967 1.95167153843261 0.941186459829039 0.337567812651596 -0.0146976085162735 0.33788678253641 -0.940390467662046 0.0387077578471348 0 0 0 0 0 0
9.53696835570467 0.472164153280046 1.7074924310277 0.705081941655552 0.282018894389958 0.650634151238854 0.400450584242615 -0.91556669189011 -0.0371074423956865 0 0 0 0 0 0
9.89763759816546 0.102327051216983 1.52674983425417 0.0810187926277812 0.185473727893467 0.979303554319311 0.317899900383713 -0.936026471611034 0.150977143235077 0 0 0 0 0 0
10.2400991594513 -0.302833082475206 1.6768652293491 -0.219485843499756 0.535382684733869 0.815592634463036 0.506677350853206 -0.651846174734959 0.564246955344715 0 0 0 0 0 0
10.585408273563 -0.355506063683862 2.04541167014346 -0.728344010439623 -0.104637592254473 0.677174997134354 0.600532166725266 -0.573381254639701 0.55731055396077 0 0 0 0 0 0
10.8180661946657 -0.466798854639061 2.52000069615804 -0.86990603782078 -0.480822028919713 0.109880216001255 0.459023976506067 -0.707745320624193 0.537022858104864 0 0 0 0 0 0
10.7967891508332 -0.598544654079966 3.04660403038046 -0.461972463469777 -0.729649799279 -0.504175181269151 0.320497888340996 -0.667401254861618 0.672202847790829 0 0 0 0 0 0
10.6210987731817 -0.949799759001751 3.33794498189301 0.0332813304647597 -0.672529123370038 -0.739321940200359 0.407119915677205 -0.666455301333488 0.624572418205829 0 0 0 0 0 0
10.583524879103 -1.3776532988982 3.62754718879337 0.573612722825502 -0.344019453782359 -0.743383521227099 0.348397822838797 -0.718886910996665 0.60151522527602 0 0 0 0 0 0
10.6299698613492 -1.86916440993737 3.72485607490184 0.906542158577192 0.218852762239402 -0.36094983471722 0.408128564405007 -0.672734095748879 0.617138486349415 0 0 0 0 0 0
10.9539510514777 -2.32876147284071 3.7071323046185 0.663743703096535 0.624312715290467 0.41191981031063 0.43282964777979 -0.769745177396075 0.46920236346198 0 0 0 0 0 0
11.3696055333867 -2.56976674975682 3.82806192845589 0.266954983325584 0.654269979419835 0.707577438099608 0.552609885348889 -0.705446289290785 0.443810598724896 0 0 0 0 0 0
11.7826226592972 -2.8908032239369 3.99772016215329 -0.0480986935969555 0.723356479739021 0.688797444023885 0.518036644483208 -0.571534911703316 0.636385008997588 0 0 0 0 0 0
-5.61176132733308 9.68175622400667 6.36640023000814 -0.379096544994406 -0.733370156468739 0.564317307172412 0.902409289218831 -0.158023859152496 0.400856501344454 0 0 0 0 0 0
-5.2680825087824 9.66531345670771 6.77907395972875 -0.0303831061846704 -0.988659278159342 -0.147070386441393 0.962325971388796 -0.0687080457837905 0.263073999542301 0 0 0 0 0 0
-4.89519388791855 9.51126535802247 7.13390964260193 0.0212800721310318 -0.643426592271005 -0.765211982975058 0.999654333198541 0.00187392616091341 0.0262240827890082 0 0 0 0 0 0
-4.4281407737258 9.30222921318401 7.11227253609667 -0.0543794963829079 -0.0443476296457333 -0.997535041047655 0.981406457678282 -0.186541357083613 -0.0452071556810284 0 0 0 0 0 0
-3.97470131227612 8.96940578642334 7.05545273156157 -0.120006393930248 0.550756099554914 -0.825994058222525 0.987497121338942 -0.0194410566305266 -0.156433630221867 0 0 0 0 0 0
-3.56829036877732 8.85056177331607 6.71298191950073 -0.180171687253703 0.922428958112254 -0.341559629271516 0.973362586852212 0.117142651270309 -0.197085955282796 0 0 0 0 0 0
-3.17753304645029 8.90441631997411 6.34816209414795 -0.25989107872046 0.940090027125242 0.220652142752291 0.96353528280444 0.26753544369261 -0.00495430713268579 0 0 0 0 0 0
-2.77369360474745 9.16809169303331 6.01760524755759 -0.230382869726555 0.515370705351987 0.825419147707123 0.90922731401604 0.416254949511343 -0.0061244146239838 0 0 0 0 0 0
-2.51410435376692 9.64414606277322 6.14209336953931 0.103042106098512 -0.340698291431363 0.934508961212536 0.955530848219052 0.29488334764486 0.00214694749312216 0 0 0 0 0 0
-2.15338453022373 9.97335031683157 6.47224163146223 0.251682975986026 -0.810668076649726 0.528652011345696 0.914688069114693 0.377727569462739 0.143762371596347 0 0 0 0 0 0
-1.86319855136263 10.2177565911582 6.83523177149541 0.546827121804088 -0.825349215081253 -0.140637022238866 0.834725805160441 0.524412742891209 0.168000313370457 0 0 0 0 0 0
-1.40381190460935 10.4538847311834 7.11131432914871 0.319374529528625 -0.784382685498105 -0.53173650672034 0.934482544166053 0.353830107962139 0.039327208754762 0 0 0 0 0 0
-0.932690774729272 10.316069161463 7.32980197603411 0.0757981757036968 0.220705375665126 -0.972390751556445 0.903519724391867 0.39731228949224 0.160608381640804 0 0 0 0 0 0
-0.341243361682612 10.4515971891312 7.42326597409363 -0.325695594864033 0.257068394129641 -0.9098561535901 0.8380383200446 0.52403188211874 -0.151928801285064 0 0 0 0 0 0
0.0844364483838417 10.4804502721177 7.09669392840951 -0.588635290644096 0.726738715756711 -0.354061200399913 0.796787264250165 0.595539942029789 -0.102285057441905 0 0 0 0 0 0
0.37593682542654 10.6749634682279 6.68941362095367 -0.523723222362398 0.826299664396522 0.207226569185857 0.838051521074881 0.543405849137243 -0.048782488123413 0 0 0 0 0 0
0.662997575945399 11.0396936788534 6.47993329227251 -0.33088864009267 0.544865975043259 0.770476331302774 0.789704626136319 0.606848933263993 -0.0900054201437362 0 0 0 0 0 0
0.847504546496373 11.4968716986851 6.10637087752253 -0.107188554682569 0.177301862851368 0.978301928432371 0.730506004063833 0.681520931803921 -0.0434764021028252 0 0 0 0 0 0
0.879665011752373 12.0229345631185 6.12598267795368 0.481656313911696 -0.288526199556342 0.827502161591479 0.567441685219457 0.822259133721192 -0.0435872789627654 0 0 0 0 0 0
0.936443171522032 12.4719124382974 6.41560348226744 0.855504721170979 -0.48558509669563 0.179774263790067 0.475112880426248 0.874189313713121 0.100303512614747 0 0 0 0 0 0
7.18350095071735 9.32858290371532 13.1813441145534 0.291317932359622 0.50491792977421 -0.812521843692981 0.955101801055071 -0.201447826399053 0.217254051424727 0 0 0 0 0 0
7.61999030872947 9.07948778213831 13.0182548849758 0.265337099138159 0.884486700287599 -0.383770114567697 0.961551932117124 -0.271987727589004 0.0379546819614571 0 0 0 0 0 0
8.03044505588555 8.99498231104236 12.681994824888 0.275733136299965 0.774464313278307 0.569364790801597 0.952937308224043 -0.297897091977075 -0.0562832940251099 0 0 0 0 0 0
8.58353498891954 9.01444996738103 12.6280406168295 -0.0160088251269061 0.392543329510227 0.919594177871457 0.947483475080736 -0.287841500302642 0.139364038232453 0 0 0 0 0 0
9.13362132046077 9.00788547313945 12.6863214169122 -0.382606390225815 0.110188377897145 0.917317214236584 0.85712156401351 -0.328306089985843 0.3969354302418 0 0 0 0 0 0
9.51733244420622 9.08217021986454 13.0494868577454 -0.475894484945523 -0.723604687579045 0.499920689021838 0.867895636296252 -0.294331537271865 0.400157607281313 0 0 0 0 0 0
9.726847925323 9.16623786415511 13.5370532598633 -0.127702572357996 -0.991635230496542 -0.0187516039639762 0.821110388120812 -0.11630907764952 0.558793279287078 0 0 0 0 0 0
9.90503040074679 9.02452095458437 14.0237281257769 0.282717215538735 -0.826833655510784 -0.486227397575146 0.705705030519844 -0.164024615449325 0.68925781491811 0 0 0 0 0 0
10.0876073327685 8.73653587781899 14.4549768730218 0.368130273702981 -0.429265197377194 -0.824749350957057 0.862016458658223 -0.174847131077268 0.475768962582035 0 0 0 0 0 0
10.3429589988703 8.30771337409421 14.6539539798371 0.458588140774507 0.0518783500326902 -0.887133334927094 0.835686151554427 -0.364664471435223 0.410668332566586 0 0 0 0 0 0
10.7527105681795 7.95178675134814 14.5842770630235 0.50485618766337 0.721391762952007 -0.47404024525667 0.852239113961421 -0.329305935410569 0.40650472757106 0 0 0 0 0 0
11.1700773328341 7.71070693900561 14.6422415258043 0.239126537315874 0.970594730356161 -0.0276472160654805 0.738296079918989 -0.163253782411834 0.654421195335605 0 0 0 0 0 0
11.6115428293376 7.65959523018237 14.7959758712578 -0.285572540021976 0.896163343396851 0.339616822812377 0.733449958773823 -0.0237217089057261 0.679329403530621 0 0 0 0 0 0
12.0104821617496 7.84184154549687 14.9003222055042 -0.545826505353564 0.426145482952088 0.721438461279303 0.771914772235307 -0.0791648690691119 0.630777700866307 0 0 0 0 0 0
12.421329394396 8.12240030946224 15.201753378297 -0.641077965728624 -0.480369697203401 0.598551581625145 0.674384142805442 0.0197110808540157 0.738117538894813 0 0 0 0 0 0
12.7857557964533 8.15522662070958 15.6592976915194 -0.71412626352726 -0.587083723893151 0.381256319134967 0.572807845037019 -0.177008599706463 0.800349378892746 0 0 0 0 0 0
12.7943900212083 8.2336324185373 16.1585322008782 -0.0929176189687983 -0.995496436716186 -0.0187925668961054 0.583199438346054 -0.0697128881606584 0.809332149575899 0 0 0 0 0 0
12.906830102864 8.09182581190445 16.6644306259309 0.454283778873044 -0.706424339454157 -0.542762287635743 0.611683519406744 -0.195593636131219 0.766541845949161 0 0 0 0 0 0
13.0653483966778 7.74114683953253 17.0393723693804 0.725204584504695 0.0475529192933582 -0.686889387368921 0.687496785948804 -0.104733123984572 0.718595256072913 0 0 0 0 0 0
13.503897069308 7.59173605461913 17.3220734254581 0.382151396702164 0.389908029035837 -0.837813845010915 0.889471081517949 0.0906639391582661 0.447907630298476 0 0 0 0 0 0
