t = 0
b =  13.0 13.0 13.0
E = 0. 0. 0.
4.1984518731879605 12.814950023781444 4.651914679228528 0.040894363877841136 -0.036730676266821374 0.9984881113082963 0.3828620187068755 0.9236243430103095 0.018296109708634097 0.0 0.0 0.0 0.0 0.0 0.0
4.027640389748239 13.304991039754093 4.791084869671657 0.5742891588309551 -0.25347493455530545 0.7784230338327723 0.3828620187068755 0.9236243430103095 0.018296109708634097 0.0 0.0 0.0 0.0 0.0 0.0
3.987738138134068 13.737252436419258 5.107696615170083 0.8895019007414852 -0.37391982733131945 0.2626220312650883 0.3828620187068755 0.9236243430103095 0.018296109708634097 0.0 0.0 0.0 0.0 0.0 0.0
4.150597872782136 14.084278796678845 5.484173060958798 0.8667779988816173 -0.3523063260980362 -0.35295347178641373 0.3828620187068755 0.9236243430103095 0.018296109708634097 0.0 0.0 0.0 0.0 0.0 0.0
4.511039679548476 14.35099691881905 5.780193751748104 0.5147506434912943 -0.19684576133245016 -0.8344360498388993 0.3828620187068755 0.9236243430103095 0.018296109708634097 0.0 0.0 0.0 0.0 0.0 0.0
4.98881891169531 14.572844043469763 5.8860047187210665 -0.032839087533183084 0.03339979924895696 -0.9989024215308103 0.3828620187068755 0.9236243430103095 0.018296109708634097 0.0 0.0 0.0 0.0 0.0 0.0
5.45911247280567 14.802304653410202 5.76411584727557 -0.5679527001635397 0.2509562176808208 -0.783869062525292 0.3828620187068755 0.9236243430103095 0.018296109708634097 0.0 0.0 0.0 0.0 0.0 0.0
5.799941198043095 15.088970741067332 5.463543998362958 -0.887291586339003 0.37317017325153173 -0.27103074107458125 0.3828620187068755 0.9236243430103095 0.018296109708634097 0.0 0.0 0.0 0.0 0.0 0.0
5.938511778255874 15.460700981458967 5.101190683494401 -0.8695335641400576 0.3536105409314045 0.3447766903027048 0.3828620187068755 0.9236243430103095 0.018296109708634097 0.0 0.0 0.0 0.0 0.0 0.0
5.878872155163015 15.913036755782285 4.81742922602876 -0.521425203098381 0.1997083520584686 0.8295976926751316 0.3828620187068755 0.9236243430103095 0.018296109708634097 0.0 0.0 0.0 0.0 0.0 0.0
5.7003736406172125 16.41089605524116 4.722774588711744 0.024781310364867613 -0.030066378707067604 0.999240661466517 0.3828620187068755 0.9236243430103095 0.018296109708634097 0.0 0.0 0.0 0.0 0.0 0.0
5.527524026548827 16.90190172272772 4.855896891617172 0.5615729896990885 -0.24841838951874384 0.7892553965538279 0.3828620187068755 0.9236243430103095 0.018296109708634097 0.0 0.0 0.0 0.0 0.0 0.0
5.482684993152268 17.33628041050699 5.168929987001001 0.8850137012469319 -0.37239210081826446 0.27941881084380304 0.3828620187068755 0.9236243430103095 0.018296109708634097 0.0 0.0 0.0 0.0 0.0 0.0
5.639584860801943 17.6857723071874 5.545656609108602 0.8722229110510521 -0.35488782695302257 -0.33657365273917234 0.3828620187068755 0.9236243430103095 0.018296109708634097 0.0 0.0 0.0 0.0 0.0 0.0
5.995307968470238 17.954367512547307 5.845661256484002 0.5280600541574718 -0.20255573422027598 -0.8246961584351488 0.3828620187068755 0.9236243430103095 0.018296109708634097 0.0 0.0 0.0 0.0 0.0 0.0
6.4714023820991615 18.176790131918278 5.957676388595009 -0.01672164600382342 0.026730668494032474 -0.9995028053571355 0.3828620187068755 0.9236243430103095 0.018296109708634097 0.0 0.0 0.0 0.0 0.0 0.0
6.943685095995367 18.405306008013547 5.8418548247754565 -0.5551505132772538 0.24586164333451355 -0.7945816257281897 0.3828620187068755 0.9236243430103095 0.018296109708634097 0.0 0.0 0.0 0.0 0.0 0.0
7.289421232922186 18.689866053442962 5.544908354369616 -0.8826684189350412 0.3715856692847446 -0.2877856017887651 0.3828620187068755 0.9236243430103095 0.018296109708634097 0.0 0.0 0.0 0.0 0.0 0.0
7.433953075979561 19.059129063877794 5.18236114698084 -0.874845834810422 0.3561380868926135 0.3283449837888858 0.3828620187068755 0.9236243430103095 0.018296109708634097 0.0 0.0 0.0 0.0 0.0 0.0
7.379063783464837 19.509573762425703 4.894660188978131 -0.5346546913989711 0.20538769097869555 0.8197318203897598 0.3828620187068755 0.9236243430103095 0.018296109708634097 0.0 0.0 0.0 0.0 0.0 0.0
7.05176762372974 7.433808398426422 3.40532009929392 0.5235012544852667 -0.34392937145032476 0.7795248706783746 0.3315830604123872 0.9250207858204311 0.1854433062898397 0.0 0.0 0.0 0.0 0.0 0.0
6.964541692261925 7.811931183379899 3.7769380462461055 0.8842757408302572 -0.37323610881236086 0.28062647996528667 0.3315830604123872 0.9250207858204311 0.1854433062898397 0.0 0.0 0.0 0.0 0.0 0.0
7.078886443740142 8.104974785585709 4.212524808136303 0.9090990889318594 -0.26074420826161615 -0.32488660231115424 0.3315830604123872 0.9250207858204311 0.1854433062898397 0.0 0.0 0.0 0.0 0.0 0.0
7.400460361145221 8.338581737313955 4.574053658807102 0.5885404938220269 -0.049191223581598865 -0.8069698325552634 0.3315830604123872 0.9250207858204311 0.1854433062898397 0.0 0.0 0.0 0.0 0.0 0.0
7.856192102635483 8.560975548078972 4.751633710755586 0.04438552523688768 0.18105032937046758 -0.9824717315955155 0.3315830604123872 0.9250207858204311 0.1854433062898397 0.0 0.0 0.0 0.0 0.0 0.0
8.322041526000087 8.824639787120743 4.705259300573356 -0.5166322464721533 0.3425078351946093 -0.7847161937512429 0.3315830604123872 0.9250207858204311 0.1854433062898397 0.0 0.0 0.0 0.0 0.0 0.0
8.670124612525505 9.166378697972151 4.4800088093344 -0.8813727901158873 0.3738408880026917 -0.2888338541457604 0.3315830604123872 0.9250207858204311 0.1854433062898397 0.0 0.0 0.0 0.0 0.0 0.0
8.817298743811575 9.59333465100669 4.188918631954747 -0.91126507502737 0.26314553717221767 0.3167812956942157 0.3315830604123872 0.9250207858204311 0.1854433062898397 0.0 0.0 0.0 0.0 0.0 0.0
8.756749972572159 10.080274637519526 3.970038760896129 -0.5949525223963771 0.0524767972112551 0.8020459349991349 0.3315830604123872 0.9250207858204311 0.1854433062898397 0.0 0.0 0.0 0.0 0.0 0.0
8.56058175513228 10.57917671160785 3.933985285956975 -0.052607559431281016 -0.17812875537552478 0.9825999141049473 0.3315830604123872 0.9250207858204311 0.1854433062898397 0.0 0.0 0.0 0.0 0.0 0.0
8.35242164286474 11.037474330303494 4.121915492355594 0.5097238949132479 -0.34106021564117106 0.7898477576478047 0.3315830604123872 0.9250207858204311 0.1854433062898397 0.0 0.0 0.0 0.0 0.0 0.0
8.260453108481164 11.41802726211226 4.489891519962625 0.8784027194511767 -0.37441719776201754 0.2970192325099752 0.3315830604123872 0.9250207858204311 0.1854433062898397 0.0 0.0 0.0 0.0 0.0 0.0
8.368716501635461 11.713231781910117 4.9255730909660285 0.913361664759311 -0.2655268265313544 -0.3086518649551414 0.3315830604123872 0.9250207858204311 0.1854433062898397 0.0 0.0 0.0 0.0 0.0 0.0
8.685180715010612 11.947909453245341 5.290897459641162 0.6013192430326944 -0.055758374529631755 -0.7970609585398093 0.3315830604123872 0.9250207858204311 0.1854433062898397 0.0 0.0 0.0 0.0 0.0 0.0
9.1387156687556 12.169877001352093 5.474531757737588 0.06082558735634509 0.17519361618620638 -0.98265326782663 0.3315830604123872 0.9250207858204311 0.1854433062898397 0.0 0.0 0.0 0.0 0.0 0.0
9.606115817052347 12.431779939780968 5.434170212513704 -0.5027767259062687 0.3395866230318432 -0.7949191715796017 0.3315830604123872 0.9250207858204311 0.1854433062898397 0.0 0.0 0.0 0.0 0.0 0.0
9.958907994858869 12.77109165961506 5.212606817116082 -0.8753657550185054 0.37496499420211843 -0.3051819917096775 0.3315830604123872 0.9250207858204311 0.1854433062898397 0.0 0.0 0.0 0.0 0.0 0.0
10.112160521265498 13.195876661675815 4.921477177105675 -0.9153886984642573 0.26788789499462157 0.30049892918155663 0.3315830604123872 0.9250207858204311 0.1854433062898397 0.0 0.0 0.0 0.0 0.0 0.0
10.056750165054455 13.681726717829697 4.698846277457417 -0.6076401708805528 0.05903570563191034 0.7920152828025439 0.3315830604123872 0.9250207858204311 0.1854433062898397 0.0 0.0 0.0 0.0 0.0 0.0
9.862828212771765 14.181033964939935 4.656755286444794 -0.06903898317743633 -0.17224513532472605 0.9826317886974708 0.3315830604123872 0.9250207858204311 0.1854433062898397 0.0 0.0 0.0 0.0 0.0 0.0
7.985799968143273 2.022846683187336 3.934653667267158 -0.3012833947428708 -0.3602500554763455 0.8828636438213443 0.5639918301575743 0.6792374952847069 0.46962712923644834 0.0 0.0 0.0 0.0 0.0 0.0
7.90078225798867 2.471491206332122 4.217805892987909 0.20678456550211202 -0.66675501826144 0.7160152855165101 0.5639918301575743 0.6792374952847069 0.46962712923644834 0.0 0.0 0.0 0.0 0.0 0.0
7.862901096046759 2.7681489020847363 4.6641738255716 0.6362916120592746 -0.7199486020595817 0.27714074910677333 0.5639918301575743 0.6792374952847069 0.46962712923644834 0.0 0.0 0.0 0.0 0.0 0.0
7.970062627094704 2.900694291344654 5.173716000634427 0.8240608369666776 -0.4996216750365622 -0.2670241914348551 0.5639918301575743 0.6792374952847069 0.46962712923644834 0.0 0.0 0.0 0.0 0.0 0.0
8.265068851858313 2.9193509040593684 5.622390002857751 0.6987555723479718 -0.08948012043820489 -0.7097421772439778 0.5639918301575743 0.6792374952847069 0.46962712923644834 0.0 0.0 0.0 0.0 0.0 0.0
8.71935643132502 2.9176105205046983 5.9092782534462405 0.3079813832241067 0.35465642794246033 -0.8828172436617103 0.5639918301575743 0.6792374952847069 0.46962712923644834 0.0 0.0 0.0 0.0 0.0 0.0
9.243848376788307 2.996714080858793 5.994928285564159 -0.19980008256073026 0.6640530698085184 -0.7204952792951578 0.5639918301575743 0.6792374952847069 0.46962712923644834 0.0 0.0 0.0 0.0 0.0 0.0
9.722795887145159 3.2271885593701986 5.91634139609633 -0.6316741565015055 0.7211648480790576 -0.2844451122856929 0.5639918301575743 0.6792374952847069 0.46962712923644834 0.0 0.0 0.0 0.0 0.0 0.0
10.057753253651837 3.6220525876927097 5.772915234332899 -0.8235646573586577 0.5042940433310876 0.2596705085497751 0.5639918301575743 0.6792374952847069 0.46962712923644834 0.0 0.0 0.0 0.0 0.0 0.0
10.20497903060011 4.131870459060177 5.688680973163933 -0.7025691756184685 0.09583350017485753 0.7051329617278006 0.5639918301575743 0.6792374952847069 0.46962712923644834 0.0 0.0 0.0 0.0 0.0 0.0
10.192054141859783 4.6635335798079085 5.76518179280786 -0.31465591773061197 -0.34903579194847945 0.8827036135510055 0.5639918301575743 0.6792374952847069 0.46962712923644834 0.0 0.0 0.0 0.0 0.0 0.0
10.1074034267721 5.115633980798557 6.0428949289350475 0.19280038406950378 -0.6613005511433452 0.7249204045687763 0.5639918301575743 0.6792374952847069 0.46962712923644834 0.0 0.0 0.0 0.0 0.0 0.0
10.066701565299534 5.416990900348228 6.485853694093341 0.6270085965110925 -0.7223261746032493 0.2917278138680378 0.5639918301575743 0.6792374952847069 0.46962712923644834 0.0 0.0 0.0 0.0 0.0 0.0
10.168926333130523 5.553693545669065 6.995311823602082 0.8230057601134194 -0.5089280076817599 -0.2522970507501139 0.5639918301575743 0.6792374952847069 0.46962712923644834 0.0 0.0 0.0 0.0 0.0 0.0
10.458755289875281 5.5743860356254 7.447258832453796 0.7063292755261344 -0.10217958181943776 -0.7004700476065547 0.5639918301575743 0.6792374952847069 0.46962712923644834 0.0 0.0 0.0 0.0 0.0 0.0
10.909592027200903 5.57178668669091 7.739533671913275 0.3213064899707417 0.3433885755275942 -0.882522762142603 0.5639918301575743 0.6792374952847069 0.46962712923644834 0.0 0.0 0.0 0.0 0.0 0.0
11.43367058902528 5.647462774352672 7.83063741997373 -0.1857860030825738 0.6584976718808728 -0.7292903243469435 0.5639918301575743 0.6792374952847069 0.46962712923644834 0.0 0.0 0.0 0.0 0.0 0.0
11.915399225601218 5.873243427039338 7.755499415652145 -0.6222952873884933 0.723432493192645 -0.29898829924788667 0.5639918301575743 0.6792374952847069 0.46962712923644834 0.0 0.0 0.0 0.0 0.0 0.0
12.2552756318364 6.263930539312103 7.612207019109325 -0.8223841877931525 0.5135232151942518 0.24490437955323008 0.5639918301575743 0.6792374952847069 0.46962712923644834 0.0 0.0 0.0 0.0 0.0 0.0
12.407689536587778 6.771675284646429 7.524740583591591 -0.7100355857248043 0.10851788209325748 0.6957537899792032 0.5639918301575743 0.6792374952847069 0.46962712923644834 0.0 0.0 0.0 0.0 0.0 0.0
8.479307853707423 5.494740221544707 6.822679876608546 -0.2613420831873307 -0.5476578513187188 0.7948403572065716 0.37865169417617256 0.6992854751369993 0.6063189909279896 0.0 0.0 0.0 0.0 0.0 0.0
8.284730300696634 5.866512644021356 7.158253927852884 0.30892778086737427 -0.7130193832122104 0.6294179735057132 0.37865169417617256 0.6992854751369993 0.6063189909279896 0.0 0.0 0.0 0.0 0.0 0.0
8.16057284505499 6.075752275659595 7.637303825962513 0.7618308159735051 -0.6074929303750184 0.22486917836270126 0.37865169417617256 0.6992854751369993 0.6063189909279896 0.0 0.0 0.0 0.0 0.0 0.0
8.210074747885546 6.1465138747040555 8.16761266035544 0.9253015869593005 -0.27116975654819686 -0.2651111772524715 0.37865169417617256 0.6992854751369993 0.6063189909279896 0.0 0.0 0.0 0.0 0.0 0.0
8.470499176578132 6.1554623192109865 8.637489393551931 0.7372348148417152 0.1681753415078413 -0.6543713642069177 0.37865169417617256 0.6992854751369993 0.6063189909279896 0.0 0.0 0.0 0.0 0.0 0.0
8.898976304511013 6.202746338106275 8.958202153687632 0.2690802106569708 0.5436278155832843 -0.7950249293933784 0.37865169417617256 0.6992854751369993 0.6063189909279896 0.0 0.0 0.0 0.0 0.0 0.0
9.388790274929772 6.373950334669046 9.097688956152615 -0.3013024643375692 0.7125469935462552 -0.6336352317953132 0.37865169417617256 0.6992854751369993 0.6063189909279896 0.0 0.0 0.0 0.0 0.0 0.0
9.809922339122284 6.707579440831009 9.092738587592496 -0.7572152956217018 0.6107576555105728 -0.23151691582207704 0.37865169417617256 0.6992854751369993 0.6063189909279896 0.0 0.0 0.0 0.0 0.0 0.0
10.058447152852018 7.180430773784124 9.035013930786047 -0.925449376134534 0.2769312728229703 0.2585585472283801 0.37865169417617256 0.6992854751369993 0.6063189909279896 0.0 0.0 0.0 0.0 0.0 0.0
10.096015752172578 7.71640859909089 9.03622770295586 -0.7420897659654111 -0.1621059304540505 0.6504032953183947 0.37865169417617256 0.6992854751369993 0.6063189909279896 0.0 0.0 0.0 0.0 0.0 0.0
9.964424965991435 8.215434372449986 9.185700926758473 -0.2767978466267829 -0.5395563804849526 0.7951489573537477 0.37865169417617256 0.6992854751369993 0.6063189909279896 0.0 0.0 0.0 0.0 0.0 0.0
9.769738101962261 8.591468251900372 9.51642838040927 0.29365420245856494 -0.7120203406680037 0.6378042363087935 0.37865169417617256 0.6992854751369993 0.6063189909279896 0.0 0.0 0.0 0.0 0.0 0.0
9.641989722623359 8.805197072291731 9.992543329795193 0.7525421103934585 -0.6139758690860158 0.23814702237195864 0.37865169417617256 0.6992854751369993 0.6063189909279896 0.0 0.0 0.0 0.0 0.0 0.0
9.685783341027417 8.878970074006158 10.522943900424112 0.925526688756752 -0.2826716997091354 -0.2519862269698673 0.37865169417617256 0.6992854751369993 0.6063189909279896 0.0 0.0 0.0 0.0 0.0 0.0
9.940550797255316 8.888308052877608 10.995904202686493 0.7468882040803114 0.15602417440603683 -0.6463856957007945 0.37865169417617256 0.6992854751369993 0.6063189909279896 0.0 0.0 0.0 0.0 0.0 0.0
10.365571443104193 8.933211747214223 11.321520865275321 0.284494403368908 0.5354438560792694 -0.79521243164247 0.37865169417617256 0.6992854751369993 0.6063189909279896 0.0 0.0 0.0 0.0 0.0 0.0
10.85544259715264 9.100169885391871 11.465868829049855 -0.2859835776751149 0.7114394646841113 -0.6419246695603191 0.37865169417617256 0.6992854751369993 0.6063189909279896 0.0 0.0 0.0 0.0 0.0 0.0
11.28012378567156 9.429300671929738 11.463890044199925 -0.7478116161699235 0.6171473260219236 -0.2447589931040629 0.37865169417617256 0.6992854751369993 0.6063189909279896 0.0 0.0 0.0 0.0 0.0 0.0
11.534341292754618 9.89911021085287 11.40611843917057 -0.9255335189382987 0.2883906000509596 0.24539471698456633 0.37865169417617256 0.6992854751369993 0.6063189909279896 0.0 0.0 0.0 0.0 0.0 0.0
11.577583405073739 10.43465839613184 11.404284567599204 -0.7516297637667758 -0.14993053651306995 0.6423188713098829 0.37865169417617256 0.6992854751369993 0.6063189909279896 0.0 0.0 0.0 0.0 0.0 0.0
5.956546962612472 12.083880201112866 8.405936589968768 0.7792960303382814 -0.35201050519039134 0.5184460447670537 0.12180384538858292 0.8966295310961871 0.4256986107738499 0.0 0.0 0.0 0.0 0.0 0.0
5.876574447840233 12.298734141155803 8.891865888784336 0.9917079125328552 -0.12764559520495036 -0.014900276658520048 0.12180384538858292 0.8966295310961871 0.4256986107738499 0.0 0.0 0.0 0.0 0.0 0.0
6.022661782933993 12.4844912637554 9.374398669066757 0.8273533782840987 0.14521401051939517 -0.5425857338621811 0.12180384538858292 0.8966295310961871 0.4256986107738499 0.0 0.0 0.0 0.0 0.0 0.0
6.357344346640323 12.703349924622056 9.733249014242809 0.34867346301438995 0.36290438579863815 -0.8641337992218946 0.12180384538858292 0.8966295310961871 0.4256986107738499 0.0 0.0 0.0 0.0 0.0 0.0
6.77150703721181 13.004932651650316 9.895120032696221 -0.2624733303639127 0.4427213174752106 -0.8573829867105421 0.12180384538858292 0.8966295310961871 0.4256986107738499 0.0 0.0 0.0 0.0 0.0 0.0
7.125838923868108 13.407433716927295 9.861550572351371 -0.7739021172169003 0.35434101873724905 -0.5248980428687527 0.12180384538858292 0.8966295310961871 0.4256986107738499 0.0 0.0 0.0 0.0 0.0 0.0
7.303759798553949 13.890706828574787 9.708330586618649 -0.9913125507857925 0.13134064271510093 0.00700444328615765 0.12180384538858292 0.8966295310961871 0.4256986107738499 0.0 0.0 0.0 0.0 0.0 0.0
7.255710946096474 14.403919043861826 9.556707263953403 -0.8321067724491592 -0.14155823937295797 0.53624582432861 0.12180384538858292 0.8966295310961871 0.4256986107738499 0.0 0.0 0.0 0.0 0.0 0.0
7.017983328676936 14.884863054029662 9.52732119381686 -0.3567697191757549 -0.36067677959568 0.861758451156553 0.12180384538858292 0.8966295310961871 0.4256986107738499 0.0 0.0 0.0 0.0 0.0 0.0
6.698930042545511 15.283590780939951 9.694372989736722 0.25411011528413024 -0.44276818105582494 0.8598746345571551 0.12180384538858292 0.8966295310961871 0.4256986107738499 0.0 0.0 0.0 0.0 0.0 0.0
6.437801165188689 15.581389487046845 10.057433235659882 0.7684492684530092 -0.3566445478436433 0.5313100679522615 0.12180384538858292 0.8966295310961871 0.4256986107738499 0.0 0.0 0.0 0.0 0.0 0.0
6.35184032275502 15.797891057250945 10.541605628290455 0.9908416967499646 -0.13502568812680313 0.0008919235016795028 0.12180384538858292 0.8966295310961871 0.4256986107738499 0.0 0.0 0.0 0.0 0.0 0.0
6.4917418762723855 15.983613517597949 11.025981334911302 0.8367967984618653 0.13789168801852714 -0.5298650775993563 0.12180384538858292 0.8966295310961871 0.4256986107738499 0.0 0.0 0.0 0.0 0.0 0.0
6.8223912863289815 16.200768392567547 11.389574280421146 0.3648388059417144 0.35842170645953836 -0.8593174768487226 0.12180384538858292 0.8966295310961871 0.4256986107738499 0.0 0.0 0.0 0.0 0.0 0.0
7.23620571367966 16.49962550680235 11.55728578004486 -0.24572754873524172 0.44278132612520477 -0.8623007996212069 0.12180384538858292 0.8966295310961871 0.4256986107738499 0.0 0.0 0.0 0.0 0.0 0.0
7.5940065385643125 16.899414638259525 11.528435785262587 -0.7629378993021534 0.3589209170869133 -0.5376816317170455 0.12180384538858292 0.8966295310961871 0.4256986107738499 0.0 0.0 0.0 0.0 0.0 0.0
7.777895645297164 17.381019804060127 11.377021245612237 -0.99029538628273 0.13870045080958077 -0.00878822236608898 0.12180384538858292 0.8966295310961871 0.4256986107738499 0.0 0.0 0.0 0.0 0.0 0.0
7.736046887567178 17.894241741986992 11.223603430397015 -0.8414230991585782 -0.1342146356781849 0.5234439795929872 0.12180384538858292 0.8966295310961871 0.4256986107738499 0.0 0.0 0.0 0.0 0.0 0.0
7.502395707908579 18.37686944948794 11.189504686800202 -0.3728801088200708 -0.3561393381227643 0.856811062188047 0.12180384538858292 0.8966295310961871 0.4256986107738499 0.0 0.0 0.0 0.0 0.0 0.0
7.183746495711755 18.778315183657867 11.350716051788755 0.23732626908214402 -0.44276075168230317 0.8646612971408338 0.12180384538858292 0.8966295310961871 0.4256986107738499 0.0 0.0 0.0 0.0 0.0 0.0
12.328474480133012 6.815718069779423 6.095132111374929 0.4459912374735249 0.8279898603731013 -0.3398891101759011 0.14275201497834106 0.3090835557989309 0.9402601862007732 0.0 0.0 0.0 0.0 0.0 0.0
12.745809915879885 6.865950719096097 6.429785539761606 -0.15683543388198853 0.9450509268153439 -0.286847332922075 0.14275201497834106 0.3090835557989309 0.9402601862007732 0.0 0.0 0.0 0.0 0.0 0.0
13.127394709538525 7.1316077569164 6.699052109583031 -0.7000777017571133 0.7030713457515407 -0.12482745805949688 0.14275201497834106 0.3090835557989309 0.9402601862007732 0.0 0.0 0.0 0.0 0.0 0.0
13.349396769053653 7.5575299301229375 6.9398642564120925 -0.9773487460597208 0.1939832057106791 0.08461645512368766 0.14275201497834106 0.3090835557989309 0.9402601862007732 0.0 0.0 0.0 0.0 0.0 0.0
13.348612151152146 8.027670581174915 7.19996472684906 -0.8833086613346025 -0.38880239740591505 0.26191316229369693 0.14275201497834106 0.3090835557989309 0.9402601862007732 0.0 0.0 0.0 0.0 0.0 0.0
13.146477296106069 8.409183713504529 7.519768310871984 -0.4536848480352022 -0.8238754693185704 0.3397046801537768 0.14275201497834106 0.3090835557989309 0.9402601862007732 0.0 0.0 0.0 0.0 0.0 0.0
12.840924965675155 8.602894406679695 7.917007587424785 0.1483014242389287 -0.9459444759738145 0.28843671046406266 0.14275201497834106 0.3090835557989309 0.9402601862007732 0.0 0.0 0.0 0.0 0.0 0.0
12.569177949565814 8.580977026792446 8.379996021203544 0.6939455059771015 -0.7086333608583647 0.12758681206442005 0.14275201497834106 0.3090835557989309 0.9402601862007732 0.0 0.0 0.0 0.0 0.0 0.0
12.455615833378982 8.397526650000351 8.87206787280691 0.9759480878444298 -0.20210058423484054 -0.08173544937623804 0.14275201497834106 0.3090835557989309 0.9402601862007732 0.0 0.0 0.0 0.0 0.0 0.0
12.564521114524537 8.168007438672822 9.345508126153154 0.8871716741577779 0.38121358328107663 -0.26000504705502436 0.14275201497834106 0.3090835557989309 0.9402601862007732 0.0 0.0 0.0 0.0 0.0 0.0
12.875657206709253 8.025385875649116 9.759680220842135 0.4613439087391894 0.8196983369572872 -0.33949438030503853 0.14275201497834106 0.3090835557989309 0.9402601862007732 0.0 0.0 0.0 0.0 0.0 0.0
13.291956657407276 8.069614574326668 10.096464560858378 -0.13975612086824063 0.9467659877980669 -0.29000412243382034 0.14275201497834106 0.3090835557989309 0.9402601862007732 0.0 0.0 0.0 0.0 0.0 0.0
13.67639869595595 8.329658609712824 10.367142452040836 -0.6877604635600905 0.7141414107911739 -0.13033644983963205 0.14275201497834106 0.3090835557989309 0.9402601862007732 0.0 0.0 0.0 0.0 0.0 0.0
13.904065715195687 8.752491202159321 10.608110145381309 -0.9744731074037128 0.2102025720170483 0.07884821915786683 0.14275201497834106 0.3090835557989309 0.9402601862007732 0.0 0.0 0.0 0.0 0.0 0.0
13.909601558940908 9.223239477511136 10.86705129275978 -0.8909671254231412 -0.373595738265943 0.2580771314253682 0.14275201497834106 0.3090835557989309 0.9402601862007732 0.0 0.0 0.0 0.0 0.0 0.0
13.712041418411603 9.608826592570022 11.184821130367073 -0.46896783631836025 -0.8154587813940536 0.33925822664483424 0.14275201497834106 0.3090835557989309 0.9402601862007732 0.0 0.0 0.0 0.0 0.0 0.0
13.407580044837434 9.808529852751688 11.579924891412832 0.13120017452786087 -0.9475153997267948 0.2915494494668581 0.14275201497834106 0.3090835557989309 0.9402601862007732 0.0 0.0 0.0 0.0 0.0 0.0
13.13302575517511 9.792246947752016 12.041487358638177 0.6815230455210065 -0.7195950760906403 0.13307616198957073 0.14275201497834106 0.3090835557989309 0.9402601862007732 0.0 0.0 0.0 0.0 0.0 0.0
13.013824665183453 9.611932322515392 12.533384541176291 0.972923917063041 -0.21828855205956454 -0.0759549843423334 0.14275201497834106 0.3090835557989309 0.9402601862007732 0.0 0.0 0.0 0.0 0.0 0.0
13.116401612699411 9.381858814968329 13.007967782643643 0.8946947260923842 0.3659494424889059 -0.2561295622229677 0.14275201497834106 0.3090835557989309 0.9402601862007732 0.0 0.0 0.0 0.0 0.0 0.0
11.313295250165574 10.360176740899671 6.357954726506938 -0.2936131161834371 0.9424996602602442 0.1596425019046489 0.8548114204079829 0.18411529263610224 0.48517934267403573 0.0 0.0 0.0 0.0 0.0 0.0
11.763545707669707 10.637489780300546 6.262785898554052 -0.48874097899663854 0.5999134314771181 0.6334320249109265 0.8548114204079829 0.18411529263610224 0.48517934267403573 0.0 0.0 0.0 0.0 0.0 0.0
12.1023876436333 11.051553105282935 6.3120079206105775 -0.4981879725756057 0.029410060058138485 0.8665701312348495 0.8548114204079829 0.18411529263610224 0.48517934267403573 0.0 0.0 0.0 0.0 0.0 0.0
12.327667615572777 11.472320454380963 6.558764631348756 -0.3183650261143792 -0.5522666848869103 0.7704837564226859 0.8548114204079829 0.18411529263610224 0.48517934267403573 0.0 0.0 0.0 0.0 0.0 0.0
12.48037626979211 11.767198595281926 6.981153138606792 -0.017589883452915147 -0.9241280828368471 0.3816777207440936 0.8548114204079829 0.18411529263610224 0.48517934267403573 0.0 0.0 0.0 0.0 0.0 0.0
12.629075309524886 11.851421710622496 7.49054509431795 0.2898679500194797 -0.9448977715194657 -0.15213406235636984 0.8548114204079829 0.18411529263610224 0.48517934267403573 0.0 0.0 0.0 0.0 0.0 0.0
12.843849757585309 11.720255349213954 7.965258085728069 0.4872001029457938 -0.6066849989535629 -0.6281475716217673 0.8548114204079829 0.18411529263610224 0.48517934267403573 0.0 0.0 0.0 0.0 0.0 0.0
13.169681484442 11.450795123204577 8.296784818422314 0.4994367912116633 -0.037982452052934434 -0.8655173163607092 0.8548114204079829 0.18411529263610224 0.48517934267403573 0.0 0.0 0.0 0.0 0.0 0.0
13.60935984357019 11.172676796054613 8.431016851618594 0.3219290923583666 0.5451502634153372 -0.7740625619363763 0.8548114204079829 0.18411529263610224 0.48517934267403573 0.0 0.0 0.0 0.0 0.0 0.0
14.122421949430983 11.018825488603353 8.388801299465564 0.022115148950731633 0.9211712793857696 -0.3885284985965266 0.8548114204079829 0.18411529263610224 0.48517934267403573 0.0 0.0 0.0 0.0 0.0 0.0
14.64052520419095 11.074955203272776 8.25802066383239 -0.28610070928885906 0.9472239251550656 0.14461403721023122 0.8548114204079829 0.18411529263610224 0.48517934267403573 0.0 0.0 0.0 0.0 0.0 0.0
15.09341179326635 11.347004641485738 8.160204802531577 -0.48562212472083793 0.6134103650184609 0.6228152824630567 0.8548114204079829 0.18411529263610224 0.48517934267403573 0.0 0.0 0.0 0.0 0.0 0.0
15.435600803731512 11.758880991705643 8.204359704465126 -0.500647575802422 0.04655195153695155 0.8643985889919413 0.8548114204079829 0.18411529263610224 0.48517934267403573 0.0 0.0 0.0 0.0 0.0 0.0
15.663667183539614 12.181368860743156 8.44555429195773 -0.3254686424555719 -0.5379923266405701 0.7775824195890703 0.8548114204079829 0.18411529263610224 0.48517934267403573 0.0 0.0 0.0 0.0 0.0 0.0
15.817542976059084 12.481221361994999 8.86399881646233 -0.026638730294333383 -0.9181443251753073 0.3953496884995421 0.8548114204079829 0.18411529263610224 0.48517934267403573 0.0 0.0 0.0 0.0 0.0 0.0
15.96534646916977 12.571782835433677 9.372563314900093 0.28231168088154196 -0.9494779440214385 -0.13708299914526317 0.8548114204079829 0.18411529263610224 0.48517934267403573 0.0 0.0 0.0 0.0 0.0 0.0
16.177502918820355 12.445910781657302 9.84987973936937 0.48400716449092196 -0.620089017509148 -0.6174355635092593 0.8548114204079829 0.18411529263610224 0.48517934267403573 0.0 0.0 0.0 0.0 0.0 0.0
16.499988816845956 12.17868941682859 10.186451707709077 0.5018202341419473 -0.055117905909625974 -0.8632140343239666 0.8548114204079829 0.18411529263610224 0.48517934267403573 0.0 0.0 0.0 0.0 0.0 0.0
16.936864653034007 11.898903923613489 10.326254009763566 0.32898340685555094 0.5307934196672071 -0.7810430613299798 0.8548114204079829 0.18411529263610224 0.48517934267403573 0.0 0.0 0.0 0.0 0.0 0.0
17.44873226716626 11.740112807112967 10.28801752141233 0.03116028299548711 0.9150474507197425 -0.40214077099311996 0.8548114204079829 0.18411529263610224 0.48517934267403573 0.0 0.0 0.0 0.0 0.0 0.0
0.21747754459122198 2.5940516572814327 11.500565756619919 -0.24893687916333973 -0.2637384246243306 0.9319187054507989 0.24069964310470174 0.9151739720581065 0.3232959676158326 0.0 0.0 0.0 0.0 0.0 0.0
-0.04713652482842476 3.0279261260873187 11.674971724699983 0.3484462034116309 -0.39236117215028016 0.851256690967465 0.24069964310470174 0.9151739720581065 0.3232959676158326 0.0 0.0 0.0 0.0 0.0 0.0
-0.23232227121651478 3.372361853355886 12.043421682270912 0.8134487476006736 -0.37191935044736607 0.4471880273326918 0.24069964310470174 0.9151739720581065 0.3232959676158326 0.0 0.0 0.0 0.0 0.0 0.0
-0.23208234999382987 3.632018552987518 12.513808164743118 0.969408512438425 -0.2101791493495585 -0.12677484447087872 0.24069964310470174 0.9151739720581065 0.3232959676158326 0.0 0.0 0.0 0.0 0.0 0.0
-0.010865727858323626 3.8437649089116213 12.955296317429212 0.7570737757548075 0.03141162459412935 -0.6525738332975943 0.24069964310470174 0.9151739720581065 0.3232959676158326 0.0 0.0 0.0 0.0 0.0 0.0
0.3829258852818513 4.062671545650325 13.248030244281853 0.2571140540634089 0.2610685971801505 -0.9304491124018907 0.24069964310470174 0.9151739720581065 0.3232959676158326 0.0 0.0 0.0 0.0 0.0 0.0
0.8353266551358856 4.3410887773307785 13.328668266685861 -0.3405275954844218 0.39154124486325426 -0.8548312174251304 0.24069964310470174 0.9151739720581065 0.3232959676158326 0.0 0.0 0.0 0.0 0.0 0.0
1.2101041488845299 4.708757848097674 13.214447486180509 -0.8087971181899358 0.37326082740228855 -0.45444865093276837 0.24069964310470174 0.9151739720581065 0.3232959676158326 0.0 0.0 0.0 0.0 0.0 0.0
1.4005163140929406 5.161511736215589 12.996635121395784 -0.9697910933283941 0.21317238102295555 0.11858655602521306 0.24069964310470174 0.9151739720581065 0.3232959676158326 0.0 0.0 0.0 0.0 0.0 0.0
1.3698645690626237 5.662858275295166 12.805854565788339 -0.762345218068973 -0.027903816959146215 0.6465687476877301 0.24069964310470174 0.9151739720581065 0.3232959676158326 0.0 0.0 0.0 0.0 0.0 0.0
1.1654362075862579 6.15784413842091 12.762459376560626 -0.2652716487328039 -0.25837888835152767 0.9289086620506926 0.24069964310470174 0.9151739720581065 0.3232959676158326 0.0 0.0 0.0 0.0 0.0 0.0
0.900539165434465 6.593932525817021 12.930808946075521 0.3325830550624101 -0.3906915001945191 0.858340645175975 0.24069964310470174 0.9151739720581065 0.3232959676158326 0.0 0.0 0.0 0.0 0.0 0.0
0.7114544411488893 6.940962773450665 13.294817292666005 0.8040838957472622 -0.37457387910006695 0.4616746665086068 0.24069964310470174 0.9151739720581065 0.3232959676158326 0.0 0.0 0.0 0.0 0.0 0.0
0.705660666199438 7.202608893557466 13.764064394013742 0.9700998208719072 -0.21614937879420798 -0.11038923675417976 0.24069964310470174 0.9151739720581065 0.3232959676158326 0.0 0.0 0.0 0.0 0.0 0.0
0.9210011759419723 7.4149837559669765 14.20814826536996 0.7675586048432428 0.024393884340466916 -0.640514423364437 0.24069964310470174 0.9151739720581065 0.3232959676158326 0.0 0.0 0.0 0.0 0.0 0.0
1.3113066938097897 7.632919205079451 14.50622685376644 0.2734090419391066 0.2556695029702015 -0.9272974717084634 0.24069964310470174 0.9151739720581065 0.3232959676158326 0.0 0.0 0.0 0.0 0.0 0.0
1.7639358113904542 7.9091345254386365 14.59292795430952 -0.32461318715310805 0.38981200285541967 -0.8617847069634886 0.24069964310470174 0.9151739720581065 0.3232959676158326 0.0 0.0 0.0 0.0 0.0 0.0
2.1425693427455994 8.274207504114166 14.483185203784178 -0.7993094392027903 0.37585840554672934 -0.4688655237711445 0.24069964310470174 0.9151739720581065 0.3232959676158326 0.0 0.0 0.0 0.0 0.0 0.0
2.339000262284161 8.724957418160475 14.266564542362328 -0.9703346715581669 0.219109915953408 0.1021835109153781 0.24069964310470174 0.9151739720581065 0.3232959676158326 0.0 0.0 0.0 0.0 0.0 0.0
2.3142433629094143 9.225653444442665 14.073236615468849 -0.7727135390580301 -0.020882094033051208 0.634411321387952 0.24069964310470174 0.9151739720581065 0.3232959676158326 0.0 0.0 0.0 0.0 0.0 0.0
1.1911205482516891 1.3520089623352693 2.443699459414823 0.8217923279334363 -0.49765858073370717 0.2774766778881711 0.4476194483047622 0.8651868487080911 0.22602775564497185 0.0 0.0 0.0 0.0 0.0 0.0
1.3352130857312483 1.6108534227907485 2.8919426836274966 0.8724138224393697 -0.36703652087006733 -0.3227666568348173 0.4476194483047622 0.8651868487080911 0.22602775564497185 0.0 0.0 0.0 0.0 0.0 0.0
1.678172381486402 1.7860318967650752 3.2666112382588066 0.5915907198193125 -0.0969711502045068 -0.8003855422555325 0.4476194483047622 0.8651868487080911 0.22602775564497185 0.0 0.0 0.0 0.0 0.0 0.0
2.1559848004387967 1.939105793999083 3.4588318833488008 0.08601241187052062 0.2099351816949185 -0.9739245784407218 0.4476194483047622 0.8651868487080911 0.22602775564497185 0.0 0.0 0.0 0.0 0.0 0.0
2.6534037513834607 2.1400344225060675 3.4290463901386516 -0.4522434493987206 0.4370836281393828 -0.7774533841256727 0.4476194483047622 0.8651868487080911 0.22602775564497185 0.0 0.0 0.0 0.0 0.0 0.0
3.047733793807826 2.4405962778002803 3.2220403735544503 -0.8186844631341306 0.4981766966051333 -0.2856146508538691 0.4476194483047622 0.8651868487080911 0.22602775564497185 0.0 0.0 0.0 0.0 0.0 0.0
3.255444687100823 2.854717526760785 2.9499284883212313 -0.8740935616505933 0.3700041089603967 0.31473386349962984 0.4476194483047622 0.8651868487080911 0.22602775564497185 0.0 0.0 0.0 0.0 0.0 0.0
3.263905925512174 3.3531812240010086 2.7495601971758683 -0.5974199020309796 0.10126077418279622 0.7955097210400358 0.4476194483047622 0.8651868487080911 0.22602775564497185 0.0 0.0 0.0 0.0 0.0 0.0
3.1361852784577193 3.874727317902375 2.730528371972331 -0.09377643330168974 -0.20595322169670963 0.9740581353440665 0.4476194483047622 0.8651868487080911 0.22602775564497185 0.0 0.0 0.0 0.0 0.0 0.0
2.987088290481465 4.34932636843765 2.9335331293692555 0.44549427029726657 -0.434922145299395 0.7825455786473258 0.4476194483047622 0.8651868487080911 0.22602775564497185 0.0 0.0 0.0 0.0 0.0 0.0
2.9395417354369697 4.724784902267082 3.3149191760416703 0.815514252343291 -0.4986568743923439 0.29373087315810237 0.4476194483047622 0.8651868487080911 0.22602775564497185 0.0 0.0 0.0 0.0 0.0 0.0
3.07789167987432 4.98657458588852 3.7632611844927295 0.8757067352529059 -0.3729435198053001 -0.3066771019621952 0.4476194483047622 0.8651868487080911 0.22602775564497185 0.0 0.0 0.0 0.0 0.0 0.0
3.415859002166722 5.1633517824356545 4.1416961379018975 0.6032035884041016 -0.10554268676108514 -0.7905733186793409 0.4476194483047622 0.8651868487080911 0.22602775564497185 0.0 0.0 0.0 0.0 0.0 0.0
3.891326601415667 5.316070520214694 4.339919878442685 0.10153331329439234 0.20195557756328766 -0.9741175139491856 0.4476194483047622 0.8651868487080911 0.22602775564497185 0.0 0.0 0.0 0.0 0.0 0.0
4.3899387226248185 5.514825038253827 4.316093501028104 -0.43871116508232855 0.4327275414541726 -0.7875781792934167 0.4476194483047622 0.8651868487080911 0.22602775564497185 0.0 0.0 0.0 0.0 0.0 0.0
4.788546619949387 5.812219812983229 4.112738652862406 -0.812281936984744 0.4990990775279405 -0.3018247267191194 0.4476194483047622 0.8651868487080911 0.22602775564497185 0.0 0.0 0.0 0.0 0.0 0.0
5.001994824179795 6.2233842381393005 3.840582848744157 -0.8772532203968929 0.3758545295572603 0.29859698577609756 0.4476194483047622 0.8651868487080911 0.22602775564497185 0.0 0.0 0.0 0.0 0.0 0.0
5.015473129217921 6.72022471513423 3.636492236928937 -0.6089413384885691 0.10981656185515148 0.7855767110995995 0.4476194483047622 0.8651868487080911 0.22602775564497185 0.0 0.0 0.0 0.0 0.0 0.0
4.8901432369872095 7.242097880859423 3.611473861127077 -0.1092824611321856 -0.19794255373073205 0.9741027097341679 0.4476194483047622 0.8651868487080911 0.22602775564497185 0.0 0.0 0.0 0.0 0.0 0.0
4.73990240430284 7.718850035233426 3.808502228659306 0.43189465031362995 -0.43049998373129617 0.7925508028119214 0.4476194483047622 0.8651868487080911 0.22602775564497185 0.0 0.0 0.0 0.0 0.0 0.0
12.615715052197347 2.020319931331286 3.636431815422636 0.27051837488525665 -0.6971508294786342 0.6639281059020564 0.24139981479365663 0.7167297069357046 0.6542359334471376 0.0 0.0 0.0 0.0 0.0 0.0
12.412751381593411 2.214337549047224 4.094523525180811 0.7656056276283238 -0.5549224974519108 0.3254366985537657 0.24139981479365663 0.7167297069357046 0.6542359334471376 0.0 0.0 0.0 0.0 0.0 0.0
12.384307537897168 2.2818605660083384 4.626798540614199 0.9698265021919047 -0.20186983083381385 -0.13669355158654387 0.24139981479365663 0.7167297069357046 0.6542359334471376 0.0 0.0 0.0 0.0 0.0 0.0
12.576935675891203 2.3033673486790414 5.127914256662365 0.8055940739383538 0.22787655960163472 -0.5468916360848181 0.24139981479365663 0.7167297069357046 0.6542359334471376 0.0 0.0 0.0 0.0 0.0 0.0
12.953199008387541 2.3768186002810836 5.504366007057027 0.33530298818096727 0.5710488351515183 -0.749316444493919 0.24139981479365663 0.7167297069357046 0.6542359334471376 0.0 0.0 0.0 0.0 0.0 0.0
13.405894667590053 2.580440451823992 5.7100110503520245 -0.2623753087533777 0.6972701107999586 -0.6670634077369131 0.24139981479365663 0.7167297069357046 0.6542359334471376 0.0 0.0 0.0 0.0 0.0 0.0
13.79878186690658 2.9430050470633855 5.763598968864214 -0.7603728392110839 0.5585868136209223 -0.3313818296752252 0.24139981479365663 0.7167297069357046 0.6542359334471376 0.0 0.0 0.0 0.0 0.0 0.0
14.018342053599778 3.4328995240436284 5.7416483888749905 -0.9694920152965701 0.2076870468738052 0.13019724588881515 0.24139981479365663 0.7167297069357046 0.6542359334471376 0.0 0.0 0.0 0.0 0.0 0.0
14.01690650490101 3.9701362698936373 5.749376275182786 -0.8102849657287851 -0.22211650132292238 0.5423122109578259 0.24139981479365663 0.7167297069357046 0.6542359334471376 0.0 0.0 0.0 0.0 0.0 0.0
13.830766472768715 4.45674155227818 5.880724247042295 -0.34323711043845134 -0.5675342770772073 0.7483937001073123 0.24139981479365663 0.7167297069357046 0.6542359334471376 0.0 0.0 0.0 0.0 0.0 0.0
13.566385530512004 4.813977378345482 6.182668586389508 0.25421226172590905 -0.6973362923027576 0.6701479101106266 0.24139981479365663 0.7167297069357046 0.6542359334471376 0.0 0.0 0.0 0.0 0.0 0.0
13.359952281314515 5.012255374640653 6.637373162932672 0.755082145458234 -0.5622085912414229 0.337301724787355 0.24139981479365663 0.7167297069357046 0.6542359334471376 0.0 0.0 0.0 0.0 0.0 0.0
13.325640030932922 5.082377904872423 7.168965678254328 0.9690836978307288 -0.213488446741087 -0.12369102516673597 0.24139981479365663 0.7167297069357046 0.6542359334471376 0.0 0.0 0.0 0.0 0.0 0.0
13.512230439964107 5.103835736952139 7.672362820497283 0.8149141511819291 0.21633952801267237 -0.5376914866563253 0.24139981479365663 0.7167297069357046 0.6542359334471376 0.0 0.0 0.0 0.0 0.0 0.0
13.884580555398522 5.174608171249478 8.053193171438442 0.3511450938610778 0.5639764990703953 -0.7474139626429214 0.24139981479365663 0.7167297069357046 0.6542359334471376 0.0 0.0 0.0 0.0 0.0 0.0
14.336974206027367 5.373939066255458 8.263650486077735 -0.24602985545048822 0.6973493689470471 -0.6731813781264049 0.24139981479365663 0.7167297069357046 0.6542359334471376 0.0 0.0 0.0 0.0 0.0 0.0
14.733285343364932 5.732230771855048 8.320656084391429 -0.749733949276589 0.5657875545010179 -0.34319593306722845 0.24139981479365663 0.7167297069357046 0.6542359334471376 0.0 0.0 0.0 0.0 0.0 0.0
14.958694603374486 6.219493768305675 8.299430158963773 -0.9686015808893386 0.21927358863659202 0.11717538489419788 0.24139981479365663 0.7167297069357046 0.6542359334471376 0.0 0.0 0.0 0.0 0.0 0.0
14.963311102543225 6.756740186185467 8.30491436620968 -0.8194812777673935 -0.2105460796097749 0.5330298150663553 0.24139981479365663 0.7167297069357046 0.6542359334471376 0.0 0.0 0.0 0.0 0.0 0.0
14.78112681865987 7.245992618593369 8.431902736571768 -0.3590263362252946 -0.5603757720696587 0.7463773067115412 0.24139981479365663 0.7167297069357046 0.6542359334471376 0.0 0.0 0.0 0.0 0.0 0.0
1.2094511497490248 12.330906786908239 5.791543207013856 0.5784003003040342 -0.4308593768117612 0.6926855636012517 0.3601537273370735 0.8967737046761799 0.257072393085241 0.0 0.0 0.0 0.0 0.0 0.0
1.1582337531610218 12.666786318878474 6.207772495277624 0.8977202030385755 -0.40811013086152775 0.16596553300178135 0.3601537273370735 0.8967737046761799 0.257072393085241 0.0 0.0 0.0 0.0 0.0 0.0
1.3116517051024688 12.909637133677618 6.66183363201126 0.8759811915573671 -0.2303130229594797 -0.42380757838080385 0.3601537273370735 0.8967737046761799 0.257072393085241 0.0 0.0 0.0 0.0 0.0 0.0
1.6647495972222048 13.099988087646341 7.019287817917868 0.5214422797790099 0.03498385299327333 -0.8525691050516744 0.3601537273370735 0.8967737046761799 0.257072393085241 0.0 0.0 0.0 0.0 0.0 0.0
2.1367102734247707 13.29831361200565 7.182398849501821 -0.031201272137397092 0.286989778295051 -0.9574253745181212 0.3601537273370735 0.8967737046761799 0.257072393085241 0.0 0.0 0.0 0.0 0.0 0.0
2.6015586186618673 13.562058465357461 7.127264736838937 -0.5719909391113556 0.4299634886093235 -0.6985397369065045 0.3601537273370735 0.8967737046761799 0.257072393085241 0.0 0.0 0.0 0.0 0.0 0.0
2.93602161133081 13.923813509466589 6.91289846916863 -0.8954716851383905 0.4095868809947364 -0.17426717428251823 0.3601537273370735 0.8967737046761799 0.257072393085241 0.0 0.0 0.0 0.0 0.0 0.0
3.0663618051964 14.378933895986135 6.658807993637299 -0.8787477664931708 0.23360136936278314 0.41621240144317545 0.3601537273370735 0.8967737046761799 0.257072393085241 0.0 0.0 0.0 0.0 0.0 0.0
2.9963914180400337 14.887303722002205 6.4995931481110825 -0.5281728794780242 -0.031133208096710045 0.8485659271603462 0.3601537273370735 0.8967737046761799 0.257072393085241 0.0 0.0 0.0 0.0 0.0 0.0
2.8060240063876685 15.388576732253023 6.533808932381231 0.023063715030453888 -0.28403975928078173 0.9585350698835738 0.3601537273370735 0.8967737046761799 0.257072393085241 0.0 0.0 0.0 0.0 0.0 0.0
2.6209139693021957 15.825102870438464 6.786522815991689 0.5655380185941106 -0.4290348570225568 0.7043407137062856 0.3601537273370735 0.8967737046761799 0.257072393085241 0.0 0.0 0.0 0.0 0.0 0.0
2.56471834134993 16.16383049946601 7.199791187453608 0.8931549736024229 -0.4110324395011771 0.18255554444323085 0.3601537273370735 0.8967737046761799 0.257072393085241 0.0 0.0 0.0 0.0 0.0 0.0
2.7121174177334977 16.408863270976113 7.6546731010154785 0.881447421384346 -0.23687192611738503 -0.4085855283197452 0.3601537273370735 0.8967737046761799 0.257072393085241 0.0 0.0 0.0 0.0 0.0 0.0
3.06044246155641 16.599901079474567 8.016417930540701 0.5348632567673619 0.027280192285813215 -0.8444981276883081 0.3601537273370735 0.8967737046761799 0.257072393085241 0.0 0.0 0.0 0.0 0.0 0.0
3.5306896015889384 16.797157408662947 8.185659385287204 -0.014924401532316195 0.2810681095391388 -0.9595717690923355 0.3601537273370735 0.8967737046761799 0.257072393085241 0.0 0.0 0.0 0.0 0.0 0.0
3.9975347238225787 17.05848322226459 8.136166425076139 -0.5590420301671802 0.4280735527703522 -0.7100880522337519 0.3601537273370735 0.8967737046761799 0.257072393085241 0.0 0.0 0.0 0.0 0.0 0.0
4.336946197689327 17.417388415689594 7.924808871015438 -0.8907702448572253 0.41244669629597336 -0.19083001229244148 0.3601537273370735 0.8967737046761799 0.257072393085241 0.0 0.0 0.0 0.0 0.0 0.0
4.473306566212746 17.87031084651292 7.6699516096482006 -0.8840799506417202 0.2401244441577264 0.40092753982643037 0.3601537273370735 0.8967737046761799 0.257072393085241 0.0 0.0 0.0 0.0 0.0 0.0
4.408140882169769 18.37796965193752 7.506485793599601 -0.5415129021488894 -0.023425098982654016 0.8403660164142391 0.3601537273370735 0.8967737046761799 0.257072393085241 0.0 0.0 0.0 0.0 0.0 0.0
4.219537315043225 18.880288705311955 7.534581437434782 0.006783951483219779 -0.27807505537275473 0.9605353931957477 0.3601537273370735 0.8967737046761799 0.257072393085241 0.0 0.0 0.0 0.0 0.0 0.0
8.370557532867268 6.642036975441862 12.546806543232375 -0.7586204172693038 0.34761810167163204 0.551050558381314 0.6461789234271372 0.5096317045606609 0.5680918276345307 0.0 0.0 0.0 0.0 0.0 0.0
8.506624471010758 7.157192528680392 12.615984910010722 -0.565637743975132 -0.17991530666843308 0.8047884349424551 0.6461789234271372 0.5096317045606609 0.5680918276345307 0.0 0.0 0.0 0.0 0.0 0.0
8.513754267617298 7.63133638210281 12.868614825856906 -0.1577598347860464 -0.639095881981644 0.7527737297238682 0.6461789234271372 0.5096317045606609 0.5680918276345307 0.0 0.0 0.0 0.0 0.0 0.0
8.48492270492044 7.959798309118331 13.292839537079704 0.3100536732420384 -0.8554732466166944 0.41476769887758985 0.6461789234271372 0.5096317045606609 0.5680918276345307 0.0 0.0 0.0 0.0 0.0 0.0
8.526767886794955 8.093255082650073 13.811610558312333 0.6600726069844975 -0.7468420221121124 -0.08081551531840662 0.6461789234271372 0.5096317045606609 0.5680918276345307 0.0 0.0 0.0 0.0 0.0 0.0
8.719076640200802 8.056469193741941 14.311959680285268 0.7593189215080727 -0.3544730268744075 -0.5456955640815788 0.6461789234271372 0.5096317045606609 0.5680918276345307 0.0 0.0 0.0 0.0 0.0 0.0
9.084472165656416 7.938881167204279 14.687917481255472 0.570087282615366 0.17256619774584878 -0.8032567445068656 0.6461789234271372 0.5096317045606609 0.5680918276345307 0.0 0.0 0.0 0.0 0.0 0.0
9.579819105122027 7.860629610872585 14.880772882040825 0.16426995370600173 0.6340446386894893 -0.7556472579574033 0.6461789234271372 0.5096317045606609 0.5680918276345307 0.0 0.0 0.0 0.0 0.0 0.0
10.112611385703682 7.9269085498804035 14.901378466598315 -0.30395627706343686 0.8546389207339432 -0.42095474436149954 0.6461789234271372 0.5096317045606609 0.5680918276345307 0.0 0.0 0.0 0.0 0.0 0.0
10.576116823364728 8.188002457760776 14.82602740393324 -0.6567044362985284 0.7505415879908065 0.07366551460534371 0.6461789234271372 0.5096317045606609 0.5680918276345307 0.0 0.0 0.0 0.0 0.0 0.0
10.889926464108292 8.620182344239478 14.767468397640343 -0.7599596006711464 0.361300957583788 0.5402990129518922 0.6461789234271372 0.5096317045606609 0.5680918276345307 0.0 0.0 0.0 0.0 0.0 0.0
11.030503289966703 9.134720795367754 14.832070568350362 -0.5744934069018467 -0.16520394723918932 0.8016638829602465 0.6461789234271372 0.5096317045606609 0.5680918276345307 0.0 0.0 0.0 0.0 0.0 0.0
11.040124325645378 9.611601001524708 15.079412046405558 -0.17076756283298586 -0.6289451104432953 0.7584632407266371 0.6461789234271372 0.5096317045606609 0.5680918276345307 0.0 0.0 0.0 0.0 0.0 0.0
11.010818890003065 9.945113149966327 15.499645244049473 0.29783573343752184 -0.8537395107885092 0.42710973251183304 0.6461789234271372 0.5096317045606609 0.5680918276345307 0.0 0.0 0.0 0.0 0.0 0.0
11.04940511916925 10.084015350060753 16.017238118658486 0.6532862550271998 -0.7541839972217355 -0.06650990397813636 0.6461789234271372 0.5096317045606609 0.5680918276345307 0.0 0.0 0.0 0.0 0.0 0.0
11.236907970724566 10.051001284258051 16.519670058562944 0.7605424059683252 -0.36810137382641533 -0.534861315960517 0.6461789234271372 0.5096317045606609 0.5680918276345307 0.0 0.0 0.0 0.0 0.0 0.0
11.597776487650863 9.934078498709292 16.900180344664772 0.5788557812911496 0.15782911581233405 -0.8000099716051724 0.6461789234271372 0.5096317045606609 0.5680918276345307 0.0 0.0 0.0 0.0 0.0 0.0
12.090595198136201 9.853132865076054 17.09832833256685 0.1772521673489062 0.6237976855918804 -0.7612214635835801 0.6461789234271372 0.5096317045606609 0.5680918276345307 0.0 0.0 0.0 0.0 0.0 0.0
12.62381854574597 9.914381933501309 17.122955863893182 -0.29169250846738815 0.8527750852739414 -0.4332321946024137 0.6461789234271372 0.5096317045606609 0.5680918276345307 0.0 0.0 0.0 0.0 0.0 0.0
13.090550576872479 10.170021109447363 17.048828102828228 -0.6498183234782509 0.7577689724213337 0.059349228364237054 0.6461789234271372 0.5096317045606609 0.5680918276345307 0.0 0.0 0.0 0.0 0.0 0.0
8.126588451153891 10.432725209025783 6.7300190717645245 0.9650632500127391 -0.26156493020836397 -0.015385407370074688 0.23190826041293466 0.825363351837344 0.5147755784767486 0.0 0.0 0.0 0.0 0.0 0.0
8.284066372614546 10.548571308355632 7.2304843429281185 0.8532487570897271 0.08151819846197036 -0.5150935272786393 0.23190826041293466 0.825363351837344 0.5147755784767486 0.0 0.0 0.0 0.0 0.0 0.0
8.636042375101317 10.682999483589859 7.613534028341106 0.41727079578985926 0.393631200625005 -0.8191090042695259 0.23190826041293466 0.825363351837344 0.5147755784767486 0.0 0.0 0.0 0.0 0.0 0.0
9.083135268617829 10.907155903392178 7.809867790457554 -0.17723531722624636 0.5561971285078844 -0.8119312757661792 0.23190826041293466 0.825363351837344 0.5147755784767486 0.0 0.0 0.0 0.0 0.0 0.0
9.4898273659959 11.258097476138639 7.821121792715647 -0.7044067700116184 0.5074544681505309 -0.49628728083224155 0.23190826041293466 0.825363351837344 0.5147755784767486 0.0 0.0 0.0 0.0 0.0 0.0
9.735949917985634 11.72471331086709 7.719247093692329 -0.9639623138164255 0.2659213711565258 0.007904549570714436 0.23190826041293466 0.825363351837344 0.5147755784767486 0.0 0.0 0.0 0.0 0.0 0.0
9.762337230209795 12.2519459305179 7.619174236992372 -0.8572924580119465 -0.07663970070807558 0.5090933094347349 0.23190826041293466 0.825363351837344 0.5147755784767486 0.0 0.0 0.0 0.0 0.0 0.0
9.593304699655388 12.761708527980831 7.635149216196708 -0.4249228642431863 -0.39008406892621433 0.8168690094582693 0.23190826041293466 0.825363351837344 0.5147755784767486 0.0 0.0 0.0 0.0 0.0 0.0
9.32741098882653 13.18255144965802 7.837329511809875 0.16888202998299268 -0.5553289775014475 0.8143025154670832 0.23190826041293466 0.825363351837344 0.5147755784767486 0.0 0.0 0.0 0.0 0.0 0.0
9.100013942046175 13.476807113440302 8.225130091445829 0.6985258174616652 -0.5095951229185037 0.5023688814379194 0.23190826041293466 0.825363351837344 0.5147755784767486 0.0 0.0 0.0 0.0 0.0 0.0
9.031845877335353 13.654900552918876 8.727445673412616 0.9627879681577832 -0.27025756116271604 -0.0004230898092994542 0.23190826041293466 0.825363351837344 0.5147755784767486 0.0 0.0 0.0 0.0 0.0 0.0
9.183145360260264 13.771388772826745 9.22966481204406 0.8612708727943461 0.07175536654425069 -0.5030543221642808 0.23190826041293466 0.825363351837344 0.5147755784767486 0.0 0.0 0.0 0.0 0.0 0.0
9.530771565738572 13.90423363079616 9.61721270210953 0.4325425731752462 0.3865072308153046 -0.8145668069093045 0.23190826041293466 0.825363351837344 0.5147755784767486 0.0 0.0 0.0 0.0 0.0 0.0
9.97699586438215 14.125182824191393 9.819080062909643 -0.16051588171930167 0.554418536043332 -0.8166117428787332 0.23190826041293466 0.825363351837344 0.5147755784767486 0.0 0.0 0.0 0.0 0.0 0.0
10.386630562737174 14.472511740322506 9.834800751225822 -0.6925916694662592 0.5116969700448902 -0.5084122247082746 0.23190826041293466 0.825363351837344 0.5147755784767486 0.0 0.0 0.0 0.0 0.0 0.0
10.638388968244936 14.93648199687592 9.734628856922539 -0.9615403024677805 0.27457317000928066 -0.007058402172041657 0.23190826041293466 0.825363351837344 0.5147755784767486 0.0 0.0 0.0 0.0 0.0 0.0
10.670964231550258 15.463041216172407 9.632847999622044 -0.8651836984652364 -0.06686556793144983 0.4969770253595411 0.23190826041293466 0.825363351837344 0.5147755784767486 0.0 0.0 0.0 0.0 0.0 0.0
10.506320843567385 15.974358427154991 9.644353070889663 -0.44012934231570155 -0.38290095868234336 0.812202571944271 0.23190826041293466 0.825363351837344 0.5147755784767486 0.0 0.0 0.0 0.0 0.0 0.0
10.24134995815496 16.39839335255794 9.840999743987966 0.15213750954975602 -0.5534658734671768 0.8188587821445229 0.23190826041293466 0.825363351837344 0.5147755784767486 0.0 0.0 0.0 0.0 0.0 0.0
10.011058822831414 16.696265714689215 10.224305302241543 0.6866047779337462 -0.513759849465891 0.5144168504193212 0.23190826041293466 0.825363351837344 0.5147755784767486 0.0 0.0 0.0 0.0 0.0 0.0
3.537136277033958 9.699158211465727 3.2575488555684498 0.2369983223763483 -0.35162623607376287 0.9056438512436303 0.7662814357032597 0.6406924973566248 0.048227431276014025 0.0 0.0 0.0 0.0 0.0 0.0
3.652708229099197 10.148936198362701 3.5277857674015545 0.5421584692893775 -0.6850593191849091 0.4865777670380222 0.7662814357032597 0.6406924973566248 0.048227431276014025 0.0 0.0 0.0 0.0 0.0 0.0
3.8918652212979907 10.442554891896057 3.9089380965411684 0.6413435493131497 -0.7582269133566851 -0.11734734601176658 0.7662814357032597 0.6406924973566248 0.048227431276014025 0.0 0.0 0.0 0.0 0.0 0.0
4.27721649574262 10.56333573667211 4.26334109446506 0.4968714922605285 -0.5433314262662943 -0.6766902403686859 0.7662814357032597 0.6406924973566248 0.048227431276014025 0.0 0.0 0.0 0.0 0.0 0.0
4.775829642482122 10.560264165734816 4.463492530804821 0.16362964804978855 -0.12201524632032101 -0.9789471987520539 0.7662814357032597 0.6406924973566248 0.048227431276014025 0.0 0.0 0.0 0.0 0.0 0.0
5.311742172643187 10.529379215559588 4.440492922386435 -0.2317778351968906 0.3456565656888727 -0.9092857492051751 0.7662814357032597 0.6406924973566248 0.048227431276014025 0.0 0.0 0.0 0.0 0.0 0.0
5.794820937978219 10.57728669040924 4.210221598826011 -0.5391290437335179 0.68200766932327 -0.4941714410882355 0.7662814357032597 0.6406924973566248 0.048227431276014025 0.0 0.0 0.0 0.0 0.0 0.0
6.155005220830478 10.78065783494053 3.867303879720397 -0.6416561147988536 0.7592526568215984 0.10868685960402047 0.7662814357032597 0.6406924973566248 0.048227431276014025 0.0 0.0 0.0 0.0 0.0 0.0
6.3689239721246 11.157100646484226 3.549161333681357 -0.500407299933961 0.5480448659659231 0.6702532051853208 0.7662814357032597 0.6406924973566248 0.048227431276014025 0.0 0.0 0.0 0.0 0.0 0.0
6.468774863653437 11.658470302469109 3.383803026853858 -0.1690453854602609 0.12862566770826697 0.9771791520807195 0.7662814357032597 0.6406924973566248 0.048227431276014025 0.0 0.0 0.0 0.0 0.0 0.0
6.530091854247586 12.189160183455302 3.441192738490145 0.22653969723791767 -0.33966057221824225 0.9128584015364751 0.7662814357032597 0.6406924973566248 0.048227431276014025 0.0 0.0 0.0 0.0 0.0 0.0
6.643048575955201 12.642424426316914 3.706668551479802 0.5360585614136544 -0.6789040819371125 0.5017274820699474 0.7662814357032597 0.6406924973566248 0.048227431276014025 0.0 0.0 0.0 0.0 0.0 0.0
6.8781998636041655 12.940932462339212 4.0865131597941815 0.6419198156871424 -0.7602205802571291 -0.10001809627111724 0.7662814357032597 0.6406924973566248 0.048227431276014025 0.0 0.0 0.0 0.0 0.0 0.0
7.25967679343705 13.066148193171525 4.4435586399164855 0.5039049996540973 -0.5527165699271672 -0.6637651276253902 0.7662814357032597 0.6406924973566248 0.048227431276014025 0.0 0.0 0.0 0.0 0.0 0.0
7.756018883796479 13.065372164497687 4.649298838311182 0.17444824941014397 -0.13522629375362305 -0.9753366894336511 0.7662814357032597 0.6406924973566248 0.048227431276014025 0.0 0.0 0.0 0.0 0.0 0.0
8.292126458097972 13.03377129790781 4.632711007660466 -0.22128430740391655 0.3336387122799873 -0.9163615361662231 0.7662814357032597 0.6406924973566248 0.048227431276014025 0.0 0.0 0.0 0.0 0.0 0.0
8.777792267564022 13.078223386280113 4.407238536007301 -0.5329472561589048 0.6757487933766306 -0.5092453145613828 0.7662814357032597 0.6406924973566248 0.048227431276014025 0.0 0.0 0.0 0.0 0.0 0.0
9.14197273321944 13.276712433365084 4.065683578876444 -0.6421346318961737 0.7611306099521589 0.09134171617294724 0.7662814357032597 0.6406924973566248 0.048227431276014025 0.0 0.0 0.0 0.0 0.0 0.0
9.35977858932933 13.64870122693766 3.74494996882128 -0.5073643250575631 0.5573461823816813 0.6572265017811196 0.7662814357032597 0.6406924973566248 0.048227431276014025 0.0 0.0 0.0 0.0 0.0 0.0
9.461930731578109 14.147737100321063 3.5740311605267845 -0.17983782845043145 0.14181662179315901 0.9734199511215127 0.7662814357032597 0.6406924973566248 0.048227431276014025 0.0 0.0 0.0 0.0 0.0 0.0
0.5293251000981272 13.085007896861917 10.167395577788373 0.5135327120267363 -0.66172820910773 0.54625994814698 0.48310215186103167 0.749097512499375 0.4532827237326495 0.0 0.0 0.0 0.0 0.0 0.0
0.5266540188012134 13.312507898223284 10.65414162741142 0.8318099709031814 -0.5542775693053893 0.02947114641403613 0.48310215186103167 0.749097512499375 0.4532827237326495 0.0 0.0 0.0 0.0 0.0 0.0
0.7135940465446181 13.41366031022112 11.14760562578686 0.8340687147124294 -0.2362476138971619 -0.4985142365728918 0.48310215186103167 0.749097512499375 0.4532827237326495 0.0 0.0 0.0 0.0 0.0 0.0
1.0906600640507305 13.460960071197556 11.527433288249735 0.5194508089171646 0.17153675988006517 -0.8371057263722138 0.48310215186103167 0.749097512499375 0.4532827237326495 0.0 0.0 0.0 0.0 0.0 0.0
1.5861349097940534 13.547361641986065 11.716442674046496 0.0074848560598820306 0.514151450637171 -0.8576667550613436 0.48310215186103167 0.749097512499375 0.4532827237326495 0.0 0.0 0.0 0.0 0.0 0.0
2.0833159287117375 13.750964052125115 11.709946896040499 -0.5073247187546694 0.6614314091433743 -0.5523858440792132 0.48310215186103167 0.749097512499375 0.4532827237326495 0.0 0.0 0.0 0.0 0.0 0.0
2.4648522620263003 14.105339772790366 11.577534747495802 -0.8293931508973511 0.5574225167725757 -0.03724431553257958 0.48310215186103167 0.749097512499375 0.4532827237326495 0.0 0.0 0.0 0.0 0.0 0.0
2.657328400496919 14.58677997369325 11.436632756053559 -0.8363612583001263 0.2416394906723887 0.49204695117662994 0.48310215186103167 0.749097512499375 0.4532827237326495 0.0 0.0 0.0 0.0 0.0 0.0
2.659155963821879 15.123301904098103 11.407892882614307 -0.5255817404601378 -0.16594641793107887 0.8344013545475192 0.48310215186103167 0.749097512499375 0.4532827237326495 0.0 0.0 0.0 0.0 0.0 0.0
2.541177152871498 15.621996343314054 11.569354824198639 -0.015124932161247055 -0.5104865078863783 0.8597527328791035 0.48310215186103167 0.749097512499375 0.4532827237326495 0.0 0.0 0.0 0.0 0.0 0.0
2.419750613159054 16.004325366994824 11.92679742829492 0.5010780907410819 -0.6610842386163763 0.5584696736907713 0.48310215186103167 0.749097512499375 0.4532827237326495 0.0 0.0 0.0 0.0 0.0 0.0
2.412544839997484 16.235960217681946 12.411543212081286 0.8269131693919538 -0.5605250143569609 0.04501464835229817 0.48310215186103167 0.749097512499375 0.4532827237326495 0.0 0.0 0.0 0.0 0.0 0.0
2.59383394981767 16.339823373709454 12.906550086375947 0.8385901097398994 -0.2470129656648556 -0.48554219449999875 0.48310215186103167 0.749097512499375 0.4532827237326495 0.0 0.0 0.0 0.0 0.0 0.0
2.9662797015393414 16.387379916441382 13.290877602156726 0.5316726469187026 0.16034343851987945 -0.8316334398291596 0.48310215186103167 0.749097512499375 0.4532827237326495 0.0 0.0 0.0 0.0 0.0 0.0
3.459920249855235 16.471486751029133 13.485634249161064 0.022763856440469365 0.5067826896115811 -0.8617732371975865 0.48310215186103167 0.749097512499375 0.4532827237326495 0.0 0.0 0.0 0.0 0.0 0.0
3.9587498199629994 16.671114715659783 13.483949659630479 -0.49479330369088176 0.6606867239651162 -0.5645109736744744 0.48310215186103167 0.749097512499375 0.4532827237326495 0.0 0.0 0.0 0.0 0.0 0.0
4.344791240925733 17.021346239806817 13.353584775888434 -0.824370215247183 0.5635848257913418 -0.05278155313226328 0.48310215186103167 0.749097512499375 0.4532827237326495 0.0 0.0 0.0 0.0 0.0 0.0
4.542917445384026 17.50004694272621 13.211188335449117 -0.8407550992960823 0.25236762966363724 0.47900046190540346 0.48310215186103167 0.749097512499375 0.4532827237326495 0.0 0.0 0.0 0.0 0.0 0.0
4.54939349850338 18.036274854768187 13.177980065372907 -0.5377230644467501 -0.15472824833504212 0.8288021930045573 0.48310215186103167 0.749097512499375 0.4532827237326495 0.0 0.0 0.0 0.0 0.0 0.0
4.433295562162617 18.537232457733662 13.333697281270384 -0.030401047163889753 -0.5030402778728813 0.8637281141475661 0.48310215186103167 0.749097512499375 0.4532827237326495 0.0 0.0 0.0 0.0 0.0 0.0
3.669746171309779 9.635677546053863 11.760970495300445 0.7900688706632116 0.229042098101978 -0.5686219279152018 0.3273718686647765 0.626590130150516 0.7072570030794265 0.0 0.0 0.0 0.0 0.0 0.0
4.069736305252441 9.643919462734841 12.11961386367119 0.33608097112565744 0.622341500506913 -0.7069233604812043 0.3273718686647765 0.626590130150516 0.7072570030794265 0.0 0.0 0.0 0.0 0.0 0.0
4.546336107137999 9.794024144038374 12.31711402977687 -0.24558970831672416 0.7792029618742577 -0.5766527892720974 0.3273718686647765 0.626590130150516 0.7072570030794265 0.0 0.0 0.0 0.0 0.0 0.0
4.966953727285269 10.1217481650188 12.383166174423572 -0.733956751528625 0.6400321904467805 -0.22730218229802315 0.3273718686647765 0.626590130150516 0.7072570030794265 0.0 0.0 0.0 0.0 0.0 0.0
5.220265882827607 10.59536754395021 12.397404779463365 -0.9434813537323058 0.25770248910099464 0.20840432402089717 0.3273718686647765 0.626590130150516 0.7072570030794265 0.0 0.0 0.0 0.0 0.0 0.0
5.258511434099982 11.127730213380815 12.459149156721171 -0.7945616154860495 -0.2225326964101115 0.5649345433097925 0.3273718686647765 0.626590130150516 0.7072570030794265 0.0 0.0 0.0 0.0 0.0 0.0
5.115636640121395 11.60936654766273 12.649670380902137 -0.343774635154857 -0.6182239900067408 0.7068366843934246 0.3273718686647765 0.626590130150516 0.7072570030794265 0.0 0.0 0.0 0.0 0.0 0.0
4.894398407242376 11.950078703970167 13.001315049531232 0.2376180766770587 -0.7790416536459 0.5801997513968414 0.3273718686647765 0.626590130150516 0.7072570030794265 0.0 0.0 0.0 0.0 0.0 0.0
4.727325222418554 12.113208290816438 13.485216269747248 0.7287357084169761 -0.6438883681831202 0.23313523242205617 0.3273718686647765 0.626590130150516 0.7072570030794265 0.0 0.0 0.0 0.0 0.0 0.0
4.726367365258084 12.129563503875392 14.022260673529482 0.9429944607179744 -0.2641111264081429 -0.20250125916309297 0.3273718686647765 0.626590130150516 0.7072570030794265 0.0 0.0 0.0 0.0 0.0 0.0
4.94036512508964 12.08571457735934 14.513144908913779 0.7989938513655973 0.216006347991842 -0.5612041367516785 0.3273718686647765 0.626590130150516 0.7072570030794265 0.0 0.0 0.0 0.0 0.0 0.0
5.3364935584803606 12.091104304664679 14.876102643667217 0.3514421194146114 0.6140593993561771 -0.7066961799555 0.3273718686647765 0.626590130150516 0.7072570030794265 0.0 0.0 0.0 0.0 0.0 0.0
5.812733234049784 12.236468891374663 15.07796896196357 -0.22962834950087907 0.7788210183794336 -0.5837025290641831 0.3273718686647765 0.626590130150516 0.7072570030794265 0.0 0.0 0.0 0.0 0.0 0.0
6.236629120125215 12.55936575372988 15.146780270393519 -0.7234591692597168 0.6476955113273065 -0.2389505283955216 0.3273718686647765 0.626590130150516 0.7072570030794265 0.0 0.0 0.0 0.0 0.0 0.0
6.49561246580422 13.029904828271924 15.161122798357118 -0.9424357550245085 0.2704996506304662 0.19658277305038682 0.3273718686647765 0.626590130150516 0.7072570030794265 0.0 0.0 0.0 0.0 0.0 0.0
6.539767551471604 13.562104306686466 15.22027637562304 -0.8033652407699337 -0.2094635498538715 0.5574309923257594 0.3273718686647765 0.626590130150516 0.7072570030794265 0.0 0.0 0.0 0.0 0.0 0.0
6.400795505227559 14.046556562321038 15.40649636512921 -0.35908283999630924 -0.609848045704926 0.7065018578673852 0.3273718686647765 0.626590130150516 0.7072570030794265 0.0 0.0 0.0 0.0 0.0 0.0
6.179970514307797 14.391993936748277 15.753763475366364 0.22162113523684224 -0.7785410728770905 0.5871608555240391 0.3273718686647765 0.626590130150516 0.7072570030794265 0.0 0.0 0.0 0.0 0.0 0.0
6.009664068138592 14.559962849116353 16.234873921095264 0.7181275358857317 -0.651453329950651 0.24474762736111394 0.3273718686647765 0.626590130150516 0.7072570030794265 0.0 0.0 0.0 0.0 0.0 0.0
6.003054816370455 14.579432954424169 16.771774596182127 0.9418052791995084 -0.2768675752571129 -0.19064931639841284 0.3273718686647765 0.626590130150516 0.7072570030794265 0.0 0.0 0.0 0.0 0.0 0.0
11.7766905602933 9.837412959864093 2.328407577096059 -0.8202260283281989 0.49811992267337896 -0.28125754227898575 0.146763581850463 0.6584631645455796 0.7381644206943623 0.0 0.0 0.0 0.0 0.0 0.0
11.934928677209092 10.349323566011524 2.3683241374072135 -0.9886179020358709 0.07267638411337039 0.13172997747816848 0.146763581850463 0.6584631645455796 0.7381644206943623 0.0 0.0 0.0 0.0 0.0 0.0
11.8678113122489 10.877800756204364 2.438268550229407 -0.7814173059502373 -0.38037812785565245 0.4946710763835922 0.146763581850463 0.6584631645455796 0.7381644206943623 0.0 0.0 0.0 0.0 0.0 0.0
11.622569847810022 11.319570740183893 2.6209732504780874 -0.2773432107334586 -0.6889206294691574 0.6696783629115365 0.146763581850463 0.6584631645455796 0.7381644206943623 0.0 0.0 0.0 0.0 0.0 0.0
11.314107989757833 11.604301244999009 2.956331154623913 0.33209820717216737 -0.7357306658086411 0.5902636429442398 0.146763581850463 0.6584631645455796 0.7381644206943623 0.0 0.0 0.0 0.0 0.0 0.0
11.081347928480026 11.721321921393248 3.4262396747515496 0.815369963787159 -0.5030243214466615 0.2865978963405905 0.146763581850463 0.6584631645455796 0.7381644206943623 0.0 0.0 0.0 0.0 0.0 0.0
11.034451476103156 11.723678187886037 3.96147819436784 0.9888690389005915 -0.07921062724893344 -0.1259511827441478 0.146763581850463 0.6584631645455796 0.7381644206943623 0.0 0.0 0.0 0.0 0.0 0.0
11.212967752258482 11.707978389405065 4.468006137914543 0.7866802331270267 0.3746965085717282 -0.4906493017129061 0.146763581850463 0.6584631645455796 0.7381644206943623 0.0 0.0 0.0 0.0 0.0 0.0
11.570807812308043 11.777690671842864 4.862690557697486 0.2856184541964044 0.6862501761944432 -0.6689415477420659 0.146763581850463 0.6584631645455796 0.7381644206943623 0.0 0.0 0.0 0.0 0.0 0.0
11.993754607978673 12.003833703537076 5.1048897306243495 -0.323954550769331 0.737085928389798 -0.59309171567776 0.146763581850463 0.6584631645455796 0.7381644206943623 0.0 0.0 0.0 0.0 0.0 0.0
12.34285595360819 12.397995495800187 5.211893628300811 -0.810451805666544 0.5078904129703257 -0.29191642486278296 0.146763581850463 0.6584631645455796 0.7381644206943623 0.0 0.0 0.0 0.0 0.0 0.0
12.507214784635114 12.907930923680675 5.252355167744637 -0.9890448695594385 0.08573883818855256 0.12016279633991836 0.146763581850463 0.6584631645455796 0.7381644206943623 0.0 0.0 0.0 0.0 0.0 0.0
12.446120806525624 13.437410522424022 5.320207820395076 -0.7918832515583077 -0.3689863546979823 0.4865901621982658 0.146763581850463 0.6584631645455796 0.7381644206943623 0.0 0.0 0.0 0.0 0.0 0.0
12.204517016306776 13.882779670003792 5.498978715829192 -0.29387194670824673 -0.6835274623118885 0.6681537900838196 0.146763581850463 0.6584631645455796 0.7381644206943623 0.0 0.0 0.0 0.0 0.0 0.0
11.895925106589088 14.172338711042345 5.8300552887364026 0.3157862239732121 -0.7383850590237663 0.5958746221808804 0.146763581850463 0.6584631645455796 0.7381644206943623 0.0 0.0 0.0 0.0 0.0 0.0
11.659316676562321 14.293582854643113 6.296961500518966 0.8054719285031352 -0.5127178266726669 0.2972127228190187 0.146763581850463 0.6584631645455796 0.7381644206943623 0.0 0.0 0.0 0.0 0.0 0.0
11.606315597982057 14.297952953521154 6.831617361819938 0.9891453806222249 -0.0922605197836947 -0.11436525907352145 0.146763581850463 0.6584631645455796 0.7381644206943623 0.0 0.0 0.0 0.0 0.0 0.0
11.77879024003813 14.281292264011523 7.340203658716593 0.7970259650140815 0.3632481010847348 -0.48249396695886654 0.146763581850463 0.6584631645455796 0.7381644206943623 0.0 0.0 0.0 0.0 0.0 0.0
12.132946975897623 14.347433990573775 7.738805440663279 0.30210305973357543 0.6807526951666922 -0.6673151499275987 0.146763581850463 0.6584631645455796 0.7381644206943623 0.0 0.0 0.0 0.0 0.0 0.0
12.555968113729069 14.568753315419187 7.985292713186869 -0.307593848833522 0.7396279587767135 -0.5986121505245025 0.146763581850463 0.6584631645455796 0.7381644206943623 0.0 0.0 0.0 0.0 0.0 0.0
8.973532313498731 4.101476558323767 11.734212305702842 -0.3850193274092127 0.6102859412929085 0.692323036870496 0.865917384091975 0.49840235691063783 0.04221580928079286 0.0 0.0 0.0 0.0 0.0 0.0
9.15481785908252 4.5819273575320505 11.576137378466202 -0.12465785016442876 0.13329915200104706 0.9832048395264257 0.865917384091975 0.49840235691063783 0.04221580928079286 0.0 0.0 0.0 0.0 0.0 0.0
9.307687643798962 5.0927637026332375 11.642184025336196 0.18306322852593235 -0.3943302137789851 0.900550685337967 0.865917384091975 0.49840235691063783 0.04221580928079286 0.0 0.0 0.0 0.0 0.0 0.0
9.502286697217983 5.513712463095887 11.913511229264845 0.4212355260453285 -0.7721469384947881 0.4757622693850796 0.865917384091975 0.49840235691063783 0.04221580928079286 0.0 0.0 0.0 0.0 0.0 0.0
9.792906402053232 5.758650304633011 12.293288457469705 0.499373404537679 -0.8566121316680495 -0.12977618702815774 0.865917384091975 0.49840235691063783 0.04221580928079286 0.0 0.0 0.0 0.0 0.0 0.0
10.197358290165651 5.808323383803064 12.643483199758084 0.3877909775680787 -0.6156360542295259 -0.6860105002472582 0.865917384091975 0.49840235691063783 0.04221580928079286 0.0 0.0 0.0 0.0 0.0 0.0
10.690207143816574 5.71766220504048 12.837301826929748 0.12888027470097171 -0.14076954690327506 -0.9816179549385026 0.865917384091975 0.49840235691063783 0.04221580928079286 0.0 0.0 0.0 0.0 0.0 0.0
11.212434260140807 5.594912603631976 12.807360610386528 -0.1789941992883188 0.3875776648328451 -0.9042923367716059 0.865917384091975 0.49840235691063783 0.04221580928079286 0.0 0.0 0.0 0.0 0.0 0.0
11.693859643105208 5.560511343117267 12.571285927222622 -0.4188657843445547 0.7686776417459725 -0.48341094090356523 0.865917384091975 0.49840235691063783 0.04221580928079286 0.0 0.0 0.0 0.0 0.0 0.0
12.079804557348636 5.701330175225029 12.2250177048692 -0.4996032548658374 0.8577441309549817 0.12112635361366642 0.865917384091975 0.49840235691063783 0.04221580928079286 0.0 0.0 0.0 0.0 0.0 0.0
12.35186489392536 6.037671808972936 11.90636023863326 -0.3905330959426094 0.6209392840970815 0.6796457212684289 0.865917384091975 0.49840235691063783 0.04221580928079286 0.0 0.0 0.0 0.0 0.0 0.0
12.534903198993822 6.515556572068656 11.742628035945543 -0.13309288450561618 0.1482292216594946 0.9799563163428223 0.865917384091975 0.49840235691063783 0.04221580928079286 0.0 0.0 0.0 0.0 0.0 0.0
12.687602976851457 7.027230190905696 11.80227690640254 0.17491153894942493 -0.38079560034696047 0.9079651228426895 0.865917384091975 0.49840235691063783 0.04221580928079286 0.0 0.0 0.0 0.0 0.0 0.0
12.880173845516211 7.452101440661896 12.068896455180692 0.416464144392598 -0.7651498072186818 0.49102279880729943 0.865917384091975 0.49840235691063783 0.04221580928079286 0.0 0.0 0.0 0.0 0.0 0.0
13.167677728999323 7.702556767787125 12.447444666397022 0.49979505847184486 -0.8588108097054505 -0.1124672959583876 0.865917384091975 0.49840235691063783 0.04221580928079286 0.0 0.0 0.0 0.0 0.0 0.0
13.569109911787164 7.757246143817476 12.80035595396085 0.39324547370987345 -0.6261952270340894 -0.6732291846365697 0.865917384091975 0.49840235691063783 0.04221580928079286 0.0 0.0 0.0 0.0 0.0 0.0
14.060182412680659 7.669194298142145 12.999804627703584 0.13729535877181526 -0.1556776081865923 -0.9782200502795976 0.865917384091975 0.49840235691063783 0.04221580928079286 0.0 0.0 0.0 0.0 0.0 0.0
14.582551394926192 7.545655736782277 12.976268010205347 -0.1708155584196428 0.3739845368017991 -0.9115687638543388 0.865917384091975 0.49840235691063783 0.04221580928079286 0.0 0.0 0.0 0.0 0.0 0.0
15.065982965255248 7.50736696235382 12.74493926430396 -0.41403078908363955 0.7615637035711733 -0.49859726342383254 0.865917384091975 0.49840235691063783 0.04221580928079286 0.0 0.0 0.0 0.0 0.0 0.0
15.455036204185193 7.642676658117048 12.399955256516726 -0.4999488007491147 0.8598120866877391 0.10379967348308684 0.865917384091975 0.49840235691063783 0.04221580928079286 0.0 0.0 0.0 0.0 0.0 0.0
8.914464103438766 10.015324935931842 12.181632232650369 0.9475471903353666 -0.31611362212598004 -0.04718580288546 0.315023737426887 0.898763257882837 0.3049338471495498 0.0 0.0 0.0 0.0 0.0 0.0
9.12625221696368 10.222715103805609 12.629761918519547 0.7992079200160513 -0.0779230127845342 -0.5959821345159583 0.315023737426887 0.898763257882837 0.3049338471495498 0.0 0.0 0.0 0.0 0.0 0.0
9.520219801003366 10.412342718463291 12.942037458073207 0.34723619883878293 0.18987185191705416 -0.9183548889539277 0.315023737426887 0.898763257882837 0.3049338471495498 0.0 0.0 0.0 0.0 0.0 0.0
9.993339887494155 10.64525162773979 13.044973971793741 -0.23665635975699062 0.38553122558727765 -0.8918292670033545 0.315023737426887 0.898763257882837 0.3049338471495498 0.0 0.0 0.0 0.0 0.0 0.0
10.412514149331935 10.96604239201967 12.944617976039412 -0.7306392105977492 0.4347208409185389 -0.5264827959280106 0.315023737426887 0.898763257882837 0.3049338471495498 0.0 0.0 0.0 0.0 0.0 0.0
10.665139180124363 11.385927785665439 12.72425021038749 -0.9470400096962538 0.31875274063998055 0.0388832916433244 0.315023737426887 0.898763257882837 0.3049338471495498 0.0 0.0 0.0 0.0 0.0 0.0
10.701886410907873 11.878472876569663 12.512745892289127 -0.8036444754465627 0.08168514493066732 0.5894769666253922 0.315023737426887 0.898763257882837 0.3049338471495498 0.0 0.0 0.0 0.0 0.0 0.0
10.55544285822663 12.389638098831059 12.435612867280943 -0.35493096875561614 -0.18641600304059994 0.9161184864571643 0.315023737426887 0.898763257882837 0.3049338471495498 0.0 0.0 0.0 0.0 0.0 0.0
10.328092780049626 12.858309787333761 12.567309080086378 0.2286267470949329 -0.3836945947473796 0.8947112765995701 0.315023737426887 0.898763257882837 0.3049338471495498 0.0 0.0 0.0 0.0 0.0 0.0
10.152858176066662 13.239518280890831 12.902954756544815 0.7253253392887471 -0.4352011948781047 0.5333882939869717 0.315023737426887 0.898763257882837 0.3049338471495498 0.0 0.0 0.0 0.0 0.0 0.0
10.142961505996963 13.521522648381811 13.36018631140067 0.9464607082937876 -0.32136758489868156 -0.03057781928798783 0.315023737426887 0.898763257882837 0.3049338471495498 0.0 0.0 0.0 0.0 0.0 0.0
10.348810584163262 13.730271264783294 13.810447651387694 0.8080198302388322 -0.08544105643675871 -0.5829269077815652 0.315023737426887 0.898763257882837 0.3049338471495498 0.0 0.0 0.0 0.0 0.0 0.0
10.738847808056882 13.91954358968161 14.12783078440409 0.3625987093050068 0.18294595786377363 -0.9138123179907608 0.315023737426887 0.898763257882837 0.3049338471495498 0.0 0.0 0.0 0.0 0.0 0.0
11.211539419145764 14.150518451431374 14.236910370781345 -0.22057972362092002 0.3818287440785558 -0.8975251504680573 0.315023737426887 0.898763257882837 0.3049338471495498 0.0 0.0 0.0 0.0 0.0 0.0
11.633949875294704 14.468531187408106 14.14139907086874 -0.7199562316469474 0.43564840658172893 -0.5402531724622492 0.315023737426887 0.898763257882837 0.3049338471495498 0.0 0.0 0.0 0.0 0.0 0.0
11.89224628578627 14.885849991372838 13.922737043294273 -0.9458093302440136 0.32395795577156566 0.022270018313325222 0.315023737426887 0.898763257882837 0.3049338471495498 0.0 0.0 0.0 0.0 0.0 0.0
11.934945429688778 15.377015021549052 13.709151467095056 -0.8123336511926533 0.08919046127560229 0.5763324567968169 0.315023737426887 0.898763257882837 0.3049338471495498 0.0 0.0 0.0 0.0 0.0 0.0
11.792473092241806 15.88851102017942 13.626940892557 -0.37023883655882633 -0.17946198064395352 0.9114365591783734 0.315023737426887 0.898763257882837 0.3049338471495498 0.0 0.0 0.0 0.0 0.0 0.0
11.56560480035167 16.359098654675222 13.752492310362047 0.21251590214694388 -0.37993381567256196 0.9002706743214258 0.315023737426887 0.898763257882837 0.3049338471495498 0.0 0.0 0.0 0.0 0.0 0.0
11.387179515042751 16.743080363933828 14.083260456705721 0.7145322965506835 -0.4360624419725121 0.5470769085667679 0.315023737426887 0.898763257882837 0.3049338471495498 0.0 0.0 0.0 0.0 0.0 0.0
3.19860830771694 2.0850161296229013 5.402152062078541 -0.3441789752620706 0.6659013099631393 0.661903526487755 0.9114380502569013 0.06769365471988469 0.4058303212607005 0.0 0.0 0.0 0.0 0.0 0.0
3.593938959825841 2.448688255283165 5.414041664227302 -0.4109889008726813 0.10375522075907939 0.9057168307615245 0.9114380502569013 0.06769365471988469 0.4058303212607005 0.0 0.0 0.0 0.0 0.0 0.0
3.8955846790490303 2.8360113867801235 5.632389446446572 -0.3216572716737723 -0.4978092115061385 0.8054331682511104 0.9114380502569013 0.06769365471988469 0.4058303212607005 0.0 0.0 0.0 0.0 0.0 0.0
4.1239086130732225 3.1098588928506685 6.034335744711674 -0.11012266714320183 -0.9102476013940006 0.39915197899764415 0.9114380502569013 0.06769365471988469 0.4058303212607005 0.0 0.0 0.0 0.0 0.0 0.0
4.327130081657108 3.176215429542469 6.527268749148624 0.14324937978788108 -0.976867708983956 -0.15877372054223524 0.9114380502569013 0.06769365471988469 0.4058303212607005 0.0 0.0 0.0 0.0 0.0 0.0
4.563005250870988 3.0198949412341913 6.984009278992149 0.3421985923356378 -0.6723594415737798 -0.6563786290930732 0.9114380502569013 0.06769365471988469 0.4058303212607005 0.0 0.0 0.0 0.0 0.0 0.0
4.876884599975072 2.71031009706335 7.291128279680925 0.41114083839972343 -0.11241058105933188 -0.9046143223859962 0.9114380502569013 0.06769365471988469 0.4058303212607005 0.0 0.0 0.0 0.0 0.0 0.0
5.284483516128937 2.3751012574030304 7.392040417118083 0.32388380604750594 0.490244938604247 -0.8091719102595557 0.9114380502569013 0.06769365471988469 0.4058303212607005 0.0 0.0 0.0 0.0 0.0 0.0
5.76591175606235 2.151643766923128 7.3085017921509445 0.11357790072937608 0.9066482096337973 -0.4063115607926218 0.9114380502569013 0.06769365471988469 0.4058303212607005 0.0 0.0 0.0 0.0 0.0 0.0
6.273230082040757 2.134856764356976 7.132344434116518 -0.1398781479970788 0.9786006674737632 0.15091334378646135 0.9114380502569013 0.06769365471988469 0.4058303212607005 0.0 0.0 0.0 0.0 0.0 0.0
6.748663179781959 2.3411418147331826 6.9905877775467085 -0.3401921496615231 0.6787663704097988 0.6508037459245127 0.9114380502569013 0.06769365471988469 0.4058303212607005 0.0 0.0 0.0 0.0 0.0 0.0
7.146549466303654 2.7021516806017165 6.997181855337962 -0.41126146596012503 0.12105738085862135 0.9034429241274612 0.9114380502569013 0.06769365471988469 0.4058303212607005 0.0 0.0 0.0 0.0 0.0 0.0
7.450688688719379 3.0907565802460493 7.209715776110942 -0.326085675415442 -0.48264333165222045 0.8128490306941982 0.9114380502569013 0.06769365471988469 0.4058303212607005 0.0 0.0 0.0 0.0 0.0 0.0
7.680496671163853 3.3693429172538645 7.6075386590069956 -0.11702448491867501 -0.9029797731021993 0.41344020038914586 0.9114380502569013 0.06769365471988469 0.4058303212607005 0.0 0.0 0.0 0.0 0.0 0.0
7.883628918588935 3.4420949865707344 8.09960524859067 0.13649626394374634 -0.9802591017339359 -0.1430414743952735 0.9114380502569013 0.06769365471988469 0.4058303212607005 0.0 0.0 0.0 0.0 0.0 0.0
8.117875493674855 3.2913969628034563 8.559065529585135 0.33815980003810425 -0.6851216085587604 -0.6451793015310112 0.9114380502569013 0.06769365471988469 0.4058303212607005 0.0 0.0 0.0 0.0 0.0 0.0
8.429205605819675 2.9845254468078273 8.871457168495011 0.4113507743676303 -0.12969496166966565 -0.9022027251924326 0.9114380502569013 0.06769365471988469 0.4058303212607005 0.0 0.0 0.0 0.0 0.0 0.0
8.834303139924765 2.64808996021874 8.978191667809424 0.3282627120967032 0.47500496954185906 -0.8164642495280804 0.9114380502569013 0.06769365471988469 0.4058303212607005 0.0 0.0 0.0 0.0 0.0 0.0
9.314228169581101 2.419931871382772 8.898813115753825 0.12046215724036882 0.8992425711648513 -0.42053735491371136 0.9114380502569013 0.06769365471988469 0.4058303212607005 0.0 0.0 0.0 0.0 0.0 0.0
9.821612551770725 2.3967561549385406 8.72357306041342 -0.13310398517144761 0.9818428854682841 0.135158711842003 0.9114380502569013 0.06769365471988469 0.4058303212607005 0.0 0.0 0.0 0.0 0.0 0.0
