t = 0
b = 13 13 13
E = -0.9913070025458 -0.9913070025458 0
4.19845187318796 12.8149500237814 4.65191467922853 0.0408943638778412 -0.0367306762668213 0.998488111308296 0.382862018706875 0.923624343010309 0.0182961097086341 0 0 0 0 0 0
4.02764038974824 13.3049910397541 4.79108486967166 0.574289158830955 -0.253474934555305 0.778423033832773 0.382862018706875 0.923624343010309 0.0182961097086341 0 0 0 0 0 0
3.98773813813407 13.7372524364193 5.10769661517008 0.889501900741485 -0.373919827331319 0.262622031265088 0.382862018706875 0.923624343010309 0.0182961097086341 0 0 0 0 0 0
4.15059787278214 14.0842787966788 5.4841730609588 0.866777998881618 -0.352306326098036 -0.352953471786414 0.382862018706875 0.923624343010309 0.0182961097086341 0 0 0 0 0 0
4.51103967954848 14.350996918819 5.7801937517481 0.514750643491295 -0.19684576133245 -0.8344360498389 0.382862018706875 0.923624343010309 0.0182961097086341 0 0 0 0 0 0
4.98881891169531 14.5728440434698 5.88600471872107 -0.032839087533183 0.0333997992489571 -0.998902421530811 0.382862018706875 0.923624343010309 0.0182961097086341 0 0 0 0 0 0
5.45911247280567 14.8023046534102 5.76411584727557 -0.56795270016354 0.250956217680821 -0.783869062525292 0.382862018706875 0.923624343010309 0.0182961097086341 0 0 0 0 0 0
5.7999411980431 15.0889707410673 5.46354399836296 -0.887291586339003 0.373170173251532 -0.271030741074581 0.382862018706875 0.923624343010309 0.0182961097086341 0 0 0 0 0 0
5.93851177825587 15.460700981459 5.1011906834944 -0.869533564140058 0.353610540931405 0.344776690302705 0.382862018706875 0.923624343010309 0.0182961097086341 0 0 0 0 0 0
5.87887215516302 15.9130367557823 4.81742922602876 -0.521425203098381 0.199708352058469 0.829597692675132 0.382862018706875 0.923624343010309 0.0182961097086341 0 0 0 0 0 0
5.70037364061721 16.4108960552412 4.72277458871174 0.0247813103648677 -0.0300663787070675 0.999240661466517 0.382862018706875 0.923624343010309 0.0182961097086341 0 0 0 0 0 0
5.52752402654883 16.9019017227277 4.85589689161717 0.561572989699089 -0.248418389518744 0.789255396553828 0.382862018706875 0.923624343010309 0.0182961097086341 0 0 0 0 0 0
5.48268499315227 17.336280410507 5.168929987001 0.885013701246932 -0.372392100818264 0.279418810843803 0.382862018706875 0.923624343010309 0.0182961097086341 0 0 0 0 0 0
5.63958486080194 17.6857723071874 5.5456566091086 0.872222911051053 -0.354887826953023 -0.336573652739173 0.382862018706875 0.923624343010309 0.0182961097086341 0 0 0 0 0 0
5.99530796847024 17.9543675125473 5.845661256484 0.528060054157472 -0.202555734220276 -0.824696158435149 0.382862018706875 0.923624343010309 0.0182961097086341 0 0 0 0 0 0
6.47140238209916 18.1767901319183 5.95767638859501 -0.0167216460038234 0.0267306684940326 -0.999502805357136 0.382862018706875 0.923624343010309 0.0182961097086341 0 0 0 0 0 0
6.94368509599537 18.4053060080135 5.84185482477546 -0.555150513277254 0.245861643334514 -0.79458162572819 0.382862018706875 0.923624343010309 0.0182961097086341 0 0 0 0 0 0
7.28942123292219 18.689866053443 5.54490835436962 -0.882668418935042 0.371585669284745 -0.287785601788765 0.382862018706875 0.923624343010309 0.0182961097086341 0 0 0 0 0 0
7.43395307597956 19.0591290638778 5.18236114698084 -0.874845834810423 0.356138086892614 0.328344983788886 0.382862018706875 0.923624343010309 0.0182961097086341 0 0 0 0 0 0
7.37906378346484 19.5095737624257 4.89466018897813 -0.534654691398971 0.205387690978696 0.81973182038976 0.382862018706875 0.923624343010309 0.0182961097086341 0 0 0 0 0 0
7.05176762372974 7.43380839842642 3.40532009929392 0.523501254485267 -0.343929371450325 0.779524870678375 0.331583060412387 0.925020785820431 0.18544330628984 0 0 0 0 0 0
6.96454169226192 7.8119311833799 3.77693804624611 0.884275740830257 -0.373236108812361 0.280626479965287 0.331583060412387 0.925020785820431 0.18544330628984 0 0 0 0 0 0
7.07888644374014 8.10497478558571 4.2125248081363 0.909099088931859 -0.260744208261616 -0.324886602311154 0.331583060412387 0.925020785820431 0.18544330628984 0 0 0 0 0 0
7.40046036114522 8.33858173731396 4.5740536588071 0.588540493822027 -0.0491912235815987 -0.806969832555263 0.331583060412387 0.925020785820431 0.18544330628984 0 0 0 0 0 0
7.85619210263548 8.56097554807897 4.75163371075559 0.0443855252368877 0.181050329370468 -0.982471731595516 0.331583060412387 0.925020785820431 0.18544330628984 0 0 0 0 0 0
8.32204152600009 8.82463978712074 4.70525930057336 -0.516632246472153 0.342507835194609 -0.784716193751243 0.331583060412387 0.925020785820431 0.18544330628984 0 0 0 0 0 0
8.67012461252551 9.16637869797215 4.4800088093344 -0.881372790115888 0.373840888002692 -0.28883385414576 0.331583060412387 0.925020785820431 0.18544330628984 0 0 0 0 0 0
8.81729874381158 9.59333465100669 4.18891863195475 -0.91126507502737 0.263145537172218 0.316781295694216 0.331583060412387 0.925020785820431 0.18544330628984 0 0 0 0 0 0
8.75674997257216 10.0802746375195 3.97003876089613 -0.594952522396377 0.0524767972112551 0.802045934999135 0.331583060412387 0.925020785820431 0.18544330628984 0 0 0 0 0 0
8.56058175513228 10.5791767116079 3.93398528595697 -0.052607559431281 -0.178128755375525 0.982599914104948 0.331583060412387 0.925020785820431 0.18544330628984 0 0 0 0 0 0
8.35242164286474 11.0374743303035 4.12191549235559 0.509723894913248 -0.341060215641171 0.789847757647805 0.331583060412387 0.925020785820431 0.18544330628984 0 0 0 0 0 0
8.26045310848116 11.4180272621123 4.48989151996263 0.878402719451177 -0.374417197762018 0.297019232509975 0.331583060412387 0.925020785820431 0.18544330628984 0 0 0 0 0 0
8.36871650163546 11.7132317819101 4.92557309096603 0.913361664759312 -0.265526826531354 -0.308651864955142 0.331583060412387 0.925020785820431 0.18544330628984 0 0 0 0 0 0
8.68518071501061 11.9479094532453 5.29089745964116 0.601319243032695 -0.0557583745296317 -0.79706095853981 0.331583060412387 0.925020785820431 0.18544330628984 0 0 0 0 0 0
9.1387156687556 12.1698770013521 5.47453175773759 0.0608255873563452 0.175193616186207 -0.982653267826631 0.331583060412387 0.925020785820431 0.18544330628984 0 0 0 0 0 0
9.60611581705235 12.431779939781 5.4341702125137 -0.502776725906269 0.339586623031844 -0.794919171579602 0.331583060412387 0.925020785820431 0.18544330628984 0 0 0 0 0 0
9.95890799485887 12.7710916596151 5.21260681711608 -0.875365755018506 0.374964994202119 -0.305181991709678 0.331583060412387 0.925020785820431 0.18544330628984 0 0 0 0 0 0
10.1121605212655 13.1958766616758 4.92147717710568 -0.915388698464258 0.267887894994622 0.300498929181557 0.331583060412387 0.925020785820431 0.18544330628984 0 0 0 0 0 0
10.0567501650545 13.6817267178297 4.69884627745742 -0.607640170880553 0.0590357056319105 0.792015282802545 0.331583060412387 0.925020785820431 0.18544330628984 0 0 0 0 0 0
9.86282821277177 14.1810339649399 4.65675528644479 -0.0690389831774363 -0.172245135324726 0.982631788697472 0.331583060412387 0.925020785820431 0.18544330628984 0 0 0 0 0 0
7.98579996814327 2.02284668318734 3.93465366726716 -0.301283394742871 -0.360250055476345 0.882863643821344 0.563991830157574 0.679237495284707 0.469627129236448 0 0 0 0 0 0
7.90078225798867 2.47149120633212 4.21780589298791 0.206784565502112 -0.66675501826144 0.71601528551651 0.563991830157574 0.679237495284707 0.469627129236448 0 0 0 0 0 0
7.86290109604676 2.76814890208474 4.6641738255716 0.636291612059275 -0.719948602059582 0.277140749106773 0.563991830157574 0.679237495284707 0.469627129236448 0 0 0 0 0 0
7.9700626270947 2.90069429134465 5.17371600063443 0.824060836966678 -0.499621675036562 -0.267024191434855 0.563991830157574 0.679237495284707 0.469627129236448 0 0 0 0 0 0
8.26506885185831 2.91935090405937 5.62239000285775 0.698755572347972 -0.0894801204382049 -0.709742177243978 0.563991830157574 0.679237495284707 0.469627129236448 0 0 0 0 0 0
8.71935643132502 2.9176105205047 5.90927825344624 0.307981383224107 0.354656427942461 -0.882817243661711 0.563991830157574 0.679237495284707 0.469627129236448 0 0 0 0 0 0
9.24384837678831 2.99671408085879 5.99492828556416 -0.19980008256073 0.664053069808519 -0.720495279295158 0.563991830157574 0.679237495284707 0.469627129236448 0 0 0 0 0 0
9.72279588714516 3.2271885593702 5.91634139609633 -0.631674156501506 0.721164848079058 -0.284445112285693 0.563991830157574 0.679237495284707 0.469627129236448 0 0 0 0 0 0
10.0577532536518 3.62205258769271 5.7729152343329 -0.823564657358658 0.504294043331088 0.259670508549775 0.563991830157574 0.679237495284707 0.469627129236448 0 0 0 0 0 0
10.2049790306001 4.13187045906018 5.68868097316393 -0.702569175618469 0.0958335001748577 0.705132961727801 0.563991830157574 0.679237495284707 0.469627129236448 0 0 0 0 0 0
10.1920541418598 4.66353357980791 5.76518179280786 -0.314655917730612 -0.34903579194848 0.882703613551006 0.563991830157574 0.679237495284707 0.469627129236448 0 0 0 0 0 0
10.1074034267721 5.11563398079856 6.04289492893505 0.192800384069504 -0.661300551143346 0.724920404568777 0.563991830157574 0.679237495284707 0.469627129236448 0 0 0 0 0 0
10.0667015652995 5.41699090034823 6.48585369409334 0.627008596511093 -0.72232617460325 0.291727813868038 0.563991830157574 0.679237495284707 0.469627129236448 0 0 0 0 0 0
10.1689263331305 5.55369354566906 6.99531182360208 0.82300576011342 -0.50892800768176 -0.252297050750114 0.563991830157574 0.679237495284707 0.469627129236448 0 0 0 0 0 0
10.4587552898753 5.5743860356254 7.4472588324538 0.706329275526135 -0.102179581819438 -0.700470047606555 0.563991830157574 0.679237495284707 0.469627129236448 0 0 0 0 0 0
10.9095920272009 5.57178668669091 7.73953367191328 0.321306489970742 0.343388575527595 -0.882522762142604 0.563991830157574 0.679237495284707 0.469627129236448 0 0 0 0 0 0
11.4336705890253 5.64746277435267 7.83063741997373 -0.185786003082574 0.658497671880874 -0.729290324346944 0.563991830157574 0.679237495284707 0.469627129236448 0 0 0 0 0 0
11.9153992256012 5.87324342703934 7.75549941565215 -0.622295287388494 0.723432493192646 -0.298988299247887 0.563991830157574 0.679237495284707 0.469627129236448 0 0 0 0 0 0
12.2552756318364 6.2639305393121 7.61220701910933 -0.822384187793153 0.513523215194253 0.244904379553231 0.563991830157574 0.679237495284707 0.469627129236448 0 0 0 0 0 0
12.4076895365878 6.77167528464643 7.52474058359159 -0.710035585724805 0.108517882093258 0.695753789979204 0.563991830157574 0.679237495284707 0.469627129236448 0 0 0 0 0 0
8.47930785370742 5.49474022154471 6.82267987660855 -0.261342083187331 -0.547657851318719 0.794840357206572 0.378651694176173 0.699285475136999 0.60631899092799 0 0 0 0 0 0
8.28473030069663 5.86651264402136 7.15825392785288 0.308927780867374 -0.71301938321221 0.629417973505713 0.378651694176173 0.699285475136999 0.60631899092799 0 0 0 0 0 0
8.16057284505499 6.0757522756596 7.63730382596251 0.761830815973505 -0.607492930375018 0.224869178362701 0.378651694176173 0.699285475136999 0.60631899092799 0 0 0 0 0 0
8.21007474788555 6.14651387470406 8.16761266035544 0.925301586959301 -0.271169756548197 -0.265111177252472 0.378651694176173 0.699285475136999 0.60631899092799 0 0 0 0 0 0
8.47049917657813 6.15546231921099 8.63748939355193 0.737234814841715 0.168175341507841 -0.654371364206918 0.378651694176173 0.699285475136999 0.60631899092799 0 0 0 0 0 0
8.89897630451101 6.20274633810627 8.95820215368763 0.269080210656971 0.543627815583284 -0.795024929393379 0.378651694176173 0.699285475136999 0.60631899092799 0 0 0 0 0 0
9.38879027492977 6.37395033466905 9.09768895615261 -0.301302464337569 0.712546993546255 -0.633635231795313 0.378651694176173 0.699285475136999 0.60631899092799 0 0 0 0 0 0
9.80992233912228 6.70757944083101 9.0927385875925 -0.757215295621702 0.610757655510573 -0.231516915822077 0.378651694176173 0.699285475136999 0.60631899092799 0 0 0 0 0 0
10.058447152852 7.18043077378412 9.03501393078605 -0.925449376134534 0.276931272822971 0.25855854722838 0.378651694176173 0.699285475136999 0.60631899092799 0 0 0 0 0 0
10.0960157521726 7.71640859909089 9.03622770295586 -0.742089765965412 -0.162105930454051 0.650403295318395 0.378651694176173 0.699285475136999 0.60631899092799 0 0 0 0 0 0
9.96442496599144 8.21543437244999 9.18570092675847 -0.276797846626783 -0.539556380484953 0.795148957353748 0.378651694176173 0.699285475136999 0.60631899092799 0 0 0 0 0 0
9.76973810196226 8.59146825190037 9.51642838040927 0.293654202458565 -0.712020340668004 0.637804236308794 0.378651694176173 0.699285475136999 0.60631899092799 0 0 0 0 0 0
9.64198972262336 8.80519707229173 9.99254332979519 0.752542110393459 -0.613975869086016 0.238147022371959 0.378651694176173 0.699285475136999 0.60631899092799 0 0 0 0 0 0
9.68578334102742 8.87897007400616 10.5229439004241 0.925526688756752 -0.282671699709136 -0.251986226969867 0.378651694176173 0.699285475136999 0.60631899092799 0 0 0 0 0 0
9.94055079725532 8.88830805287761 10.9959042026865 0.746888204080312 0.156024174406037 -0.646385695700795 0.378651694176173 0.699285475136999 0.60631899092799 0 0 0 0 0 0
10.3655714431042 8.93321174721422 11.3215208652753 0.284494403368908 0.53544385607927 -0.795212431642471 0.378651694176173 0.699285475136999 0.60631899092799 0 0 0 0 0 0
10.8554425971526 9.10016988539187 11.4658688290499 -0.285983577675115 0.711439464684112 -0.64192466956032 0.378651694176173 0.699285475136999 0.60631899092799 0 0 0 0 0 0
11.2801237856716 9.42930067192974 11.4638900441999 -0.747811616169924 0.617147326021924 -0.244758993104063 0.378651694176173 0.699285475136999 0.60631899092799 0 0 0 0 0 0
11.5343412927546 9.89911021085287 11.4061184391706 -0.9255335189383 0.28839060005096 0.245394716984567 0.378651694176173 0.699285475136999 0.60631899092799 0 0 0 0 0 0
11.5775834050737 10.4346583961318 11.4042845675992 -0.751629763766776 -0.14993053651307 0.642318871309884 0.378651694176173 0.699285475136999 0.60631899092799 0 0 0 0 0 0
5.95654696261247 12.0838802011129 8.40593658996877 0.779296030338281 -0.352010505190391 0.518446044767054 0.121803845388583 0.896629531096187 0.42569861077385 0 0 0 0 0 0
5.87657444784023 12.2987341411558 8.89186588878434 0.991707912532855 -0.12764559520495 -0.01490027665852 0.121803845388583 0.896629531096187 0.42569861077385 0 0 0 0 0 0
6.02266178293399 12.4844912637554 9.37439866906676 0.827353378284099 0.145214010519395 -0.542585733862181 0.121803845388583 0.896629531096187 0.42569861077385 0 0 0 0 0 0
6.35734434664032 12.7033499246221 9.73324901424281 0.34867346301439 0.362904385798638 -0.864133799221895 0.121803845388583 0.896629531096187 0.42569861077385 0 0 0 0 0 0
6.77150703721181 13.0049326516503 9.89512003269622 -0.262473330363913 0.442721317475211 -0.857382986710542 0.121803845388583 0.896629531096187 0.42569861077385 0 0 0 0 0 0
7.12583892386811 13.4074337169273 9.86155057235137 -0.773902117216901 0.354341018737249 -0.524898042868753 0.121803845388583 0.896629531096187 0.42569861077385 0 0 0 0 0 0
7.30375979855395 13.8907068285748 9.70833058661865 -0.991312550785793 0.131340642715101 0.0070044432861577 0.121803845388583 0.896629531096187 0.42569861077385 0 0 0 0 0 0
7.25571094609647 14.4039190438618 9.5567072639534 -0.83210677244916 -0.141558239372958 0.53624582432861 0.121803845388583 0.896629531096187 0.42569861077385 0 0 0 0 0 0
7.01798332867694 14.8848630540297 9.52732119381686 -0.356769719175755 -0.36067677959568 0.861758451156554 0.121803845388583 0.896629531096187 0.42569861077385 0 0 0 0 0 0
6.69893004254551 15.28359078094 9.69437298973672 0.25411011528413 -0.442768181055825 0.859874634557156 0.121803845388583 0.896629531096187 0.42569861077385 0 0 0 0 0 0
6.43780116518869 15.5813894870468 10.0574332356599 0.76844926845301 -0.356644547843644 0.531310067952262 0.121803845388583 0.896629531096187 0.42569861077385 0 0 0 0 0 0
6.35184032275502 15.7978910572509 10.5416056282905 0.990841696749965 -0.135025688126803 0.000891923501679554 0.121803845388583 0.896629531096187 0.42569861077385 0 0 0 0 0 0
6.49174187627239 15.9836135175979 11.0259813349113 0.836796798461866 0.137891688018527 -0.529865077599357 0.121803845388583 0.896629531096187 0.42569861077385 0 0 0 0 0 0
6.82239128632898 16.2007683925675 11.3895742804211 0.364838805941715 0.358421706459539 -0.859317476848723 0.121803845388583 0.896629531096187 0.42569861077385 0 0 0 0 0 0
7.23620571367966 16.4996255068023 11.5572857800449 -0.245727548735242 0.442781326125205 -0.862300799621208 0.121803845388583 0.896629531096187 0.42569861077385 0 0 0 0 0 0
7.59400653856431 16.8994146382595 11.5284357852626 -0.762937899302154 0.358920917086914 -0.537681631717046 0.121803845388583 0.896629531096187 0.42569861077385 0 0 0 0 0 0
7.77789564529716 17.3810198040601 11.3770212456122 -0.990295386282731 0.138700450809581 -0.0087882223660889 0.121803845388583 0.896629531096187 0.42569861077385 0 0 0 0 0 0
7.73604688756718 17.894241741987 11.223603430397 -0.841423099158579 -0.134214635678185 0.523443979592988 0.121803845388583 0.896629531096187 0.42569861077385 0 0 0 0 0 0
7.50239570790858 18.3768694494879 11.1895046868002 -0.372880108820071 -0.356139338122765 0.856811062188048 0.121803845388583 0.896629531096187 0.42569861077385 0 0 0 0 0 0
7.18374649571176 18.7783151836579 11.3507160517888 0.237326269082144 -0.442760751682303 0.864661297140835 0.121803845388583 0.896629531096187 0.42569861077385 0 0 0 0 0 0
12.328474480133 6.81571806977942 6.09513211137493 0.445991237473525 0.827989860373102 -0.339889110175901 0.142752014978341 0.309083555798931 0.940260186200773 0 0 0 0 0 0
12.7458099158799 6.8659507190961 6.42978553976161 -0.156835433881989 0.945050926815344 -0.286847332922075 0.142752014978341 0.309083555798931 0.940260186200773 0 0 0 0 0 0
13.1273947095385 7.1316077569164 6.69905210958303 -0.700077701757113 0.703071345751541 -0.124827458059497 0.142752014978341 0.309083555798931 0.940260186200773 0 0 0 0 0 0
13.3493967690537 7.55752993012294 6.93986425641209 -0.977348746059721 0.193983205710679 0.0846164551236877 0.142752014978341 0.309083555798931 0.940260186200773 0 0 0 0 0 0
13.3486121511521 8.02767058117491 7.19996472684906 -0.883308661334603 -0.388802397405915 0.261913162293697 0.142752014978341 0.309083555798931 0.940260186200773 0 0 0 0 0 0
13.1464772961061 8.40918371350453 7.51976831087198 -0.453684848035202 -0.823875469318571 0.339704680153777 0.142752014978341 0.309083555798931 0.940260186200773 0 0 0 0 0 0
12.8409249656752 8.6028944066797 7.91700758742479 0.148301424238929 -0.945944475973815 0.288436710464063 0.142752014978341 0.309083555798931 0.940260186200773 0 0 0 0 0 0
12.5691779495658 8.58097702679245 8.37999602120354 0.693945505977102 -0.708633360858365 0.12758681206442 0.142752014978341 0.309083555798931 0.940260186200773 0 0 0 0 0 0
12.455615833379 8.39752665000035 8.87206787280691 0.975948087844431 -0.202100584234841 -0.0817354493762381 0.142752014978341 0.309083555798931 0.940260186200773 0 0 0 0 0 0
12.5645211145245 8.16800743867282 9.34550812615315 0.887171674157779 0.381213583281077 -0.260005047055025 0.142752014978341 0.309083555798931 0.940260186200773 0 0 0 0 0 0
12.8756572067093 8.02538587564912 9.75968022084214 0.46134390873919 0.819698336957288 -0.339494380305039 0.142752014978341 0.309083555798931 0.940260186200773 0 0 0 0 0 0
13.2919566574073 8.06961457432667 10.0964645608584 -0.139756120868241 0.946765987798068 -0.290004122433821 0.142752014978341 0.309083555798931 0.940260186200773 0 0 0 0 0 0
13.6763986959559 8.32965860971282 10.3671424520408 -0.687760463560091 0.714141410791175 -0.130336449839632 0.142752014978341 0.309083555798931 0.940260186200773 0 0 0 0 0 0
13.9040657151957 8.75249120215932 10.6081101453813 -0.974473107403714 0.210202572017049 0.078848219157867 0.142752014978341 0.309083555798931 0.940260186200773 0 0 0 0 0 0
13.9096015589409 9.22323947751114 10.8670512927598 -0.890967125423142 -0.373595738265944 0.258077131425369 0.142752014978341 0.309083555798931 0.940260186200773 0 0 0 0 0 0
13.7120414184116 9.60882659257002 11.1848211303671 -0.468967836318361 -0.815458781394055 0.339258226644835 0.142752014978341 0.309083555798931 0.940260186200773 0 0 0 0 0 0
13.4075800448374 9.80852985275169 11.5799248914128 0.131200174527861 -0.947515399726796 0.291549449466859 0.142752014978341 0.309083555798931 0.940260186200773 0 0 0 0 0 0
13.1330257551751 9.79224694775202 12.0414873586382 0.681523045521008 -0.719595076090642 0.133076161989571 0.142752014978341 0.309083555798931 0.940260186200773 0 0 0 0 0 0
13.0138246651835 9.61193232251539 12.5333845411763 0.972923917063043 -0.218288552059565 -0.0759549843423336 0.142752014978341 0.309083555798931 0.940260186200773 0 0 0 0 0 0
13.1164016126994 9.38185881496833 13.0079677826436 0.894694726092386 0.365949442488907 -0.256129562222968 0.142752014978341 0.309083555798931 0.940260186200773 0 0 0 0 0 0
11.3132952501656 10.3601767408997 6.35795472650694 -0.293613116183437 0.942499660260244 0.159642501904649 0.854811420407983 0.184115292636102 0.485179342674036 0 0 0 0 0 0
11.7635457076697 10.6374897803005 6.26278589855405 -0.488740978996638 0.599913431477118 0.633432024910927 0.854811420407983 0.184115292636102 0.485179342674036 0 0 0 0 0 0
12.1023876436333 11.0515531052829 6.31200792061058 -0.498187972575606 0.0294100600581385 0.866570131234849 0.854811420407983 0.184115292636102 0.485179342674036 0 0 0 0 0 0
12.3276676155728 11.472320454381 6.55876463134876 -0.318365026114379 -0.55226668488691 0.770483756422686 0.854811420407983 0.184115292636102 0.485179342674036 0 0 0 0 0 0
12.4803762697921 11.7671985952819 6.98115313860679 -0.0175898834529152 -0.924128082836847 0.381677720744094 0.854811420407983 0.184115292636102 0.485179342674036 0 0 0 0 0 0
12.6290753095249 11.8514217106225 7.49054509431795 0.28986795001948 -0.944897771519466 -0.15213406235637 0.854811420407983 0.184115292636102 0.485179342674036 0 0 0 0 0 0
12.8438497575853 11.720255349214 7.96525808572807 0.487200102945794 -0.606684998953563 -0.628147571621767 0.854811420407983 0.184115292636102 0.485179342674036 0 0 0 0 0 0
13.169681484442 11.4507951232046 8.29678481842231 0.499436791211663 -0.0379824520529344 -0.865517316360709 0.854811420407983 0.184115292636102 0.485179342674036 0 0 0 0 0 0
13.6093598435702 11.1726767960546 8.43101685161859 0.321929092358367 0.545150263415337 -0.774062561936376 0.854811420407983 0.184115292636102 0.485179342674036 0 0 0 0 0 0
14.122421949431 11.0188254886034 8.38880129946556 0.0221151489507317 0.92117127938577 -0.388528498596527 0.854811420407983 0.184115292636102 0.485179342674036 0 0 0 0 0 0
14.640525204191 11.0749552032728 8.25802066383239 -0.286100709288859 0.947223925155066 0.144614037210231 0.854811420407983 0.184115292636102 0.485179342674036 0 0 0 0 0 0
15.0934117932664 11.3470046414857 8.16020480253158 -0.485622124720838 0.613410365018461 0.622815282463057 0.854811420407983 0.184115292636102 0.485179342674036 0 0 0 0 0 0
15.4356008037315 11.7588809917056 8.20435970446513 -0.500647575802422 0.0465519515369516 0.864398588991942 0.854811420407983 0.184115292636102 0.485179342674036 0 0 0 0 0 0
15.6636671835396 12.1813688607432 8.44555429195773 -0.325468642455572 -0.53799232664057 0.77758241958907 0.854811420407983 0.184115292636102 0.485179342674036 0 0 0 0 0 0
15.8175429760591 12.481221361995 8.86399881646233 -0.0266387302943334 -0.918144325175308 0.395349688499542 0.854811420407983 0.184115292636102 0.485179342674036 0 0 0 0 0 0
15.9653464691698 12.5717828354337 9.37256331490009 0.282311680881542 -0.949477944021439 -0.137082999145263 0.854811420407983 0.184115292636102 0.485179342674036 0 0 0 0 0 0
16.1775029188204 12.4459107816573 9.84987973936937 0.484007164490922 -0.620089017509148 -0.61743556350926 0.854811420407983 0.184115292636102 0.485179342674036 0 0 0 0 0 0
16.499988816846 12.1786894168286 10.1864517077091 0.501820234141948 -0.055117905909626 -0.863214034323967 0.854811420407983 0.184115292636102 0.485179342674036 0 0 0 0 0 0
16.936864653034 11.8989039236135 10.3262540097636 0.328983406855551 0.530793419667207 -0.78104306132998 0.854811420407983 0.184115292636102 0.485179342674036 0 0 0 0 0 0
17.4487322671663 11.740112807113 10.2880175214123 0.0311602829954872 0.915047450719743 -0.40214077099312 0.854811420407983 0.184115292636102 0.485179342674036 0 0 0 0 0 0
0.217477544591222 2.59405165728143 11.5005657566199 -0.24893687916334 -0.263738424624331 0.931918705450799 0.240699643104702 0.915173972058106 0.323295967615833 0 0 0 0 0 0
-0.0471365248284248 3.02792612608732 11.6749717247 0.348446203411631 -0.39236117215028 0.851256690967465 0.240699643104702 0.915173972058106 0.323295967615833 0 0 0 0 0 0
-0.232322271216515 3.37236185335589 12.0434216822709 0.813448747600674 -0.371919350447366 0.447188027332692 0.240699643104702 0.915173972058106 0.323295967615833 0 0 0 0 0 0
-0.23208234999383 3.63201855298752 12.5138081647431 0.969408512438425 -0.210179149349558 -0.126774844470879 0.240699643104702 0.915173972058106 0.323295967615833 0 0 0 0 0 0
-0.0108657278583236 3.84376490891162 12.9552963174292 0.757073775754808 0.0314116245941296 -0.652573833297595 0.240699643104702 0.915173972058106 0.323295967615833 0 0 0 0 0 0
0.382925885281851 4.06267154565032 13.2480302442819 0.257114054063409 0.261068597180151 -0.930449112401891 0.240699643104702 0.915173972058106 0.323295967615833 0 0 0 0 0 0
0.835326655135886 4.34108877733078 13.3286682666859 -0.340527595484422 0.391541244863255 -0.854831217425131 0.240699643104702 0.915173972058106 0.323295967615833 0 0 0 0 0 0
1.21010414888453 4.70875784809767 13.2144474861805 -0.808797118189936 0.373260827402289 -0.454448650932769 0.240699643104702 0.915173972058106 0.323295967615833 0 0 0 0 0 0
1.40051631409294 5.16151173621559 12.9966351213958 -0.969791093328395 0.213172381022956 0.118586556025213 0.240699643104702 0.915173972058106 0.323295967615833 0 0 0 0 0 0
1.36986456906262 5.66285827529517 12.8058545657883 -0.762345218068973 -0.0279038169591461 0.64656874768773 0.240699643104702 0.915173972058106 0.323295967615833 0 0 0 0 0 0
1.16543620758626 6.15784413842091 12.7624593765606 -0.265271648732804 -0.258378888351528 0.928908662050693 0.240699643104702 0.915173972058106 0.323295967615833 0 0 0 0 0 0
0.900539165434465 6.59393252581702 12.9308089460755 0.33258305506241 -0.390691500194519 0.858340645175976 0.240699643104702 0.915173972058106 0.323295967615833 0 0 0 0 0 0
0.711454441148889 6.94096277345067 13.294817292666 0.804083895747263 -0.374573879100067 0.461674666508607 0.240699643104702 0.915173972058106 0.323295967615833 0 0 0 0 0 0
0.705660666199438 7.20260889355747 13.7640643940137 0.970099820871908 -0.216149378794208 -0.11038923675418 0.240699643104702 0.915173972058106 0.323295967615833 0 0 0 0 0 0
0.921001175941972 7.41498375596698 14.20814826537 0.767558604843244 0.0243938843404671 -0.640514423364437 0.240699643104702 0.915173972058106 0.323295967615833 0 0 0 0 0 0
1.31130669380979 7.63291920507945 14.5062268537664 0.273409041939107 0.255669502970202 -0.927297471708464 0.240699643104702 0.915173972058106 0.323295967615833 0 0 0 0 0 0
1.76393581139045 7.90913452543864 14.5929279543095 -0.324613187153108 0.38981200285542 -0.861784706963489 0.240699643104702 0.915173972058106 0.323295967615833 0 0 0 0 0 0
2.1425693427456 8.27420750411417 14.4831852037842 -0.799309439202791 0.37585840554673 -0.468865523771145 0.240699643104702 0.915173972058106 0.323295967615833 0 0 0 0 0 0
2.33900026228416 8.72495741816047 14.2665645423623 -0.970334671558168 0.219109915953408 0.102183510915378 0.240699643104702 0.915173972058106 0.323295967615833 0 0 0 0 0 0
2.31424336290941 9.22565344444267 14.0732366154688 -0.772713539058031 -0.020882094033051 0.634411321387953 0.240699643104702 0.915173972058106 0.323295967615833 0 0 0 0 0 0
1.19112054825169 1.35200896233527 2.44369945941482 0.821792327933436 -0.497658580733707 0.277476677888171 0.447619448304762 0.865186848708091 0.226027755644972 0 0 0 0 0 0
1.33521308573125 1.61085342279075 2.8919426836275 0.87241382243937 -0.367036520870067 -0.322766656834817 0.447619448304762 0.865186848708091 0.226027755644972 0 0 0 0 0 0
1.6781723814864 1.78603189676508 3.26661123825881 0.591590719819313 -0.0969711502045066 -0.800385542255532 0.447619448304762 0.865186848708091 0.226027755644972 0 0 0 0 0 0
2.1559848004388 1.93910579399908 3.4588318833488 0.0860124118705207 0.209935181694919 -0.973924578440722 0.447619448304762 0.865186848708091 0.226027755644972 0 0 0 0 0 0
2.65340375138346 2.14003442250607 3.42904639013865 -0.452243449398721 0.437083628139383 -0.777453384125673 0.447619448304762 0.865186848708091 0.226027755644972 0 0 0 0 0 0
3.04773379380783 2.44059627780028 3.22204037355445 -0.818684463134131 0.498176696605133 -0.285614650853869 0.447619448304762 0.865186848708091 0.226027755644972 0 0 0 0 0 0
3.25544468710082 2.85471752676079 2.94992848832123 -0.874093561650593 0.370004108960397 0.31473386349963 0.447619448304762 0.865186848708091 0.226027755644972 0 0 0 0 0 0
3.26390592551217 3.35318122400101 2.74956019717587 -0.597419902030979 0.101260774182796 0.795509721040036 0.447619448304762 0.865186848708091 0.226027755644972 0 0 0 0 0 0
3.13618527845772 3.87472731790238 2.73052837197233 -0.0937764333016897 -0.205953221696709 0.974058135344066 0.447619448304762 0.865186848708091 0.226027755644972 0 0 0 0 0 0
2.98708829048147 4.34932636843765 2.93353312936926 0.445494270297267 -0.434922145299395 0.782545578647326 0.447619448304762 0.865186848708091 0.226027755644972 0 0 0 0 0 0
2.93954173543697 4.72478490226708 3.31491917604167 0.815514252343291 -0.498656874392344 0.293730873158102 0.447619448304762 0.865186848708091 0.226027755644972 0 0 0 0 0 0
3.07789167987432 4.98657458588852 3.76326118449273 0.875706735252906 -0.3729435198053 -0.306677101962195 0.447619448304762 0.865186848708091 0.226027755644972 0 0 0 0 0 0
3.41585900216672 5.16335178243565 4.1416961379019 0.603203588404102 -0.105542686761085 -0.790573318679341 0.447619448304762 0.865186848708091 0.226027755644972 0 0 0 0 0 0
3.89132660141567 5.31607052021469 4.33991987844268 0.101533313294392 0.201955577563288 -0.974117513949186 0.447619448304762 0.865186848708091 0.226027755644972 0 0 0 0 0 0
4.38993872262482 5.51482503825383 4.3160935010281 -0.438711165082328 0.432727541454173 -0.787578179293417 0.447619448304762 0.865186848708091 0.226027755644972 0 0 0 0 0 0
4.78854661994939 5.81221981298323 4.11273865286241 -0.812281936984744 0.499099077527941 -0.301824726719119 0.447619448304762 0.865186848708091 0.226027755644972 0 0 0 0 0 0
5.0019948241798 6.2233842381393 3.84058284874416 -0.877253220396893 0.37585452955726 0.298596985776098 0.447619448304762 0.865186848708091 0.226027755644972 0 0 0 0 0 0
5.01547312921792 6.72022471513423 3.63649223692894 -0.608941338488569 0.109816561855152 0.7855767110996 0.447619448304762 0.865186848708091 0.226027755644972 0 0 0 0 0 0
4.89014323698721 7.24209788085942 3.61147386112708 -0.109282461132186 -0.197942553730732 0.974102709734168 0.447619448304762 0.865186848708091 0.226027755644972 0 0 0 0 0 0
4.73990240430284 7.71885003523343 3.80850222865931 0.43189465031363 -0.430499983731296 0.792550802811921 0.447619448304762 0.865186848708091 0.226027755644972 0 0 0 0 0 0
12.6157150521973 2.02031993133129 3.63643181542264 0.270518374885257 -0.697150829478633 0.663928105902057 0.241399814793657 0.716729706935705 0.654235933447138 0 0 0 0 0 0
12.4127513815934 2.21433754904722 4.09452352518081 0.765605627628324 -0.55492249745191 0.325436698553766 0.241399814793657 0.716729706935705 0.654235933447138 0 0 0 0 0 0
12.3843075378972 2.28186056600834 4.6267985406142 0.969826502191905 -0.201869830833813 -0.136693551586543 0.241399814793657 0.716729706935705 0.654235933447138 0 0 0 0 0 0
12.5769356758912 2.30336734867904 5.12791425666236 0.805594073938354 0.227876559601635 -0.546891636084817 0.241399814793657 0.716729706935705 0.654235933447138 0 0 0 0 0 0
12.9531990083875 2.37681860028108 5.50436600705703 0.335302988180968 0.571048835151519 -0.749316444493918 0.241399814793657 0.716729706935705 0.654235933447138 0 0 0 0 0 0
13.4058946675901 2.58044045182399 5.71001105035202 -0.262375308753378 0.697270110799959 -0.667063407736912 0.241399814793657 0.716729706935705 0.654235933447138 0 0 0 0 0 0
13.7987818669066 2.94300504706339 5.76359896886421 -0.760372839211084 0.558586813620923 -0.331381829675225 0.241399814793657 0.716729706935705 0.654235933447138 0 0 0 0 0 0
14.0183420535998 3.43289952404363 5.74164838887499 -0.96949201529657 0.207687046873806 0.130197245888816 0.241399814793657 0.716729706935705 0.654235933447138 0 0 0 0 0 0
14.016906504901 3.97013626989364 5.74937627518279 -0.810284965728785 -0.222116501322922 0.542312210957827 0.241399814793657 0.716729706935705 0.654235933447138 0 0 0 0 0 0
13.8307664727687 4.45674155227818 5.88072424704229 -0.343237110438451 -0.567534277077207 0.748393700107313 0.241399814793657 0.716729706935705 0.654235933447138 0 0 0 0 0 0
13.566385530512 4.81397737834548 6.18266858638951 0.254212261725909 -0.697336292302757 0.670147910110627 0.241399814793657 0.716729706935705 0.654235933447138 0 0 0 0 0 0
13.3599522813145 5.01225537464065 6.63737316293267 0.755082145458235 -0.562208591241422 0.337301724787356 0.241399814793657 0.716729706935705 0.654235933447138 0 0 0 0 0 0
13.3256400309329 5.08237790487242 7.16896567825433 0.969083697830729 -0.213488446741086 -0.123691025166735 0.241399814793657 0.716729706935705 0.654235933447138 0 0 0 0 0 0
13.5122304399641 5.10383573695214 7.67236282049728 0.81491415118193 0.216339528012673 -0.537691486656325 0.241399814793657 0.716729706935705 0.654235933447138 0 0 0 0 0 0
13.8845805553985 5.17460817124948 8.05319317143844 0.351145093861078 0.563976499070396 -0.747413962642921 0.241399814793657 0.716729706935705 0.654235933447138 0 0 0 0 0 0
14.3369742060274 5.37393906625546 8.26365048607773 -0.246029855450488 0.697349368947049 -0.673181378126404 0.241399814793657 0.716729706935705 0.654235933447138 0 0 0 0 0 0
14.7332853433649 5.73223077185505 8.32065608439143 -0.749733949276589 0.565787554501019 -0.343195933067228 0.241399814793657 0.716729706935705 0.654235933447138 0 0 0 0 0 0
14.9586946033745 6.21949376830568 8.29943015896377 -0.968601580889339 0.219273588636593 0.117175384894199 0.241399814793657 0.716729706935705 0.654235933447138 0 0 0 0 0 0
14.9633111025432 6.75674018618547 8.30491436620968 -0.819481277767394 -0.210546079609774 0.533029815066356 0.241399814793657 0.716729706935705 0.654235933447138 0 0 0 0 0 0
14.7811268186599 7.24599261859337 8.43190273657177 -0.359026336225295 -0.560375772069658 0.746377306711543 0.241399814793657 0.716729706935705 0.654235933447138 0 0 0 0 0 0
1.20945114974902 12.3309067869082 5.79154320701386 0.578400300304034 -0.430859376811761 0.692685563601252 0.360153727337074 0.89677370467618 0.257072393085241 0 0 0 0 0 0
1.15823375316102 12.6667863188785 6.20777249527762 0.897720203038575 -0.408110130861528 0.165965533001781 0.360153727337074 0.89677370467618 0.257072393085241 0 0 0 0 0 0
1.31165170510247 12.9096371336776 6.66183363201126 0.875981191557367 -0.23031302295948 -0.423807578380804 0.360153727337074 0.89677370467618 0.257072393085241 0 0 0 0 0 0
1.6647495972222 13.0999880876463 7.01928781791787 0.52144227977901 0.0349838529932734 -0.852569105051675 0.360153727337074 0.89677370467618 0.257072393085241 0 0 0 0 0 0
2.13671027342477 13.2983136120056 7.18239884950182 -0.0312012721373971 0.286989778295051 -0.957425374518122 0.360153727337074 0.89677370467618 0.257072393085241 0 0 0 0 0 0
2.60155861866187 13.5620584653575 7.12726473683894 -0.571990939111356 0.429963488609324 -0.698539736906505 0.360153727337074 0.89677370467618 0.257072393085241 0 0 0 0 0 0
2.93602161133081 13.9238135094666 6.91289846916863 -0.895471685138391 0.409586880994737 -0.174267174282518 0.360153727337074 0.89677370467618 0.257072393085241 0 0 0 0 0 0
3.0663618051964 14.3789338959861 6.6588079936373 -0.878747766493172 0.233601369362783 0.416212401443176 0.360153727337074 0.89677370467618 0.257072393085241 0 0 0 0 0 0
2.99639141804003 14.8873037220022 6.49959314811108 -0.528172879478025 -0.0311332080967102 0.848565927160347 0.360153727337074 0.89677370467618 0.257072393085241 0 0 0 0 0 0
2.80602400638767 15.388576732253 6.53380893238123 0.0230637150304539 -0.284039759280782 0.958535069883575 0.360153727337074 0.89677370467618 0.257072393085241 0 0 0 0 0 0
2.6209139693022 15.8251028704385 6.78652281599169 0.565538018594111 -0.429034857022557 0.704340713706286 0.360153727337074 0.89677370467618 0.257072393085241 0 0 0 0 0 0
2.56471834134993 16.163830499466 7.19979118745361 0.893154973602424 -0.411032439501178 0.182555544443231 0.360153727337074 0.89677370467618 0.257072393085241 0 0 0 0 0 0
2.7121174177335 16.4088632709761 7.65467310101548 0.881447421384347 -0.236871926117385 -0.408585528319746 0.360153727337074 0.89677370467618 0.257072393085241 0 0 0 0 0 0
3.06044246155641 16.5999010794746 8.0164179305407 0.534863256767362 0.0272801922858132 -0.844498127688309 0.360153727337074 0.89677370467618 0.257072393085241 0 0 0 0 0 0
3.53068960158894 16.7971574086629 8.1856593852872 -0.0149244015323162 0.281068109539139 -0.959571769092337 0.360153727337074 0.89677370467618 0.257072393085241 0 0 0 0 0 0
3.99753472382258 17.0584832222646 8.13616642507614 -0.559042030167181 0.428073552770353 -0.710088052233753 0.360153727337074 0.89677370467618 0.257072393085241 0 0 0 0 0 0
4.33694619768933 17.4173884156896 7.92480887101544 -0.890770244857227 0.412446696295974 -0.190830012292442 0.360153727337074 0.89677370467618 0.257072393085241 0 0 0 0 0 0
4.47330656621275 17.8703108465129 7.6699516096482 -0.884079950641721 0.240124444157727 0.400927539826431 0.360153727337074 0.89677370467618 0.257072393085241 0 0 0 0 0 0
4.40814088216977 18.3779696519375 7.5064857935996 -0.54151290214889 -0.0234250989826541 0.84036601641424 0.360153727337074 0.89677370467618 0.257072393085241 0 0 0 0 0 0
4.21953731504323 18.880288705312 7.53458143743478 0.00678395148321976 -0.278075055372755 0.960535393195749 0.360153727337074 0.89677370467618 0.257072393085241 0 0 0 0 0 0
8.37055753286727 6.64203697544186 12.5468065432324 -0.758620417269304 0.347618101671632 0.551050558381314 0.646178923427137 0.509631704560661 0.568091827634531 0 0 0 0 0 0
8.50662447101076 7.15719252868039 12.6159849100107 -0.565637743975132 -0.179915306668433 0.804788434942455 0.646178923427137 0.509631704560661 0.568091827634531 0 0 0 0 0 0
8.5137542676173 7.63133638210281 12.8686148258569 -0.157759834786046 -0.639095881981644 0.752773729723868 0.646178923427137 0.509631704560661 0.568091827634531 0 0 0 0 0 0
8.48492270492044 7.95979830911833 13.2928395370797 0.310053673242039 -0.855473246616695 0.41476769887759 0.646178923427137 0.509631704560661 0.568091827634531 0 0 0 0 0 0
8.52676788679496 8.09325508265007 13.8116105583123 0.660072606984498 -0.746842022112112 -0.0808155153184066 0.646178923427137 0.509631704560661 0.568091827634531 0 0 0 0 0 0
8.7190766402008 8.05646919374194 14.3119596802853 0.759318921508073 -0.354473026874408 -0.545695564081579 0.646178923427137 0.509631704560661 0.568091827634531 0 0 0 0 0 0
9.08447216565642 7.93888116720428 14.6879174812555 0.570087282615366 0.172566197745849 -0.803256744506866 0.646178923427137 0.509631704560661 0.568091827634531 0 0 0 0 0 0
9.57981910512203 7.86062961087258 14.8807728820408 0.164269953706002 0.63404463868949 -0.755647257957403 0.646178923427137 0.509631704560661 0.568091827634531 0 0 0 0 0 0
10.1126113857037 7.9269085498804 14.9013784665983 -0.303956277063437 0.854638920733944 -0.4209547443615 0.646178923427137 0.509631704560661 0.568091827634531 0 0 0 0 0 0
10.5761168233647 8.18800245776078 14.8260274039332 -0.656704436298528 0.750541587990807 0.0736655146053438 0.646178923427137 0.509631704560661 0.568091827634531 0 0 0 0 0 0
10.8899264641083 8.62018234423948 14.7674683976403 -0.759959600671146 0.361300957583788 0.540299012951892 0.646178923427137 0.509631704560661 0.568091827634531 0 0 0 0 0 0
11.0305032899667 9.13472079536775 14.8320705683504 -0.574493406901847 -0.165203947239189 0.801663882960247 0.646178923427137 0.509631704560661 0.568091827634531 0 0 0 0 0 0
11.0401243256454 9.61160100152471 15.0794120464056 -0.170767562832986 -0.628945110443295 0.758463240726638 0.646178923427137 0.509631704560661 0.568091827634531 0 0 0 0 0 0
11.0108188900031 9.94511314996633 15.4996452440495 0.297835733437522 -0.85373951078851 0.427109732511833 0.646178923427137 0.509631704560661 0.568091827634531 0 0 0 0 0 0
11.0494051191693 10.0840153500608 16.0172381186585 0.6532862550272 -0.754183997221736 -0.0665099039781363 0.646178923427137 0.509631704560661 0.568091827634531 0 0 0 0 0 0
11.2369079707246 10.0510012842581 16.5196700585629 0.760542405968326 -0.368101373826415 -0.534861315960517 0.646178923427137 0.509631704560661 0.568091827634531 0 0 0 0 0 0
11.5977764876509 9.93407849870929 16.9001803446648 0.57885578129115 0.157829115812334 -0.800009971605173 0.646178923427137 0.509631704560661 0.568091827634531 0 0 0 0 0 0
12.0905951981362 9.85313286507605 17.0983283325669 0.177252167348906 0.623797685591881 -0.76122146358358 0.646178923427137 0.509631704560661 0.568091827634531 0 0 0 0 0 0
12.623818545746 9.91438193350131 17.1229558638932 -0.291692508467388 0.852775085273942 -0.433232194602414 0.646178923427137 0.509631704560661 0.568091827634531 0 0 0 0 0 0
13.0905505768725 10.1700211094474 17.0488281028282 -0.649818323478251 0.757768972421334 0.0593492283642371 0.646178923427137 0.509631704560661 0.568091827634531 0 0 0 0 0 0
8.12658845115389 10.4327252090258 6.73001907176452 0.965063250012739 -0.261564930208364 -0.0153854073700749 0.231908260412935 0.825363351837344 0.514775578476749 0 0 0 0 0 0
8.28406637261455 10.5485713083556 7.23048434292812 0.853248757089727 0.08151819846197 -0.51509352727864 0.231908260412935 0.825363351837344 0.514775578476749 0 0 0 0 0 0
8.63604237510132 10.6829994835899 7.61353402834111 0.417270795789859 0.393631200625005 -0.819109004269526 0.231908260412935 0.825363351837344 0.514775578476749 0 0 0 0 0 0
9.08313526861783 10.9071559033922 7.80986779045755 -0.177235317226247 0.556197128507884 -0.81193127576618 0.231908260412935 0.825363351837344 0.514775578476749 0 0 0 0 0 0
9.4898273659959 11.2580974761386 7.82112179271565 -0.704406770011619 0.507454468150531 -0.496287280832242 0.231908260412935 0.825363351837344 0.514775578476749 0 0 0 0 0 0
9.73594991798563 11.7247133108671 7.71924709369233 -0.963962313816426 0.265921371156525 0.00790454957071416 0.231908260412935 0.825363351837344 0.514775578476749 0 0 0 0 0 0
9.76233723020979 12.2519459305179 7.61917423699237 -0.857292458011947 -0.0766397007080761 0.509093309434735 0.231908260412935 0.825363351837344 0.514775578476749 0 0 0 0 0 0
9.59330469965539 12.7617085279808 7.63514921619671 -0.424922864243187 -0.390084068926215 0.816869009458269 0.231908260412935 0.825363351837344 0.514775578476749 0 0 0 0 0 0
9.32741098882653 13.182551449658 7.83732951180987 0.168882029982993 -0.555328977501448 0.814302515467083 0.231908260412935 0.825363351837344 0.514775578476749 0 0 0 0 0 0
9.10001394204617 13.4768071134403 8.22513009144583 0.698525817461666 -0.509595122918504 0.502368881437919 0.231908260412935 0.825363351837344 0.514775578476749 0 0 0 0 0 0
9.03184587733535 13.6549005529189 8.72744567341262 0.962787968157784 -0.270257561162717 -0.000423089809299668 0.231908260412935 0.825363351837344 0.514775578476749 0 0 0 0 0 0
9.18314536026026 13.7713887728267 9.22966481204406 0.861270872794347 0.0717553665442504 -0.503054322164281 0.231908260412935 0.825363351837344 0.514775578476749 0 0 0 0 0 0
9.53077156573857 13.9042336307962 9.61721270210953 0.432542573175246 0.386507230815305 -0.814566806909305 0.231908260412935 0.825363351837344 0.514775578476749 0 0 0 0 0 0
9.97699586438215 14.1251828241914 9.81908006290964 -0.160515881719302 0.554418536043332 -0.816611742878734 0.231908260412935 0.825363351837344 0.514775578476749 0 0 0 0 0 0
10.3866305627372 14.4725117403225 9.83480075122582 -0.69259166946626 0.51169697004489 -0.508412224708275 0.231908260412935 0.825363351837344 0.514775578476749 0 0 0 0 0 0
10.6383889682449 14.9364819968759 9.73462885692254 -0.961540302467781 0.27457317000928 -0.00705840217204191 0.231908260412935 0.825363351837344 0.514775578476749 0 0 0 0 0 0
10.6709642315503 15.4630412161724 9.63284799962204 -0.865183698465237 -0.0668655679314503 0.496977025359541 0.231908260412935 0.825363351837344 0.514775578476749 0 0 0 0 0 0
10.5063208435674 15.974358427155 9.64435307088966 -0.440129342315702 -0.382900958682344 0.812202571944271 0.231908260412935 0.825363351837344 0.514775578476749 0 0 0 0 0 0
10.241349958155 16.3983933525579 9.84099974398797 0.152137509549756 -0.553465873467178 0.818858782144523 0.231908260412935 0.825363351837344 0.514775578476749 0 0 0 0 0 0
10.0110588228314 16.6962657146892 10.2243053022415 0.686604777933747 -0.513759849465892 0.514416850419322 0.231908260412935 0.825363351837344 0.514775578476749 0 0 0 0 0 0
3.53713627703396 9.69915821146573 3.25754885556845 0.236998322376349 -0.351626236073763 0.905643851243631 0.76628143570326 0.640692497356625 0.048227431276014 0 0 0 0 0 0
3.6527082290992 10.1489361983627 3.52778576740155 0.542158469289378 -0.685059319184909 0.486577767038022 0.76628143570326 0.640692497356625 0.048227431276014 0 0 0 0 0 0
3.89186522129799 10.4425548918961 3.90893809654117 0.64134354931315 -0.758226913356685 -0.117347346011767 0.76628143570326 0.640692497356625 0.048227431276014 0 0 0 0 0 0
4.27721649574262 10.5633357366721 4.26334109446506 0.496871492260529 -0.543331426266294 -0.676690240368686 0.76628143570326 0.640692497356625 0.048227431276014 0 0 0 0 0 0
4.77582964248212 10.5602641657348 4.46349253080482 0.163629648049789 -0.122015246320321 -0.978947198752054 0.76628143570326 0.640692497356625 0.048227431276014 0 0 0 0 0 0
5.31174217264319 10.5293792155596 4.44049292238643 -0.23177783519689 0.345656565688873 -0.909285749205175 0.76628143570326 0.640692497356625 0.048227431276014 0 0 0 0 0 0
5.79482093797822 10.5772866904092 4.21022159882601 -0.539129043733518 0.68200766932327 -0.494171441088236 0.76628143570326 0.640692497356625 0.048227431276014 0 0 0 0 0 0
6.15500522083048 10.7806578349405 3.8673038797204 -0.641656114798854 0.759252656821599 0.108686859604021 0.76628143570326 0.640692497356625 0.048227431276014 0 0 0 0 0 0
6.3689239721246 11.1571006464842 3.54916133368136 -0.500407299933961 0.548044865965923 0.670253205185321 0.76628143570326 0.640692497356625 0.048227431276014 0 0 0 0 0 0
6.46877486365344 11.6584703024691 3.38380302685386 -0.169045385460261 0.128625667708267 0.97717915208072 0.76628143570326 0.640692497356625 0.048227431276014 0 0 0 0 0 0
6.53009185424759 12.1891601834553 3.44119273849015 0.226539697237918 -0.339660572218242 0.912858401536475 0.76628143570326 0.640692497356625 0.048227431276014 0 0 0 0 0 0
6.6430485759552 12.6424244263169 3.7066685514798 0.536058561413655 -0.678904081937112 0.501727482069948 0.76628143570326 0.640692497356625 0.048227431276014 0 0 0 0 0 0
6.87819986360417 12.9409324623392 4.08651315979418 0.641919815687143 -0.760220580257129 -0.100018096271117 0.76628143570326 0.640692497356625 0.048227431276014 0 0 0 0 0 0
7.25967679343705 13.0661481931715 4.44355863991649 0.503904999654098 -0.552716569927167 -0.66376512762539 0.76628143570326 0.640692497356625 0.048227431276014 0 0 0 0 0 0
7.75601888379648 13.0653721644977 4.64929883831118 0.174448249410144 -0.135226293753623 -0.975336689433651 0.76628143570326 0.640692497356625 0.048227431276014 0 0 0 0 0 0
8.29212645809797 13.0337712979078 4.63271100766047 -0.221284307403916 0.333638712279988 -0.916361536166223 0.76628143570326 0.640692497356625 0.048227431276014 0 0 0 0 0 0
8.77779226756402 13.0782233862801 4.4072385360073 -0.532947256158905 0.675748793376631 -0.509245314561383 0.76628143570326 0.640692497356625 0.048227431276014 0 0 0 0 0 0
9.14197273321944 13.2767124333651 4.06568357887644 -0.642134631896174 0.76113060995216 0.0913417161729473 0.76628143570326 0.640692497356625 0.048227431276014 0 0 0 0 0 0
9.35977858932933 13.6487012269377 3.74494996882128 -0.507364325057563 0.557346182381682 0.65722650178112 0.76628143570326 0.640692497356625 0.048227431276014 0 0 0 0 0 0
9.46193073157811 14.1477371003211 3.57403116052678 -0.179837828450431 0.141816621793159 0.973419951121513 0.76628143570326 0.640692497356625 0.048227431276014 0 0 0 0 0 0
0.529325100098127 13.0850078968619 10.1673955777884 0.513532712026736 -0.66172820910773 0.54625994814698 0.483102151861032 0.749097512499375 0.453282723732649 0 0 0 0 0 0
0.526654018801213 13.3125078982233 10.6541416274114 0.831809970903182 -0.55427756930539 0.0294711464140361 0.483102151861032 0.749097512499375 0.453282723732649 0 0 0 0 0 0
0.713594046544618 13.4136603102211 11.1476056257869 0.83406871471243 -0.236247613897162 -0.498514236572892 0.483102151861032 0.749097512499375 0.453282723732649 0 0 0 0 0 0
1.09066006405073 13.4609600711976 11.5274332882497 0.519450808917165 0.171536759880065 -0.837105726372214 0.483102151861032 0.749097512499375 0.453282723732649 0 0 0 0 0 0
1.58613490979405 13.5473616419861 11.7164426740465 0.00748485605988196 0.514151450637171 -0.857666755061344 0.483102151861032 0.749097512499375 0.453282723732649 0 0 0 0 0 0
2.08331592871174 13.7509640521251 11.7099468960405 -0.50732471875467 0.661431409143375 -0.552385844079214 0.483102151861032 0.749097512499375 0.453282723732649 0 0 0 0 0 0
2.4648522620263 14.1053397727904 11.5775347474958 -0.829393150897351 0.557422516772576 -0.0372443155325796 0.483102151861032 0.749097512499375 0.453282723732649 0 0 0 0 0 0
2.65732840049692 14.5867799736933 11.4366327560536 -0.836361258300127 0.241639490672389 0.49204695117663 0.483102151861032 0.749097512499375 0.453282723732649 0 0 0 0 0 0
2.65915596382188 15.1233019040981 11.4078928826143 -0.525581740460138 -0.165946417931079 0.83440135454752 0.483102151861032 0.749097512499375 0.453282723732649 0 0 0 0 0 0
2.5411771528715 15.6219963433141 11.5693548241986 -0.015124932161247 -0.510486507886379 0.859752732879104 0.483102151861032 0.749097512499375 0.453282723732649 0 0 0 0 0 0
2.41975061315905 16.0043253669948 11.9267974282949 0.501078090741082 -0.661084238616377 0.558469673690772 0.483102151861032 0.749097512499375 0.453282723732649 0 0 0 0 0 0
2.41254483999748 16.2359602176819 12.4115432120813 0.826913169391955 -0.560525014356961 0.0450146483522982 0.483102151861032 0.749097512499375 0.453282723732649 0 0 0 0 0 0
2.59383394981767 16.3398233737095 12.9065500863759 0.8385901097399 -0.247012965664856 -0.485542194499999 0.483102151861032 0.749097512499375 0.453282723732649 0 0 0 0 0 0
2.96627970153934 16.3873799164414 13.2908776021567 0.531672646918703 0.16034343851988 -0.83163343982916 0.483102151861032 0.749097512499375 0.453282723732649 0 0 0 0 0 0
3.45992024985524 16.4714867510291 13.4856342491611 0.0227638564404694 0.506782689611582 -0.861773237197587 0.483102151861032 0.749097512499375 0.453282723732649 0 0 0 0 0 0
3.958749819963 16.6711147156598 13.4839496596305 -0.494793303690882 0.660686723965117 -0.564510973674475 0.483102151861032 0.749097512499375 0.453282723732649 0 0 0 0 0 0
4.34479124092573 17.0213462398068 13.3535847758884 -0.824370215247184 0.563584825791343 -0.0527815531322633 0.483102151861032 0.749097512499375 0.453282723732649 0 0 0 0 0 0
4.54291744538403 17.5000469427262 13.2111883354491 -0.840755099296083 0.252367629663638 0.479000461905404 0.483102151861032 0.749097512499375 0.453282723732649 0 0 0 0 0 0
4.54939349850338 18.0362748547682 13.1779800653729 -0.537723064446751 -0.154728248335042 0.828802193004558 0.483102151861032 0.749097512499375 0.453282723732649 0 0 0 0 0 0
4.43329556216262 18.5372324577337 13.3336972812704 -0.0304010471638898 -0.503040277872882 0.863728114147567 0.483102151861032 0.749097512499375 0.453282723732649 0 0 0 0 0 0
3.66974617130978 9.63567754605386 11.7609704953004 0.790068870663212 0.229042098101978 -0.568621927915202 0.327371868664777 0.626590130150516 0.707257003079427 0 0 0 0 0 0
4.06973630525244 9.64391946273484 12.1196138636712 0.336080971125658 0.622341500506913 -0.706923360481204 0.327371868664777 0.626590130150516 0.707257003079427 0 0 0 0 0 0
4.546336107138 9.79402414403837 12.3171140297769 -0.245589708316724 0.779202961874258 -0.576652789272097 0.327371868664777 0.626590130150516 0.707257003079427 0 0 0 0 0 0
4.96695372728527 10.1217481650188 12.3831661744236 -0.733956751528625 0.640032190446781 -0.227302182298023 0.327371868664777 0.626590130150516 0.707257003079427 0 0 0 0 0 0
5.22026588282761 10.5953675439502 12.3974047794634 -0.943481353732306 0.257702489100995 0.208404324020897 0.327371868664777 0.626590130150516 0.707257003079427 0 0 0 0 0 0
5.25851143409998 11.1277302133808 12.4591491567212 -0.79456161548605 -0.222532696410111 0.564934543309793 0.327371868664777 0.626590130150516 0.707257003079427 0 0 0 0 0 0
5.1156366401214 11.6093665476627 12.6496703809021 -0.343774635154857 -0.618223990006741 0.706836684393425 0.327371868664777 0.626590130150516 0.707257003079427 0 0 0 0 0 0
4.89439840724238 11.9500787039702 13.0013150495312 0.237618076677059 -0.7790416536459 0.580199751396842 0.327371868664777 0.626590130150516 0.707257003079427 0 0 0 0 0 0
4.72732522241855 12.1132082908164 13.4852162697472 0.728735708416976 -0.64388836818312 0.233135232422057 0.327371868664777 0.626590130150516 0.707257003079427 0 0 0 0 0 0
4.72636736525808 12.1295635038754 14.0222606735295 0.942994460717975 -0.264111126408143 -0.202501259163093 0.327371868664777 0.626590130150516 0.707257003079427 0 0 0 0 0 0
4.94036512508964 12.0857145773593 14.5131449089138 0.798993851365598 0.216006347991842 -0.561204136751678 0.327371868664777 0.626590130150516 0.707257003079427 0 0 0 0 0 0
5.33649355848036 12.0911043046647 14.8761026436672 0.351442119414612 0.614059399356178 -0.7066961799555 0.327371868664777 0.626590130150516 0.707257003079427 0 0 0 0 0 0
5.81273323404978 12.2364688913747 15.0779689619636 -0.229628349500879 0.778821018379434 -0.583702529064183 0.327371868664777 0.626590130150516 0.707257003079427 0 0 0 0 0 0
6.23662912012522 12.5593657537299 15.1467802703935 -0.723459169259717 0.647695511327307 -0.238950528395521 0.327371868664777 0.626590130150516 0.707257003079427 0 0 0 0 0 0
6.49561246580422 13.0299048282719 15.1611227983571 -0.942435755024509 0.270499650630466 0.196582773050387 0.327371868664777 0.626590130150516 0.707257003079427 0 0 0 0 0 0
6.5397675514716 13.5621043066865 15.220276375623 -0.803365240769934 -0.209463549853871 0.55743099232576 0.327371868664777 0.626590130150516 0.707257003079427 0 0 0 0 0 0
6.40079550522756 14.046556562321 15.4064963651292 -0.359082839996309 -0.609848045704926 0.706501857867386 0.327371868664777 0.626590130150516 0.707257003079427 0 0 0 0 0 0
6.1799705143078 14.3919939367483 15.7537634753664 0.221621135236842 -0.778541072877091 0.58716085552404 0.327371868664777 0.626590130150516 0.707257003079427 0 0 0 0 0 0
6.00966406813859 14.5599628491164 16.2348739210953 0.718127535885732 -0.651453329950651 0.244747627361114 0.327371868664777 0.626590130150516 0.707257003079427 0 0 0 0 0 0
6.00305481637046 14.5794329544242 16.7717745961821 0.941805279199509 -0.276867575257113 -0.190649316398413 0.327371868664777 0.626590130150516 0.707257003079427 0 0 0 0 0 0
11.7766905602933 9.83741295986409 2.32840757709606 -0.820226028328199 0.49811992267338 -0.281257542278985 0.146763581850463 0.65846316454558 0.738164420694362 0 0 0 0 0 0
11.9349286772091 10.3493235660115 2.36832413740721 -0.988617902035871 0.072676384113371 0.131729977478169 0.146763581850463 0.65846316454558 0.738164420694362 0 0 0 0 0 0
11.8678113122489 10.8778007562044 2.43826855022941 -0.781417305950237 -0.380378127855652 0.494671076383593 0.146763581850463 0.65846316454558 0.738164420694362 0 0 0 0 0 0
11.62256984781 11.3195707401839 2.62097325047809 -0.277343210733458 -0.688920629469157 0.669678362911537 0.146763581850463 0.65846316454558 0.738164420694362 0 0 0 0 0 0
11.3141079897578 11.604301244999 2.95633115462391 0.332098207172168 -0.735730665808641 0.590263642944241 0.146763581850463 0.65846316454558 0.738164420694362 0 0 0 0 0 0
11.08134792848 11.7213219213932 3.42623967475155 0.81536996378716 -0.503024321446661 0.286597896340591 0.146763581850463 0.65846316454558 0.738164420694362 0 0 0 0 0 0
11.0344514761032 11.723678187886 3.96147819436784 0.988869038900592 -0.0792106272489328 -0.125951182744147 0.146763581850463 0.65846316454558 0.738164420694362 0 0 0 0 0 0
11.2129677522585 11.7079783894051 4.46800613791454 0.786680233127027 0.374696508571729 -0.490649301712906 0.146763581850463 0.65846316454558 0.738164420694362 0 0 0 0 0 0
11.570807812308 11.7776906718429 4.86269055769749 0.285618454196405 0.686250176194444 -0.668941547742066 0.146763581850463 0.65846316454558 0.738164420694362 0 0 0 0 0 0
11.9937546079787 12.0038337035371 5.10488973062435 -0.323954550769331 0.737085928389799 -0.59309171567776 0.146763581850463 0.65846316454558 0.738164420694362 0 0 0 0 0 0
12.3428559536082 12.3979954958002 5.21189362830081 -0.810451805666545 0.507890412970327 -0.291916424862783 0.146763581850463 0.65846316454558 0.738164420694362 0 0 0 0 0 0
12.5072147846351 12.9079309236807 5.25235516774464 -0.989044869559439 0.0857388381885533 0.120162796339919 0.146763581850463 0.65846316454558 0.738164420694362 0 0 0 0 0 0
12.4461208065256 13.437410522424 5.32020782039508 -0.791883251558309 -0.368986354697982 0.486590162198267 0.146763581850463 0.65846316454558 0.738164420694362 0 0 0 0 0 0
12.2045170163068 13.8827796700038 5.49897871582919 -0.293871946708247 -0.683527462311889 0.668153790083821 0.146763581850463 0.65846316454558 0.738164420694362 0 0 0 0 0 0
11.8959251065891 14.1723387110423 5.8300552887364 0.315786223973213 -0.738385059023767 0.595874622180882 0.146763581850463 0.65846316454558 0.738164420694362 0 0 0 0 0 0
11.6593166765623 14.2935828546431 6.29696150051897 0.805471928503136 -0.512717826672667 0.29721272281902 0.146763581850463 0.65846316454558 0.738164420694362 0 0 0 0 0 0
11.6063155979821 14.2979529535212 6.83161736181994 0.989145380622226 -0.0922605197836942 -0.114365259073521 0.146763581850463 0.65846316454558 0.738164420694362 0 0 0 0 0 0
11.7787902400381 14.2812922640115 7.34020365871659 0.797025965014083 0.363248101084736 -0.482493966958866 0.146763581850463 0.65846316454558 0.738164420694362 0 0 0 0 0 0
12.1329469758976 14.3474339905738 7.73880544066328 0.302103059733576 0.680752695166694 -0.667315149927599 0.146763581850463 0.65846316454558 0.738164420694362 0 0 0 0 0 0
12.5559681137291 14.5687533154192 7.98529271318687 -0.307593848833522 0.739627958776715 -0.598612150524503 0.146763581850463 0.65846316454558 0.738164420694362 0 0 0 0 0 0
8.97353231349873 4.10147655832377 11.7342123057028 -0.385019327409213 0.610285941292909 0.692323036870496 0.865917384091975 0.498402356910638 0.0422158092807929 0 0 0 0 0 0
9.15481785908252 4.58192735753205 11.5761373784662 -0.124657850164429 0.133299152001047 0.983204839526426 0.865917384091975 0.498402356910638 0.0422158092807929 0 0 0 0 0 0
9.30768764379896 5.09276370263324 11.6421840253362 0.183063228525932 -0.394330213778985 0.900550685337967 0.865917384091975 0.498402356910638 0.0422158092807929 0 0 0 0 0 0
9.50228669721798 5.51371246309589 11.9135112292648 0.421235526045329 -0.772146938494788 0.47576226938508 0.865917384091975 0.498402356910638 0.0422158092807929 0 0 0 0 0 0
9.79290640205323 5.75865030463301 12.2932884574697 0.499373404537679 -0.85661213166805 -0.129776187028158 0.865917384091975 0.498402356910638 0.0422158092807929 0 0 0 0 0 0
10.1973582901657 5.80832338380306 12.6434831997581 0.387790977568079 -0.615636054229526 -0.686010500247259 0.865917384091975 0.498402356910638 0.0422158092807929 0 0 0 0 0 0
10.6902071438166 5.71766220504048 12.8373018269297 0.128880274700972 -0.140769546903275 -0.981617954938503 0.865917384091975 0.498402356910638 0.0422158092807929 0 0 0 0 0 0
11.2124342601408 5.59491260363198 12.8073606103865 -0.178994199288319 0.387577664832845 -0.904292336771606 0.865917384091975 0.498402356910638 0.0422158092807929 0 0 0 0 0 0
11.6938596431052 5.56051134311727 12.5712859272226 -0.418865784344555 0.768677641745973 -0.483410940903566 0.865917384091975 0.498402356910638 0.0422158092807929 0 0 0 0 0 0
12.0798045573486 5.70133017522503 12.2250177048692 -0.499603254865838 0.857744130954982 0.121126353613666 0.865917384091975 0.498402356910638 0.0422158092807929 0 0 0 0 0 0
12.3518648939254 6.03767180897294 11.9063602386333 -0.39053309594261 0.620939284097082 0.679645721268429 0.865917384091975 0.498402356910638 0.0422158092807929 0 0 0 0 0 0
12.5349031989938 6.51555657206866 11.7426280359455 -0.133092884505616 0.148229221659495 0.979956316342823 0.865917384091975 0.498402356910638 0.0422158092807929 0 0 0 0 0 0
12.6876029768515 7.0272301909057 11.8022769064025 0.174911538949425 -0.380795600346961 0.90796512284269 0.865917384091975 0.498402356910638 0.0422158092807929 0 0 0 0 0 0
12.8801738455162 7.4521014406619 12.0688964551807 0.416464144392598 -0.765149807218682 0.4910227988073 0.865917384091975 0.498402356910638 0.0422158092807929 0 0 0 0 0 0
13.1676777289993 7.70255676778712 12.447444666397 0.499795058471845 -0.858810809705452 -0.112467295958388 0.865917384091975 0.498402356910638 0.0422158092807929 0 0 0 0 0 0
13.5691099117872 7.75724614381748 12.8003559539608 0.393245473709874 -0.62619522703409 -0.67322918463657 0.865917384091975 0.498402356910638 0.0422158092807929 0 0 0 0 0 0
14.0601824126807 7.66919429814214 12.9998046277036 0.137295358771815 -0.155677608186592 -0.978220050279599 0.865917384091975 0.498402356910638 0.0422158092807929 0 0 0 0 0 0
14.5825513949262 7.54565573678228 12.9762680102053 -0.170815558419643 0.3739845368018 -0.91156876385434 0.865917384091975 0.498402356910638 0.0422158092807929 0 0 0 0 0 0
15.0659829652552 7.50736696235382 12.744939264304 -0.41403078908364 0.761563703571174 -0.498597263423833 0.865917384091975 0.498402356910638 0.0422158092807929 0 0 0 0 0 0
15.4550362041852 7.64267665811705 12.3999552565167 -0.499948800749115 0.85981208668774 0.103799673483087 0.865917384091975 0.498402356910638 0.0422158092807929 0 0 0 0 0 0
8.91446410343877 10.0153249359318 12.1816322326504 0.947547190335367 -0.31611362212598 -0.0471858028854599 0.315023737426887 0.898763257882837 0.30493384714955 0 0 0 0 0 0
9.12625221696368 10.2227151038056 12.6297619185195 0.799207920016052 -0.0779230127845338 -0.595982134515958 0.315023737426887 0.898763257882837 0.30493384714955 0 0 0 0 0 0
9.52021980100337 10.4123427184633 12.9420374580732 0.347236198838783 0.189871851917055 -0.918354888953928 0.315023737426887 0.898763257882837 0.30493384714955 0 0 0 0 0 0
9.99333988749416 10.6452516277398 13.0449739717937 -0.236656359756991 0.385531225587278 -0.891829267003355 0.315023737426887 0.898763257882837 0.30493384714955 0 0 0 0 0 0
10.4125141493319 10.9660423920197 12.9446179760394 -0.730639210597749 0.43472084091854 -0.526482795928011 0.315023737426887 0.898763257882837 0.30493384714955 0 0 0 0 0 0
10.6651391801244 11.3859277856654 12.7242502103875 -0.947040009696254 0.318752740639981 0.0388832916433246 0.315023737426887 0.898763257882837 0.30493384714955 0 0 0 0 0 0
10.7018864109079 11.8784728765697 12.5127458922891 -0.803644475446563 0.0816851449306678 0.589476966625393 0.315023737426887 0.898763257882837 0.30493384714955 0 0 0 0 0 0
10.5554428582266 12.3896380988311 12.4356128672809 -0.354930968755616 -0.1864160030406 0.916118486457165 0.315023737426887 0.898763257882837 0.30493384714955 0 0 0 0 0 0
10.3280927800496 12.8583097873338 12.5673090800864 0.228626747094933 -0.38369459474738 0.894711276599571 0.315023737426887 0.898763257882837 0.30493384714955 0 0 0 0 0 0
10.1528581760667 13.2395182808908 12.9029547565448 0.725325339288748 -0.435201194878105 0.533388293986972 0.315023737426887 0.898763257882837 0.30493384714955 0 0 0 0 0 0
10.142961505997 13.5215226483818 13.3601863114007 0.946460708293789 -0.321367584898682 -0.0305778192879877 0.315023737426887 0.898763257882837 0.30493384714955 0 0 0 0 0 0
10.3488105841633 13.7302712647833 13.8104476513877 0.808019830238833 -0.0854410564367584 -0.582926907781566 0.315023737426887 0.898763257882837 0.30493384714955 0 0 0 0 0 0
10.7388478080569 13.9195435896816 14.1278307844041 0.362598709305007 0.182945957863774 -0.913812317990762 0.315023737426887 0.898763257882837 0.30493384714955 0 0 0 0 0 0
11.2115394191458 14.1505184514314 14.2369103707813 -0.22057972362092 0.381828744078557 -0.897525150468058 0.315023737426887 0.898763257882837 0.30493384714955 0 0 0 0 0 0
11.6339498752947 14.4685311874081 14.1413990708687 -0.719956231646948 0.43564840658173 -0.54025317246225 0.315023737426887 0.898763257882837 0.30493384714955 0 0 0 0 0 0
11.8922462857863 14.8858499913728 13.9227370432943 -0.945809330244015 0.323957955771567 0.0222700183133254 0.315023737426887 0.898763257882837 0.30493384714955 0 0 0 0 0 0
11.9349454296888 15.3770150215491 13.7091514670951 -0.812333651192655 0.0891904612756028 0.576332456796818 0.315023737426887 0.898763257882837 0.30493384714955 0 0 0 0 0 0
11.7924730922418 15.8885110201794 13.626940892557 -0.370238836558827 -0.179461980643953 0.911436559178375 0.315023737426887 0.898763257882837 0.30493384714955 0 0 0 0 0 0
11.5656048003517 16.3590986546752 13.752492310362 0.212515902146944 -0.379933815672562 0.900270674321427 0.315023737426887 0.898763257882837 0.30493384714955 0 0 0 0 0 0
11.3871795150428 16.7430803639338 14.0832604567057 0.714532296550685 -0.436062441972513 0.547076908566769 0.315023737426887 0.898763257882837 0.30493384714955 0 0 0 0 0 0
3.19860830771694 2.0850161296229 5.40215206207854 -0.344178975262071 0.665901309963139 0.661903526487755 0.911438050256901 0.0676936547198847 0.405830321260701 0 0 0 0 0 0
3.59393895982584 2.44868825528317 5.4140416642273 -0.410988900872681 0.103755220759079 0.905716830761525 0.911438050256901 0.0676936547198847 0.405830321260701 0 0 0 0 0 0
3.89558467904903 2.83601138678012 5.63238944644657 -0.321657271673772 -0.497809211506138 0.80543316825111 0.911438050256901 0.0676936547198847 0.405830321260701 0 0 0 0 0 0
4.12390861307322 3.10985889285067 6.03433574471167 -0.110122667143202 -0.910247601394001 0.399151978997644 0.911438050256901 0.0676936547198847 0.405830321260701 0 0 0 0 0 0
4.32713008165711 3.17621542954247 6.52726874914862 0.143249379787881 -0.976867708983956 -0.158773720542235 0.911438050256901 0.0676936547198847 0.405830321260701 0 0 0 0 0 0
4.56300525087099 3.01989494123419 6.98400927899215 0.342198592335638 -0.67235944157378 -0.656378629093073 0.911438050256901 0.0676936547198847 0.405830321260701 0 0 0 0 0 0
4.87688459997507 2.71031009706335 7.29112827968093 0.411140838399724 -0.112410581059332 -0.904614322385997 0.911438050256901 0.0676936547198847 0.405830321260701 0 0 0 0 0 0
5.28448351612894 2.37510125740303 7.39204041711808 0.323883806047506 0.490244938604247 -0.809171910259556 0.911438050256901 0.0676936547198847 0.405830321260701 0 0 0 0 0 0
5.76591175606235 2.15164376692313 7.30850179215094 0.113577900729376 0.906648209633798 -0.406311560792622 0.911438050256901 0.0676936547198847 0.405830321260701 0 0 0 0 0 0
6.27323008204076 2.13485676435698 7.13234443411652 -0.139878147997079 0.978600667473764 0.150913343786461 0.911438050256901 0.0676936547198847 0.405830321260701 0 0 0 0 0 0
6.74866317978196 2.34114181473318 6.99058777754671 -0.340192149661523 0.678766370409799 0.650803745924513 0.911438050256901 0.0676936547198847 0.405830321260701 0 0 0 0 0 0
7.14654946630365 2.70215168060172 6.99718185533796 -0.411261465960125 0.121057380858621 0.903442924127462 0.911438050256901 0.0676936547198847 0.405830321260701 0 0 0 0 0 0
7.45068868871938 3.09075658024605 7.20971577611094 -0.326085675415442 -0.482643331652221 0.812849030694199 0.911438050256901 0.0676936547198847 0.405830321260701 0 0 0 0 0 0
7.68049667116385 3.36934291725386 7.607538659007 -0.117024484918675 -0.902979773102201 0.413440200389146 0.911438050256901 0.0676936547198847 0.405830321260701 0 0 0 0 0 0
7.88362891858894 3.44209498657073 8.09960524859067 0.136496263943746 -0.980259101733937 -0.143041474395274 0.911438050256901 0.0676936547198847 0.405830321260701 0 0 0 0 0 0
8.11787549367486 3.29139696280346 8.55906552958514 0.338159800038105 -0.685121608558761 -0.645179301531012 0.911438050256901 0.0676936547198847 0.405830321260701 0 0 0 0 0 0
8.42920560581967 2.98452544680783 8.87145716849501 0.411350774367631 -0.129694961669666 -0.902202725192434 0.911438050256901 0.0676936547198847 0.405830321260701 0 0 0 0 0 0
8.83430313992477 2.64808996021874 8.97819166780942 0.328262712096704 0.47500496954186 -0.816464249528082 0.911438050256901 0.0676936547198847 0.405830321260701 0 0 0 0 0 0
9.3142281695811 2.41993187138277 8.89881311575382 0.120462157240369 0.899242571164853 -0.420537354913712 0.911438050256901 0.0676936547198847 0.405830321260701 0 0 0 0 0 0
9.82161255177073 2.39675615493854 8.72357306041342 -0.133103985171448 0.981842885468286 0.135158711842003 0.911438050256901 0.0676936547198847 0.405830321260701 0 0 0 0 0 0
