t = 20
b = 13 13 13
E = -1.04064672357087 -1.04064672357087 0
5.36963779546768 5.34343717036948 17.2494278067884 -0.869236051361137 0.188826221542327 -0.456917219058493 0.122645508553412 0.97765875628344 0.170708627473812 0 0 0 0 0 0
5.45959263887425 5.82579887190318 17.0305204812838 -0.979289780508369 0.0638685020438887 0.192125844795907 0.119908895893899 0.947572746520522 0.29618870123126 0 0 0 0 0 0
5.4200009947243 6.34320986629543 16.9320994338525 -0.486773146494035 -0.207548991407237 0.848513594480451 0.120754787883407 0.946049322425384 0.300680828690001 0 0 0 0 0 0
5.13541978468942 6.69579545472602 17.0977628556355 0.472115717682931 -0.0133238591369752 0.881435887568931 0.0648007060496517 0.997705187006041 -0.019627234056477 0 0 0 0 0 0
5.09324535052183 7.18586348824086 17.1535235162605 0.606567333524394 -0.27698917812423 0.745220145395419 0.200277571800959 0.960352784856571 0.193936646489881 0 0 0 0 0 0
4.92621878947505 7.59887561751966 17.488675623473 0.875495832650138 -0.290763570897085 0.385958019545412 0.12623635172814 0.908595309025517 0.398144380745471 0 0 0 0 0 0
4.97430900056893 7.80957890756796 17.9805867508914 0.96551841519753 -0.0771763993559484 -0.248632245086796 0.17039012338404 0.909410092761909 0.379394898537062 0 0 0 0 0 0
5.22422369514543 8.15936868780297 18.3040776517873 0.774566590567402 0.0293629983404979 -0.631810423390788 0.246763080528168 0.905732056923449 0.34461198927122 0 0 0 0 0 0
5.64151041118188 8.37077219586033 18.5683983954283 -0.161880208325113 0.506067042150962 -0.847166422257867 0.481058710454876 0.790042403273621 0.380020418037153 0 0 0 0 0 0
6.10305882922127 8.63138605496772 18.4804292169347 -0.64076595752281 0.603211906765729 -0.474925660725897 0.622046410172143 0.770481562124748 0.139342836262793 0 0 0 0 0 0
6.42284786900678 9.0692361140063 18.4023483845517 -0.922150460334861 0.383938802190352 -0.0472178427804633 0.385855887233681 0.921610085648394 -0.0418340091106467 0 0 0 0 0 0
6.53689282468567 9.57245964076899 18.2107893363594 -0.9331382720573 0.093434654788062 0.34716412618033 0.0779933854652043 0.995252368946356 -0.0582215933339408 0 0 0 0 0 0
6.4239913838816 9.98476572410075 18.0247055179693 -0.562428562747018 0.14456415336861 0.814110138351772 0.130915820280449 0.987746854969315 -0.0849540964199136 0 0 0 0 0 0
6.22736366096029 10.4702390644226 17.8987225172098 -0.0632563197568104 0.0327002314798816 0.997461444303481 0.179899955585449 0.983464289825522 -0.0208325854933198 0 0 0 0 0 0
6.14387975561377 10.9683329621072 17.9383777981183 0.406151397864791 -0.179014139386866 0.896099871617029 0.261930948760519 0.962282409178397 0.0735169576848354 0 0 0 0 0 0
6.03115886188815 11.4810331649502 18.0761695514695 0.829712912168284 -0.310291257821483 0.463999804634428 0.192394460659311 0.939293155777745 0.284099875073358 0 0 0 0 0 0
6.10618260031621 11.8703210006747 18.414894484513 0.979029655678587 -0.161748995044462 -0.123847470317224 0.191441985508564 0.938339586075113 0.287869392935277 0 0 0 0 0 0
6.28552328334721 12.2179607908244 18.6960760438817 0.635520871155443 -0.0485869764814284 -0.770553390779782 0.173852767473767 0.981392943496496 0.0815052495057519 0 0 0 0 0 0
6.59758298566306 12.5863279336248 18.8603375575041 0.0296910946921723 -0.0243587423533976 -0.999262273163027 0.177094571100463 0.984015693345742 -0.0187250670503822 0 0 0 0 0 0
7.02466001593545 12.7721855106422 18.81111256122 -0.614040972610379 0.326205018396061 -0.718709934486038 0.111757811641231 0.937355798031376 0.329961057450915 0 0 0 0 0 0
5.37223183860056 7.4303986815967 2.09230395097291 -0.0304353531597329 -0.0414161557423583 0.998678322244739 0.949836199875823 0.309941794923667 0.0418004445544711 0 0 0 0 0 0
5.75589662571881 7.71030960208028 2.31507758263422 0.15414497468721 -0.716922278706665 0.679898354956623 0.956490578089095 0.280797977285072 0.0792355348275175 0 0 0 0 0 0
6.1987197898483 7.86266863344909 2.57949282417741 -0.0443033415125739 -0.988068348533502 0.147506449205111 0.98338600883336 -0.0171143943605873 0.180718164932213 0 0 0 0 0 0
6.45106878373917 7.73225309326097 3.01268488194356 0.217623575202289 -0.753406809717463 -0.620498314733834 0.96085406805506 0.0536912892588213 0.271802695644779 0 0 0 0 0 0
6.90652152417122 7.517762838144 3.18474988521519 0.18396832608348 -0.10159418138822 -0.977667774505276 0.979062259133954 0.107114425556256 0.17309994967438 0 0 0 0 0 0
7.33135373915569 7.3012471188099 3.25327718612029 -0.00190329484001765 0.321162647079194 -0.947022138912199 0.999993649269441 -0.00224223573488791 -0.00277016239526454 0 0 0 0 0 0
7.70629615514829 6.99302895894872 3.02283228437634 0.140528430066619 0.876880961422121 -0.459708102863576 0.989958765121791 -0.117282258681391 0.0789082705242685 0 0 0 0 0 0
8.11344683715658 6.88547337302234 2.68914797219704 0.228973806646865 0.941873273286312 0.245857139287378 0.971396958113802 -0.204761738766332 -0.120252152182991 0 0 0 0 0 0
8.54879538197939 6.92578658659456 2.45694459008553 0.0430891107483636 0.61113534500779 0.790352401538153 0.979220219277965 0.131080915899739 -0.15474351567707 0 0 0 0 0 0
9.07816066719927 7.21748466293855 2.30920148103614 -0.163714985390821 0.404895574118295 0.899587115079968 0.945246958167789 0.325351334991987 0.0255870454229175 0 0 0 0 0 0
9.43052985647536 7.59459521037973 2.31710809380649 0.0774859158817543 -0.379070128125823 0.922118089402132 0.959437036474739 0.279815590080699 0.0344065195618733 0 0 0 0 0 0
9.76695478900967 7.94205239239061 2.55115269117355 0.221644539208674 -0.821673965305848 0.525095794096218 0.960739782301493 0.276170761188006 0.0266229481485156 0 0 0 0 0 0
10.1507934913181 8.13100489233585 2.86647199978249 0.387919094171606 -0.865427537015925 -0.317102435423683 0.907853487750504 0.418165919690752 -0.0306481384170792 0 0 0 0 0 0
10.5905978926592 8.17233129112851 3.14289180498537 0.186065907422716 -0.433615741323688 -0.881678437397258 0.818250604062258 0.565142561530942 -0.105260790886238 0 0 0 0 0 0
11.1352425171381 8.20587916497817 3.13156673096374 -0.171692182371922 -0.0973615071453698 -0.98032776735067 0.918397829395327 0.34424812100108 -0.195035017751113 0 0 0 0 0 0
11.6148658988586 8.05017449333993 2.94608743547405 -0.436918378262468 0.70604680045068 -0.557315212702697 0.885786545825888 0.445503329733968 -0.130034527836991 0 0 0 0 0 0
11.9922446975272 8.18054320085922 2.58654001922199 -0.404560816488102 0.904569078548601 0.134481700971599 0.871545182105587 0.425906651906981 -0.24292492546037 0 0 0 0 0 0
12.2689185778777 8.51122220415057 2.29872173305077 -0.278227629422158 0.566994550844712 0.775310625193883 0.845006318544473 0.528262232234936 -0.0830863142405529 0 0 0 0 0 0
12.4250447294053 9.00668080878426 2.15436582817869 0.0559552475823486 -0.0971097936070909 0.993699500982861 0.790382449835148 0.612421572853165 0.0153427538807779 0 0 0 0 0 0
12.5559006210898 9.44431818753548 2.17953942249991 0.496043119053276 -0.64997842690113 0.575733678538117 0.852164670678311 0.491645326335855 -0.179165418370391 0 0 0 0 0 0
6.84916932394952 9.03516430520069 11.4016838772974 0.755914183220515 0.141113495479937 -0.639281416122427 0.284469547077048 0.808689288442449 0.514877375249898 0 0 0 0 0 0
7.2170244487774 9.17688848777835 11.68912794761 -0.143005072159852 0.623613098635559 -0.768541640086412 0.675881841716643 0.628791995018832 0.384453330116876 0 0 0 0 0 0
7.69039378478517 9.29808593573575 11.5449129901914 -0.567947056136874 0.768511801458474 -0.294662098758069 0.769163146679151 0.623000785593495 0.14233086432856 0 0 0 0 0 0
7.99385466260867 9.70318088270322 11.3840576762065 -0.720114551775411 0.600130420173414 0.348250644082364 0.675416963256257 0.721228244674856 0.153758722773444 0 0 0 0 0 0
8.15285771250954 10.2039458302514 11.1841554474639 -0.453570111079116 0.342681584374551 0.822704981184767 0.618044220104351 0.786030279557494 0.0133319771366981 0 0 0 0 0 0
8.20557015921742 10.7371571476828 11.1442531788133 -0.120006339602377 -0.0795504140660176 0.989580825439319 0.616860720733927 0.775037807145626 0.137110352309808 0 0 0 0 0 0
8.2985399091324 11.2453703046019 11.3185558870834 0.222215130867184 -0.525392119824323 0.821330357432491 0.610997914761636 0.731505495447326 0.302623955243623 0 0 0 0 0 0
8.37338737305359 11.6047313528638 11.6752414448043 0.622063692806846 -0.743928209697193 0.244146638126024 0.681301701009218 0.667962505374589 0.299422917652686 0 0 0 0 0 0
8.57549216333302 11.7956025240893 12.0284362917036 0.666730887579833 -0.668677679892672 -0.329150549081058 0.736223288769216 0.65961290588153 0.151281471001455 0 0 0 0 0 0
8.94885212443551 11.8304499109031 12.3645487581821 0.532073977162946 -0.000985215434302408 -0.846697296663071 0.648514602493271 0.64339309523679 0.406785121845203 0 0 0 0 0 0
9.42579140846432 11.8782444807347 12.594276469309 -0.172951590582303 0.620375745523174 -0.764997831161382 0.620212352184013 0.671968792055786 0.404715431756022 0 0 0 0 0 0
9.86658271543107 12.1686380539507 12.6377065517705 -0.621297470059177 0.619952108274116 -0.479216899894551 0.537010735367291 0.782251895609514 0.31575535136495 0 0 0 0 0 0
10.1186868680489 12.5944010195632 12.5511383741412 -0.895761166303361 0.435885911313271 -0.0872662893759253 0.374663859318612 0.84592837982309 0.379515702877185 0 0 0 0 0 0
10.2541789868535 13.094467055762 12.4087974197374 -0.842449936503002 0.156902100360559 0.515421997385184 0.416143289894865 0.797117147564578 0.437526016750992 0 0 0 0 0 0
10.1954593925259 13.6278224336516 12.3810638257295 -0.437282938932197 -0.211265024014419 0.874157148885146 0.499605021547964 0.751158237728997 0.4314581374084 0 0 0 0 0 0
10.2759630606533 14.0002908839442 12.7156519035407 -0.149450265188201 -0.710958145718289 0.687170381544481 0.425333493050017 0.58116408459199 0.693786513612238 0 0 0 0 0 0
10.1870245311437 14.3341289238167 13.0307302886315 0.512616397509605 -0.794538549481462 0.325473382002535 0.419755526238814 0.562582411964331 0.712254398329959 0 0 0 0 0 0
10.2295556104636 14.5344360016217 13.5575492255137 0.84396901408551 -0.529899011471325 -0.0832066157540666 0.381670188638801 0.484263065801275 0.787284669103351 0 0 0 0 0 0
10.312265885738 14.5003905412164 14.0464287001681 0.86764954121427 0.032354955882096 -0.496122394637185 0.458861840487226 0.332024700839838 0.824139192962506 0 0 0 0 0 0
10.6895704415631 14.3467576191334 14.3967475542485 0.370969348253139 0.789427801733372 -0.489065934723589 0.487657425191911 0.282584788910684 0.826036362838525 0 0 0 0 0 0
4.56270797983444 11.0806686749418 -0.808233642569176 0.101107224954981 -0.968350156622851 0.228200138541596 0.681689408996277 0.234498313376424 0.69304407557234 0 0 0 0 0 0
4.63800202356079 11.0327133884875 -0.278407067547896 0.564007985703964 -0.658969443462029 -0.497648736204064 0.719249787057721 0.0959591595066854 0.688092714337388 0 0 0 0 0 0
5.00155625270064 10.9267748351208 -0.00350696365569794 0.450914230529346 -0.29547173277223 -0.842242727388432 0.88503406364703 0.0256705170063894 0.46481795440909 0 0 0 0 0 0
5.48898176653955 10.8006912317666 0.120958316398933 0.138924745127607 0.403625416300019 -0.904315452985221 0.985162428806822 0.0365939683809436 0.167677876732676 0 0 0 0 0 0
5.98052928625245 10.6335482419849 -0.0173506093770879 0.0103964867099578 0.858765450492658 -0.512263422571076 0.959223826998505 0.136142659387179 0.247699063408258 0 0 0 0 0 0
6.46369753259304 10.6742843694459 -0.248811439251198 -0.250057988136166 0.936854202618653 0.244489684046303 0.96204962306613 0.211922653690624 0.171899132083444 0 0 0 0 0 0
6.85225329687291 10.9556455575371 -0.440445013069116 -0.310625442748278 0.532126966123946 0.787624736940862 0.912839081500781 0.398028010221049 0.0910961819413015 0 0 0 0 0 0
7.20447540031935 11.3599170149923 -0.474930961645499 -0.332673592489149 0.0904400564744144 0.938695305754358 0.925625638360939 0.221732886832741 0.306678503494658 0 0 0 0 0 0
7.55282108875081 11.6531321180307 -0.352096923530319 -0.217659168478008 -0.507826013968684 0.833508983703319 0.910554256334665 0.20185127750174 0.360758933419175 0 0 0 0 0 0
7.79202353101171 11.9579227162125 0.0201529723658673 -0.00928894064646522 -0.893814997309927 0.448339677215303 0.823272951695793 0.247650082292333 0.510774983477751 0 0 0 0 0 0
8.17252668702013 12.0269658753789 0.415952592652325 0.0666865554955912 -0.99643714342825 0.0516325722067365 0.84731535887997 0.0838807661534373 0.524424160080006 0 0 0 0 0 0
8.43362009352886 12.0194484393709 0.910782875884248 0.348568750697769 -0.828876725503734 -0.437565080822503 0.837864506375053 0.0663127542013923 0.541835480184821 0 0 0 0 0 0
8.60483905733238 11.7269481414756 1.30350291788954 0.677480212640309 -0.280261943344542 -0.68005426591823 0.702783820271028 -0.0261992310071293 0.710920883263317 0 0 0 0 0 0
8.9493899232287 11.4455618624629 1.68700403041262 0.695973243974193 0.329470497259601 -0.638020716832573 0.679000982972672 -0.0128805788811377 0.734024356414576 0 0 0 0 0 0
9.3672761381838 11.3428777530473 1.86223252672575 0.373890956090655 0.862383751351989 -0.341320697230166 0.768148941129382 -0.0816949065600982 0.635037909485683 0 0 0 0 0 0
9.89527641094357 11.2451367405336 1.8808741081173 -0.0149308937766437 0.995009390023289 0.0986579047847334 0.715905073706111 -0.0582441896138106 0.695763997213192 0 0 0 0 0 0
10.3947522596861 11.3791529855565 1.98227878537975 -0.354772233884911 0.761338982771272 0.54267818767398 0.803040162725567 -0.0491220578695352 0.593896893812687 0 0 0 0 0 0
10.819286021423 11.6297978614263 2.13592402659357 -0.661962343300798 0.228680433909307 0.713800472960594 0.728391231494647 -0.0283464104477434 0.684574827828515 0 0 0 0 0 0
11.2112222833615 11.8376638655424 2.58512084506941 -0.706346066626532 -0.400191695193177 0.583885126766933 0.650352888304845 -0.0412032284479159 0.758513951512439 0 0 0 0 0 0
11.3167444756877 12.0107286705942 3.08271379346942 -0.263332964411744 -0.958615440211346 0.108222860997715 0.659035514188979 -0.0968350153070394 0.745851976499462 0 0 0 0 0 0
12.2641475597021 6.01433202153721 7.31404397824969 -0.581816810254202 0.529090359816985 -0.617699433749424 0.392747215455035 0.847830443598631 0.356276807636513 0 0 0 0 0 0
12.5553682169023 6.48078550266748 7.33841139449016 -0.917281036454301 0.354597242120899 -0.181263057575379 0.247435103057701 0.864110792829288 0.438278915179322 0 0 0 0 0 0
12.6216562078348 6.99469306501475 7.19631979819121 -0.941297791579128 -0.00193707820333702 0.337571792803087 0.170768900250645 0.859865528520328 0.481112518616635 0 0 0 0 0 0
12.490786736739 7.51404948290831 7.23906549793086 -0.573020667518647 -0.458052216661923 0.679584786033048 0.0474899129938984 0.80927419612318 0.585508312198053 0 0 0 0 0 0
12.2461958532145 7.94038082371262 7.45609542596632 0.139610879562097 -0.543286933378748 0.827857542290831 0.292244186790076 0.821411328257141 0.489772156311736 0 0 0 0 0 0
12.166201877421 8.26460001563135 7.884386941537 0.440468170152813 -0.71901198717097 0.537596087584987 0.0851031039772536 0.629557478469531 0.772278992978912 0 0 0 0 0 0
11.9532522984748 8.34073736356351 8.3717683970673 0.907746814522601 -0.378742431842628 0.1804158835746 0.141555416242075 0.681357423146383 0.718132387555284 0 0 0 0 0 0
12.0845941672307 8.52514444391595 8.79889350468738 0.867728585685091 0.072955848983147 -0.491654905074789 0.301731388846616 0.708731402385166 0.637697395523809 0 0 0 0 0 0
12.3775896613333 8.58677622795458 9.18976342606694 0.419902113363177 0.433501589277163 -0.797344710452958 0.475888817000083 0.642916360902601 0.600156968415779 0 0 0 0 0 0
12.7314456574473 8.70614029835412 9.50881195153088 -0.21251804780006 0.786304383258423 -0.580139204181067 0.361259833130326 0.61486017452711 0.701026603451782 0 0 0 0 0 0
13.0601387877512 9.05093218610003 9.71647801388852 -0.644069422585622 0.737549398164847 -0.202966657746776 0.436327605634542 0.572135453419407 0.69446327728815 0 0 0 0 0 0
13.3378181149892 9.41040826949556 9.92617346561784 -0.940522801210108 0.339301180984523 0.0170753912516988 0.232745781876613 0.606914229252475 0.759924022090049 0 0 0 0 0 0
13.4231150643059 9.88799701886629 10.1661334770644 -0.930348768409303 -0.149005747622943 0.335035007565809 0.142386612766738 0.695197062191531 0.70457582787453 0 0 0 0 0 0
13.2682619679278 10.3767808241039 10.3267448477639 -0.605301251639459 -0.597693760579682 0.525711482971242 0.133962084315438 0.574533446805251 0.807443792760797 0 0 0 0 0 0
13.0072081880659 10.6356520407915 10.6565157919197 -0.000286668545516247 -0.748658835551025 0.66295540255173 -0.0444961189174201 0.662308359935769 0.747908906057736 0 0 0 0 0 0
12.9646361798763 10.8512086761463 11.0772173677173 0.268473356475688 -0.881588101600342 0.38823250247678 0.30751230786647 0.460377429005646 0.832759751292525 0 0 0 0 0 0
12.9179609235694 10.9520553229278 11.5980013286799 0.775098587471615 -0.629184885312103 0.0578667416941923 0.317372106793222 0.466886785607682 0.825403946716126 0 0 0 0 0 0
12.8570135413189 10.8392614071349 12.142636653063 0.946787662088682 0.121341117279754 -0.298109805564913 0.242900200863214 0.338307460340893 0.909146607923225 0 0 0 0 0 0
13.2093466171342 10.7885283511488 12.5402040296394 0.476967219482078 0.681399513959904 -0.555154909835752 0.327705440951623 0.448214952205654 0.831692551722081 0 0 0 0 0 0
13.6259336441363 10.95262585655 12.9648221101487 0.0799976230772053 0.759374026724862 -0.645717792721918 0.50845819870261 0.526093208610119 0.681686288571515 0 0 0 0 0 0
16.5554580527546 -0.659008565020781 4.80951068070692 0.956056606884911 -0.215757608092483 0.198505463355349 0.20417080950866 0.975874934208578 0.07734593284706 0 0 0 0 0 0
16.7520018696347 -0.251626294928941 5.02358043289746 0.897553865078808 -0.194761153061157 -0.395556762728665 0.283711637893737 0.941859819567618 0.180021628721959 0 0 0 0 0 0
17.0711797444524 0.0570126187582121 5.3261570468372 0.468346157474393 -0.0408125783380056 -0.882601954579965 0.290384187889183 0.950550985735615 0.110135584353967 0 0 0 0 0 0
17.482205057492 0.476760022745304 5.47890051101368 -0.115071053110738 0.143231179861899 -0.982976847057627 0.344217659299341 0.933989824886968 0.0957977558927795 0 0 0 0 0 0
17.8445114375411 0.85439966367867 5.45361573815088 -0.760256906568249 0.308643925966812 -0.571619071566957 0.157226941240285 0.941186533606536 0.299077912768458 0 0 0 0 0 0
17.9478648160233 1.49388524571861 5.63192818189115 -0.975411929056688 0.214477567710403 -0.0507044534823037 0.205971203999983 0.96899292315593 0.136486548775048 0 0 0 0 0 0
17.9430654312799 2.02881634394414 5.4852839217204 -0.749492798067653 0.0912384725664978 0.655695117237007 0.156931855466069 0.986712457023578 0.0420822990635015 0 0 0 0 0 0
17.7089750238627 2.49034815001054 5.34080148243214 -0.350648383281057 -0.228815171598179 0.908124071120723 -0.197219500468507 0.965988597244311 0.167243829868013 0 0 0 0 0 0
17.3785005643489 2.89769017009782 5.45718108716867 0.445843857956858 -0.194769336500781 0.873663642302454 0.0216196516883633 0.978098120373445 0.207018495750519 0 0 0 0 0 0
17.1937718177963 3.33221351542255 5.69942043704426 0.801817362579447 -0.217323799558485 0.556650054533011 0.0696137041647004 0.959152015461813 0.274192165147022 0 0 0 0 0 0
17.210643879472 3.74647047523787 6.16359583582351 0.981014683034427 -0.169504600188422 0.0942251674757142 0.150543070154927 0.971892002232059 0.181004751389814 0 0 0 0 0 0
17.411177354177 4.07183112020573 6.52887671317382 0.78269396301355 0.106248871693077 -0.613271014744779 0.0606177780776959 0.967625039272418 0.245004629250091 0 0 0 0 0 0
17.5961000098018 4.40244806562669 6.80991646785963 0.289087964096703 0.173970007857152 -0.941362090473483 0.116550443578664 0.969637225441262 0.214987546476972 0 0 0 0 0 0
17.9435361751956 4.86510054842631 6.91636903507348 -0.288122553117338 0.228955821680374 -0.929819673971148 0.222918960065242 0.960356489830594 0.167399371813909 0 0 0 0 0 0
18.3020456327568 5.24217734958361 6.78231995083013 -0.8064865289053 0.228242665692707 -0.54542163896546 0.227356889814394 0.971273008461208 0.0702679705743625 0 0 0 0 0 0
18.4976709481428 5.67034331949908 6.68038242986738 -0.993726780912808 0.111249607006443 -0.0114284661079335 0.109142730023316 0.987014508455593 0.117856796924155 0 0 0 0 0 0
18.5507567315012 6.10163187752401 6.45204218871993 -0.738440112684821 -0.0278739591413413 0.673742712301821 0.0698026544182058 0.990617921522605 0.117489246292612 0 0 0 0 0 0
18.3702337065902 6.54565500731349 6.21785561601041 -0.471260449636247 -0.00979456132026139 0.881939711758794 0.0357608924995256 0.998903892110332 0.0302022001593769 0 0 0 0 0 0
18.1388967710665 7.02808602752519 6.31603356606212 0.109022788184951 -0.284320234368789 0.952510386287129 0.0266993978383272 0.958713966200333 0.28311600655473 0 0 0 0 0 0
18.0306529855996 7.36337957729993 6.57651602772587 0.70808947385714 -0.320059770278729 0.629421194798718 0.20376992976222 0.946073467444422 0.251838857054243 0 0 0 0 0 0
12.2473604241496 3.39492510946142 7.21166947322171 -0.0478916974598705 -0.153822862829116 -0.986937136896503 0.987813600704802 -0.153785399392472 -0.0239654166730488 0 0 0 0 0 0
12.6518408591898 3.11804875450075 7.06023962924841 -0.0674425328285337 0.488577403152275 -0.869910125182281 0.985586548718561 -0.102956472858295 -0.134235314584559 0 0 0 0 0 0
12.9822612807461 2.83154765734353 6.74811053982441 -0.00829370683652025 0.91095141514386 -0.412430277349165 0.996563131439198 -0.0264653338916725 -0.0784952938595905 0 0 0 0 0 0
13.4061620606609 2.83412558657052 6.43516229690785 -0.02532688315152 0.940164082991991 0.339779407912925 0.996363232817142 0.0514010162578006 -0.067957661950951 0 0 0 0 0 0
13.8195167124984 2.91592713104245 6.15141155289483 0.0586536372570343 0.274919027761266 0.959676653363684 0.990736374331421 0.10191554789229 -0.0897477446760909 0 0 0 0 0 0
14.2124494925033 3.17757334415781 6.19456201794561 0.00246122854888008 -0.480341375386636 0.87707816381763 0.999376148143333 0.0320824446826549 0.0147658818016647 0 0 0 0 0 0
14.8116522098015 3.11766703153982 6.35545227821839 -0.39989578618847 -0.580243247210384 0.709507670328838 0.916552343627037 -0.256446660129442 0.306866276902889 0 0 0 0 0 0
15.1204796458719 3.16973050405605 6.792030005179 -0.438751093497814 -0.888370553262352 0.135259890768904 0.789344218462377 -0.309074913833396 0.530479408100727 0 0 0 0 0 0
15.31285320924 3.03896099989847 7.27636134942359 0.0794922653061566 -0.877401627997685 -0.473125102846496 0.83578967556793 -0.200002490467306 0.511326336130782 0 0 0 0 0 0
15.5228185151253 2.7114378671257 7.64693964066793 0.315740596781844 -0.415428087288308 -0.853069387468466 0.899081372645274 -0.156349873655592 0.408910017449036 0 0 0 0 0 0
15.8040483564279 2.28882600350052 7.82299102862754 0.480491751215671 0.415586745848712 -0.77227931066977 0.867824137090281 -0.352355149747259 0.350324300513247 0 0 0 0 0 0
16.2298164764889 2.04958409669242 7.88389740895176 0.229550562017821 0.890673608743697 -0.392437335334934 0.964630605179284 -0.26187965162218 -0.0301138442862171 0 0 0 0 0 0
16.6199288065655 1.91014454253168 7.54176573433506 0.350377388371581 0.854007721752131 0.384586137172994 0.912407414729173 -0.403961849493262 0.065783992742996 0 0 0 0 0 0
17.0951498818765 1.88679118539074 7.3745140749449 0.0460298439094441 0.661286306740582 0.748720023765275 0.982912570724378 -0.163706221478183 0.0841614600712819 0 0 0 0 0 0
17.6427101233138 2.09109388207873 7.3728914368615 -0.0900160706900386 0.00125808082086425 0.995939518369551 0.97437746054964 -0.206849309774189 0.0883285198493459 0 0 0 0 0 0
18.155911323763 2.18738065740303 7.40140730197983 -0.282727522092374 -0.586307093316039 0.759150275359763 0.953645698933476 -0.256865235059579 0.15678052150529 0 0 0 0 0 0
18.5735137989538 2.20395675170208 7.73907356907007 -0.37450516775269 -0.901561712317178 0.216638773561539 0.927015923456062 -0.359098505322037 0.108119106241147 0 0 0 0 0 0
18.9539463967794 2.08131982894176 8.11132280477356 -0.408568812599125 -0.842673080021955 -0.350675926715325 0.88830524791035 -0.455399894226321 0.0593693765639188 0 0 0 0 0 0
19.0551650854382 1.68822131484648 8.47485675298776 -0.0936571421679483 -0.549174342542829 -0.830443183615583 0.940109874085825 -0.323370106995435 0.107820214005059 0 0 0 0 0 0
19.4090239856725 1.33822421795466 8.66625978323011 0.0421771008007756 0.0183681024973087 -0.998941292058092 0.947750525558894 -0.317175692264989 0.0341836443210332 0 0 0 0 0 0
5.65441982977544 3.96493790790013 8.29424806570068 -0.988222109635811 -0.105764561685814 -0.110593487685103 0.00713318268568366 -0.753761202311058 0.657109707427428 0 0 0 0 0 0
5.50949864962743 3.89640022790682 8.78387811209498 -0.557102421905443 -0.61288127645758 -0.560369014556318 0.0654984671828926 -0.705108636563389 0.706067816459872 0 0 0 0 0 0
5.2314856208402 3.58807167235689 9.20715786813316 0.130606792519906 -0.697335743230098 -0.704744440887183 -0.0407244696507695 -0.714006749603455 0.69895341696881 0 0 0 0 0 0
4.97992001554161 3.12583518394874 9.31549658297331 0.89620617584937 -0.314508870128185 -0.312887617172907 0.0168042173856698 -0.680705163834324 0.732364730313621 0 0 0 0 0 0
4.93264463622705 2.59190638869883 9.35251255563387 0.884199845447183 0.329298160923633 0.331290438321861 -0.0332443309696678 -0.663074592341758 0.747814749419394 0 0 0 0 0 0
5.10371979734165 2.25532629447294 9.62008636058148 0.396130998013186 0.79842955890401 0.453420855146105 -0.00162561121536105 -0.493207514727729 0.869910170537322 0 0 0 0 0 0
5.45781266320961 2.05209168678078 9.92824113785844 -0.237949896789735 0.788704308396607 0.566855678752877 0.0982179734454303 -0.561087989585091 0.821908448451306 0 0 0 0 0 0
5.78887957581733 1.92457385988019 10.3244139475676 -0.888281216579528 0.382427234725229 0.254373525376381 0.103552290142814 -0.3728192784988 0.922107753348714 0 0 0 0 0 0
5.87028108375907 2.03472983735713 10.8176252179667 -0.96838488995091 -0.239960772986123 0.0681874793687598 0.135574057514713 -0.276795055703484 0.951317072309281 0 0 0 0 0 0
5.95224340367368 2.00520675122479 11.4034445524707 -0.867076071930496 -0.441295959146267 -0.231164361281659 -0.0823014032816323 -0.330755118846516 0.940121019004841 0 0 0 0 0 0
5.6341005021818 1.99647918496677 11.8363348687586 -0.168767190491962 -0.935860158686916 -0.309327332765713 0.104022320857844 -0.328987541245048 0.938587531596753 0 0 0 0 0 0
5.34784244610148 1.80720239125778 12.2497544169306 0.634775204148004 -0.682590430615205 -0.362119792653493 0.216152648059925 -0.293070409191182 0.931336549263045 0 0 0 0 0 0
5.34027565196557 1.41173329256919 12.6133916506228 0.952405848684684 0.137930807429325 -0.271842218489145 0.303486554824577 -0.34531962073264 0.88805983502114 0 0 0 0 0 0
5.52356261200179 1.33441772776767 13.1545078310576 0.819798388582002 0.221728872866817 -0.527983815107587 0.537944995821674 0.0179172801847028 0.842789506662964 0 0 0 0 0 0
5.94464721252723 1.19681855438324 13.4386956810017 0.422440545360685 0.726990176358616 -0.541321779640757 0.777361246061319 0.016526260165661 0.628837320653703 0 0 0 0 0 0
6.52359650198165 1.25973449998183 13.4804672513721 -0.158216822542495 0.980899746305192 -0.113150893778909 0.743250629089423 0.193750822302873 0.64034297155129 0 0 0 0 0 0
7.00091350052233 1.48891063139091 13.5717464155601 -0.612400245191315 0.731718267704143 0.299256272110821 0.678336812547768 0.291970646665356 0.674249442141666 0 0 0 0 0 0
7.25742897852858 1.83643729130152 13.9013296913221 -0.907187506657035 0.266135226871695 0.32585712940389 0.410985867067069 0.394870939836122 0.821685802447668 0 0 0 0 0 0
7.43880739986332 2.23492463117209 14.1146977465746 -0.810914188070899 -0.372472778304862 0.451311653967824 0.328710612897746 0.348118005997613 0.877931197115488 0 0 0 0 0 0
7.51420570160743 2.51934814135817 14.5888913058234 -0.528307609352044 -0.809092476169703 0.257411023280485 0.197686616522553 0.177624563310151 0.964038130032595 0 0 0 0 0 0
6.23472776086404 3.52484926805828 2.73300348421969 0.662543032061042 -0.649780046455804 0.372589079141154 -0.748977521990932 -0.569189618201585 0.339198835616895 0 0 0 0 0 0
5.99737473547144 3.04540183301621 2.59040684381208 0.374784659245472 -0.0590415637013351 0.925230000026997 -0.770367603799434 -0.575075876218611 0.275357025709743 0 0 0 0 0 0
5.87128906165828 2.5737638606315 2.81478404404036 -0.219297807866576 0.611411198596105 0.760318892107903 -0.813194652869892 -0.545134164603851 0.203821488380096 0 0 0 0 0 0
5.54103343209612 2.28571631440715 3.07782931528701 -0.392568154771033 0.918074442725317 0.0550414523269912 -0.91831565227411 -0.394574278540527 0.0317411641657675 0 0 0 0 0 0
5.04096987220114 2.13051881900346 3.23362430526344 -0.248398154051429 0.906431050289697 -0.34158616502218 -0.968657439445861 -0.232055192262483 0.0886180159460254 0 0 0 0 0 0
4.61942712064132 2.17755915087353 3.48648052598647 -0.147735815159718 0.638358842328128 -0.755428432970712 -0.987058806258681 -0.14332638954217 0.0719198098439861 0 0 0 0 0 0
4.11864572511826 2.32616615584643 3.61225434714705 -0.0450426670798512 -0.0331803226499764 -0.998433885808759 -0.897024748164818 -0.438539664240615 0.0550414758847816 0 0 0 0 0 0
3.67160707803569 2.34987976972548 3.46928145000301 0.280947945670015 -0.676761333176128 -0.680486847588893 -0.879926864715831 -0.46470713971506 0.0988735912628647 0 0 0 0 0 0
3.36139285093214 2.17774555484023 3.13911516141959 0.42715163784119 -0.885122448781149 0.184661119224515 -0.889523733347102 -0.374747627640973 0.261365153357704 0 0 0 0 0 0
2.99856540431438 1.90706981845297 2.89958132589658 0.278311317113447 -0.50773753948211 0.815319202378573 -0.93921601790106 -0.321534693419205 0.120369068476472 0 0 0 0 0 0
2.71483978760168 1.42779488360119 2.84455380775994 0.0145220480240287 0.402088630091888 0.915485578079752 -0.849106402823082 -0.478539553526825 0.223647518195918 0 0 0 0 0 0
2.50698585184479 1.07441686544634 3.17251577633724 -0.23669584356848 0.802915396436255 0.547084951175791 -0.766919475994447 -0.500103775015643 0.402157595421876 0 0 0 0 0 0
2.39279719182197 0.864844087187161 3.65389432036811 -0.562744823531158 0.825811907496005 -0.0367825641669511 -0.774136701742661 -0.510882481193819 0.373779958564182 0 0 0 0 0 0
2.067814384514 0.762173006571506 4.07385443994043 -0.4920281729554 0.480959898398084 -0.725662354784287 -0.868329700104953 -0.331006743897302 0.369375239303 0 0 0 0 0 0
1.62749130130265 0.916117190090621 4.15675562793757 -0.259311947516709 -0.36959009091155 -0.892278251766277 -0.93693075547432 -0.127908150589857 0.325269525868937 0 0 0 0 0 0
1.06564735312501 1.02776802989582 4.12114888807096 0.033665779333376 -0.680264289566786 -0.732193356731726 -0.977001973961206 -0.176742833903612 0.119285848027452 0 0 0 0 0 0
0.613282659518609 0.9777597281572 3.83105116720047 0.116154803168857 -0.970214793076331 -0.212582494567772 -0.975773479482974 -0.151421242394118 0.157916826492657 0 0 0 0 0 0
0.100369694040936 0.935493454214732 3.66501125491383 0.301415597035219 -0.710147110299191 0.636270162429147 -0.886733275533566 0.0365289104746201 0.46083591088483 0 0 0 0 0 0
-0.334838467312901 0.695511667763949 3.75183789508736 0.616292468288821 -0.117809114070258 0.778655640300932 -0.778576235446055 0.0574217627084403 0.624917423957842 0 0 0 0 0 0
-0.609688851223628 0.355676418216788 4.06433488986923 0.470433549250661 0.605309804379379 0.642099927162139 -0.767667795024687 -0.0781144373155227 0.636069407505828 0 0 0 0 0 0
7.18339846637107 0.530620249257655 9.02850296738028 -0.492682292044381 0.825757611364024 -0.274569711330797 0.288944015684713 0.452854136370657 0.843465759217278 0 0 0 0 0 0
7.46321367976878 0.931936271740789 9.25061554822132 -0.938468995772895 0.306204835641485 0.159732722392086 0.301300981252969 0.499849234862926 0.812015062115811 0 0 0 0 0 0
7.65289805987729 1.31913459187817 9.52795576990066 -0.738101784997083 -0.419465996197116 0.528444919569184 0.499766447839039 0.186262628473002 0.845895815599461 0 0 0 0 0 0
7.55912693706028 1.63673506762957 9.95106570413345 -0.147389737016079 -0.907458126726558 0.393441245499576 0.302277485729084 0.337426240221627 0.891499777919883 0 0 0 0 0 0
7.61397590188106 1.78067098818493 10.4432138078434 0.275982426686441 -0.958076471132695 0.0769621700719673 0.552305574688607 0.223608849810713 0.803092544140597 0 0 0 0 0 0
7.62858816399623 1.78224788958661 10.980307000219 0.727544359272358 -0.629427962011208 -0.272946232671182 0.534691530863497 0.270937816411442 0.800435922770242 0 0 0 0 0 0
7.80850876789306 1.66835655132967 11.5436397112465 0.808628863474679 -0.109191289803805 -0.578097416865558 0.573823721844505 0.36316293927113 0.734056548086367 0 0 0 0 0 0
8.32465722563386 1.78591102640713 11.8428959935553 0.353847555889794 0.0968568604537923 -0.930274505602434 0.722798167685741 0.602924996733658 0.337704393077516 0 0 0 0 0 0
8.94320052130841 1.96924360713355 11.8474688377515 -0.0462660874166982 0.557237677529554 -0.829063097656999 0.759108590157687 0.559092924198764 0.333420530951057 0 0 0 0 0 0
9.44695454834421 2.06132706648277 11.6848723467751 -0.437433182548681 0.896592359890575 -0.0690966785828508 0.823763371125416 0.43034430340253 0.36907680626271 0 0 0 0 0 0
9.8550912783201 2.35938717121092 11.5024725503596 -0.581788999123301 0.658693123285619 0.477121504268403 0.812631198353412 0.446277439307839 0.374789250949832 0 0 0 0 0 0
10.2128297276048 2.75707938502068 11.4562169511666 -0.560593348889011 0.322786697215821 0.762590221076762 0.709491762574386 0.662113724405122 0.241302413567435 0 0 0 0 0 0
10.3494380120403 3.27534956007304 11.493890607654 -0.304356076819172 -0.155516271146765 0.939777669404763 0.699622530079207 0.633043617938331 0.331336827402444 0 0 0 0 0 0
10.5832058374665 3.70163455485293 11.7355439122765 0.0670799384045853 -0.74520413846243 0.663453897329802 0.839630947496555 0.401378901619428 0.36594377893444 0 0 0 0 0 0
10.8243908816513 3.9212589017143 12.1290160892386 0.473635152753748 -0.877673415597366 -0.0732059944921594 0.838876501714333 0.424254282059359 0.341019822042384 0 0 0 0 0 0
11.1695194893971 3.99300326174111 12.4969610811999 0.515079269727778 -0.345760180874036 -0.784310680291078 0.793496304024679 0.538362690269905 0.283776724247292 0 0 0 0 0 0
11.6463617123864 3.98205747365918 12.7443207105177 0.0940708650211593 0.273440567636016 -0.957277874143691 0.830585352580499 0.508574436484776 0.226892077060703 0 0 0 0 0 0
12.1171745597683 4.13955087210376 12.622746804746 -0.263331264376042 0.530151057806658 -0.805975496593164 0.756832096690302 0.631602290644724 0.168177655684986 0 0 0 0 0 0
12.5926126443986 4.24712285937142 12.3967556603249 -0.614838116499043 0.755697989218485 -0.225598403343303 0.73499352576775 0.65277293602121 0.183499348984513 0 0 0 0 0 0
13.0049484096217 4.50296625025281 12.1660860303809 -0.664401709356401 0.653168004578465 0.363238112536773 0.736366665631227 0.655212422640796 0.168703334182603 0 0 0 0 0 0
8.20353672935509 5.54108664658855 4.67525019029355 -0.67705344808675 -0.274041921095051 0.6830077993086 -0.138725068989157 0.958969678673449 0.247249895083691 0 0 0 0 0 0
7.90970564661192 5.97400475723039 4.67077076677591 -0.0563236935859886 -0.464839368052342 0.883601722185698 -0.18019189316644 0.875206580660891 0.448936880646897 0 0 0 0 0 0
7.61487167721764 6.31941334733435 4.93674893188168 0.442527911349138 -0.377422911072863 0.813462349389482 -0.129355884786629 0.870764544934695 0.474379765963666 0 0 0 0 0 0
7.36184014978231 6.63817966372905 5.36885655841744 0.986341664260126 0.0362219094590486 0.160680100260445 -0.111236074912941 0.865941008281847 0.48761942723171 0 0 0 0 0 0
7.47708386312336 6.86716161570629 5.84105487938271 0.791814692226106 0.270231332199036 -0.547726683915264 -0.00143605347713405 0.897614470214086 0.440779083683308 0 0 0 0 0 0
7.68331982596194 7.29432551535854 6.13603763256295 0.343395934524224 0.19142281104506 -0.919476231103253 0.0352807050562619 0.975688887340947 0.216301796039974 0 0 0 0 0 0
8.03348429746532 7.62387556885947 6.20838964994879 -0.534058580402734 0.353927944280369 -0.767799741440233 0.230655885543619 0.934701781788439 0.270426406967971 0 0 0 0 0 0
8.24906956877982 8.09632991758889 6.07056736845095 -0.971723689595497 0.134118433020759 -0.194333005439041 0.0511804461208134 0.923094076296802 0.381153365773713 0 0 0 0 0 0
8.27442644798873 8.54493504899786 6.00365622318077 -0.885961731106694 -0.145197763255488 0.4404423010566 0.0807569823783402 0.886910762602122 0.454827009947373 0 0 0 0 0 0
8.15377319490592 8.96482396925826 6.00452853914675 -0.273905015715838 -0.407892164349996 0.870976477654582 0.162300454942369 0.873018300778655 0.459888691784272 0 0 0 0 0 0
7.89059049625225 9.36510075240517 6.20539181893921 0.379763932491149 -0.571325417042105 0.72757585406645 0.164693481619802 0.815688490289818 0.554552381584162 0 0 0 0 0 0
7.66568197988921 9.58376529647333 6.64161089068322 0.944373824366559 -0.148497607255039 0.293439159777299 -0.0779922554133381 0.765676621700834 0.638479850172533 0 0 0 0 0 0
7.62949223861747 9.83225642700197 7.1783703051347 0.929448994190499 0.226092688872505 -0.291559021874939 0.00269335460397987 0.786059671169744 0.618144755863455 0 0 0 0 0 0
7.7898484963437 10.1737024036385 7.63948850664765 0.613517565933829 0.40152212602115 -0.679982484043586 0.235130421515392 0.729144293158595 0.642699217855637 0 0 0 0 0 0
8.20561771791208 10.2659731807596 7.95464975323321 0.0718584741248227 0.671653710998813 -0.737372125997434 0.509350566884936 0.610907404624342 0.606097469875222 0 0 0 0 0 0
8.6685984785227 10.5243265293621 8.20787124520243 -0.423560546844157 0.733783461159523 -0.531185744618426 0.466052196443466 0.679342285851392 0.566823966363832 0 0 0 0 0 0
9.03760705064158 10.9125559491943 8.209781538656 -0.857605832969099 0.513228057640675 0.0333045958954497 0.490718845686106 0.797167853187019 0.351736305111791 0 0 0 0 0 0
9.24513318955331 11.4016751278359 8.18244772535481 -0.822758428378471 0.215272459071867 0.526047846585594 0.491085045141589 0.735226711360373 0.467201414103699 0 0 0 0 0 0
9.32532848960771 11.8981584664121 8.14518854468932 -0.402784782784236 -0.380339791502401 0.832529916433858 0.573944322712043 0.603580961374032 0.553423831699913 0 0 0 0 0 0
9.33920245916263 12.3026554883047 8.47153762510383 0.209926805231454 -0.740534417926725 0.638388214420694 0.579661258758645 0.620075667553892 0.528676641816089 0 0 0 0 0 0
6.4241915794982 1.34320618740648 4.10761574161719 0.142934130181384 0.461726047004735 -0.875430689401893 0.783284615018464 0.487917089106333 0.385229965129116 0 0 0 0 0 0
6.97239415948997 1.51569414971156 4.19170237613454 -0.388707828962149 0.677063320079103 -0.624893178316899 0.734822584433406 0.63696321507544 0.233052852476361 0 0 0 0 0 0
7.43613574060822 1.70419323014791 4.02357098919445 -0.627208150920391 0.753922058345497 -0.195477531596634 0.746867820412685 0.653385492453021 0.12359553828488 0 0 0 0 0 0
7.72696974990544 1.94296662141443 3.69641883656103 -0.501335984219141 0.491747443009592 0.711931656284895 0.831522820750674 0.501311312904069 0.239283860979469 0 0 0 0 0 0
7.95847784327053 2.47484612623102 3.71499344729669 -0.148696169706205 0.0596825048330974 0.987080264077623 0.895358912519994 0.431858888818802 0.108767264924718 0 0 0 0 0 0
8.26521565682755 2.87180896169669 3.81013038537336 0.115601663130883 -0.585724685940337 0.802223689354451 0.89889801239617 0.405327927849289 0.166408035309647 0 0 0 0 0 0
8.47711024382021 3.11291061229988 4.2410083033478 0.386043914423491 -0.918088987527366 0.0899038770997409 0.862933017842357 0.393853201933074 0.31658531558578 0 0 0 0 0 0
8.78146566178849 3.14592956444872 4.68255403197702 0.490191120076158 -0.698956215536371 -0.52074261834572 0.870836943269832 0.417975855162229 0.258726115299284 0 0 0 0 0 0
9.19291341361072 3.04261802585729 5.01228509759362 0.436445610226567 -0.00901057648373695 -0.899685522182829 0.79190846608766 0.478497233690889 0.379369712403159 0 0 0 0 0 0
9.65042859048569 2.88093314473681 5.25458322527901 0.0673803879968332 0.793352802828838 -0.605021663708849 0.767534879827738 0.346216859300125 0.539466490696296 0 0 0 0 0 0
10.1721653919733 2.8232782121911 5.37248889627291 -0.389471669236637 0.919589078076881 0.051650230819819 0.638603099918194 0.229205718701452 0.734609297034434 0 0 0 0 0 0
10.5012639008536 3.14333808017005 5.6014726813592 -0.797237975584657 0.525765599359519 0.296617843050285 0.520108101056658 0.348825730210531 0.7796205315141 0 0 0 0 0 0
10.7789096473328 3.62754366211851 5.80783286157321 -0.828839270593515 -0.0514676758896782 0.557114478236319 0.499197249223023 0.381614616664618 0.777928268361604 0 0 0 0 0 0
10.8179518607205 4.08584432431159 6.08554010081184 -0.534650747948029 -0.586801699872995 0.608121980152646 0.537171438912534 0.319535347101603 0.780604898248337 0 0 0 0 0 0
10.7508563138263 4.36751206909706 6.53813989229743 -0.0850705240216782 -0.959013463133757 0.270289073902138 0.35871738174182 0.223603050068336 0.906269008648332 0 0 0 0 0 0
10.6707489062534 4.43413927950009 7.06523449500573 0.406879301959474 -0.912836437507168 -0.034334705418767 0.546300977992304 0.213034808566837 0.810044080148447 0 0 0 0 0 0
10.9180469405439 4.34688767337875 7.62689900347046 0.526034852739024 -0.602273421172386 -0.600461539029057 0.78897883612007 0.0820163475025249 0.608921764184009 0 0 0 0 0 0
11.39073450471 4.08470271751764 7.9048439629315 0.348084477664539 -0.191563180302936 -0.917682267651081 0.896881110165623 -0.21685008135061 0.385461173720926 0 0 0 0 0 0
11.7955577112781 3.72228575842564 7.88120073454778 0.458946636097544 0.605222450975676 -0.650441211832202 0.883283703687111 -0.231871617919182 0.407486750219344 0 0 0 0 0 0
12.3700077956149 3.60332024981402 8.16274610757761 0.266095764603251 0.807552071721409 -0.526357953790643 0.867840933111107 0.0369792384737538 0.49546407613342 0 0 0 0 0 0
11.189548357242 12.3338766917821 8.02356143048355 -0.137524758754756 -0.947996378486912 0.287036247023172 0.618265367242729 0.144244348333092 0.772619895965783 0 0 0 0 0 0
11.3415250775758 12.3822880859801 8.53134571157914 0.336827221732778 -0.934425647561866 -0.115741660081257 0.611929373411231 0.123821227154471 0.781159872025247 0 0 0 0 0 0
11.6007815667342 12.2659210154491 8.9535103564827 0.525224483213891 -0.408673105008603 -0.746408424038293 0.850880141153197 0.264505592379568 0.45391604619252 0 0 0 0 0 0
12.0721234616561 12.1253359505947 9.28227622202615 0.196174495921171 0.296984445582041 -0.934513673646567 0.941124514508053 0.210561496369982 0.264477795737971 0 0 0 0 0 0
12.5876867018857 11.9249254185399 9.2593740285055 -0.0676668356122988 0.809326530173443 -0.58344816986227 0.989605424496254 0.128821728356306 0.06392234437882 0 0 0 0 0 0
13.0878590203726 11.9604373463145 9.06636714540678 -0.188375192864506 0.977439887468512 0.0955303778847426 0.981676785739791 0.190247315308012 -0.0108003406283399 0 0 0 0 0 0
13.4586364641858 12.2347764403307 8.79078185775138 0.105129703398409 0.540700987054421 0.834619786526618 0.984369884245957 0.0626631376548895 -0.164588159260765 0 0 0 0 0 0
13.8875741946866 12.5642794822317 8.80526402537498 -0.152981364641928 -0.100096575166676 0.983146671515596 0.983696341961301 0.0797519566299732 0.161186637863219 0 0 0 0 0 0
14.3482111562985 12.7567033099572 8.90224224100515 -0.332782345582318 -0.636339041432626 0.695937162980494 0.909428352166816 -0.0213910394855897 0.415310119916284 0 0 0 0 0 0
14.6635351271106 12.8077498363131 9.34059945103774 -0.0979408355655868 -0.99470537007406 0.0311258650408537 0.855129012170954 -0.0681164741536641 0.513920731720761 0 0 0 0 0 0
15.0225914809294 12.6961749470836 9.72432634032086 0.000683107049144869 -0.74852033873073 -0.663111480726426 0.977919609738377 -0.138077278307298 0.156869060379637 0 0 0 0 0 0
15.491365548762 12.4029897402645 9.88681864764066 -0.0483335963944778 -0.331636165046204 -0.94216841248952 0.87945757903854 -0.461307292220951 0.117260175743707 0 0 0 0 0 0
15.7491920868578 11.9567276600927 10.0102449941786 0.218371102675073 0.243407305067078 -0.945022193049695 0.830548973481854 -0.554783719728099 0.0490247587744642 0 0 0 0 0 0
16.1688975665092 11.6718218940148 9.83495964458048 0.103194866802329 0.567765495044934 -0.816696493259296 0.963016602843845 -0.262492451971252 -0.0608007837549871 0 0 0 0 0 0
16.4747749559294 11.4873374316304 9.48012668318695 0.210208979151759 0.90906715103308 -0.359734763397387 0.855207263260633 -0.34928094175075 -0.382914299283754 0 0 0 0 0 0
16.7969854753628 11.4509085715695 9.0934239199618 0.397608858737194 0.869176502330669 0.294005787783049 0.907258974940813 -0.324551385820962 -0.267483738479629 0 0 0 0 0 0
17.2407621906474 11.491213874239 8.79321930363108 0.199945515374405 0.599649628306517 0.774882000148099 0.975240617254978 -0.0455338396288385 -0.21640796636165 0 0 0 0 0 0
17.730983301256 11.6713037262477 8.66698139317812 0.0380065717240701 -0.0223609430643147 0.999027271264932 0.971387194145499 -0.233724674711629 -0.0421864371697516 0 0 0 0 0 0
18.1506085030165 11.8033370882001 8.89245884606194 -0.119902666812942 -0.660252995457916 0.741410367124708 0.948941836844347 -0.295700323859505 -0.109866777307154 0 0 0 0 0 0
18.6141456032179 11.7884359977466 9.14560872887626 -0.270806172724434 -0.959083317199154 0.0826027087002037 0.948899338101441 -0.280401232309545 -0.144793629244993 0 0 0 0 0 0
3.99943700754122 7.55862750903794 2.52994759118079 0.687027978803818 0.663465203577301 0.29632158204031 -0.478041409547419 0.719818363140543 -0.503326866800876 0 0 0 0 0 0
3.75030813176513 8.02018866229206 2.6464860276712 0.912503635709185 0.38060344303321 -0.149927095512403 -0.405763664988458 0.795652902280392 -0.449769171095491 0 0 0 0 0 0
3.71434045699416 8.55100781140747 2.72146908857378 0.735964291745521 -0.0815225699979227 -0.672094213526978 -0.334133575553358 0.819660120252848 -0.46530854382336 0 0 0 0 0 0
3.91752712664477 9.02481399887019 2.57011527753258 0.0146129080821422 -0.511948416504831 -0.858891891774267 -0.273354433958613 0.824215285788827 -0.495929950806774 0 0 0 0 0 0
4.08349933601598 9.40639687987385 2.22663082574889 -0.486146429441155 -0.660772053596191 -0.57187581023146 -0.232085144136373 0.728537023804249 -0.64449227366792 0 0 0 0 0 0
4.13790334675024 9.69217739830118 1.78779306449845 -0.851996309133372 -0.48637807149925 -0.193748963320533 -0.271769478131807 0.727170564048505 -0.630368401442637 0 0 0 0 0 0
4.01834288810858 9.81353512069497 1.27822196831741 -0.895229167738968 0.0389678138362737 0.443898914973012 -0.276222812399655 0.733160891644089 -0.621430659747062 0 0 0 0 0 0
3.69240084319235 9.90857046016509 0.86179049769351 -0.574240075578354 0.430014908706915 0.696660257148024 -0.333435012469629 0.654330241063932 -0.678728979850276 0 0 0 0 0 0
3.32043114716225 10.1849083510358 0.560823126693832 -0.196792864343329 0.3551690663589 0.913853107914667 -0.59325624904752 0.698946846544001 -0.399399960781501 0 0 0 0 0 0
2.81154721441776 10.3339192507347 0.474116743516108 0.362336788913486 0.752000701369297 0.550642349025163 -0.620141348992942 0.635551415772012 -0.459890318640657 0 0 0 0 0 0
2.48259315702256 10.6959986334188 0.596989037657304 0.741955004726856 0.668295918346223 0.0536967083027584 -0.611952444045065 0.707761999263446 -0.352969061853702 0 0 0 0 0 0
2.18882627690271 11.1863311614965 0.649954423550523 0.89746585284615 0.308868647021218 -0.314889189815109 -0.422058773726077 0.808748672368581 -0.409624189303926 0 0 0 0 0 0
2.15531163381227 11.6885302448685 0.649321084810885 0.318283483527926 -0.344663757353668 -0.883120896865305 -0.592848507607657 0.654560298379921 -0.469128407594513 0 0 0 0 0 0
2.08913053725549 12.2146034432231 0.411251052938926 -0.0253882888711965 -0.61291295201382 -0.789742456780625 -0.617807859952967 0.630693821289397 -0.469615536335538 0 0 0 0 0 0
2.04382545497961 12.4672990686558 -0.0179743840346181 -0.639547383666166 -0.75274257933634 -0.156069706541132 -0.661787819237498 0.642399117985773 -0.386471545550225 0 0 0 0 0 0
1.76576165777361 12.5962786654772 -0.459256482476793 -0.69016948843403 -0.424935593447434 0.58574381657529 -0.660496900223441 0.700608839693183 -0.269983515309728 0 0 0 0 0 0
1.33681490358581 12.7342320827318 -0.717055769652469 -0.297605907834518 -0.17244164453269 0.9389859439059 -0.764256130729146 0.632469404445926 -0.126075449960454 0 0 0 0 0 0
0.893304474617593 13.0700193598577 -0.841043485758315 0.330792491197565 -0.180276742849802 0.926324254111256 -0.545523676606972 0.764433162423063 0.343578023815679 0 0 0 0 0 0
0.455683929672309 13.1608174382494 -0.520021894130525 0.778194327758877 0.292752080313011 0.555616601368528 -0.530694975465085 0.779613514091062 0.332514077390264 0 0 0 0 0 0
0.351703811579079 13.3349949229786 -0.106247792230284 0.569824947363093 0.806050235799553 -0.15994544923233 -0.708815068315865 0.580583411071509 0.400629631601243 0 0 0 0 0 0
13.5555063339312 8.41999187032592 3.27361145632875 0.246793127424444 -0.58299044756974 -0.774089975583263 0.580522825616998 0.728547122834925 -0.36361014664969 0 0 0 0 0 0
13.9325503383271 8.5527294793789 3.12441221709732 -0.448231115940433 0.0459341865287614 -0.892736756950634 0.594382100265067 0.761244196324431 -0.259262786467438 0 0 0 0 0 0
14.3265936124501 8.71227788248061 2.8072125337287 -0.726254075550123 0.399668430240802 -0.559303284109516 0.647451996155908 0.671094187765721 -0.36116271100544 0 0 0 0 0 0
14.5613584289897 8.78890090841981 2.38085198424999 -0.563073732154074 0.809700988572664 0.165324775102017 0.668821400661541 0.563997248849068 -0.484339795296461 0 0 0 0 0 0
14.7281702167115 9.14539705062447 2.01510694984951 -0.362479917959449 0.550741703521012 0.751858952915295 0.654406389668797 0.724805532774841 -0.215427985228545 0 0 0 0 0 0
14.8494543999956 9.59514867877553 1.82306544034113 -0.0129835329090888 0.162473928362346 0.986627412185424 0.700797855459052 0.705301078951926 -0.106924056288762 0 0 0 0 0 0
14.9379568425353 10.1290276035683 1.92766716714679 0.37427726424955 -0.45317425910584 0.809042409487751 0.588353277742251 0.790411948034108 0.170556069885758 0 0 0 0 0 0
15.1605639314748 10.5716890114001 2.12455173513957 0.37103672490728 -0.734026531000994 0.568802954068213 0.682051003080332 0.631091807741326 0.369499065491239 0 0 0 0 0 0
15.3316750328429 10.91192796657 2.51789609506978 0.55328051009429 -0.828574723632762 0.0857006680644542 0.740030198236454 0.536155322920033 0.40606991442685 0 0 0 0 0 0
15.628689734606 11.0498869309565 2.94384761015142 0.558211321351972 -0.47252547882854 -0.681996915368643 0.796409227697077 0.535653805695134 0.280726454904532 0 0 0 0 0 0
16.1281378877737 11.0854268534589 3.13981735208503 0.320514312758734 -0.11419626005375 -0.940334934747472 0.739471750643236 0.650567011035778 0.173043619219551 0 0 0 0 0 0
16.6254758360142 11.1740342974788 3.09913007951376 -0.14437509064228 0.368684463449428 -0.918274250762288 0.749148069282383 0.647006128191634 0.141986761259456 0 0 0 0 0 0
17.0645288100114 11.5486809208007 3.04205660115689 -0.555698096843684 0.517524849138338 -0.650667085143123 0.634017034154685 0.770052582877766 0.0710029577199309 0 0 0 0 0 0
17.3825522916711 11.8229019193262 2.88740946011633 -0.829074384337757 0.555338384930461 -0.065076443186436 0.504285949475359 0.792932324115147 0.341985395207291 0 0 0 0 0 0
17.6277268668957 12.3476318938583 2.73551769986228 -0.796703670217071 0.25858552168797 0.546257073030646 0.49653738292929 0.795335645833788 0.34769503565608 0 0 0 0 0 0
17.7233755825135 12.8065162762757 2.65106198745042 -0.369153968881311 -0.178594980584781 0.912046698458526 0.336228690335063 0.889222546023366 0.310215298525542 0 0 0 0 0 0
17.6381747336297 13.3204987256327 2.82264133680869 0.149331136566295 -0.554997771295481 0.818338368591421 0.263262821264777 0.82006142818602 0.508125910519444 0 0 0 0 0 0
17.5537439235917 13.6925011588228 3.1813181940873 0.656351139744594 -0.523152843281066 0.543612255125755 0.286989586230505 0.839496051779715 0.46139284394268 0 0 0 0 0 0
17.5400794355123 13.9845568844077 3.64856506473751 0.915219461254777 -0.302397520399146 -0.266325134745041 0.387993366375093 0.839753874212191 0.379834935721476 0 0 0 0 0 0
17.8859237424252 14.1365685835903 3.99238609863284 0.573885995774808 0.0576018626018005 -0.816906903678969 0.488726600389183 0.77632575815544 0.398076157658824 0 0 0 0 0 0
8.28735697238146 9.30895953202528 7.1641699547549 0.0388873698225815 -0.495300439216983 -0.86785093615191 0.372979784430348 0.812932089323979 -0.447244338760863 0 0 0 0 0 0
8.74660002613627 9.45644615934062 6.88055888672172 -0.739282360743721 -0.0686872803697917 -0.669883309695497 0.415444722239986 0.736383165162013 -0.533990184206523 0 0 0 0 0 0
8.88657790422366 9.65510411754506 6.45487131402547 -0.962508017834617 0.267568266233348 -0.0445593818286949 0.212344451147502 0.641025043402993 -0.737561338328588 0 0 0 0 0 0
8.81745596202991 9.84418456150366 6.00271780369497 -0.583368045561874 0.635838814080399 0.505361975148657 0.171317559443849 0.704537941182081 -0.688677415965645 0 0 0 0 0 0
8.53419454070482 10.0822477836655 5.66018220845013 0.181341493557924 0.675643144941979 0.714577919758995 0.0207774156930093 0.723830782767117 -0.689664626406097 0 0 0 0 0 0
8.27142986118186 10.5653224235637 5.4561945100217 0.751591827032078 0.343165377758076 0.563335822619811 0.106397171924148 0.779767901514702 -0.616961637035806 0 0 0 0 0 0
8.35225000964457 11.0065689745936 5.32498008073248 0.973246554841844 -0.191645023028028 0.126741187611081 0.22895592736179 0.762729782233441 -0.604832590573647 0 0 0 0 0 0
8.63989299448025 11.4998827582559 5.29663752507273 0.612066522431486 -0.712632632305623 -0.34282547089122 0.479716784434717 0.679227869223959 -0.555446944722082 0 0 0 0 0 0
9.11994062665936 11.7388421439281 5.26290645694865 0.0342327992728423 -0.689734414263911 -0.723252758884448 0.452058760933785 0.656100298489271 -0.604297339879385 0 0 0 0 0 0
9.57398270950726 11.7980185077034 5.11068756534087 -0.462254218148985 -0.393563286502554 -0.794625054551377 0.456133044602488 0.66293445646412 -0.593683882259141 0 0 0 0 0 0
9.83615746119016 11.9833501935052 4.78489924072825 -0.889571690815596 -0.0223077562464701 -0.456250557162103 0.274311672404887 0.772573159502108 -0.572611403658155 0 0 0 0 0 0
9.94671151700661 12.2083101115377 4.31949227997214 -0.942233610930663 0.323977441344055 0.0850555108897989 0.222670104101557 0.79553811973341 -0.563504325440748 0 0 0 0 0 0
9.86901569560177 12.3781383155311 3.81569982014074 -0.549380487355964 0.602147611947716 0.579309359097699 0.107634669210825 0.738531065780946 -0.665572417442562 0 0 0 0 0 0
9.65032363348846 12.6822144513523 3.43047704341146 -0.0446647479958486 0.541416357883771 0.839567381275821 0.131262000867553 0.836300598153543 -0.532326588342411 0 0 0 0 0 0
9.46097817708487 13.1517390468353 3.3301865645048 0.720657090322182 0.253306995583097 0.645359530926003 0.0525995018634328 0.908203199446577 -0.415211079956593 0 0 0 0 0 0
9.55653003335796 13.6916177970157 3.26901944384418 0.9503122273767 -0.0592554070843994 0.305606719869833 0.1853500011103 0.896437309790422 -0.402548787979943 0 0 0 0 0 0
9.71703985214198 14.2642722712373 3.16635660767634 0.954404029799345 -0.298303150550761 0.0113215844412828 0.28237872006044 0.889853741035685 -0.358360960515822 0 0 0 0 0 0
9.92517350225388 14.706502084959 3.37593519571808 0.631216468044962 -0.404844113162636 -0.661564066819232 0.354838323652088 0.909198976791788 -0.217823287709423 0 0 0 0 0 0
10.2293395096987 15.2005795562804 3.38781884545216 0.317174412727753 -0.510163081580077 -0.799458580605352 0.622293408490689 0.748080872576744 -0.230490611162056 0 0 0 0 0 0
10.7243944843535 15.3882569749646 3.29626088182316 -0.402973363453553 -0.0427895450131256 -0.914210874571343 0.57348807004168 0.766668578393208 -0.288670615796632 0 0 0 0 0 0
4.38787342649064 10.3406432379739 5.63231913802036 -0.640345101140017 0.194539406425325 0.743042778575813 0.759378541057048 0.0150824670630141 0.650474250504477 0 0 0 0 0 0
4.65114750207746 10.7322609596828 5.83093615780001 -0.535217466057021 -0.407709812418469 0.739807389044743 0.815063418036357 -0.0192523888457567 0.579051785337567 0 0 0 0 0 0
4.8783629662035 10.7962990477068 6.29266703150035 -0.500154007975269 -0.834647162096009 0.230673108773768 0.661403013494461 -0.196275222678174 0.723893701245617 0 0 0 0 0 0
4.94190310291777 10.6114922549599 6.8226981850511 -0.133119177784509 -0.921314720838519 -0.365319681473937 0.658978018693072 -0.357599051290194 0.661718134401428 0 0 0 0 0 0
5.01591944072644 10.3992519980908 7.31965955837105 0.273505097768091 -0.661930610957247 -0.697884537565229 0.669174729486262 -0.390241051788735 0.632389992738508 0 0 0 0 0 0
5.21190455737033 10.0087601894494 7.63063230681493 0.48762876991393 -0.116485634324123 -0.86524521365237 0.662564659910256 -0.596001198203992 0.453641535992255 0 0 0 0 0 0
5.40980033393782 9.46358762834513 7.69483568692739 0.754427604453127 0.411441034586921 -0.5114247400128 0.642893235226433 -0.620332649748073 0.449305788696992 0 0 0 0 0 0
5.75924751817105 9.08847014493818 7.6856052604736 0.434840099022943 0.794979048361367 0.422992199630411 0.543252156999578 -0.606208804495963 0.580851081833271 0 0 0 0 0 0
6.27244500736086 8.9367089189359 7.73337522478093 -0.044851161937025 0.649386578328 0.759134668659226 0.695310208392879 -0.525339430355919 0.490471402854408 0 0 0 0 0 0
6.7609540914734 8.86125075951098 7.94803355295387 -0.592999681534588 0.259338768225938 0.762295730668177 0.61655293256992 -0.462665499990185 0.637026778446765 0 0 0 0 0 0
7.14364617496012 8.89199919809193 8.3601232839131 -0.78351903416084 -0.225698926216839 0.578928249278121 0.611703920856882 -0.443851239820796 0.654839209362009 0 0 0 0 0 0
7.34015182671341 8.85176167697147 8.80715635413377 -0.711771210666209 -0.69995134746416 0.0587354650093713 0.548172476437438 -0.501247375571793 0.669520727505009 0 0 0 0 0 0
7.43866397509091 8.66324388522061 9.29297425727514 -0.240056807905322 -0.883237659216019 -0.402820017279325 0.664558060194513 -0.451997934110915 0.595029791010477 0 0 0 0 0 0
7.52974636414074 8.31884329610476 9.63181584347896 0.248063514490243 -0.68855604925537 -0.681436027674341 0.636892438542256 -0.414114745715521 0.650289934651205 0 0 0 0 0 0
7.68883318113843 7.93833230707115 9.96611161410193 0.378807856575818 -0.307044999137921 -0.873056685617164 0.670557746607909 -0.559120009559186 0.487582939995504 0 0 0 0 0 0
7.72866025943726 7.53663643099581 10.0903751730485 0.812781843883931 0.34762437300834 -0.467485796087108 0.580492468160559 -0.550946917756924 0.599571503845044 0 0 0 0 0 0
7.9695318026083 7.15145186698023 9.98992191203085 0.703828149407541 0.648585134464162 0.289764144527342 0.460578053012691 -0.727197411905468 0.508971297030616 0 0 0 0 0 0
8.42588017253356 6.85416603538968 9.99301017969687 0.0304239297814263 0.571547754804116 0.820004602715759 0.368442389848107 -0.769027993424206 0.522346772453852 0 0 0 0 0 0
8.80527640439542 6.62778508121445 10.2217547896386 -0.531914843138876 0.452933072684818 0.715484612914096 0.223297338766892 -0.740000040440981 0.634459012582351 0 0 0 0 0 0
9.10515319344149 6.54300478816175 10.6594433951787 -0.938372362612806 -0.0310450193000642 0.344228871335802 0.302059335411526 -0.557716275712598 0.773118822494976 0 0 0 0 0 0
-1.6110169670274 9.33835907730316 6.97551794093457 -0.544680450694186 0.745466707743329 0.38419083054896 0.742571087580068 0.641605312474936 -0.192173887128542 0 0 0 0 0 0
-1.44917786629555 9.780349956401 6.7164093336152 -0.225751782665377 0.399129528233459 0.888668527807496 0.798106013185313 0.598866539294511 -0.0662243144989928 0 0 0 0 0 0
-1.28186607940316 10.2826598782691 6.62488550896769 0.262313002881875 -0.184080866192912 0.947262436297757 0.883431485871707 0.440764084257347 -0.158983746965817 0 0 0 0 0 0
-0.940707161321918 10.6416644382501 6.78938786228183 0.460562302858739 -0.63488001245476 0.620330343422679 0.872741447663962 0.451348435970718 -0.186029446261067 0 0 0 0 0 0
-0.605005102762632 10.9658393883729 7.05565808538291 0.577460712590761 -0.765452484865644 -0.283939463314243 0.726789269144656 0.640403794980347 -0.248314996790259 0 0 0 0 0 0
-0.151795236278716 11.220758453406 6.98639226879836 0.000996551184638762 -0.731076386535754 -0.682294895141069 0.810249894046531 0.400472633373075 -0.42792146372532 0 0 0 0 0 0
0.383259255850158 11.1122498070237 6.84765635118915 -0.355866110077894 -0.134331761661823 -0.924832033131887 0.800862768680314 0.466191360090697 -0.375878226981144 0 0 0 0 0 0
0.768346483179983 11.2720209867437 6.61977885861153 -0.645715571826765 0.0631359966422542 -0.760963367205297 0.622932712527591 0.619899640611124 -0.47715749101656 0 0 0 0 0 0
1.04874776497064 11.4467488671811 6.2171421650073 -0.82092566186347 0.535695688838172 -0.197765483980952 0.550319585073788 0.649747031938562 -0.524382635840702 0 0 0 0 0 0
1.14400173738213 11.6831334489499 5.84364262109302 -0.451787594692323 0.649962863657785 0.611094301354462 0.425901210872465 0.759025734147544 -0.492430800701124 0 0 0 0 0 0
1.17754728137295 12.1509818268818 5.48031483267176 -0.0730446325890999 0.479816503985447 0.874322940424822 0.450320863889788 0.798078201768291 -0.400352723742259 0 0 0 0 0 0
1.14917687339553 12.6488150683876 5.31923020576359 0.250943638052153 0.0467016192194035 0.966874474419217 0.568895501791132 0.801020867515794 -0.186342367286834 0 0 0 0 0 0
1.35496760974104 13.1528676574956 5.32173005451338 0.400251446337838 -0.43700484539267 0.805497079329154 0.559437028321787 0.812701805950875 0.162929389450386 0 0 0 0 0 0
1.41222048266411 13.5675981841802 5.65848783229493 0.632773639884615 -0.640568535051216 0.435051114892853 0.594598373166688 0.761864149827557 0.256935384552348 0 0 0 0 0 0
1.67281219683613 13.9476533226939 5.93006364431268 0.748486443779178 -0.649307839683028 -0.134786396958148 0.661074871471429 0.746636570507176 0.074255275168279 0 0 0 0 0 0
2.01601278024541 14.2951134501416 6.24000811944872 0.433313857233596 -0.539387272752114 -0.722011406504343 0.644407908948832 0.745501172079921 -0.170195326938369 0 0 0 0 0 0
2.50706601789831 14.4328594990158 6.2253569308424 -0.0491953335175489 -0.171603219079737 -0.983937068293277 0.627416413717058 0.761190906023303 -0.164125099804535 0 0 0 0 0 0
2.95912091036402 14.6551462637055 6.05709482648314 -0.490170095112937 0.19192455888373 -0.850234227465738 0.637821974063759 0.743813949022853 -0.199809756119261 0 0 0 0 0 0
3.35183603790585 14.7215102172795 5.6964623870324 -0.66468893236728 0.589405772749034 -0.459118131027909 0.743696487702494 0.580735658537497 -0.331151972788922 0 0 0 0 0 0
3.5166198534108 15.0592352826788 5.33553997966108 -0.567132402971466 0.672474477925199 0.475540654454528 0.70827830530251 0.692880502901729 -0.135123835560021 0 0 0 0 0 0
13.4486394702381 6.87244791338707 12.0866360352602 -0.17923550372547 0.111380878862304 0.97748091236 0.918179337318542 0.375745579948592 0.125546659335799 0 0 0 0 0 0
13.9127844323614 7.18409712906836 12.1465975701659 -0.264484506889748 -0.0962263674020125 0.959577215148369 0.871776883859513 0.401612033498375 0.280558085460921 0 0 0 0 0 0
14.2253962644793 7.47918335976046 12.2641561981194 -0.0928690077804936 -0.605668441439575 0.790279119323055 0.939001196345647 0.210691483410737 0.271819521152598 0 0 0 0 0 0
14.5619832925249 7.63318356046708 12.6536150699558 0.149740192103744 -0.985293253061126 0.0823108762008869 0.964642951906347 0.16384782486275 0.206440949487147 0 0 0 0 0 0
14.9703148568074 7.52401441248314 12.9969299320394 0.0561843794308555 -0.793037773649031 -0.606575968097779 0.971296513127803 -0.0972344124627279 0.217091115937066 0 0 0 0 0 0
15.4850215291365 7.23115802617929 13.2262184337217 0.129696060014843 -0.201570732299893 -0.970849201419413 0.963076762330078 -0.207361020914302 0.171710677784442 0 0 0 0 0 0
15.944904858763 7.01444440568037 13.1896964620387 0.139391086527217 0.510783399538676 -0.848333922316251 0.989214993243103 -0.0329062162984513 0.142726585021734 0 0 0 0 0 0
16.4440574896744 6.9949837308732 13.025792113858 -0.25126031587119 0.918409634583689 -0.305601041837496 0.967835430018805 0.242549865156662 -0.0668142448344724 0 0 0 0 0 0
16.7891060765214 7.0126908215398 12.6143154635199 -0.0487741022045875 0.900150391607285 0.432839877371978 0.993402062801213 0.0887521552789629 -0.0726319251819237 0 0 0 0 0 0
17.1463293855738 7.24255403840047 12.2853177262595 0.0878618296620631 0.195659397610502 0.976728057862131 0.987705240778194 0.110162352606292 -0.11091714658941 0 0 0 0 0 0
17.5943893438378 7.55543732053113 12.3572388009853 0.193460015150201 -0.593034739277068 0.781590059141403 0.978793307401548 0.171353806819901 -0.112256555595947 0 0 0 0 0 0
18.0267473160968 7.64202273037939 12.5500142719692 0.0437543355067086 -0.998722053225473 0.0252946343215386 0.988563125852859 0.0396239614118207 -0.145509064618186 0 0 0 0 0 0
18.5301970808008 7.61125084955198 12.6896579433956 -0.184596279563372 -0.807589666157682 -0.560109939821357 0.956157490240036 -0.0157385781131558 -0.2924297368888 0 0 0 0 0 0
18.9519759503804 7.32569422987437 12.6988195115787 -0.308070126298524 -0.155038538858135 -0.938645752534548 0.950371438467488 -0.00510305091214417 -0.311075694673539 0 0 0 0 0 0
19.3776892351205 7.08175465817041 12.3722455810046 -0.316978116008555 0.426284727083098 -0.847234445373508 0.928180784645711 -0.0441893495092252 -0.369496593224382 0 0 0 0 0 0
19.7125779305117 6.82388893459936 12.0405229070362 -0.135889618993766 0.822611706274955 -0.552126789921605 0.965360534831026 -0.0153518969955581 -0.260467573892401 0 0 0 0 0 0
20.100491364173 6.89605433103306 11.6752086383831 -0.20479502659212 0.946905995321843 0.247846793617915 0.957520560124528 0.246330889670878 -0.149918210143945 0 0 0 0 0 0
20.5263147107629 7.16205268824146 11.4309579323128 -0.12244093939273 0.605027371186433 0.786733815515679 0.848131266347622 0.475474377776612 -0.233661017547906 0 0 0 0 0 0
20.7595789877823 7.66631302533181 11.3104428237517 -0.00543443045938693 0.106300815009651 0.994319165908948 0.68089320084827 0.728616987213619 -0.0741736811972087 0 0 0 0 0 0
20.8630096916159 8.16762387028184 11.3551762307459 0.528628776102741 -0.506270002834937 0.681353286706413 0.73158215862311 0.678816275586131 -0.0632139951571153 0 0 0 0 0 0
14.3854954707267 2.37296883807234 0.454483807612861 -0.138583894980394 -0.585317243194457 0.798873099353899 -0.292829058059916 0.794806329632752 0.531539312874838 0 0 0 0 0 0
13.9441471307313 2.69645031350591 0.650376206976536 0.435278273111155 -0.452855784156632 0.778109544802821 -0.377740722101541 0.692662004170853 0.614435753227483 0 0 0 0 0 0
13.6668515242042 2.879657012715 1.04924017019389 0.856783169474755 -0.247901717455903 0.452180648620888 -0.1605097290277 0.705107032335147 0.690695808470687 0 0 0 0 0 0
13.688918288903 3.02940287221693 1.56259121255472 0.93393824694773 0.258277449702734 -0.24708725151908 0.0127080094987656 0.66684968208428 0.745083893262144 0 0 0 0 0 0
13.9091312823525 3.1881906666477 2.02624817192679 0.561340578437814 0.510816714867999 -0.651124441877716 -0.0019909150197011 0.78760786576488 0.616173584343467 0 0 0 0 0 0
14.2626238003433 3.64897852277479 2.29610065876237 -0.000696536772958829 0.446614345625017 -0.894726293968419 0.15113768158996 0.884495550105732 0.441389876466113 0 0 0 0 0 0
14.6215711431033 4.02982330510925 2.37586866805381 -0.6477120931746 0.492165843893057 -0.581585614041831 0.0503793741590795 0.78934736102338 0.611876345599963 0 0 0 0 0 0
14.7481413330192 4.54398206051707 2.46700517764527 -0.964254936791549 0.169680333327886 -0.203521500964548 0.0554450591839851 0.880274655537917 0.471213726699135 0 0 0 0 0 0
14.8005580367631 5.026596294418 2.36956423052423 -0.882575953014996 -0.135252939960799 0.450295824310677 0.128074004819557 0.85235359483761 0.507040825434091 0 0 0 0 0 0
14.8225725907585 5.45955406344938 2.71371869022707 -0.736884281167329 -0.524201295060349 0.426865972438144 -0.0821123383584236 0.696170127526167 0.713165280583339 0 0 0 0 0 0
14.4751837855753 5.8466137317379 2.93317747152117 -0.0826786799070146 -0.875256290638887 0.476540304261759 -0.049748549395103 0.481206125626423 0.875194690621859 0 0 0 0 0 0
14.1876076792526 5.92773117986278 3.39606641513894 0.613852053039939 -0.755627501033013 0.228501064901796 0.0676866493895063 0.338767880602266 0.938432118251859 0 0 0 0 0 0
14.0445905551466 5.87081000920569 3.91083935990373 0.933499760636563 -0.358147522475795 0.0175655639229055 0.15955853601155 0.45875579127659 0.874119098038729 0 0 0 0 0 0
14.1085603308779 5.69931849215401 4.41335840372943 0.819318707638937 0.497543624340207 -0.284898573515687 0.0973746956483743 0.368936780426393 0.924339667382069 0 0 0 0 0 0
14.3149302874653 5.74698766909822 4.93609374180696 0.487305318106197 0.734027909070262 -0.473007986879035 0.371159976685653 0.316203332954054 0.873072576556757 0 0 0 0 0 0
14.7911495511912 5.73247717225606 5.18446797649351 -0.0468411665896998 0.948376818549917 -0.313667523262537 0.370918208770274 0.30807471610876 0.876076281893967 0 0 0 0 0 0
15.2184229828472 5.93307207039672 5.33660930605936 -0.529221664266645 0.824009404242679 0.202318886390935 0.650020489104361 0.240484027361813 0.720861149132321 0 0 0 0 0 0
15.5300246701788 6.29939578071784 5.54660864801933 -0.775174887799651 0.307693738631485 0.551750357074446 0.628169925486704 0.282607767587744 0.724938200409594 0 0 0 0 0 0
15.7566439203506 6.73640428223477 5.91684621756021 -0.644612266530849 -0.355309407522528 0.676927064582258 0.735184352409285 -0.0452110903024996 0.676357838193806 0 0 0 0 0 0
15.8681089840899 7.03560311753418 6.34898126432156 -0.11303470217985 -0.942769879275381 0.313700670758282 0.683104213951476 0.15553319150013 0.713567137152153 0 0 0 0 0 0
