t = 100
b = 13 13 13
E = -1.00503174818567 -1.00503174818567 0
14.9455611367991 15.5615777571389 3.76696702446304 0.930855508840039 0.356513023039155 -0.0800405276446558 0.245741658580141 -0.448729276540573 0.859216546403558 0 0 0 0 0 0
15.2273088379209 15.2775068455797 4.07160967447326 0.577882560842939 0.810860050946156 0.0925079653500471 0.429123149549886 -0.39831408506217 0.810678242067389 0 0 0 0 0 0
15.6954186180266 15.0816986587781 4.28525943618266 -0.0201517499866237 0.871400949805013 0.490157415175372 0.393838126031751 -0.443698798523178 0.804998699795775 0 0 0 0 0 0
16.1144901071644 15.0539087268409 4.65554529257677 -0.658495468243989 0.622643325120169 0.422728054410195 0.187412020878177 -0.408338023435677 0.8933850194888 0 0 0 0 0 0
16.210256046045 15.12104029454 5.11725454881906 -0.978056971269018 0.107512289773742 0.178453547175953 0.140261368719944 -0.293558804944757 0.945595038314084 0 0 0 0 0 0
16.1129314143733 15.3176718944473 5.56057216859516 -0.672653830942924 -0.739590204227945 0.0233056544185042 0.154882517081174 -0.109926917813234 0.981798084456617 0 0 0 0 0 0
16.0854519953233 15.1741793157045 6.00096371385344 -0.152450243467046 -0.903042366600926 -0.401588604657348 0.119310010547447 -0.420182581140431 0.899561960005721 0 0 0 0 0 0
15.8494597445173 15.008973077488 6.40420321241179 0.596650882574342 -0.692804781767146 -0.405005257600241 0.158335173734551 -0.393129296193659 0.905747939126957 0 0 0 0 0 0
16.0349952756352 14.694870415596 6.79124426221084 0.333291419744512 -0.495418576477312 -0.802170345753246 0.230727514771977 -0.782088456562586 0.578880350364996 0 0 0 0 0 0
15.8410831983672 14.224896486465 6.88466077700417 0.995816829617476 -0.0388226290318102 -0.0827142389534969 0.0299605343265324 -0.71646387442536 0.696980547093154 0 0 0 0 0 0
15.9572822828448 13.7184929059808 6.88204808311726 0.700620110019628 0.437960549659436 0.56331342818904 0.0918310937043636 -0.838248528193489 0.537500190893464 0 0 0 0 0 0
16.1553625654936 13.3104236734331 7.16002489194773 0.25347505915156 0.772693063129613 0.581975793808893 0.246107442787581 -0.633338965010777 0.733698086411323 0 0 0 0 0 0
16.4339603877626 13.0892884998485 7.55266075003569 -0.523237132628935 0.769287205621823 0.366633465882234 0.234316599948205 -0.283770403640952 0.929822611580383 0 0 0 0 0 0
16.7091733337223 13.2191425089872 8.0140319976017 -0.95278552470716 0.0873717238615868 0.290802210751497 0.277928594198243 -0.134776131811276 0.951099937346743 0 0 0 0 0 0
16.9860947096962 13.4974777457622 8.48116933003202 -0.830745815240589 -0.431620766670205 0.351517999879486 0.404990790239045 -0.035413892100746 0.913634673197023 0 0 0 0 0 0
17.0481366700408 13.5797302830238 9.03005773005572 -0.384712243908117 -0.920451987415465 -0.0690262866602297 0.431855609380272 -0.245581171185071 0.867865554683537 0 0 0 0 0 0
17.0281187043735 13.4522473701038 9.54160353332909 0.100204341358364 -0.930701343364009 -0.351787008619371 0.209118996759323 -0.325968759477736 0.921961828406643 0 0 0 0 0 0
16.9031248930201 13.2042638203654 9.99571855986476 0.697491792667516 -0.536390791855433 -0.475173776185256 0.339381522840741 -0.336752871060189 0.878303868707761 0 0 0 0 0 0
17.0252122935444 12.8928104034035 10.4144703593187 0.77432003272552 0.0241491502552801 -0.632333223436739 0.559445533344798 -0.493105610735344 0.666233856751426 0 0 0 0 0 0
17.3145797113413 12.5015372637199 10.6642525847106 0.654424563648686 0.644769584314599 -0.394969205933836 0.62787845428835 -0.172342450282059 0.758990597090141 0 0 0 0 0 0
-2.16066046174558 4.76481032732157 21.3659722215162 -0.453233736651943 -0.790075275994497 -0.412747184391045 0.63378710073178 0.0399743442958296 -0.772473923666116 0 0 0 0 0 0
-1.74180677894677 4.54604191777438 21.1176246210858 -0.804539776387593 0.0331582884062738 -0.592972407553817 0.593877646280777 0.0364962672688376 -0.803727169954734 0 0 0 0 0 0
-1.5964440438201 4.31108541501696 20.7248389728831 -0.473070079883477 0.814356566368092 -0.336196493634618 0.713961213081986 0.130773194040405 -0.687864636345677 0 0 0 0 0 0
-1.42241629501991 4.26188822192039 20.2339983153721 -0.20073370094734 0.968331050881975 0.14846197224136 0.374236033831264 0.215849829292809 -0.901862651503271 0 0 0 0 0 0
-1.40291445809479 4.41900660978678 19.6821570029426 0.196233643794532 0.843845537946385 0.499416724921279 0.390705913286384 0.399853515403818 -0.829135728057996 0 0 0 0 0 0
-1.36582055014846 4.86700000152512 19.3415638058364 0.810422861376896 0.286198532761895 0.51118018897706 0.278297060992196 0.579745394339981 -0.765797638795449 0 0 0 0 0 0
-1.23732883019166 5.38295369195566 19.0837848027583 0.902856788364074 -0.198191298119685 0.381536143837701 0.415488167059373 0.630360874332672 -0.655755099975739 0 0 0 0 0 0
-1.00022707923631 5.87006181116595 19.0651646801324 0.664405402338954 -0.741941791114737 -0.0899324187391188 0.479556598934649 0.515515792760444 -0.710118958930688 0 0 0 0 0 0
-0.566178304306862 6.06198934997352 18.8918722436827 -0.000309349177375578 -0.883696414161885 -0.468060414797612 0.25106075061387 0.453000450696387 -0.855429185362571 0 0 0 0 0 0
-0.366773110947455 6.24782409010982 18.4114897835432 -0.179001465206729 -0.946527017559972 -0.268412146675352 0.221214074505086 0.227111894375462 -0.948411577678198 0 0 0 0 0 0
-0.0844439086095482 6.22539820274375 17.9926908125501 -0.793118713618931 -0.548441788829959 -0.26490434192826 0.219677839724019 0.148071643391707 -0.964269897465159 0 0 0 0 0 0
0.138875356516824 6.09500531625008 17.5559109844597 -0.985541622043453 -0.0411330390941636 -0.164364790374452 0.165933064214576 -0.038145644605131 -0.985398968945076 0 0 0 0 0 0
0.0265774517741395 5.74817325835225 17.1750664242848 -0.559281419702385 0.81845801354858 -0.131646396205126 0.153560237362259 -0.0537704425447018 -0.986675221645802 0 0 0 0 0 0
-0.220386924679386 5.64103056205457 16.8082330608615 0.437561976436386 0.883454857793339 -0.167472478391033 -0.0994649115555061 -0.137550937239052 -0.985487935509062 0 0 0 0 0 0
-0.367685422430089 5.77349278510543 16.3041176215894 0.811135507083777 0.565098108898996 0.150742550285988 0.0707269427007032 0.161073910160835 -0.984404843060878 0 0 0 0 0 0
-0.305434864998005 5.92974848980292 15.7849258854581 0.863524812956986 0.330039736403208 0.381311775064058 0.363579585300592 0.116546804148528 -0.924243868032358 0 0 0 0 0 0
-0.162581647945244 6.25551632139452 15.4204675867414 0.836682559049103 -0.521198503165321 0.168268879122889 0.326448531565706 0.227888923216208 -0.917331998195829 0 0 0 0 0 0
0.0641645365846598 6.47924443894813 15.0398648191712 0.326086415011778 -0.924707012679961 0.196429607354059 0.531408816329685 0.00745433236001148 -0.847082701308526 0 0 0 0 0 0
0.504089045215213 6.49192864642924 14.7234568843463 -0.132703413927015 -0.990744213630377 0.0285605863042281 0.43761721387106 -0.0844218238409833 -0.89518943793093 0 0 0 0 0 0
0.820054363038454 6.34336935295264 14.4999722357581 -0.818283285627626 -0.316827861615543 -0.479617108292208 0.446555774412401 0.174995573952996 -0.877476204484088 0 0 0 0 0 0
2.57523215105986 7.42037967294001 17.0271727371603 0.426496545900512 -0.430536752494055 0.795448804818265 -0.0837671837354348 0.856864150945124 0.508691346254413 0 0 0 0 0 0
2.45582271757848 7.55299506565424 17.4371625370414 0.968604135520531 0.0282095411907823 0.247002531238711 -0.161564486182637 0.826557679112869 0.539165391975494 0 0 0 0 0 0
2.48129232141251 7.83534746197399 17.8719985288624 0.906012674702775 0.286571057123493 -0.311477226289579 -0.0366024232526072 0.786209376952896 0.616875253356281 0 0 0 0 0 0
2.61692912377803 8.25949916224643 18.2300890792387 0.729435784578305 0.12111297256699 -0.673242217966624 0.222873340957815 0.888418453192528 0.401298051225391 0 0 0 0 0 0
2.93383758960737 8.50201390776653 18.5325528568871 -0.0336031357045632 0.462747656156624 -0.885852942644754 0.172973399157188 0.875670571921891 0.450867222864999 0 0 0 0 0 0
3.24358244619043 8.88315639620067 18.5503300965463 -0.798622455392167 0.361961809159303 -0.480817868276034 0.251635323449749 0.926565330579141 0.279564576012604 0 0 0 0 0 0
3.377138090108 9.38137115885471 18.4917052830332 -0.992878174709335 0.0730118947629524 0.0941392235414274 0.107152280884907 0.892665162040181 0.437798237982909 0 0 0 0 0 0
3.38954926672396 9.7418092876861 18.3484962900838 -0.407063330305306 -0.11184196695248 0.906526789206449 0.192593533840465 0.959652453636 0.204877765883094 0 0 0 0 0 0
3.20498290306627 10.2232119718461 18.5565204689346 0.350259763771589 -0.21461553622269 0.911733661490305 0.23339395488146 0.962690294444473 0.136947649878352 0 0 0 0 0 0
3.05313519035459 10.6453919513354 18.841484996127 0.974321391222133 -0.221466093864006 0.040627526082541 0.223573910495079 0.972962268552927 -0.0579580065071153 0 0 0 0 0 0
3.29362970830749 11.071440740464 19.0278237788622 0.698512532547813 -0.243270549816962 -0.672978217675279 0.275552806703399 0.959362155862656 -0.0607857270782944 0 0 0 0 0 0
3.69697795240102 11.479451216762 19.0017411078986 0.268162361812564 -0.495676748481389 -0.826071128125192 0.522935246563443 0.795048734020881 -0.307304797283455 0 0 0 0 0 0
4.18380119822813 11.648281559404 18.9617852236485 -0.379275591346336 -0.120585018004667 -0.917392652707499 0.696841464371114 0.615057846886242 -0.368938773398489 0 0 0 0 0 0
4.52723931495809 11.7609821493927 18.5238242327724 -0.767510862391943 0.103129224240112 -0.632685893013278 0.564969776103914 0.575155027432755 -0.591612919490371 0 0 0 0 0 0
4.60418698557044 11.8755588424344 18.0522302476758 -0.754791479066992 0.637334920077706 0.155222494431081 0.454903775366243 0.679058907650453 -0.57614369309931 0 0 0 0 0 0
4.62603777730217 12.2041149047322 17.6917523170175 -0.357943167090289 0.530097524560807 0.768682836798038 0.28253458558099 0.846124220900909 -0.451938060751036 0 0 0 0 0 0
4.55678223501159 12.7677545971377 17.5745475673252 0.051759043389773 0.106436867819749 0.992971396665633 0.319092167854606 0.94041949533523 -0.11743662634494 0 0 0 0 0 0
4.4882055316196 13.3162725146458 17.5402008862429 0.645261585858622 -0.296875514908443 0.703919323831264 0.471897936610359 0.879495047121929 -0.061650624578204 0 0 0 0 0 0
4.66125293813151 13.7899891085234 17.7659302999034 0.810445281293403 -0.55417102778069 -0.189928718201727 0.52633644866741 0.83116934604517 -0.179241348463526 0 0 0 0 0 0
4.94523459709836 14.0466132360578 17.9810771941294 0.197535933819199 -0.262146277841568 -0.944594560572943 0.460092378515548 0.875651491214854 -0.146797374517085 0 0 0 0 0 0
9.88877508045087 -2.4179517308554 7.45863976838135 -0.711121510979783 0.640540006099473 -0.289852888907318 0.67612861207626 0.510019567089967 -0.531723745113186 0 0 0 0 0 0
9.94725257652103 -2.36236191534107 6.99905500821115 -0.177490537342961 0.886342056523439 0.427662095574893 0.796708976897157 0.384515276103889 -0.466264740865354 0 0 0 0 0 0
10.1480597721645 -1.97393864468075 6.64334778506612 -0.0272912655589045 0.574419842835361 0.818105757821807 0.641347772618642 0.637823918636301 -0.426443059941818 0 0 0 0 0 0
10.3954254548593 -1.46165353998427 6.47515180148956 0.125156033307777 0.100498125393456 0.987033988330222 0.70934675161121 0.686496431666776 -0.159843158400377 0 0 0 0 0 0
10.6062591417072 -1.03576715597175 6.57020463878656 0.604207758441853 -0.617069112579155 0.50414154256463 0.742445995185169 0.665693916660711 -0.0750036902720581 0 0 0 0 0 0
10.8417496312184 -0.803975106156252 6.91159344712505 0.73297342076434 -0.451319062796217 -0.508980420065218 0.484294752121889 0.871643536036481 -0.0754727709377174 0 0 0 0 0 0
11.3598287978262 -0.634369194120602 7.02885273746346 0.07109831869715 -0.146150219448884 -0.986704181826287 0.625531810098499 0.777050039745985 -0.0700227840467536 0 0 0 0 0 0
11.804008100043 -0.503870763964042 6.78093260366349 -0.572837960116552 0.40639754953572 -0.711827017737365 0.681419556346278 0.718763228637133 -0.13801017856653 0 0 0 0 0 0
12.1213617783819 -0.301620340133103 6.52588864470909 -0.700290787259222 0.593368916725168 0.396870434706667 0.674600437557872 0.731905119929824 0.0960684394962149 0 0 0 0 0 0
12.3391010185031 0.170390362101564 6.4576463174727 -0.524927232999558 0.160084197304704 0.835957205740063 0.485930844019531 0.862723998208071 0.13992325663144 0 0 0 0 0 0
12.2590404921438 0.743796218750561 6.39662712227762 0.204930514169469 -0.326025647122122 0.922881770207235 0.680261843168114 0.725380582446764 0.105199027270758 0 0 0 0 0 0
12.3712827172065 1.24207862438324 6.59983274554709 0.761124608425445 -0.611194826948749 0.217094942272508 0.606053452282546 0.789407149122179 0.0976502221769112 0 0 0 0 0 0
12.7639226165422 1.62792234283251 6.83561089290031 0.427009952681228 -0.902018855722996 0.0634388227456448 0.794108806662764 0.407631278272694 0.450808101251975 0 0 0 0 0 0
13.0690372613257 1.74711273305946 7.26269494855001 0.319155300438444 -0.7490869561747 -0.580524440735244 0.943133734320242 0.190976145854172 0.272078795391778 0 0 0 0 0 0
13.6093707290661 1.75673722633694 7.33116025534345 0.0782959122813567 -0.752226353295386 -0.65423639728156 0.969423145195016 -0.0956463013120472 0.225987943495949 0 0 0 0 0 0
13.9233573106384 1.36932049135716 7.45206106944163 0.446943803084476 -0.0215699053048297 -0.894301949047147 0.862249385202357 -0.255876246091999 0.437096493241507 0 0 0 0 0 0
14.1805384846058 0.880211714502328 7.50035578867531 0.610357321926886 0.669360810675115 -0.423580033408792 0.746956699859429 -0.308360458818124 0.589041183596349 0 0 0 0 0 0
14.5792330309437 0.650386782760116 7.8048860332686 -0.200628578338264 0.917642079852295 0.34304691638072 0.247333734965663 -0.29137805619199 0.92408054406405 0 0 0 0 0 0
14.8090516857138 0.861444304776593 8.17815866428838 -0.826712240379532 0.497801180512019 0.262184775087142 0.0602279558764128 -0.385023442839326 0.920939488671813 0 0 0 0 0 0
14.8528171082862 1.00902824999331 8.63087306105646 -0.88950761236515 -0.456752346294889 -0.0123895802416346 0.0710329095953522 -0.165017887854746 0.983729344099472 0 0 0 0 0 0
-0.971205907918103 -0.295678627832978 5.31926674456608 -0.502074648364052 0.855573374164725 0.126155653422679 0.787436345417389 0.512572171629991 -0.342364967229742 0 0 0 0 0 0
-0.744997465255181 -0.0461970048000886 4.977466936218 -0.314868427452762 0.583858060474543 0.748309854680753 0.814466479308573 0.571025806867441 -0.102829382834314 0 0 0 0 0 0
-0.475177205750414 0.445046666500612 4.94488454608982 -0.0613003576804054 -0.00142590854057182 0.99811834615595 0.733406691729988 0.678231186159778 0.0460117663861709 0 0 0 0 0 0
-0.284872959258727 0.918430674295965 5.0617932361643 0.312706758707874 -0.580238937057433 0.752022113358961 0.804703005806944 0.582471223952245 0.114805686761779 0 0 0 0 0 0
0.049535274574302 1.19684176284942 5.32057297044586 0.324359320046573 -0.893839854975459 0.309582533674587 0.895939780392808 0.395286648879057 0.202584242051677 0 0 0 0 0 0
0.33033687851441 1.44832943545787 5.6647392193868 0.579585327028998 -0.754096185209255 -0.308900942286586 0.813869578794334 0.554808963834566 0.172636387711136 0 0 0 0 0 0
0.748851824993568 1.5858258085859 5.88278292146937 0.342443409841757 -0.33435625110051 -0.878030983739164 0.816515882652546 0.568228601348993 0.102068947212662 0 0 0 0 0 0
1.30564396600463 1.63111866413364 5.89481555684131 -0.15640152585551 0.26274904058267 -0.952103725642829 0.65406952270647 0.749862708258474 0.0994936089897159 0 0 0 0 0 0
1.72995947138157 1.86159294673719 5.83964251851744 -0.650924728422444 0.613106293254173 -0.447657984515295 0.595822365505838 0.77801998546343 0.199199927164925 0 0 0 0 0 0
2.01466685764895 2.16021130202785 5.56506540069933 -0.729857462840054 0.493372082965231 0.473172348819359 0.571709088751583 0.820017807680955 0.0268237380869031 0 0 0 0 0 0
2.1062954528272 2.68461512010129 5.36584794105277 -0.274778145777061 -0.104691044643465 0.955791167449659 0.705794527067145 0.653096533868623 0.274443077906614 0 0 0 0 0 0
2.2380216361596 3.15824949646974 5.51546135850616 0.177436721249827 -0.646959640452741 0.741592498328679 0.775964998539255 0.555454120159809 0.298913100146956 0 0 0 0 0 0
2.67598172399911 3.39956529227833 5.84064506671479 0.0342249389166264 -0.955908845393593 0.291662361052025 0.837649384865376 0.186618426054549 0.51333913847629 0 0 0 0 0 0
2.83306971033547 3.50104985650225 6.35032507198216 0.474651929686284 -0.840204071988578 -0.262226358436563 0.731943505096754 0.211326353374032 0.647765295239189 0 0 0 0 0 0
3.14902496650247 3.35311040263105 6.7209165031058 0.517174460611012 -0.424160947082861 -0.743382854430662 0.835262743611138 0.060636958153625 0.546497308722624 0 0 0 0 0 0
3.02986680669474 3.31256372717416 7.55258442934116 -0.235480144245132 -0.663530371206115 -0.710124318801551 0.830699339983987 -0.516680513623375 0.207315830056596 0 0 0 0 0 0
3.22508404675817 2.83977719291784 7.7170478730795 0.345593070287925 0.0748279276166591 -0.935396285548304 0.851011683825104 -0.445017319475954 0.278816605243661 0 0 0 0 0 0
3.53996099697036 2.50016662032751 7.62030811018419 0.496172022074677 0.755976195603617 -0.426981634489129 0.860323797180171 -0.49428633498636 0.124595277002157 0 0 0 0 0 0
3.91523032520288 2.27146640141491 7.33571793517494 0.386580755809229 0.765139924109086 0.514894373412944 0.896647642491642 -0.442466823770121 -0.0156880552319526 0 0 0 0 0 0
4.46214527564764 2.30799841581196 7.3291895017211 -0.0414415435333253 0.485375778951234 0.873322936648901 0.966572708319848 -0.201873696213245 0.158063943733022 0 0 0 0 0 0
10.2985745246159 11.4375414087746 10.683134056529 0.998651143104725 -0.0502611967580815 0.0130271438185732 -0.034880413946656 -0.835271611660247 -0.548730071599328 0 0 0 0 0 0
10.4319338251714 11.2554748937112 10.2055517884231 0.577692928753852 -0.473166876554302 0.66511952835535 -0.161983589419295 -0.865093243496135 -0.474736765814676 0 0 0 0 0 0
10.293935815704 10.8042338628605 9.95687622565858 0.574358496977311 -0.276921880165313 0.770341865171348 -0.071718512114395 -0.954447512699873 -0.289631490900284 0 0 0 0 0 0
10.5187287470373 10.4012653794776 9.68875534480792 -0.250013747933694 -0.294135885123701 0.922484258362517 -0.158571936745325 -0.927438716051959 -0.338692144645739 0 0 0 0 0 0
10.6768481199614 9.90345983234413 9.72772338751471 -0.910981996727249 0.0565819684341758 0.408546548739492 -0.193211926909299 -0.933679543648247 -0.30151560668197 0 0 0 0 0 0
10.6020848590207 9.41828010248787 9.87154105979409 -0.916473806928844 0.338171791704678 -0.213812068201496 -0.264002778420608 -0.912689723442871 -0.311929481947401 0 0 0 0 0 0
10.3346620998081 9.03857431397509 10.016631302414 -0.573518396253074 0.465954076086692 -0.673768096705015 -0.497053998579604 -0.851709824249512 -0.165914730427688 0 0 0 0 0 0
9.90473239916191 8.84754840444528 10.1088986726082 0.0898345132669417 0.0203839587077549 -0.995748087848274 -0.170806632083786 -0.98466242528097 -0.0355668761067354 0 0 0 0 0 0
9.55244432126422 8.47032594951265 9.99160313403866 0.774758862044265 0.00382000238628983 -0.632245295170827 -0.178282093121624 -0.958083627012364 -0.224257126805384 0 0 0 0 0 0
9.30948978891498 8.02320500541586 9.59654475613817 0.98757550332283 -0.101561679907073 -0.11991601398943 -0.146323296095365 -0.872588886222503 -0.466023742593399 0 0 0 0 0 0
9.2905521175945 7.80251027544853 9.13831582053254 0.658582941231909 -0.459841266643381 0.595663091864973 -0.254510902209315 -0.881035518806247 -0.39874881223448 0 0 0 0 0 0
9.5464390597865 7.44733033123093 9.03061859915998 -0.31572923251912 -0.401216572693938 0.859849006238082 -0.258995256260648 -0.835348833494198 -0.484885330376537 0 0 0 0 0 0
9.61036085815242 6.97384687678199 8.9387417422365 -0.953690049860419 -0.0796602249930514 0.290050921996963 -0.116711150715367 -0.790743370707842 -0.60091882062413 0 0 0 0 0 0
9.46499261998292 6.43994447335983 8.92365588294404 -0.854399422531326 0.480022973241515 -0.19894615336445 -0.247101584270662 -0.712154352708995 -0.657097393822682 0 0 0 0 0 0
9.13975811528201 6.12380270476746 8.60350343830702 -0.483459355690934 0.82696275422186 -0.287053400127403 -0.282435537881842 -0.4577477292152 -0.843028578008908 0 0 0 0 0 0
8.80367871925321 5.89368557086627 8.27621726624477 0.0999555351917828 0.957265954125164 -0.271386779444693 -0.257577932891834 -0.238560058732648 -0.936345399339712 0 0 0 0 0 0
8.48155175712986 5.95835029063479 7.94238801556556 0.625173857553976 0.703050119680042 -0.33893683342027 -0.261415279827785 -0.2205605961249 -0.939688818125229 0 0 0 0 0 0
8.3737339229617 6.1648030358351 7.48800937889715 0.981181522767423 -0.0037427237217409 -0.193051318045082 -0.192230931135677 -0.113010485686829 -0.974820957529914 0 0 0 0 0 0
8.36486123861523 6.45340224477335 7.07184103203065 0.624846506544063 -0.778993102241998 -0.0523124260483896 -0.241919149734968 -0.12947185742448 -0.961619552175685 0 0 0 0 0 0
8.64596221457115 6.54231310504066 6.64829149590835 -0.283212393874042 -0.959056036230205 0.00150310563249254 -0.225612365151276 0.0651006171446095 -0.97203959298901 0 0 0 0 0 0
10.2444192343057 6.16975629895824 4.01580163312267 0.784356564445832 0.522741120563703 0.333955836425317 -0.332875777581217 -0.0995833285578793 0.937697647097951 0 0 0 0 0 0
10.2865602793548 5.89506191302053 4.50244203719764 0.303785132524982 0.947517487393751 0.0996253197726937 -0.371197320296634 0.0214046903925558 0.928307270591908 0 0 0 0 0 0
10.3034094239355 5.82438377723882 5.02655852245855 -0.355105583740368 0.869746374135445 -0.342697051453115 -0.404053504066204 0.187778111353424 0.895254235817046 0 0 0 0 0 0
10.2871865489906 6.05577550910911 5.45026170667859 -0.776157354836296 0.373966713204619 -0.507669831631207 -0.541378060515221 0.0175177504323031 0.840596766596547 0 0 0 0 0 0
10.0646642104247 6.43310210744 5.65913961163484 -0.701634186245021 -0.703305873606406 -0.11432548641058 -0.330983366772307 0.179608523393214 0.926385874916375 0 0 0 0 0 0
10.5155175019495 7.51169968420708 5.9542757541467 -0.746430502451441 0.65937766155705 -0.0897920066021808 0.663692741795665 0.747472959198613 -0.0282155941745279 0 0 0 0 0 0
11.3568436222028 7.56444592576423 5.9249606038834 -0.164511439347987 0.689799927765109 -0.705061732034087 0.93968588802552 0.326915208193553 0.100582694821012 0 0 0 0 0 0
11.7116991230941 7.54134861169588 5.72838905901057 -0.375970929919027 0.734598032202584 0.564811110850267 0.926479764147169 0.309035308239954 0.214784601139943 0 0 0 0 0 0
12.096141322759 7.88419319089961 5.70118893260215 -0.414739750141414 0.127333050048998 0.900986811234136 0.82548384978812 0.469242696810277 0.313668145066095 0 0 0 0 0 0
12.5168645837319 8.13507668036141 5.95415310708506 -0.569134801584579 -0.164178181998977 0.805686727072498 0.666357636383372 0.481966161954031 0.568925407382081 0 0 0 0 0 0
12.5757867137414 8.52903597284175 6.30330410228097 -0.0165788818119382 -0.73483799944 0.678040010070857 0.656595372465366 0.503422583099942 0.561647771901617 0 0 0 0 0 0
12.6613501261313 8.78512109104511 6.7128681022433 0.472003948532349 -0.8756283541366 0.102407314201201 0.793724977929594 0.472636064134275 0.382904440154886 0 0 0 0 0 0
12.8514954821159 8.81825196942216 7.20809892364398 0.610340821351495 -0.642542448840438 -0.46327452253509 0.783657588810018 0.404423576015224 0.471510715322068 0 0 0 0 0 0
13.1892797468224 8.68977162495291 7.52957545584008 0.558792501747702 0.210108940945193 -0.80225006882233 0.684223519920781 0.429812929333996 0.589151101640782 0 0 0 0 0 0
13.6463867188807 8.62125476232123 7.75819150269973 0.154041865576046 0.674993044788533 -0.721564614665212 0.853429042467624 0.277124245010199 0.441430654010708 0 0 0 0 0 0
14.1439436797376 8.83000845054651 7.82830251410275 -0.477408192812711 0.660536226558095 -0.579459498877785 0.530291006048639 0.742418593813741 0.409397215993891 0 0 0 0 0 0
14.3936797707376 9.32275347332745 7.8263167626326 -0.902852014282011 0.426357057632487 -0.0554788222106735 0.415987732289897 0.898845116629797 0.137955293102782 0 0 0 0 0 0
14.4763049739912 9.82193567897808 7.60609533940744 -0.789595956586876 0.292987562806868 0.539162789315202 0.345768738318248 0.938313171054236 -0.00351747465536115 0 0 0 0 0 0
14.2951864830451 10.29481238811 7.40755679583861 -0.163055443268738 0.0925227248485748 0.982269040440057 0.379817145841476 0.92474875844571 -0.0240555498368345 0 0 0 0 0 0
14.3225994710005 10.7990282910013 7.55951126384967 0.3160951799494 -0.237711676397704 0.918464477329935 0.283029957327879 0.947645584305553 0.147857667373612 0 0 0 0 0 0
8.12924604179445 0.908073367314667 3.42321889831258 0.122637061527224 -0.598318439631039 0.791817653211551 -0.642356657627825 0.560327708758984 0.522886969810988 0 0 0 0 0 0
7.7516665581514 0.956679680017763 3.7833934587444 0.685780309156773 -0.0371647871723109 0.726859096501707 -0.523533164185539 0.668574331774161 0.528130087090872 0 0 0 0 0 0
7.52913676588873 1.00124590050583 4.22575767689042 0.8497605077232 0.468794823660428 0.241119250212833 -0.521590003633284 0.68130239663395 0.513586324244198 0 0 0 0 0 0
7.41172276743808 1.24389108560798 4.6949415945207 0.627919863705713 0.639454161237077 -0.443638389277106 -0.451352694482672 0.763576586500981 0.461770009561841 0 0 0 0 0 0
7.44602404946153 1.62012482319195 5.10704356100881 0.0495554356169073 0.50257891259459 -0.863109897646909 -0.19504986950367 0.852402293148145 0.485145214386772 0 0 0 0 0 0
7.51062621519708 2.10922223284985 5.18637551296332 -0.618348926932951 0.0935567431409521 -0.780315154520099 -0.40212515501043 0.815406660387338 0.416422067023121 0 0 0 0 0 0
7.40731429236239 2.59281721201926 5.02771637320861 -0.873056889786067 -0.486278450100508 0.0361239001898609 -0.45764483424582 0.842712061977578 0.283544681286066 0 0 0 0 0 0
7.05714395312849 3.03002943300539 5.02768796784433 -0.442467850541669 -0.812734085282434 0.379058712941885 -0.708186747059429 0.575984048766572 0.408306143544098 0 0 0 0 0 0
6.54397904188707 3.12152689013303 5.04790526149948 0.127065988993458 -0.396961285277249 0.908997234556932 -0.695063742289013 0.618155360442241 0.367110806857707 0 0 0 0 0 0
6.07370297566048 3.05498019337432 5.14864385708213 0.431735099517651 0.208674444129576 0.877530501015034 -0.800008586355933 0.537965160122336 0.265668493147629 0 0 0 0 0 0
5.69196788002668 3.33125476407901 5.35102122997712 0.78798419556841 0.257536284754405 0.559245893654394 -0.517014355137772 0.770002302541434 0.373888500307732 0 0 0 0 0 0
5.53290703312902 3.46752152304403 5.83766414354579 0.791120449167838 0.588280400477275 -0.167495090443788 -0.351859853731126 0.661691079710794 0.662087273977891 0 0 0 0 0 0
5.67742452588594 3.73207250294677 6.24147135485471 0.310967138268065 0.66223309389578 -0.681723381047322 -0.0554503700249176 0.728705599908726 0.682578497409467 0 0 0 0 0 0
5.64630912797796 4.17060843576084 6.60628797137286 0.0120086703372012 0.377600738691225 -0.925890638237894 0.160139737130102 0.913279337449952 0.374534532959082 0 0 0 0 0 0
6.03277875645213 4.46536960326974 6.63959581723498 -0.572355673215562 0.503288082612051 -0.647387124708737 0.380760182574846 0.862336568375058 0.333762379858333 0 0 0 0 0 0
6.24097656926824 4.89030025626014 6.47076321257661 -0.900857688074546 0.362556209691173 0.238764362188658 0.368802385898767 0.929300672230771 -0.019622964781512 0 0 0 0 0 0
6.25098156043908 5.25571952962956 6.09665599722304 -0.482859522632738 0.244949340684362 0.840741638020374 0.542213189987299 0.837533970202608 0.0673921758103571 0 0 0 0 0 0
6.4130690594055 5.74129551273485 6.04580012851787 -0.158799578732556 -0.061743607482057 0.985378313506779 0.348498483735527 0.93029507514038 0.11445470721466 0 0 0 0 0 0
6.33226972280381 6.22444387163707 6.12545269520114 0.630612714444782 -0.23941688839767 0.738246000958055 0.414473698251842 0.908111526699724 -0.0595399742403121 0 0 0 0 0 0
6.32718716405508 6.66352361216924 6.43507868114084 0.931792679962157 -0.362915776542798 0.00738516792481233 0.360374548159903 0.927323386831213 0.101002580533541 0 0 0 0 0 0
-7.0223881804062 10.5327375026851 18.1558785807806 0.933617903887264 0.356825358485676 -0.0321445653683664 0.307210425915062 -0.843494983429134 -0.440610902201671 0 0 0 0 0 0
-6.89191456565777 10.3849641128074 17.6760915827194 0.576341391384151 -0.328297598306602 0.748365744488279 0.137159911605534 -0.86390691457156 -0.48461531301003 0 0 0 0 0 0
-6.58412449129065 10.0475101128718 17.5024205334869 -0.308941531292966 -0.348241679026989 0.885032690487093 -0.00115689295887861 -0.930416166224639 -0.366502959369399 0 0 0 0 0 0
-6.35914248113627 9.59509498634295 17.6521618221242 -0.841518043974102 -0.307559639039796 0.444133369720977 0.170635111196194 -0.931356725107029 -0.321649357880556 0 0 0 0 0 0
-6.32736289905633 9.0446348095327 17.6666948076416 -0.961244247652355 0.175667744131742 -0.212486093725977 -0.019314180247378 -0.811733933969619 -0.583707960270869 0 0 0 0 0 0
-6.41764528597717 8.50502989893694 17.6287549009186 -0.377614034298496 0.608657056639899 -0.69781389245505 0.03628668018739 -0.74330283617724 -0.667970186888494 0 0 0 0 0 0
-6.71623844173188 8.1939387155327 17.3686923589333 0.705538567628408 0.475645529740662 -0.525334807172131 -0.105670979637338 -0.662397225872724 -0.741662699088073 0 0 0 0 0 0
-6.77942337380706 8.26649596175382 16.8776750703171 0.950304221294896 -0.29864220567668 -0.0879472567944493 -0.278608068630063 -0.689745040694017 -0.668303316565343 0 0 0 0 0 0
-6.75674159399682 8.19168105637309 16.4074394613262 0.515072215305355 -0.755778278067885 0.404351094250007 -0.21092365665209 -0.568992638967649 -0.794832427537492 0 0 0 0 0 0
-6.63204004763197 7.87418384138483 15.909557411258 0.182131023443324 -0.692862519975182 0.697688912562847 -0.153893265528861 -0.720898700709892 -0.675738060301218 0 0 0 0 0 0
-6.44511857232372 7.55600975697332 15.5712028554882 -0.66496083505448 -0.354149538251411 0.657575237064141 -0.403837749262651 -0.570145704518811 -0.715436194142583 0 0 0 0 0 0
-6.46382862656984 7.03662368653915 15.5231426138903 -0.937709869033084 0.346521128950535 -0.024966151261333 -0.216729927803437 -0.639621689741572 -0.737504055857629 0 0 0 0 0 0
-6.72638115257077 6.70146262323584 15.232865239329 -0.517462689110515 0.774046088861219 -0.364808193023629 -0.233128658938595 -0.537721841581526 -0.810250732469687 0 0 0 0 0 0
-7.1044476951435 6.60536917154929 14.9456699518629 0.415875353889789 0.661704495721825 -0.623854831165527 -0.243748779647024 -0.5797880612939 -0.777452465686262 0 0 0 0 0 0
-7.18562512206795 6.53106953051265 14.4005407102991 0.825531012879522 0.434394745900465 -0.360277325831337 -0.134186545058891 -0.468993629367482 -0.872948421579348 0 0 0 0 0 0
-7.49861648166707 6.62252401050007 13.8871058282382 0.973497054536801 -0.214548296058453 0.0791992011739357 0.0407238075417838 -0.17814660848221 -0.983160901066344 0 0 0 0 0 0
-7.27910773587372 6.66190423241629 13.4870856745586 0.547544355864005 -0.801863188655708 0.23918738478518 0.0985004856452193 -0.222091946576841 -0.970037536177526 0 0 0 0 0 0
-6.91787861051631 6.68518279096808 13.1481818800959 -0.320590167795154 -0.941982132482238 0.0994565553258855 0.273407916543192 -0.19255413816223 -0.942428254589235 0 0 0 0 0 0
-6.57487795234427 6.50427578039459 12.8532792635573 -0.806438353850108 -0.569914380440037 -0.157653989506057 0.327829694917097 -0.209020928100367 -0.921324016156436 0 0 0 0 0 0
-6.40409008009216 6.22575485109347 12.4817301026375 -0.979438938643892 0.0926554901749176 -0.179204703087208 0.161262916071144 -0.174156021160255 -0.971423672860539 0 0 0 0 0 0
21.0339817259784 18.6368214091852 13.35855277644 0.302573131994889 -0.821532381153105 -0.483253604758114 -0.131017861406873 -0.538056130035078 0.832664350698434 0 0 0 0 0 0
20.8351244174415 18.2505907993386 13.7271196726711 0.650163807315613 -0.476719249078549 -0.591629767012149 0.0514797436632602 -0.749242332884869 0.660292179724707 0 0 0 0 0 0
20.7274835115879 17.8388699778029 13.7192319340247 0.990148607324734 -0.138840164980536 0.0181423262308501 -0.113247398436064 -0.717874341281182 0.686899888540953 0 0 0 0 0 0
20.8130679799288 17.3500702966479 13.7880933861321 0.639748426738347 0.486636425220284 0.594900781756617 -0.0230475403653953 -0.761526727791798 0.647723593627576 0 0 0 0 0 0
20.9559353546183 16.9161192807723 14.0071899559639 -0.00380158668535699 0.709829676938784 0.704363100734028 0.0664800603150802 -0.702630534479428 0.708442470210288 0 0 0 0 0 0
21.2616517144003 16.6903938924823 14.3423057495338 -0.714787097249381 0.409255366388799 0.567088573935124 0.191423493489907 -0.665425349974781 0.721502702525124 0 0 0 0 0 0
21.5453408266971 16.6369070758872 14.756355696537 -0.979695480454436 -0.0713595547709355 0.187362161388171 0.194692016052846 -0.561750502693152 0.804071757748814 0 0 0 0 0 0
21.674180628212 16.3392187442682 15.2796329567327 -0.944526788797913 -0.188919506131496 -0.268660688315457 -0.101669391624129 -0.609640558281284 0.786130857113028 0 0 0 0 0 0
21.3933977360185 16.2679587430279 15.7231900770312 -0.273037329594333 -0.721619154614895 -0.636173256543279 -0.236728327248583 -0.590565754838614 0.771486738894445 0 0 0 0 0 0
21.0068232870135 15.9740468432094 15.9759604806215 0.585429095503957 -0.785236489238911 -0.201683985742962 -0.136645076348907 -0.340781668484666 0.930159114095222 0 0 0 0 0 0
20.9628284584907 15.5790867947738 16.3364345192371 0.949224528562918 -0.092545738715675 -0.300679365138476 0.238562239111018 -0.41131156787185 0.879722031215052 0 0 0 0 0 0
21.0636892584856 15.1572349931907 16.6535358573671 0.795016663696 0.601630723744656 -0.077388479066092 0.31233296233182 -0.29664235992978 0.902469628816571 0 0 0 0 0 0
21.1675302056798 15.1579451151601 17.2043885698144 0.67466906157569 0.481407483106691 -0.559525238538405 0.471049785599587 0.30279681106099 0.828508413172659 0 0 0 0 0 0
21.5838532368289 15.2019408576165 17.5558286885942 0.0825244772888454 0.880151243668901 -0.467464970790635 0.560212427244859 0.346970190063675 0.752179316099293 0 0 0 0 0 0
22.0378688640847 15.2992786576888 17.7696636930229 -0.529975074110314 0.843472275305615 0.0876409813531107 0.569634410513663 0.277532502321012 0.773622872279631 0 0 0 0 0 0
22.3574455977625 15.6157270416951 17.9376806644539 -0.849911689617933 0.190748418789408 0.491187500431485 0.526923566405909 0.30537994606342 0.793154867417694 0 0 0 0 0 0
22.4749367968022 15.9569276154425 18.3427693657854 -0.622093660957404 -0.617128266509697 0.481821730177614 0.505109847079129 0.153860498548178 0.849229644660504 0 0 0 0 0 0
22.434958414732 16.1936291535776 18.7375669639621 -0.179589814697528 -0.95179638373158 0.248658686500982 0.431506659890027 0.150936818434428 0.889393096055644 0 0 0 0 0 0
22.3414052387731 16.0800814197196 19.2216523975696 0.494912793714453 -0.868813516034381 -0.0149800191499069 0.266310520703137 0.13524683513572 0.954351612430447 0 0 0 0 0 0
22.37193169371 15.8928281955553 19.6614084140867 0.955314852014342 -0.18587921024732 -0.229831357126583 0.277094313287397 0.292428976935544 0.915261730322107 0 0 0 0 0 0
29.9125708039892 6.06723438550377 12.6230334069476 -0.8685022617319 0.310213278498268 0.386615497891549 -0.0975823755822014 0.657696853629848 -0.746935424719654 0 0 0 0 0 0
29.6657375380216 6.10409263866043 12.1826889190846 -0.120611207745016 0.832055854849949 0.541420345920069 -0.00170904501538415 0.545227024956428 -0.838286687489606 0 0 0 0 0 0
29.5347540084487 6.48114608161784 11.9094778523682 0.489809190057614 0.534673594812477 0.688629874711667 -0.0497100033831239 0.805710044672923 -0.590220500725624 0 0 0 0 0 0
29.3292019957925 6.96479527094973 11.8066180042804 0.948485738129101 0.269630152796018 0.166356199971299 -0.0880120302625765 0.728655694637012 -0.679201561542752 0 0 0 0 0 0
29.2969312749018 7.52640160478757 11.6972899712494 0.79641198725789 -0.375734130643933 -0.473868979382684 -0.00121341527835662 0.782578140807679 -0.62255118757686 0 0 0 0 0 0
29.5130199058428 7.92730940210244 11.5853972216864 0.393886140977754 -0.486107056163944 -0.780098479612207 0.0632342260310101 0.861028846177919 -0.50460951111506 0 0 0 0 0 0
29.7909876424887 8.27547889885877 11.39278907515 -0.498765645008167 -0.37159590972185 -0.783038511975993 -0.0107376122858783 0.906012559513706 -0.423114577491512 0 0 0 0 0 0
29.9633540230255 8.57592044964995 11.0341636114969 -0.92989159677792 -0.168897031952618 -0.326765069796952 0.0255608439217916 0.85653196530935 -0.515460605343713 0 0 0 0 0 0
30.0982860013674 8.79535375046427 10.5609821268431 -0.803530685184609 0.336160329753584 0.49125825251767 -0.0969944273551945 0.740309659170768 -0.665232056954938 0 0 0 0 0 0
29.7839947186171 9.0693952836292 10.2090561501946 -0.390799371502042 0.368084120720619 0.843676437567707 -0.361240722280726 0.781702548797422 -0.508376106607809 0 0 0 0 0 0
29.4134408029758 9.37970866146039 10.1302741008319 0.614300616869058 0.593844905378325 0.519598864962677 -0.280278395236717 0.779767417977365 -0.559827468979902 0 0 0 0 0 0
28.9633187205775 8.74861745696438 10.4807462674184 0.477814555186263 0.33824416683548 0.810730617686248 -0.238386848414588 0.938193774829157 -0.250926585627705 0 0 0 0 0 0
28.7643985270934 9.18857200235725 10.5804459436397 0.916898714475406 0.209271490651281 0.339856132199993 -0.148305615837577 0.96918702331628 -0.196677294435233 0 0 0 0 0 0
28.665213766393 9.659818463776 10.7223097834955 0.911094198081764 0.0271793814125129 -0.411301159064473 -0.0706382273610042 0.993357852854026 -0.0908318061503487 0 0 0 0 0 0
28.8831555744736 10.1142204292277 10.8756067049499 0.448653735617145 -0.0347554339036088 -0.893029610556644 -0.144088670094279 0.983357893531632 -0.11066032884233 0 0 0 0 0 0
29.1244221550171 10.5890290887442 10.781656443701 -0.273200960940614 -0.247833682579007 -0.929483566675847 -0.299773333976445 0.940061639764476 -0.162542491921261 0 0 0 0 0 0
29.1344730349081 11.0563495018566 10.5425681922025 -0.605497430014989 -0.48082604278061 -0.634175984115752 -0.320464523165087 0.876704507268721 -0.358736248973091 0 0 0 0 0 0
29.0311829501898 11.4384027514441 10.1439958705302 -0.83987475009385 -0.481853096912866 -0.249855952801356 -0.192434260973173 0.694765120277164 -0.693015499718417 0 0 0 0 0 0
28.9148892457943 11.427103770174 9.6371385306823 -0.890286501185349 0.267247861078695 0.368739103643773 -0.18046947504323 0.536366442902435 -0.8244645580653 0 0 0 0 0 0
28.6412816565625 11.4554435777942 9.12830353658291 -0.249969656226238 0.781319079127965 0.571887810288665 -0.128266052039995 0.558712222195743 -0.81938298289821 0 0 0 0 0 0
9.90723541535517 8.82059567109285 6.77622674354579 -0.823400444294072 -0.555063698564431 -0.117966092044698 0.0156617190067167 0.185575859672464 -0.982505120019525 0 0 0 0 0 0
10.0192781256813 8.67154970106958 6.28775877817961 -0.986189380161441 0.16128808633301 -0.0376385396080646 0.094522787857976 0.361495943664918 -0.927570010990742 0 0 0 0 0 0
9.96886934415347 8.66903836036649 5.71560400125937 -0.702948188121124 0.59114335219167 0.395491317195236 0.0105650477418984 0.564675384973878 -0.825245472190435 0 0 0 0 0 0
9.69175614832739 8.73225465652498 5.38311674476812 0.122060990019847 0.922932648580325 0.36509785113019 -0.0134703107249157 0.369354957098882 -0.929190758884018 0 0 0 0 0 0
9.41906608928928 8.96134680528519 4.89910157406474 0.631621205183381 0.697873439731155 0.33767930833929 0.205387933115753 0.269372821349967 -0.940879418442341 0 0 0 0 0 0
9.74084951663679 9.19345751000434 4.45770200410803 0.673113751261478 0.320125341533955 0.666661565991672 0.555484789848148 0.376250862668717 -0.741533503348571 0 0 0 0 0 0
9.90674364560581 9.55870730327488 4.18660674882641 0.726877474149901 -0.604855783532905 0.325266996020583 0.639098495343591 0.422371609497288 -0.642771605424686 0 0 0 0 0 0
10.3276438983037 9.85477393828474 3.97774475762304 0.281151891486207 -0.957898120096447 0.0581790806855758 0.772667722850279 0.189996486626332 -0.60571109048375 0 0 0 0 0 0
10.8647339335286 9.91089078300425 3.91929312371022 -0.462926393664068 -0.74128242940166 -0.486003615119841 0.643455859350399 0.0960680092338093 -0.759431033517523 0 0 0 0 0 0
11.2872681359069 9.80510950281756 3.67016619109066 -0.819432109474074 0.109564797301367 -0.562606943749525 0.552619983357874 0.411533735452539 -0.724742118672582 0 0 0 0 0 0
11.358924284068 9.77167553804851 3.18230580910467 -0.756087041143934 0.640591603419259 -0.134070070645735 0.449658233761494 0.359610725281257 -0.817610909340855 0 0 0 0 0 0
11.2869924678156 9.81072359367439 2.64880607882651 -0.351354683783758 0.923773294112167 0.152291783325198 0.318270758704095 0.270825899661964 -0.908491637950624 0 0 0 0 0 0
11.2448619918821 9.93942903609863 2.18736153816957 0.361544861337274 0.793182620004348 0.490047594182084 0.594500020481334 0.20877115558309 -0.776520656675787 0 0 0 0 0 0
11.3815442469886 10.3181171801704 1.83402807333554 0.695538709691916 0.113275211040642 0.70950308659216 0.686599898649007 0.18613752912223 -0.702803955187678 0 0 0 0 0 0
11.7714907277445 10.5453292092426 1.59882495594436 0.58146926194029 -0.462238807863947 0.669498903601142 0.805844559158144 0.214107981120188 -0.552061879589465 0 0 0 0 0 0
12.3062544577869 10.712896569409 1.57987079266006 0.216539269255051 -0.963415949215544 0.157925468711034 0.744059476308587 0.0581328777107552 -0.665579495060099 0 0 0 0 0 0
12.6888969033634 10.6460543963855 1.54977267159201 -0.51603954533593 -0.53080320721048 -0.67227311627385 0.600719350763406 0.33521397053041 -0.725787748298101 0 0 0 0 0 0
13.0309759643512 11.6002755332594 1.74305686287103 -0.770671793223414 0.57332276687446 -0.278147428737388 0.596469445551555 0.802633880606518 0.00174763438413932 0 0 0 0 0 0
13.3102346046975 11.9898706357004 1.47309612468031 -0.891363686349957 0.362806624958017 0.271739087256852 0.371580374769371 0.928177270488931 -0.0203710489167724 0 0 0 0 0 0
13.3043115417247 12.3602298271116 1.20212258204258 -0.178250074652807 0.187265757340284 0.966001266569583 0.486824824518138 0.86993689635447 -0.0788123505171352 0 0 0 0 0 0
8.4672411988077 4.54783969881077 13.1638775361226 -0.375962909610758 0.828919298642402 -0.414179534664861 0.556845680362006 -0.155160105851409 -0.815995238842945 0 0 0 0 0 0
8.48566461409743 4.4710051908142 12.7028682551393 0.369642384852082 0.928550692549468 0.0340311428954029 0.643916487662449 -0.229585351483082 -0.729837052567794 0 0 0 0 0 0
8.63074521614364 4.54762092542243 12.2311435020766 0.706134020427431 0.446673292123586 0.549415794547692 0.63952320026345 -0.0692467267239073 -0.765646763960262 0 0 0 0 0 0
8.86618957880875 4.80334417263861 11.8190700524152 0.675223948154375 -0.315131295395984 0.666906954905156 0.719989519022007 0.085125834176147 -0.688744281177183 0 0 0 0 0 0
9.35496791691262 4.97153570648465 11.5990238319144 0.165812872007474 -0.920113500086141 0.354820008505529 0.714016578649718 -0.136160785695177 -0.686760923358502 0 0 0 0 0 0
9.8895064652618 4.90701022726481 11.7439295641634 -0.262911046987483 -0.892165228705053 -0.367313198866587 0.877604842744248 -0.0629625769870597 -0.475232000070484 0 0 0 0 0 0
10.286064505541 4.59695297772109 11.5932409234273 -0.606311823382794 -0.252345946247216 -0.754126976204159 0.778229305372303 0.00673654911366768 -0.627944079648644 0 0 0 0 0 0
10.6260680393069 4.40312908938225 11.2588760248082 -0.66291976380383 0.450849325553039 -0.597722571438159 0.709378068573092 0.122939595063668 -0.694023495130452 0 0 0 0 0 0
10.9154605407189 4.4160296531416 10.8015036205677 -0.596753050571578 0.792353122752146 -0.126737230119793 0.58825109965421 0.324562075210345 -0.740688938145269 0 0 0 0 0 0
11.0938831250198 4.5170949583621 10.2715505374202 -0.159716695490456 0.926195686163662 0.341543742606171 0.601986313097373 0.365590822736574 -0.7098984639892 0 0 0 0 0 0
11.1750056384117 4.83290465103553 9.90228915599676 0.510981954051343 0.409376968431672 0.755849151849471 0.715862909174832 0.284108662459682 -0.637826436566498 0 0 0 0 0 0
11.446425671231 5.14118508146646 9.61977694972541 0.597623913157955 -0.473993381571047 0.646665240018834 0.761744606473732 0.0839945133116574 -0.642409586044384 0 0 0 0 0 0
11.9383655817754 5.32351276507603 9.48964511317629 0.156230830678475 -0.949806899471362 0.271032804771141 0.753123781703484 -0.0629880126767073 -0.654856533671066 0 0 0 0 0 0
12.4934340236035 5.34154800071818 9.44715437183788 -0.291559027825063 -0.929891237270984 -0.224266850292996 0.552357365958092 0.0277474811743777 -0.833145496033145 0 0 0 0 0 0
12.8763909884297 5.1292687097812 9.15847671380203 -0.817973250209672 -0.381403832183695 -0.430640080272398 0.478577384719866 -0.0358058605380213 -0.877315010236246 0 0 0 0 0 0
13.0210625233016 4.84414415364081 8.69503418775237 -0.894824283830631 0.34329103395724 -0.285378287666681 0.3432348462766 0.120310387207552 -0.931512346150842 0 0 0 0 0 0
12.9454583812469 4.64301241657436 8.23174865435464 -0.37261711164727 0.92257241331365 -0.100083116959218 0.189258585486533 -0.0300327409652421 -0.981467891624454 0 0 0 0 0 0
12.682952881302 4.53443195746798 7.7875108378234 0.539840321341047 0.838355668883176 -0.0757112931195592 -0.0246790811353487 -0.0741415971295411 -0.996942308526123 0 0 0 0 0 0
12.5673869776437 4.70928307909966 7.31266647298794 0.909811769972556 0.379242633309973 0.168575111744052 0.158940246243046 0.056825374367901 -0.985651497717193 0 0 0 0 0 0
12.6655723956347 5.02941396737517 6.93450386896584 0.649139097341925 -0.742553820636282 -0.165021985688487 0.00513639037682593 0.221216964941865 -0.975211090952009 0 0 0 0 0 0
3.73860340083483 11.2904046547763 16.248007633572 0.0997990363967022 -0.155884645464598 -0.982720779083595 -0.903813536719307 -0.427252252416647 -0.0240125727034776 0 0 0 0 0 0
3.20456500275908 11.2488045761978 16.0940524449483 0.486498377008363 -0.635901128338493 -0.599123596719458 -0.855689947611457 -0.485250197151688 -0.179796995861857 0 0 0 0 0 0
2.59855943179037 11.4367168171189 16.0552406475607 0.477226573388412 -0.831814945278517 -0.283440812980867 -0.596854840715928 -0.0700701049120211 -0.799283729042186 0 0 0 0 0 0
2.52136725904903 11.2758531447037 15.5553573574075 0.196793107044307 -0.93213834630431 0.303958181941059 -0.532302046797859 -0.361929250972886 -0.765285403143831 0 0 0 0 0 0
2.44047063411884 10.9379774301798 15.0935418556797 -0.367431159890718 -0.656205010653567 0.659082185113902 -0.266442130695842 -0.604680736340825 -0.750579641402949 0 0 0 0 0 0
2.44551105289684 10.4162020870276 14.8792115852951 -0.916287399236126 -0.0753462150290505 0.393370499506373 -0.19800610813855 -0.768515652731054 -0.608421952798538 0 0 0 0 0 0
2.3365456492123 9.89375878262035 14.8441571242955 -0.744919489836579 0.602248835835335 -0.287038836042434 -0.238261155957816 -0.642022706608989 -0.728723861116208 0 0 0 0 0 0
2.03369991513941 9.5446403454702 14.5018113417414 -0.239298568055121 0.9331054768491 -0.268421989414024 -0.176730396538953 -0.313695222935669 -0.9329317628029 0 0 0 0 0 0
1.60234771590541 9.53066000678213 14.2034546235445 0.641157699946276 0.559046912157928 -0.525721745609109 -0.110051258698111 -0.610998321355282 -0.783945005571175 0 0 0 0 0 0
1.48735072222469 9.43417469477142 13.6935814298991 0.952993384128016 0.277360862879519 -0.121961311697449 0.0386616400181594 -0.510549533858352 -0.858978725620213 0 0 0 0 0 0
1.48115643642085 9.38966159036958 13.187662808169 0.878365263025994 -0.290663013626576 0.379459453985262 0.153575534452939 -0.580160919544731 -0.799892406921397 0 0 0 0 0 0
1.73514582372128 9.36058006398728 12.7045066271297 0.350054879830665 -0.656750031970025 0.667937853856263 -0.00721876493352733 -0.714923484845329 -0.699165431246028 0 0 0 0 0 0
1.82239790977228 8.97420366988844 12.3274132426719 -0.479783820606113 -0.412043902304608 0.774614296316684 -0.157535734476071 -0.828061250804048 -0.538049307480199 0 0 0 0 0 0
1.96104068910901 8.46087712363443 12.24049539155 -0.910023183852371 0.0254565293386247 0.413775023370462 -0.282974780082176 -0.767562082657928 -0.575129309897581 0 0 0 0 0 0
1.79447385736637 7.96251231811382 12.2562317433618 -0.744125052703354 0.546339224897337 -0.384436415129748 -0.245837263806339 -0.759036102163572 -0.602850093585913 0 0 0 0 0 0
1.42332607007559 7.62447293285646 12.0726172296043 0.113949888817551 0.741843385349528 -0.660820561462505 -0.223599165234985 -0.628937526934473 -0.744607950884065 0 0 0 0 0 0
1.07025590566646 7.47588826096295 11.7283515887317 0.877139909979712 0.223657305771102 -0.424974102618025 -0.159935709917286 -0.698365194976653 -0.697643621871852 0 0 0 0 0 0
0.957335018924423 7.31413301599127 11.2219517079051 0.921560892688429 -0.306935605522509 0.23773105630068 -0.140534838920019 -0.834548808016597 -0.532708406248485 0 0 0 0 0 0
1.16870188850978 7.10243264215562 10.8191544228483 0.262035441283272 -0.720140455910633 0.642444667868221 -0.031619933686529 -0.671754813619141 -0.740098405736138 0 0 0 0 0 0
1.35140925532743 6.66740089782024 10.5612055018394 -0.642090433494087 -0.420650428700186 0.640915822904792 -0.185158412723191 -0.72617575600078 -0.662106587789703 0 0 0 0 0 0
15.1675785310693 16.4302763548794 3.69574829875814 0.296857554943816 0.785712003057078 0.542708246044607 0.705366590320532 0.20267193607428 -0.67925110201419 0 0 0 0 0 0
15.5165935955754 16.6753383413505 3.32503041894224 0.308938474790738 0.526400475714908 0.792123448687824 0.774807204424909 0.343714318494623 -0.530598024151084 0 0 0 0 0 0
15.9936589817439 16.806074789222 3.11713012696023 0.131413760685516 0.137707673555688 0.981716364407954 0.981990022419141 0.117519355624233 -0.147935110514445 0 0 0 0 0 0
16.374619332423 17.1421923020349 3.12039919901148 0.026254922674641 -0.455869905526941 0.88965909666018 0.999349005976306 0.033997797630876 -0.0120712058395071 0 0 0 0 0 0
16.7752944204732 17.4248533926013 3.20690981319206 -0.0594886917482413 -0.961038738454151 0.269936360545475 0.974191177823274 -0.114879112722952 -0.194304756790174 0 0 0 0 0 0
17.3279174901304 17.2709794281283 3.17843872009497 -0.424780910640474 -0.845379115715277 -0.323875483276994 0.821947867329065 -0.210205130225281 -0.529353857660617 0 0 0 0 0 0
17.7344832226144 16.9271177026038 3.09448017500742 -0.609693499876265 -0.30298036405272 -0.732445721679846 0.788502854616969 -0.32609378141279 -0.521465333444898 0 0 0 0 0 0
18.0801561977237 16.580966760533 2.70716985626687 -0.791438969069239 -0.229209469102429 -0.56664572486908 0.581853511801439 -0.56652693816328 -0.583518396573469 0 0 0 0 0 0
18.2284162277666 16.1577237637229 2.44941895702915 -0.577500516150928 0.565504725039863 -0.58881029186233 0.513054929399523 -0.30962249085984 -0.800567643970577 0 0 0 0 0 0
18.2717596573671 15.9645114772627 1.92507396570004 0.0113692194089537 0.991454876989045 -0.129953713854846 0.443967615710966 -0.121454852418691 -0.887773324122703 0 0 0 0 0 0
18.1412296519224 16.1252123743208 1.46801671296187 0.777773600731706 0.614741307977366 0.131001336905825 0.233521179492129 -0.0891160845808397 -0.968259356886153 0 0 0 0 0 0
18.2260900144704 16.3099757988302 1.00972009018314 0.911617115662518 -0.0705508415424448 0.404940505739801 0.364503989085702 -0.31657083370937 -0.875739544148354 0 0 0 0 0 0
18.4669503480231 16.4215529819385 0.600799161217619 0.495815857226095 -0.687851051740458 0.530120331946153 0.430741562314203 -0.335266629072902 -0.8378890105051 0 0 0 0 0 0
18.8864684272236 16.4030559396518 0.462334894188041 -0.209817236658935 -0.977720118423516 -0.00633223741767495 0.440601267243495 -0.088766845941166 -0.893303403309919 0 0 0 0 0 0
19.2503076657061 16.1557491311213 0.186340360123975 -0.819403976159973 -0.567892858707957 -0.077941162948298 0.296288275697192 -0.303206963325559 -0.905692439559522 0 0 0 0 0 0
19.3651304443763 15.8356915955305 -0.138314565574044 -0.985091932208515 0.0414630356948009 -0.166957185435866 0.156429262778655 -0.18792883170924 -0.969645625968028 0 0 0 0 0 0
19.2181434039925 15.567309151686 -0.526344533359052 -0.68631320308113 0.722168676585789 -0.0862936256907046 -0.0608053936331776 -0.175205850739931 -0.982652336267315 0 0 0 0 0 0
19.0453461992555 15.6365215122257 -1.16106990528656 -0.577205786645266 0.724781079992241 0.376199237038703 -0.396053377982342 0.154409446075469 -0.905151614234568 0 0 0 0 0 0
18.460391314765 15.6417507947292 -1.51068354452481 -0.149302579889516 0.984243143257326 0.094732120156114 -0.673149343272802 -0.0309979100025033 -0.738856610735041 0 0 0 0 0 0
18.0115673101875 15.7976093594524 -1.59092484578705 0.557355402709163 0.529389825551015 -0.639610324865049 -0.670878731141558 -0.166710812581573 -0.722585104378914 0 0 0 0 0 0
16.2221046806836 11.8635648915971 6.97736842025367 0.631843109476228 0.0953275042822439 0.769211903141607 -0.743659456611408 -0.205210755381166 0.636285437887994 0 0 0 0 0 0
16.0315152869058 11.586241545539 7.29796356190028 0.0312787563971806 0.808531079955077 0.587621589243386 -0.690312578145708 -0.407694321264588 0.597707189903578 0 0 0 0 0 0
15.9520605648012 11.579320774879 7.77537132511041 -0.779219941420055 0.600622503285254 -0.179077892104749 -0.493105029311423 -0.411140727082283 0.766688158642112 0 0 0 0 0 0
15.7421823580691 11.727315549404 8.21168301384846 -0.754163636367697 -0.314922346266234 -0.576247451536946 -0.502335675642017 -0.28852803777055 0.815113759175708 0 0 0 0 0 0
15.3191471120247 11.8469942260689 8.53551537342409 -0.322221777542066 -0.798698803940818 -0.508186330651599 -0.707850378755404 -0.153171292285367 0.689555216436989 0 0 0 0 0 0
14.7548566949731 11.8465198772688 8.74185233028879 0.127466670647437 -0.977220112568105 -0.169685295374816 -0.691859367895411 -0.21018912667392 0.690761280098571 0 0 0 0 0 0
14.2656787955097 11.6651660738829 8.94994598599333 0.743201569875028 -0.593913735466997 0.308087489779983 -0.472565525951059 -0.139991199665424 0.870105906024567 0 0 0 0 0 0
13.9642748152943 11.3162171872372 9.17661141868305 0.910017710654245 0.153907074863013 0.384942045771464 -0.39370881513029 0.0300070351022882 0.918745311135286 0 0 0 0 0 0
13.9835821849919 11.2228584384703 9.63327067883708 0.368546125262439 0.91770539963164 0.14829212063011 -0.281913952266112 -0.0416743449093291 0.958534179095393 0 0 0 0 0 0
14.1757486459245 11.2420532724326 10.0951939037165 -0.500542191053358 0.864922860022192 -0.0369589121395126 -0.235590734669248 -0.0950102685880827 0.967197009197621 0 0 0 0 0 0
14.2757903975101 11.0345626571115 10.9650582946059 -0.576334233735264 0.744369658434719 0.337272386397946 -0.312901246081407 -0.5822605641183 0.750376869095352 0 0 0 0 0 0
14.2290220176055 10.9195019273537 11.5115763889907 -0.893627698816406 0.426394434723047 -0.140061850427981 -0.362785462438211 -0.502541945318875 0.784753656530898 0 0 0 0 0 0
13.9856260598633 11.1231050428716 11.9752453763185 -0.813281422738701 -0.419803725963762 -0.402912098471934 -0.374735577633126 -0.151840749159676 0.914613379385299 0 0 0 0 0 0
13.5555072758421 11.2027605990534 12.2563876874736 -0.216894142182494 -0.910538853559118 -0.351960121670296 -0.553278733576474 -0.182381082825027 0.812785201390616 0 0 0 0 0 0
13.0682264056951 11.2402118915721 12.5095589856996 0.698486087610887 -0.654486478975758 0.289421205601716 -0.512752423995527 -0.175594804451871 0.840387658367387 0 0 0 0 0 0
12.7217789488088 11.0021702061167 12.8734352975932 0.881212595159446 -0.435135040271282 0.184721029827315 -0.334081405447708 -0.296795290444032 0.894596093275802 0 0 0 0 0 0
12.4811852304942 10.8007421690462 13.2969920374942 0.985299957409598 -0.166493189221035 -0.038262408074424 -0.0422418923278099 -0.454465326571201 0.889762265707587 0 0 0 0 0 0
12.6131448605732 10.4654283769153 13.5219923993867 0.616376539466973 0.710740917695769 0.339009305930819 -0.0330315596005778 -0.406798892291958 0.912920356493594 0 0 0 0 0 0
12.8997986603346 10.1639451014328 13.8959113487483 -0.135845247080043 0.934128950426953 0.330074495864197 -0.155078851558512 -0.349105089806586 0.924162424074053 0 0 0 0 0 0
13.2073949497518 10.1293457659509 14.2982840872282 -0.841665856656907 0.536908989158019 0.0576829532817925 -0.131482701923284 -0.307367873233098 0.942463415522913 0 0 0 0 0 0
6.76735767229959 2.39137998105755 9.52580958091283 -0.889800472585102 0.129671330365316 -0.437539101188248 -0.171402206075372 0.793618775775646 0.583772663362084 0 0 0 0 0 0
6.63346948541428 2.88472212360759 9.57089248935538 -0.673430840717488 -0.558440721344192 0.484391229808215 -0.154568071762322 0.747130670749463 0.646455313240702 0 0 0 0 0 0
6.33771099809634 3.32512964116255 9.76629544588113 0.00799452256995998 -0.741554643682239 0.670844839021801 -0.166353231497379 0.660531709584016 0.732136915477151 0 0 0 0 0 0
6.0372612340372 3.43214143420466 10.2105225985284 0.837000944359525 -0.326528344317735 0.439099828624861 -0.139145612808303 0.64906394749973 0.747900053812185 0 0 0 0 0 0
6.04966457398126 3.52066485728779 10.7723689141513 0.985123647440255 0.0261326605410295 -0.169848412730457 0.141442982481135 0.438025125428082 0.887765662886639 0 0 0 0 0 0
6.17594923179619 3.47701527740139 11.2262677034293 0.429119471280757 0.738010707697297 -0.520765469949628 0.142863190915821 0.513834622079653 0.845910213813268 0 0 0 0 0 0
6.52784849036921 3.68507347117205 11.5353060720344 -0.464884134313784 0.766648176970367 -0.442869410110176 0.172001501913649 0.568880216903571 0.804233039706275 0 0 0 0 0 0
6.70647522913561 4.05308726279663 11.786270548117 -0.962567465967407 0.240856158820192 -0.124306814855287 0.0432667653637949 0.589287277385934 0.806764210736958 0 0 0 0 0 0
6.60989691765019 4.52758292319533 12.0122504010232 -0.943458076891986 -0.308657337385704 0.120902875173602 -0.136752305016243 0.694641653040832 0.706237765156639 0 0 0 0 0 0
6.32053236695899 4.95810193581924 12.1481612852231 -0.409309140828843 -0.760230574079699 0.504495293802038 -0.143719080320225 0.599752987933269 0.787172903126768 0 0 0 0 0 0
6.13340000429088 5.12647772878534 12.6437103122652 0.241564499124828 -0.886307273485902 0.395102530653195 -0.170071861539942 0.362189654074335 0.916457427485779 0 0 0 0 0 0
5.84939356200431 5.02739709865568 13.097289642193 0.882039196900637 -0.322294729800646 0.343704760330153 -0.254166750681418 0.288771635684685 0.923043988806623 0 0 0 0 0 0
5.71892754143016 4.88436321488186 13.731085150062 0.916996784983921 0.343175747733789 0.203340361208758 -0.220216857624028 0.0104934022613433 0.97539449666644 0 0 0 0 0 0
5.79511960492899 4.52331155896472 14.1431043729282 0.423758131228274 0.894664784392686 0.141435390852175 -0.126080561766842 -0.0963662667392686 0.987328331700905 0 0 0 0 0 0
5.98184189141682 4.4924924101684 14.6457341633097 -0.0426820204267384 0.998991773935256 -0.0139169228632396 -0.0566210941531243 0.0114885569200112 0.998329637322662 0 0 0 0 0 0
6.0249339720785 4.76357135753787 15.0808552159706 -0.79680343130908 0.604215260128426 0.00531142937598948 0.0753340701018603 0.0906167513648302 0.993032417524207 0 0 0 0 0 0
6.13802622530069 5.04562664066001 15.4752037650098 -0.990708243316597 -0.0883884731424512 0.103366602150264 0.100902966315523 0.031912839628802 0.994384313057861 0 0 0 0 0 0
5.97710546577154 5.35933528351495 15.8914142195159 -0.503099576526476 -0.863860206067666 0.0252261862279979 0.145689199327292 -0.0560034589941184 0.987744030495789 0 0 0 0 0 0
5.81617733118733 5.44928291838354 16.3607357412414 0.277483968032663 -0.926191085428695 -0.255289484227734 0.174929872451375 -0.212574568121815 0.961359242277292 0 0 0 0 0 0
5.55435762051749 5.14818613220229 16.7253565922895 0.884836492404801 -0.414744340802713 -0.212253418066449 0.0814641194493742 -0.310829537889099 0.946968106969811 0 0 0 0 0 0
6.85588488094591 10.1513530723485 9.91241017306087 0.885476280864408 -0.464339010263482 -0.0179175772375791 -0.464659817240859 -0.885168680477472 -0.0238256446599713 0 0 0 0 0 0
6.80463451880274 9.80115176669646 9.57384891864871 0.517937995469169 -0.408693573017399 0.751471753443635 -0.332131546183485 -0.90564353476492 -0.263625537397782 0 0 0 0 0 0
6.85049544705773 9.30151340624971 9.43405461613673 -0.152164748359067 -0.284887312438569 0.946406418283579 -0.372865161484425 -0.870254554443585 -0.321913935425901 0 0 0 0 0 0
6.72318472428389 8.7423771554355 9.39080072593192 -0.606033930012298 0.278008905448997 0.74527439521622 -0.682242333530842 -0.663405367164882 -0.307308830259104 0 0 0 0 0 0
6.36909127673928 8.31745759931282 9.47782773241657 -0.567971111844058 0.821459794882465 0.051113809311015 -0.815688557842011 -0.553518979029546 -0.1681336267964 0 0 0 0 0 0
6.00069083255761 7.94385383320239 9.39574467667328 -0.269202374999539 0.874977051299335 -0.402424205278619 -0.861983442561982 -0.405268419629019 -0.304535798881498 0 0 0 0 0 0
5.50388476731247 7.93534084421304 9.39900776856195 0.287987666750006 0.187142090319855 -0.939170347610379 -0.814270203387188 -0.468307419704558 -0.343004659626435 0 0 0 0 0 0
5.00503496089222 7.88685337952315 9.17767704852366 0.63314662249911 -0.254695813803229 -0.730927764453561 -0.736134870126516 -0.489995159210475 -0.466915620786153 0 0 0 0 0 0
4.63512012213695 7.84707799073928 8.8014239736753 0.788253359409728 -0.442735313252861 -0.427366451395252 -0.60161847242142 -0.408575613607171 -0.686382678690862 0 0 0 0 0 0
4.50968634785705 7.9052697316287 8.29960980836662 0.412635840066188 -0.910601474055116 0.0231650370498843 -0.504155478974764 -0.249489218451141 -0.826790410500972 0 0 0 0 0 0
4.32872515729897 7.70295362063987 7.7808573993202 0.48460284599415 -0.795391501820885 0.364022582383961 -0.359144705085978 -0.560377533827717 -0.746319033919054 0 0 0 0 0 0
4.6947980575279 8.2195779144304 7.19883819968388 0.400517587200541 -0.892679817252086 -0.20666012245675 -0.91603410711178 -0.395409464142646 -0.0673265941092313 0 0 0 0 0 0
4.43226145662677 8.09080664925361 6.87390129200866 0.128069865380579 -0.839359459023189 0.528274368230845 -0.929495336363272 -0.287353023564027 -0.231228587176281 0 0 0 0 0 0
4.15418789049994 7.77783337817813 6.65049479936236 -0.329247883447419 -0.146133284281208 0.932867029361946 -0.939454816772583 -0.0486758288425961 -0.33919804086887 0 0 0 0 0 0
3.62554500796715 7.57938397315302 6.59657603719326 -0.191973203386905 0.203413808863135 0.960088074889571 -0.969689944836001 -0.189989913693853 -0.153639980404048 0 0 0 0 0 0
3.26209847528606 7.24125810520793 6.63844241746684 -0.145795338576525 0.885730924808375 0.440709028824525 -0.945788350744448 0.00589340549690461 -0.324730139296841 0 0 0 0 0 0
2.72420363560816 7.23149275108401 6.738869717789 0.184616988666591 0.958620543297366 -0.21670999391801 -0.932816766612696 0.101482106753189 -0.345766195477765 0 0 0 0 0 0
2.22406807510845 7.41592350441084 6.73627087393932 0.446861621783635 0.475758428785917 -0.757607159691655 -0.880084746998153 0.0818378207983641 -0.467710817908003 0 0 0 0 0 0
1.89790647510907 7.69461728799961 6.5272586910608 0.449634077904574 -0.327358626952253 -0.831062888924081 -0.884775120061847 -0.0356467947402866 -0.464652873599515 0 0 0 0 0 0
1.51687103057639 7.82025316409577 6.18160538225831 0.465656718226393 -0.808189724522087 -0.360545683579125 -0.828284228828813 -0.254558765936644 -0.499144338802187 0 0 0 0 0 0
15.6941439494934 6.21250896516349 0.0221816454191242 -0.992947365566561 -0.116674230185563 0.0210393256791024 -0.0725644350765045 0.738444164245366 0.670398850725441 0 0 0 0 0 0
15.4949840970148 6.62386210476467 0.0989981320411686 -0.387031005382424 -0.598301333273548 0.7015999682695 0.0148774248256454 0.756748321534081 0.653537022735444 0 0 0 0 0 0
15.3595838923843 6.95343567943838 0.419788857035941 0.302323891158517 -0.734977046777096 0.606967054744811 0.309547816758236 0.677953780331507 0.666752443470912 0 0 0 0 0 0
15.3055932095981 7.28273153248898 0.924479455590803 0.893869062140789 -0.447582082103823 -0.0258530370972398 0.329778153169593 0.617346848700103 0.714233321885856 0 0 0 0 0 0
15.4753998068128 7.38220042071251 1.42917652310604 0.802347748261339 0.0863659212329824 -0.590575159069137 0.417751883369652 0.625443431255093 0.659017358072581 0 0 0 0 0 0
15.8558144408194 7.52596354086167 1.7681796662283 0.310788909413965 0.478643655652311 -0.82116411556343 0.556686813188605 0.608594418449291 0.565431362637664 0 0 0 0 0 0
16.2719581024618 7.66558790628137 1.83800271538022 -0.367282817973215 0.875547248282313 -0.313879511352565 0.558901546110116 0.477497509138798 0.677956628791226 0 0 0 0 0 0
16.616573669628 7.81841052905135 1.83963953864497 -0.707678070543134 0.456508907451195 0.539250744913776 0.705310237826973 0.411533942765424 0.577215109268983 0 0 0 0 0 0
16.7922666683409 8.26338100800191 1.98122995872877 -0.448707031515098 -0.207482335609265 0.869260076317228 0.673847866612213 0.560359171506209 0.481587636439148 0 0 0 0 0 0
16.8689125063511 8.68245901217367 2.16841969042627 0.0728691877791211 -0.714263371905956 0.696073212403655 0.576440604862483 0.599709353196186 0.555035963478752 0 0 0 0 0 0
16.9158612046816 9.07679230531803 2.58510709923963 0.280055062934464 -0.876233196828861 0.392153728147329 0.245213109439247 0.460243693365099 0.853256276670022 0 0 0 0 0 0
16.855748746692 9.24359426312603 3.09080139077774 0.802275637822816 -0.596479436204774 -0.0237925017774347 0.333445290941612 0.414718435542335 0.846653918180375 0 0 0 0 0 0
17.0265283548003 9.15153583558691 3.56869639310484 0.80644106488031 0.225871156283225 -0.546475095163531 0.404996045728339 0.462394669869214 0.78877713723266 0 0 0 0 0 0
17.434982693491 9.1374638177838 3.80559919206716 0.180985302060153 0.904769791901761 -0.385533324240901 0.181765482488708 0.354481774937386 0.917226242871892 0 0 0 0 0 0
17.7979382462502 9.25244800212037 4.08691658061446 -0.658004032188585 0.725952477529476 -0.200059226211597 0.212868961129557 0.434166938806357 0.87532044111579 0 0 0 0 0 0
17.9876787194464 9.64987132399448 4.37288016767631 -0.965258446944609 0.0768643418646504 0.24973586757171 0.259481434911102 0.169499452325874 0.950757235364372 0 0 0 0 0 0
17.9916423439403 9.97209165272576 4.69192145248023 -0.596761584924592 -0.753348586353965 0.276299689100026 0.179428272195745 0.21033353265003 0.961023048724539 0 0 0 0 0 0
17.8052924571054 10.060190538299 5.17319239921573 0.0540552988902284 -0.997659651666283 0.0418717577730049 0.238600936805304 0.0536235093816703 0.969636072037971 0 0 0 0 0 0
17.9256840586588 9.84306699322741 5.71367310971611 -0.0520699794236635 -0.947672557585907 -0.314968952186412 0.427585669241902 -0.30618075300381 0.850543262832042 0 0 0 0 0 0
17.9063340821423 9.64076033936537 6.21870965773225 0.34050765404048 -0.695792178287082 -0.63239843625231 0.50293212696237 -0.433500684492251 0.747754259241534 0 0 0 0 0 0
7.9841719188635 13.6614986291804 6.45810672384308 -0.319740531816967 -0.4045531501533 -0.856797958105903 0.483126465063339 0.708274961072991 -0.514718756480133 0 0 0 0 0 0
8.37074786469683 13.7293404770912 6.04830644694808 -0.850679637661209 0.10539342944269 -0.515011047550342 0.493180847052407 0.499154672438109 -0.712472641638873 0 0 0 0 0 0
8.57252911215832 13.5296079343675 5.59323894516693 -0.551997131811672 0.803186387914622 -0.224033017076389 0.321486619920635 -0.0429071478676896 -0.945941504467304 0 0 0 0 0 0
8.65820386530891 13.6160810104038 5.09788304449277 0.0463268985099028 0.977330815415408 0.20658725932135 0.617570412679131 0.134529167675694 -0.774924956642779 0 0 0 0 0 0
8.9056157323647 13.6731066219268 4.65704335277833 0.316334443941482 0.601557744918046 0.733526277038082 0.668715589391128 0.407046651362665 -0.622199714014492 0 0 0 0 0 0
9.65230913948038 13.4600664099942 4.42038399464232 0.260282306513382 0.0146240772842739 0.965421802778276 0.781728505188011 -0.590058808182511 -0.201819590383971 0 0 0 0 0 0
10.1944892941736 13.4377161578634 4.43194020144927 -0.27189287672226 -0.527917969617188 0.8045973408749 0.856031953924947 -0.514651768958128 -0.0484030016394173 0 0 0 0 0 0
10.6544743426329 13.3497398081157 4.63621889635528 -0.478408565794559 -0.873061569806972 0.0942801119037204 0.877397731409298 -0.479648299350153 0.0105228251112624 0 0 0 0 0 0
11.0500228224669 13.0568310953968 4.86156225267585 -0.668163740141787 -0.654425458304912 -0.353955556365693 0.708560860477588 -0.70480881726604 -0.0344389039213802 0 0 0 0 0 0
11.2247113953205 12.5971238140334 4.99307922699843 -0.350800243691531 -0.165663661055564 -0.921680389523196 0.690814508995522 -0.710266330069105 -0.135266605381528 0 0 0 0 0 0
11.3068285527489 12.0727305925429 4.85343180113687 0.332934490166412 0.399886866436795 -0.853958499758035 0.620065222935135 -0.775127901627826 -0.121226463383386 0 0 0 0 0 0
11.3048483193249 11.790868627463 4.55350827687777 0.933658550562795 0.348450061914784 0.0828508618697676 0.356143738789843 -0.927747747757055 -0.111560538957579 0 0 0 0 0 0
11.5408271605508 11.582502101692 4.19321436544613 0.608348291119142 0.0392855033063457 0.792697297789255 0.337631819843157 -0.916703363725721 -0.213681298113214 0 0 0 0 0 0
11.7833381257356 11.0558695714542 4.16407187259227 -0.255382417255727 0.175555908137701 0.950768081118929 0.247467893792672 -0.93875003466658 0.239808285835403 0 0 0 0 0 0
12.0643392316949 10.7250243140921 4.39705856475804 -0.780795557487214 0.166956953734208 0.602066169958108 0.241554798867504 -0.808035248700655 0.537336315543022 0 0 0 0 0 0
12.2172616435773 10.368344333498 4.80732014937254 -0.99694342151672 0.0355812257381014 -0.0695542282647888 -0.0709070029863435 -0.785870351163067 0.614312614301816 0 0 0 0 0 0
12.1174361772963 10.1332631391892 5.19436807394478 -0.657252196542608 -0.331546485444469 -0.676828248619497 -0.139835526663723 -0.82880435715645 0.541783502001641 0 0 0 0 0 0
11.808259558035 9.82858938877481 5.46607305845706 -0.0964379663862085 -0.359241568195093 -0.928248465832303 -0.141784468409014 -0.918126731655785 0.370054683982027 0 0 0 0 0 0
11.5196580880556 9.35952391764551 5.48094593472273 0.527517655613539 -0.23211825478117 -0.817218599160188 -0.138284316445558 -0.97258140004926 0.186983603835755 0 0 0 0 0 0
11.3924531421257 8.89683211975474 5.3838727836221 0.987730476553436 0.07727292044885 0.135710727110378 0.0167942730583611 -0.916522442681815 0.399630534935708 0 0 0 0 0 0
7.38306537954765 12.7377558923141 14.0261805639081 0.899521684908263 -0.244517665208352 -0.362038464504609 0.382868748317563 0.042099574776447 0.922842970047118 0 0 0 0 0 0
7.6248893541907 12.5524536692607 14.47415340756 0.719193621755325 0.531127034364284 -0.447956033326778 0.537389731104002 -0.0165371768262719 0.843171867822087 0 0 0 0 0 0
8.00013839759458 12.4694569409855 14.7465654077439 -0.0830847068524855 0.991320527129806 -0.101884954621979 0.538927631986194 0.130694709936704 0.832151368608089 0 0 0 0 0 0
8.33425562155491 12.8322567480365 15.1130124011882 -0.613162282380825 0.788204061231731 -0.0525963242379532 0.614412642848986 0.517695804498915 0.595389081451404 0 0 0 0 0 0
8.66745187963953 13.3327210445775 15.1349823198825 -0.70429059052642 0.355169634135213 0.614678204497446 0.698062206418926 0.50401491050915 0.508604095494709 0 0 0 0 0 0
8.91156391594777 13.7649122049573 15.1946689291351 -0.503855953259678 -0.256315134812676 0.824882858368835 0.485975864389231 0.705370286270173 0.516023466984086 0 0 0 0 0 0
8.78649089737227 14.1980529001852 15.4322440871822 0.319627876798953 -0.576762362599546 0.751786670180832 0.539869574607254 0.762880782005066 0.355743945641695 0 0 0 0 0 0
8.8306847278684 14.6161355086745 15.7622051403733 0.743464830498056 -0.627784903401829 0.230534511241275 0.54372038539093 0.768105228873139 0.338204819433552 0 0 0 0 0 0
9.17981814691547 14.8821288394967 16.0877454207475 0.663396134197731 -0.693473615393485 -0.281069233258631 0.652368636491762 0.352040451468563 0.671180067233592 0 0 0 0 0 0
9.5281910809816 14.8024353862408 16.435629711329 0.584770636085656 0.0327335808427106 -0.810537979281163 0.713808650806446 0.453928443157577 0.533316208760263 0 0 0 0 0 0
10.0479612077216 14.7740293475831 16.4844887706928 0.0103839011951979 0.799817225540178 -0.600153797226328 0.841420055077277 0.31729822880253 0.437417563562015 0 0 0 0 0 0
10.5927487127927 14.8911514039782 16.6149122909583 -0.584549834049579 0.797181680366218 -0.151006158818447 0.732346213032763 0.598518457474218 0.324722466606875 0 0 0 0 0 0
10.9121131030914 15.2871111012632 16.5016565539085 -0.625666819146297 0.320327920142668 0.711288306523049 0.719424971767399 0.589472088133579 0.367355913670811 0 0 0 0 0 0
11.2743224846319 15.726240807299 16.7269875908185 -0.747769864535997 -0.209063467077222 0.630184652641961 0.465639297487242 0.511471667091607 0.722202726662064 0 0 0 0 0 0
11.1855009657759 16.1762565608797 16.9194947634759 0.0433633232082549 -0.771612295495588 0.634613337111951 0.633369913657146 0.512479385080824 0.579833969633654 0 0 0 0 0 0
11.1548287389684 16.5462562063584 17.3115129232373 0.615472545536792 -0.765189666363638 0.188887056678767 0.642011973224162 0.625752036347322 0.443006789162422 0 0 0 0 0 0
11.2113836831898 16.7416574193684 17.7723707294566 0.856769305732501 -0.346836549221034 -0.38164219483581 0.488396900385905 0.783321885004653 0.384545565786682 0 0 0 0 0 0
11.5760656992801 16.7557446765121 18.1162347470319 0.398438996743457 0.356295821095999 -0.845162501382779 0.572748622118919 0.623065850285545 0.532679980916152 0 0 0 0 0 0
12.0226854379986 17.0039268681184 18.3958128438725 -0.273387629444902 0.556241719433345 -0.784763883998451 0.743288667280132 0.640010428084589 0.194701332907374 0 0 0 0 0 0
12.4793960024271 17.2326218074959 18.2447591315666 -0.630186584684634 0.616648385762874 -0.471815257086455 0.531720644916555 0.785557623222094 0.316500199632131 0 0 0 0 0 0
16.8033727900889 16.6099380303047 9.82341580112628 0.693347793208766 0.123207364972532 -0.709992100568069 -0.683796532392064 0.423355406303424 -0.59430001029972 0 0 0 0 0 0
16.6317868647492 17.0138720238349 9.54412819808058 0.372999816772317 -0.62463526487657 -0.686077198688599 -0.392797476938181 0.563601208910329 -0.726679997953579 0 0 0 0 0 0
16.7382287200906 17.3351430204759 9.2108700556206 -0.416955910802953 -0.784469497933738 -0.459081011650524 -0.673332288478629 0.605862149755804 -0.423738934705566 0 0 0 0 0 0
16.6219290648556 17.5153169886558 8.82891353220326 -0.77634060834219 -0.564687039431024 0.280042509875736 -0.609563397240979 0.55955296867857 -0.56154513619747 0 0 0 0 0 0
16.2015841298975 17.7972431356868 8.49978479446846 -0.380293208270016 -0.765534322883087 0.518974253919816 -0.923508597356028 0.283925836883967 -0.257910817452931 0 0 0 0 0 0
15.6486745738937 17.806352843308 8.38726665454827 -0.0636003178907152 -0.0855375949665098 0.994302931410517 -0.944000544233629 0.328375425215427 -0.0321333565193355 0 0 0 0 0 0
15.0780470610935 17.8790590778342 8.41069985889268 0.402085504225408 0.509100940151988 0.761014769914592 -0.912730144698043 0.288650320432773 0.28914473101467 0 0 0 0 0 0
14.756971411633 17.9529923852211 8.78158735819397 0.398218364679105 0.917037723798886 -0.0215394327236595 -0.870480359687726 0.385198045690385 0.306408891832849 0 0 0 0 0 0
14.4728559054251 18.0580695877438 9.18945617695772 0.120304488969335 0.78734724878349 -0.604657870011544 -0.952489823537005 0.263216102073304 0.153233219857123 0 0 0 0 0 0
14.1300873330611 18.5199596308728 9.27645624597206 -0.0492052540180728 0.395927558139393 -0.916962491971616 -0.965569990042643 0.215947680646021 0.145055829088851 0 0 0 0 0 0
13.7595254391578 18.9264578071504 9.32264975783094 -0.24792684587959 -0.0565205650374451 -0.967128587531175 -0.825679746015116 0.534507752815375 0.180428432351085 0 0 0 0 0 0
13.672648190044 19.407892440556 9.21824387741972 -0.643067296612949 -0.612302224153373 -0.45994612545791 -0.721768382690365 0.685335007394621 0.0967797984496179 0 0 0 0 0 0
13.3693728842838 19.7941702772929 8.92479119715723 -0.597848340665684 -0.753869665337186 0.272503007777322 -0.772568584350102 0.632547326322916 0.0549696501445021 0 0 0 0 0 0
12.8966927827255 19.9424603661164 8.85958016486896 -0.0592616033178118 -0.229512474626469 0.971499915781282 -0.449094077124298 0.875290916546859 0.179388743522091 0 0 0 0 0 0
12.4397302675883 20.2274614383468 9.02081013571175 0.672047398858926 0.0763667862835703 0.736559846611036 -0.273897217406031 0.949761791447603 0.151435972620354 0 0 0 0 0 0
12.2078157082016 20.4412987678323 9.31428926576724 0.858935147958228 0.472375442719015 -0.197716596971504 -0.476050882912945 0.878849414374662 0.0316111330249251 0 0 0 0 0 0
12.0747688039405 20.9488939931976 9.3577273424438 0.751177824190707 -0.0469564504388771 -0.658427648421826 -0.161788869470676 0.953945498774948 -0.252611058907593 0 0 0 0 0 0
12.3116361205393 21.4210047055907 9.40485528266747 0.128052773546127 -0.324843680857863 -0.937058733588167 -0.158818638706151 0.925927394717152 -0.342688050144491 0 0 0 0 0 0
12.62796856375 21.7899116017971 9.2442184064717 -0.610229054702516 -0.39894819978447 -0.684441987816064 -0.332051750604665 0.913199307269122 -0.236238566122412 0 0 0 0 0 0
12.5189355941283 22.1779960223156 8.88079523119337 -0.864894861479043 -0.471308839276603 -0.172698745238309 -0.243029118011198 0.694227149763864 -0.677484695273214 0 0 0 0 0 0
10.6248080670372 12.186987823752 11.2079548850866 0.356125181823728 -0.83873766198467 0.41193930285845 0.0942676142371209 0.470839729754205 0.877167923371021 0 0 0 0 0 0
10.533910236417 12.1205823047137 11.773148924527 0.914609181973985 -0.393334730649306 0.0936900950683515 0.0441446673634716 0.327463648733139 0.94383198033429 0 0 0 0 0 0
10.5548045860897 12.1167687483799 12.2660022822865 0.974346394079319 -0.0540099096188188 -0.218476621192281 0.220091140172417 0.431410267143404 0.874897177627669 0 0 0 0 0 0
10.8285050815167 12.1267540808015 12.7130717277018 0.677629457940346 0.477125075440002 -0.559615921965992 0.334908284673635 0.477257675008054 0.812441722527142 0 0 0 0 0 0
11.194908782296 12.1146127125012 12.9479930092837 -0.10321805630332 0.95070768295751 -0.292405428161873 0.313103954246451 0.310086578318527 0.897670444975184 0 0 0 0 0 0
11.7155906059293 12.8532096143147 13.3363745255739 0.39737343586039 0.917629362769813 -0.00712074821749052 0.40677638157513 -0.169185582755426 0.897724464398934 0 0 0 0 0 0
12.2067633535717 12.8922066853942 13.5981883327812 -0.447292982096588 0.821174938684429 0.354401902144678 0.49734864966969 -0.100967200847351 0.861655351648667 0 0 0 0 0 0
12.5651896913796 13.1230394124903 13.8305009409967 -0.856216334243555 0.0615186683776463 0.512941558479687 0.500135973173092 -0.150086266487327 0.85284120500249 0 0 0 0 0 0
12.6014273640225 13.2950187816149 14.3166411079498 -0.490735642089596 -0.85763559681602 0.153752114316982 0.517540894361091 -0.144954329665897 0.84329097290024 0 0 0 0 0 0
12.6434260399344 13.2137204800148 14.8574426878395 -0.241025974539961 -0.914142715650056 -0.325959468371459 0.412499872357919 -0.400507024644841 0.818191895899023 0 0 0 0 0 0
12.5708141545044 13.0540365339843 15.4203327560403 0.273603709585477 -0.703678330453769 -0.655726938100658 0.683665269212178 -0.337265093485639 0.647189351263727 0 0 0 0 0 0
12.6620661159806 12.7270272311404 15.7172644322037 0.709108421945795 -0.103550175705439 -0.697454376312113 0.629186956512624 -0.35354694362598 0.692190965274114 0 0 0 0 0 0
12.9920893005876 12.3912122760464 15.9291922310457 0.613410779488299 0.608969463392389 -0.502875141822644 0.701544445910292 -0.127716360844052 0.70108767039877 0 0 0 0 0 0
13.6915498629685 12.5046919235844 16.0079652403426 0.242804591553699 0.911322805880199 -0.332470560806642 0.963592390451217 -0.187018546296515 0.191085761912413 0 0 0 0 0 0
14.0804896094474 12.4988686003969 15.7496868699788 0.217076384568704 0.72375860775881 0.655020092025894 0.966314797584038 -0.254362388672385 -0.0391852931467575 0 0 0 0 0 0
14.5075064738492 12.7242078564468 15.5455407247692 0.0930144276443457 -0.0256356320556583 0.995334682716875 0.974264143389871 -0.203805637884555 -0.0962945526562728 0 0 0 0 0 0
15.0452433935682 12.9314797215617 15.5148797188054 -0.0513901376341247 -0.347108762949761 0.936415805311633 0.947293701713789 -0.313837968058736 -0.064345726339456 0 0 0 0 0 0
15.4619631282945 13.0599246872348 15.673012111287 -0.242397482841605 -0.901218585324008 0.359233241472236 0.968737424007401 -0.204670267919086 0.140206578866456 0 0 0 0 0 0
15.7024098818485 13.0069116648524 16.1008464451241 0.0888199199451171 -0.852205037498487 -0.515613804977277 0.921156804438144 -0.126651151147436 0.368007646048743 0 0 0 0 0 0
16.0067079665421 12.6301601990541 16.2785818894842 0.434495820496635 -0.0955879470209267 -0.895587140570521 0.782789535650305 -0.451738609912252 0.42798688203136 0 0 0 0 0 0
8.23570552413252 13.4573041407818 13.6438441056198 -0.535825854286079 0.382089249476398 -0.752926596231767 0.667132063433859 0.738174411058668 -0.1001666051969 0 0 0 0 0 0
8.41443507041513 13.6451399709395 13.3756154203964 -0.599171324689629 0.760174708062681 0.251253133097865 0.690010031874688 0.649467497698629 -0.319496675014583 0 0 0 0 0 0
8.70599243213489 13.9925446433986 12.9746816483916 -0.372544539141461 0.544401599779095 0.751556694144786 0.658133994822054 0.725955148900832 -0.199621558565042 0 0 0 0 0 0
8.71312631606543 14.5121092418995 12.835811138889 0.212263184081988 0.000690879735868832 0.977212291863219 0.58460868928047 0.80122619175679 -0.127551048841952 0 0 0 0 0 0
8.82166017866644 15.0166878707971 12.7979157011061 0.591468826975067 -0.472905116765482 0.653089103609732 0.749946238371161 0.620186564067181 -0.230107073562483 0 0 0 0 0 0
9.10485139564765 15.3400946017366 12.9228697941698 0.603641104807055 -0.760474984980005 -0.23936418655885 0.777085671495325 0.628332337148866 -0.036555892133902 0 0 0 0 0 0
9.63846695024055 15.4666793277239 12.9474917169455 0.188355529538698 -0.605430770701762 -0.773288934603145 0.760004195581178 0.588554119378087 -0.275676751399334 0 0 0 0 0 0
10.1471205707181 15.5677434412873 12.8516054946305 -0.374898374966469 -0.196752986175981 -0.905946726291526 0.770210989348973 0.477781390794779 -0.422492573303107 0 0 0 0 0 0
10.6506512881756 15.5289432214692 12.6054245558177 -0.564392958669735 0.769928111862032 -0.29777725025359 0.805072774293552 0.433603453773181 -0.404778795105738 0 0 0 0 0 0
10.9230611036138 15.6997780403613 12.2525908614426 -0.386802236343969 0.782695895384347 0.48761784760999 0.826035206564569 0.529142630079479 -0.194097693310355 0 0 0 0 0 0
11.1813675888189 16.1612622347986 12.1433528906546 -0.226206967004106 0.275895340041888 0.934190649397634 0.828461411758345 0.55891734995165 0.0355399092626131 0 0 0 0 0 0
11.5121613443618 16.5214323559198 12.0988498698246 0.0560474312796314 -0.645915181444701 0.761348976374313 0.982178085159504 0.172686302281712 0.0742000676325786 0 0 0 0 0 0
11.8529419260996 16.6740585113481 12.3486202642146 0.288251708896681 -0.953888504525156 -0.0837118465505557 0.949155038720007 0.296183230246743 -0.106678051130617 0 0 0 0 0 0
12.5093634156145 16.7327048188339 12.3682053564649 0.0614490637383081 -0.955683780923379 -0.287910617111769 0.980658818594405 0.111513164760259 -0.160851159766347 0 0 0 0 0 0
13.0503211802339 16.7294819514873 12.5329022584676 -0.232569281579598 -0.609350692979006 -0.758025898127206 0.92694569962932 0.0970648858222868 -0.362422512930719 0 0 0 0 0 0
13.4233995039001 16.505631877125 12.4195931256647 -0.339070800867031 0.188726947156194 -0.921636116597269 0.933911276192494 0.185529785486699 -0.305595201038508 0 0 0 0 0 0
13.8204260238399 16.3697503774329 12.1414406000165 -0.447645442193624 0.826230867629581 -0.341988466851361 0.877548373027551 0.332420518520319 -0.345550939607146 0 0 0 0 0 0
14.1921883123527 16.6758528124581 11.9275398198844 -0.508051545641594 0.755524579102078 0.413601544174843 0.762994388868291 0.617575771906638 -0.190891928874493 0 0 0 0 0 0
14.387329719495 17.0624373267928 11.6943127919141 -0.223529484347468 0.385896731081951 0.895052111649158 0.79057948995757 0.608891184475708 -0.0650814530123441 0 0 0 0 0 0
14.7654770410314 17.4777990892352 11.6963125946041 -0.25469846615614 0.122589444105262 0.959218702659446 0.601786886692388 0.79654856934924 0.0579906860863338 0 0 0 0 0 0
9.36605230057619 14.3943198701768 11.7301618245138 -0.592685328445196 0.731649298005949 0.336769069501955 0.393529654398742 0.627869421935455 -0.671501600971468 0 0 0 0 0 0
9.23176431287178 14.7225199813899 11.3793439366568 0.233939152707901 0.659634012336984 0.714251666150329 0.572220703835208 0.500509828439427 -0.649656353573084 0 0 0 0 0 0
9.36846514940863 15.1872776355502 11.1211743885497 0.664250167817004 -0.0955017546200916 0.741384602901603 0.727346466996849 0.311383202859478 -0.611561622344123 0 0 0 0 0 0
9.73049214240582 15.495996322458 11.0686813107814 0.415986587986058 -0.908018872723606 -0.0495669788616477 0.572201295838039 0.303725083793102 -0.761798366049798 0 0 0 0 0 0
10.1740090672027 15.5573289977145 10.729121344077 -0.410285476610408 -0.863694362408362 -0.292741995666121 0.611077583962007 -0.0220917640813868 -0.791262371365484 0 0 0 0 0 0
10.5559216036092 15.3690491919356 10.3781975805417 -0.855883050570197 -0.464291727836412 -0.227809998045152 0.397667191463283 -0.30920363021307 -0.863859895988211 0 0 0 0 0 0
10.6953016115836 14.948362143328 10.0835472505431 -0.849095723193485 0.200688647833268 -0.488631271497628 0.340545649178256 -0.499165849157287 -0.796782351624862 0 0 0 0 0 0
10.7621883025301 14.5722836990567 9.75367063214094 -0.48218746504568 0.778632510573433 -0.401530399883911 0.308610177628301 -0.27798571001463 -0.909661312408026 0 0 0 0 0 0
10.4766291820363 14.5312380326153 9.51935907942736 0.60782895030638 0.369752200389122 -0.70272845216118 0.261635305689694 -0.928811003908821 -0.262406337260649 0 0 0 0 0 0
10.5139112089953 14.1380640946084 9.10552157650043 0.856548493407657 0.51403663954627 -0.0457275807915904 0.496570019130515 -0.845072262875838 -0.198169338240381 0 0 0 0 0 0
10.8119106942781 13.8770729548444 8.68318070197893 0.715585038892762 0.455063512175219 0.52995778322391 0.676894280857886 -0.63908328362033 -0.365221424808215 0 0 0 0 0 0
11.2557558652944 13.7466647422095 8.35744118199458 0.421326214977014 0.260909273308504 0.868568115736913 0.781859726448098 -0.589789355274916 -0.202098700052491 0 0 0 0 0 0
11.6992387099123 13.8479152475706 8.2134360341196 0.133774118540297 -0.564070938077065 0.814818054553056 0.854161596128687 -0.351284106643144 -0.383415498015955 0 0 0 0 0 0
12.1958155041678 13.7501909865759 8.31192460179554 -0.377709052541879 -0.902095296764062 0.208710199041818 0.820223080170022 -0.430565799767261 -0.376626062331304 0 0 0 0 0 0
12.5998241837874 13.4580024347308 8.40538710799277 -0.608854731709858 -0.598873949593826 -0.520236396431861 0.791931528953093 -0.420615355225388 -0.442636618908374 0 0 0 0 0 0
13.0183230812594 13.1584638190028 8.09485897524723 -0.874871171521386 -0.400992097065608 -0.271672176219291 0.475466527393058 -0.604037274618065 -0.639586235155797 0 0 0 0 0 0
13.1362790444399 12.6921719226197 7.95785679986712 -0.474728602029886 0.429461211354343 -0.768242033708655 0.479198139946495 -0.606030587493813 -0.634898471957308 0 0 0 0 0 0
13.0461911951525 12.2343759581996 7.65307946574923 0.24598551144259 0.7613240544473 -0.599897334783423 0.585830053214274 -0.609853997219435 -0.533742682222848 0 0 0 0 0 0
13.3913826476078 11.8830064999778 7.23312744851968 0.174821219450856 0.953452599079144 -0.245694286744608 0.681476215297796 -0.297280002124468 -0.668741181863558 0 0 0 0 0 0
13.7600243525855 11.6457625406626 6.77455655037804 0.390649942101347 0.918203016732631 0.0655426792198135 0.8523024568509 -0.33387229255893 -0.402628630759618 0 0 0 0 0 0
