t = 0
b = 13 13 13
E = -0.991312777471084 -0.991312777471084 0
2.49028955149816 7.19561098544187 9.78356980857697 0.80083735165674 0.492681360012481 -0.340477038414737 0.0390582079347917 0.524343256524587 0.850610725144066 0 0 0 0 0 0
2.80704053548402 7.21179277404061 10.2172656305307 0.298291442748537 0.806327586900166 -0.510742633609876 0.0390582079347917 0.524343256524587 0.850610725144066 0 0 0 0 0 0
3.19178706323016 7.41177696144438 10.5345376530825 -0.317580372426804 0.81363648244614 -0.486968563135162 0.0390582079347917 0.524343256524587 0.850610725144066 0 0 0 0 0 0
3.50414113508893 7.79722961062284 10.7408051763451 -0.812798094456528 0.51183127503427 -0.278186993845202 0.0390582079347917 0.524343256524587 0.850610725144066 0 0 0 0 0 0
3.63121785574161 8.29935421505017 10.8836599656076 -0.999220231142761 0.0155728088743077 0.0362824654450577 0.0390582079347917 0.524343256524587 0.850610725144066 0 0 0 0 0 0
3.53052229326479 8.80502864175039 11.0347853440099 -0.806021895946491 -0.486602027740484 0.336967609502267 0.0390582079347917 0.524343256524587 0.850610725144066 0 0 0 0 0 0
3.24609401424545 9.19978212091622 11.2627224996009 -0.306602366512692 -0.803908618464613 0.509633124911572 0.0390582079347917 0.524343256524587 0.850610725144066 0 0 0 0 0 0
2.89177571613228 9.41128460520801 11.6068305420511 0.309300528077483 -0.815796884398693 0.488680495555507 0.0390582079347917 0.524343256524587 0.850610725144066 0 0 0 0 0 0
2.60796248312653 9.43682616403204 12.0623333188396 0.807694980821962 -0.51775027455316 0.282069975635723 0.0390582079347917 0.524343256524587 0.850610725144066 0 0 0 0 0 0
2.5082633464133 9.34434653148064 12.5821339554496 0.999232606412233 -0.0230016790819134 -0.0317036439865739 0.0390582079347917 0.524343256524587 0.850610725144066 0 0 0 0 0 0
2.63633931377265 9.24662366545877 13.0947077454153 0.811145058548226 0.480485638840118 -0.333432519201711 0.0390582079347917 0.524343256524587 0.850610725144066 0 0 0 0 0 0
2.94931582275077 9.25842751592901 13.5312755821375 0.314889941319578 0.801428429275305 -0.508484805677682 0.0390582079347917 0.524343256524587 0.850610725144066 0 0 0 0 0 0
3.33407150376072 9.45291700206953 13.851934291406 -0.300997129295442 0.817895160260013 -0.490355213064112 0.0390582079347917 0.524343256524587 0.850610725144066 0 0 0 0 0 0
3.65021487967689 9.83384571572643 14.0608165144275 -0.802530358087489 0.523629845384091 -0.28593147670552 0.0390582079347917 0.524343256524587 0.850610725144066 0 0 0 0 0 0
3.78342143521536 10.3341358691147 14.2045206483371 -0.999168886250041 0.0304287976226023 0.0271224081728548 0.0390582079347917 0.524343256524587 0.850610725144066 0 0 0 0 0 0
3.68886741169424 10.8413622678784 14.3544073360431 -0.816206449313276 -0.474332659098079 0.32987203672388 0.0390582079347917 0.524343256524587 0.850610725144066 0 0 0 0 0 0
3.40825910237018 11.2404645220759 14.5794883648997 -0.323153536038287 -0.798887208208252 0.50729776335716 0.0390582079347917 0.524343256524587 0.850610725144066 0 0 0 0 0 0
3.05398793433816 11.4574604120252 14.9202079348758 0.292670808416648 -0.819931150238269 0.491992588124755 0.0390582079347917 0.524343256524587 0.850610725144066 0 0 0 0 0 0
2.76643108629361 11.4875529704786 15.3730772307954 0.797304619559125 -0.52946953977498 0.289771202986338 0.0390582079347917 0.524343256524587 0.850610725144066 0 0 0 0 0 0
2.66061985136479 11.3969529306805 15.8919998815535 0.999029075508722 -0.0378535988925424 -0.0225391068827448 0.0390582079347917 0.524343256524587 0.850610725144066 0 0 0 0 0 0
6.00408106609563 9.52805127612687 5.48808401845064 -0.27944833668294 -0.145469990689273 0.949076977349046 0.571807991213428 0.768843288386775 0.286209047877725 0 0 0 0 0 0
5.92372980347203 10.0302079277108 5.66148377042032 0.225919626425846 -0.482953484613514 0.846000150174496 0.571807991213428 0.768843288386775 0.286209047877725 0 0 0 0 0 0
5.89487692680077 10.422275317281 6.02772928324171 0.645456946280727 -0.636954875181416 0.421513721580432 0.571807991213428 0.768843288386775 0.286209047877725 0 0 0 0 0 0
6.01315598134354 10.6691488230117 6.49005886216031 0.819774380778902 -0.548966459350289 -0.163112817175645 0.571807991213428 0.768843288386775 0.286209047877725 0 0 0 0 0 0
6.3183026317791 10.7908854070603 6.91520686927137 0.68264582212243 -0.252416507382241 -0.685770069585822 0.571807991213428 0.768843288386775 0.286209047877725 0 0 0 0 0 0
6.77905841884695 10.8550836403088 7.18403356744255 0.286168702412143 0.140030695919271 -0.947891807096208 0.571807991213428 0.768843288386775 0.286209047877725 0 0 0 0 0 0
7.30504637063395 10.9512018750982 7.23678829836069 -0.219028691830076 0.479277896652667 -0.849893599184863 0.571807991213428 0.768843288386775 0.286209047877725 0 0 0 0 0 0
7.78110672522655 11.15657152151 7.09580975660271 -0.641013424081606 0.636439411348603 -0.429006603479969 0.571807991213428 0.768843288386775 0.286209047877725 0 0 0 0 0 0
8.11104804963022 11.5070175517644 6.85703914608275 -0.819466439351606 0.551806952973691 0.154867173494877 0.571807991213428 0.768843288386775 0.286209047877725 0 0 0 0 0 0
8.25419197339915 11.9832479943117 6.65357051263385 -0.686590453563694 0.257533807443807 0.679904322017957 0.571807991213428 0.768843288386775 0.286209047877725 0 0 0 0 0 0
8.24082758167463 12.5181832763692 6.60508609078217 -0.29286727528671 -0.134580737269625 0.946634451212348 0.571807991213428 0.768843288386775 0.286209047877725 0 0 0 0 0 0
8.16070408533343 13.0224408751314 6.77238702187024 0.21212107735142 -0.47556580982439 0.853722325507156 0.571807991213428 0.768843288386775 0.286209047877725 0 0 0 0 0 0
8.12893359524888 13.4182932325805 7.13429398392007 0.636521086228457 -0.63587548019054 0.436466814865685 0.571807991213428 0.768843288386775 0.286209047877725 0 0 0 0 0 0
8.24225810679827 13.6691977543123 7.59569357015198 0.81909609238226 -0.554605424361216 -0.146609736079254 0.571807991213428 0.768843288386775 0.286209047877725 0 0 0 0 0 0
8.5422955983791 13.7936799521103 8.02367346243155 0.690482798483676 -0.262631495308853 -0.673986797103613 0.571807991213428 0.768843288386775 0.286209047877725 0 0 0 0 0 0
8.99972866560035 13.8582952922889 8.29801804310432 0.299543545184383 0.129120529775784 -0.945305005449983 0.571807991213428 0.768843288386775 0.286209047877725 0 0 0 0 0 0
9.52544269337153 13.9523436612927 8.35688031804071 -0.205197309031463 0.471817506818467 -0.85748603756904 0.571807991213428 0.768843288386775 0.286209047877725 0 0 0 0 0 0
10.0043819880924 14.1539428458216 8.22027862373239 -0.631980274830201 0.635263124652768 -0.443893787613598 0.571807991213428 0.768843288386775 0.286209047877725 0 0 0 0 0 0
10.3392613592805 14.5003502796036 7.98249132657042 -0.818663368074219 0.557361660398434 0.138341133764607 0.571807991213428 0.768843288386775 0.286209047877725 0 0 0 0 0 0
10.4875263899568 14.9738083214108 7.776238895203 -0.694322560465241 0.267709182768713 0.668017945485224 0.571807991213428 0.768843288386775 0.286209047877725 0 0 0 0 0 0
5.07950318689259 2.04717306145899 9.66460934603814 -0.131798352857179 0.264243449753692 0.955408076921272 0.967583638193933 0.243757970895839 0.0660602355743333 0 0 0 0 0 0
5.3658154841968 2.50059987174667 9.69799344768979 0.0195614206355423 -0.333121562897215 0.942680950881918 0.967583638193933 0.243757970895839 0.0660602355743333 0 0 0 0 0 0
5.65658680795038 2.87809161129025 9.94626170175646 0.163489483379308 -0.803928124307947 0.571813570817511 0.967583638193933 0.243757970895839 0.0660602355743333 0 0 0 0 0 0
5.98462556458448 3.07232790960219 10.3248748772831 0.245305157988879 -0.969308950332628 -0.0162953450135479 0.967583638193933 0.243757970895839 0.0660602355743333 0 0 0 0 0 0
6.36858163970068 3.04561020218646 10.6997735284012 0.233925301794945 -0.766433100144521 -0.59821338683032 0.967583638193933 0.243757970895839 0.0660602355743333 0 0 0 0 0 0
6.80586099472151 2.84418404547693 10.9383094191685 0.133673312426631 -0.272376501133422 -0.952860161395788 0.967583638193933 0.243757970895839 0.0660602355743333 0 0 0 0 0 0
7.27361118551603 2.58066965676371 10.9596408061639 -0.0173634032311613 0.325160484550514 -0.94549942967466 0.967583638193933 0.243757970895839 0.0660602355743333 0 0 0 0 0 0
7.73740338799766 2.39127561073496 10.7654455684147 -0.161803471700815 0.799163565760319 -0.578927656712664 0.967583638193933 0.243757970895839 0.0660602355743333 0 0 0 0 0 0
8.16431248401394 2.38405092466699 10.4392837531019 -0.244771696061545 0.969551047035487 0.00758841218872562 0.967583638193933 0.243757970895839 0.0660602355743333 0 0 0 0 0 0
8.53542586421124 2.59783543027773 10.1148517165863 -0.234747060723972 0.771589875512811 0.591221516428132 0.967583638193933 0.243757970895839 0.0660602355743333 0 0 0 0 0 0
8.85302864453018 2.98750387228972 9.92518864334331 -0.135538092255806 0.280488809988043 0.950239681879866 0.967583638193933 0.243757970895839 0.0660602355743333 0 0 0 0 0 0
9.1397355124547 3.44110974736409 9.95213273548415 0.0151640635363991 -0.317174643974004 0.948245905025183 0.967583638193933 0.243757970895839 0.0660602355743333 0 0 0 0 0 0
9.42989902913948 3.82241565236466 10.1952295115121 0.160105138061504 -0.79433814781307 0.585997655025349 0.967583638193933 0.243757970895839 0.0660602355743333 0 0 0 0 0 0
9.75655851708309 4.02265215157736 10.5719044714415 0.244219593821883 -0.969719308672345 0.00111909852306457 0.967583638193933 0.243757970895839 0.0660602355743333 0 0 0 0 0 0
10.1388878691228 4.00184110386593 10.9488345299144 0.235550942755465 -0.776687891324749 -0.584184622218462 0.967583638193933 0.243757970895839 0.0660602355743333 0 0 0 0 0 0
10.5749110659752 3.80398402688852 11.1925996853713 0.137392550334498 -0.288579758533826 -0.947546837933166 0.967583638193933 0.243757970895839 0.0660602355743333 0 0 0 0 0 0
11.0422528989994 3.54034518487313 11.2203715093067 -0.0129635690394885 0.309164649320364 -0.950920167778755 0.967583638193933 0.243757970895839 0.0660602355743333 0 0 0 0 0 0
11.5066396860532 3.34718043439821 11.0313810510762 -0.158394611796057 0.78945223794046 -0.593023027347822 0.967583638193933 0.243757970895839 0.0660602355743333 0 0 0 0 0 0
11.9349204163642 3.33397134640197 10.7072109751022 -0.243648893314617 0.969813722429426 -0.00982652401116944 0.967583638193933 0.243757970895839 0.0660602355743333 0 0 0 0 0 0
12.3076613737777 3.54183132694874 10.3808009426707 -0.236336886670694 0.781726759346693 0.577103240088047 0.967583638193933 0.243757970895839 0.0660602355743333 0 0 0 0 0 0
2.60823238903176 2.43701594310049 10.0086110694434 0.852375762252945 0.419745078684592 -0.311880792681718 0.265999304452028 0.165461070526504 0.949666785862947 0 0 0 0 0 0
2.96745725094689 2.23536814085673 10.3535469541389 0.426462073004236 0.863309047859746 -0.269865870706964 0.265999304452028 0.165461070526504 0.949666785862947 0 0 0 0 0 0
3.42389415582197 2.23051166323665 10.6369669051154 -0.161471687844412 0.978887475995423 -0.125324392533886 0.265999304452028 0.165461070526504 0.949666785862947 0 0 0 0 0 0
3.84352358437222 2.44879261657047 10.8918191568705 -0.688059654818315 0.722570185874607 0.0668299176749201 0.265999304452028 0.165461070526504 0.949666785862947 0 0 0 0 0 0
4.10630979295679 2.83178346651011 11.1619052904624 -0.95324225518278 0.191736401410759 0.233594424822385 0.265999304452028 0.165461070526504 0.949666785862947 0 0 0 0 0 0
4.15180439947865 3.25848063518432 11.4852392805426 -0.856272185442703 -0.411941247610718 0.311612504489314 0.265999304452028 0.165461070526504 0.949666785862947 0 0 0 0 0 0
4.00211173438619 3.59127578350392 11.8796053508261 -0.433989996345448 -0.859115529374507 0.271243783817509 0.265999304452028 0.165461070526504 0.949666785862947 0 0 0 0 0 0
3.75349103597128 3.7282355198705 12.3358014501654 0.153172248289239 -0.979897457883249 0.127825014719205 0.265999304452028 0.165461070526504 0.949666785862947 0 0 0 0 0 0
3.53978595637347 3.64182759988007 12.821135265632 0.682141794895421 -0.728399959130319 -0.0641566145912029 0.265999304452028 0.165461070526504 0.949666785862947 0 0 0 0 0 0
3.4815751203857 3.38938088628674 13.2918445787839 0.951954268818213 -0.200171137705899 -0.231764073377019 0.265999304452028 0.165461070526504 0.949666785862947 0 0 0 0 0 0
3.64036228992832 3.09130515555497 13.709723264117 0.860103400190346 0.404106045615944 -0.311320485798237 0.265999304452028 0.165461070526504 0.949666785862947 0 0 0 0 0 0
3.99521005660752 2.88534541063656 14.0566364349167 0.441484869668177 0.854856585915504 -0.272601040663754 0.265999304452028 0.165461070526504 0.949666785862947 0 0 0 0 0 0
4.45069431321892 2.87425025137569 14.3414101899196 -0.144861144074329 0.980832816785831 -0.130315902534759 0.265999304452028 0.165461070526504 0.949666785862947 0 0 0 0 0 0
4.87315746748052 3.0867359635631 14.5964784308394 -0.676171987233825 0.734174261909027 0.0614784257328921 0.265999304452028 0.165461070526504 0.949666785862947 0 0 0 0 0 0
5.14148719597639 3.4665767218535 14.8655606808394 -0.950593787450435 0.208590630193908 0.229916072200153 0.265999304452028 0.165461070526504 0.949666785862947 0 0 0 0 0 0
5.19312904071245 3.89396572085991 15.1870523067318 -0.863869114734039 -0.396240069381235 0.31100475884684 0.265999304452028 0.165461070526504 0.949666785862947 0 0 0 0 0 0
5.04785189356321 4.23103178358317 15.5794374771891 -0.448946122208803 -0.850532541817772 0.273937537885334 0.265999304452028 0.165461070526504 0.949666785862947 0 0 0 0 0 0
4.80023746373036 4.37421892663701 16.0342667180267 0.136539008122444 -0.981693481471966 0.132796866289796 0.265999304452028 0.165461070526504 0.949666785862947 0 0 0 0 0 0
4.58374710509523 4.29362900970029 16.5193670087137 0.670150686457496 -0.73989265447522 -0.0587955550544384 0.265999304452028 0.165461070526504 0.949666785862947 0 0 0 0 0 0
4.5200176165244 4.04438053889519 16.9910648507759 0.949160914685369 -0.216994237697837 -0.228050562024233 0.265999304452028 0.165461070526504 0.949666785862947 0 0 0 0 0 0
11.762568459997 5.99778790981409 5.09512243115879 0.740949406948623 -0.280066776413195 0.610374128786603 0.123847990371755 0.950285446317653 0.28569082203973 0 0 0 0 0 0
11.6630712408588 6.2883740244399 5.53596834016647 0.9872303493947 -0.147067019546963 0.0612170645783715 0.123847990371755 0.950285446317653 0.28569082203973 0 0 0 0 0 0
11.7886132109284 6.54543620733251 5.99076868097097 0.858445976494494 0.0418059568746025 -0.511197385957923 0.123847990371755 0.950285446317653 0.28569082203973 0 0 0 0 0 0
12.1098379683509 6.81202805941012 6.32904156156152 0.403523624672687 0.214796151321182 -0.889399402804288 0.123847990371755 0.950285446317653 0.28569082203973 0 0 0 0 0 0
12.5230459487145 7.12758270093995 6.46457582029784 -0.2047040987175 0.306181696680705 -0.929703716560271 0.123847990371755 0.950285446317653 0.28569082203973 0 0 0 0 0 0
12.8895916233343 7.51293146986218 6.38818408759108 -0.735161312534891 0.281243696386249 -0.616798044577783 0.123847990371755 0.950285446317653 0.28569082203973 0 0 0 0 0 0
13.08855725363 7.962389748225 6.17119322121524 -0.986318452478595 0.149456513690808 -0.0695604831468214 0.123847990371755 0.950285446317653 0.28569082203973 0 0 0 0 0 0
13.0626915616486 8.44591664358629 5.93834604051735 -0.862756721960549 -0.039111697335426 0.504104268820876 0.123847990371755 0.950285446317653 0.28569082203973 0 0 0 0 0 0
12.8401604477497 8.92052802630932 5.82040944375885 -0.411419288246526 -0.212820720631223 0.886251380889603 0.123847990371755 0.950285446317653 0.28569082203973 0 0 0 0 0 0
12.5238462941496 9.34662691906805 5.90449387716007 0.196223211636033 -0.305675593986519 0.931696776025456 0.123847990371755 0.950285446317653 0.28569082203973 0 0 0 0 0 0
12.2522612278161 9.70304705055946 6.20095861997217 0.729317232740916 -0.282399198562943 0.623174988809837 0.123847990371755 0.950285446317653 0.28569082203973 0 0 0 0 0 0
12.1469240476339 9.99509427585273 6.6394761210917 0.985331443593647 -0.15183462614249 0.0778986044151652 0.123847990371755 0.950285446317653 0.28569082203973 0 0 0 0 0 0
12.2661932010224 10.2525307933393 7.09575061153876 0.867001765161928 0.0364144592890703 -0.49697276219204 0.123847990371755 0.950285446317653 0.28569082203973 0 0 0 0 0 0
12.5830954340598 10.5182679879667 7.43874014520687 0.419283620648691 0.21082908281942 -0.883035867501002 0.123847990371755 0.950285446317653 0.28569082203973 0 0 0 0 0 0
12.9955733816168 10.8320636786565 7.58044162509336 -0.187727381397291 0.30514621291238 -0.933618883173936 0.123847990371755 0.950285446317653 0.28569082203973 0 0 0 0 0 0
13.3652588666775 11.2154174581811 7.50932465118399 -0.723417612616001 0.283533194947314 -0.629504475853773 0.123847990371755 0.950285446317653 0.28569082203973 0 0 0 0 0 0
13.57004128418 11.6634026384153 7.29471211219637 -0.984269397904403 0.154201175799539 -0.0862307934031861 0.123847990371755 0.950285446317653 0.28569082203973 0 0 0 0 0 0
13.5504594614601 12.1465379815249 7.06044326113924 -0.871180782822156 -0.0337144481406553 0.489803409163254 0.123847990371755 0.950285446317653 0.28569082203973 0 0 0 0 0 0
13.3322919518841 12.6219881151201 6.93782511261256 -0.427116022979821 -0.208821389556701 0.879753107512278 0.123847990371755 0.950285446317653 0.28569082203973 0 0 0 0 0 0
13.0167633314307 13.0498374063953 7.01574671262477 0.179217254991639 -0.304593593772707 0.93546989162981 0.123847990371755 0.950285446317653 0.28569082203973 0 0 0 0 0 0
4.10356172540958 0.453144367443919 3.02763824208847 -0.351856386017529 0.627801437063265 0.694307164906126 0.920494665982411 0.366742260637088 0.134869137169066 0 0 0 0 0 0
4.36243734923495 0.90918865413148 2.91062490059692 -0.185358043817268 0.105965143588757 0.976941034012007 0.920494665982411 0.366742260637088 0.134869137169066 0 0 0 0 0 0
4.57906060113987 1.3893876986343 3.0163052985479 0.0515609182504024 -0.456129079577843 0.888418670713671 0.920494665982411 0.366742260637088 0.134869137169066 0 0 0 0 0 0
4.80743716598235 1.76561210509522 3.3245007604422 0.268891025422163 -0.84493223934129 0.462371200843143 0.920494665982411 0.366742260637088 0.134869137169066 0 0 0 0 0 0
5.09710744853047 1.94923418101247 3.73809375211721 0.38406493641784 -0.912731514865275 -0.139338818661926 0.920494665982411 0.366742260637088 0.134869137169066 0 0 0 0 0 0
5.47432534541965 1.92479907939704 4.11992445569394 0.353326156845072 -0.633768827834797 -0.688111691336515 0.920494665982411 0.366742260637088 0.134869137169066 0 0 0 0 0 0
5.9320839508791 1.7558963535351 4.34490007757905 0.188352862988541 -0.114026767060142 -0.975459427858397 0.920494665982411 0.366742260637088 0.134869137169066 0 0 0 0 0 0
6.43277759738332 1.56100122253395 4.34751969219096 -0.0481788326092714 0.449035968946541 -0.892213818924953 0.920494665982411 0.366742260637088 0.134869137169066 0 0 0 0 0 0
6.9224888774783 1.4684638547831 4.14675913870538 -0.266406584191697 0.841502432869389 -0.470001263162357 0.920494665982411 0.366742260637088 0.134869137169066 0 0 0 0 0 0
7.35147276832429 1.56774699308273 3.83886178249333 -0.383422020359134 0.914268053374756 0.130772630477689 0.920494665982411 0.366742260637088 0.134869137169066 0 0 0 0 0 0
7.69305559756502 1.87543756291663 3.56077405151344 -0.354769020517813 0.639687954656354 0.681863815397475 0.920494665982411 0.366742260637088 0.134869137169066 0 0 0 0 0 0
7.9537688174159 2.32894502214225 3.43811719870827 -0.19133333836006 0.122079706951742 0.973903536692711 0.920494665982411 0.366742260637088 0.134869137169066 0 0 0 0 0 0
8.17086759676729 2.81028055440877 3.53746168773613 0.0447930779635053 -0.441908662487691 0.895941021599578 0.920494665982411 0.366742260637088 0.134869137169066 0 0 0 0 0 0
8.39817695964987 3.19088299315654 3.84103596082843 0.263901855068409 -0.838008542729217 0.477595533065697 0.920494665982411 0.366742260637088 0.134869137169066 0 0 0 0 0 0
8.68564275869898 3.38046135822121 4.25347815071063 0.3827499052291 -0.91573496683224 -0.122196483451334 0.920494665982411 0.366742260637088 0.134869137169066 0 0 0 0 0 0
9.06035641068831 3.36129790878283 4.63806564834518 0.356184867156097 -0.645558366763512 -0.67556401288895 0.920494665982411 0.366742260637088 0.134869137169066 0 0 0 0 0 0
9.51626241435324 3.19497940932819 4.86865830798503 0.194299242957086 -0.130123350001008 -0.972273479002085 0.920494665982411 0.366742260637088 0.134869137169066 0 0 0 0 0 0
10.0164589365639 2.99899928814647 4.87762119749374 -0.0414039121514288 0.434747702973274 -0.899599994896631 0.920494665982411 0.366742260637088 0.134869137169066 0 0 0 0 0 0
10.5072174356968 2.90211991953688 4.6815202398598 -0.26137702879712 0.834450834994033 -0.485153432220108 0.920494665982411 0.366742260637088 0.134869137169066 0 0 0 0 0 0
10.9383950328912 2.9954536450202 4.37482854208592 -0.382048642211905 0.917132143526587 0.113611030689661 0.920494665982411 0.366742260637088 0.134869137169066 0 0 0 0 0 0
10.7994493638937 3.30858818795545 12.5987632972046 0.568788160744399 -0.749612378018573 0.338469069367266 0.254200992086542 0.551590217018666 0.794436962956482 0 0 0 0 0 0
10.6881532013175 3.30943392081656 13.124403431755 0.919411939125753 -0.392706303041854 -0.0215277900450117 0.254200992086542 0.551590217018666 0.794436962956482 0 0 0 0 0 0
10.7864370191944 3.22076223954276 13.6451363058872 0.920735750085352 0.113395462159719 -0.373345882093734 0.254200992086542 0.551590217018666 0.794436962956482 0 0 0 0 0 0
11.0946025802742 3.15793905743626 14.0807649744488 0.572256655706705 0.57641639541579 -0.58332363152477 0.254200992086542 0.551590217018666 0.794436962956482 0 0 0 0 0 0
11.5332140640284 3.22651001080176 14.38342500285 0.0063676902040165 0.820447102885199 -0.571686980688514 0.254200992086542 0.551590217018666 0.794436962956482 0 0 0 0 0 0
11.973277062965 3.48210190708534 14.5557689660151 -0.56194046726928 0.752776238824465 -0.342856887792086 0.254200992086542 0.551590217018666 0.794436962956482 0 0 0 0 0 0
12.285245714706 3.9092891706951 14.64995869082 -0.916758046083387 0.399113095886773 0.0162302690380314 0.254200992086542 0.551590217018666 0.794436962956482 0 0 0 0 0 0
12.3882393409966 4.42745427707036 14.7478481059628 -0.923283915813258 -0.106179784993422 0.369151275304973 0.254200992086542 0.551590217018666 0.794436962956482 0 0 0 0 0 0
12.2807703696263 4.92141569811542 14.9298855659267 -0.579038789441793 -0.571133190323279 0.581825540203364 0.254200992086542 0.551590217018666 0.794436962956482 0 0 0 0 0 0
12.0413094879833 5.28518729045556 15.2445501760872 -0.0148071459490973 -0.819103547811598 0.573454554774216 0.254200992086542 0.551590217018666 0.794436962956482 0 0 0 0 0 0
11.7984733169553 5.46224420329891 15.6899337700522 0.555049979851938 -0.755882772805278 0.347218596337475 0.254200992086542 0.551590217018666 0.794436962956482 0 0 0 0 0 0
11.6821608062992 5.46699761429741 16.2144658539776 0.914034338366438 -0.405489494724211 -0.0109315120332258 0.254200992086542 0.551590217018666 0.794436962956482 0 0 0 0 0 0
11.7742024518339 5.37931968221479 16.7365060993911 0.925761769896336 0.0989560218254051 -0.36492855621737 0.254200992086542 0.551590217018666 0.794436962956482 0 0 0 0 0 0
12.0772715219455 5.31419877842092 17.1753608689323 0.585776827131225 0.565806491227093 -0.580283140614443 0.254200992086542 0.551590217018666 0.794436962956482 0 0 0 0 0 0
12.5138684382333 5.37805348210539 17.4819400783118 0.0232454740726859 0.817697614831544 -0.575178458075353 0.254200992086542 0.551590217018666 0.794436962956482 0 0 0 0 0 0
12.9557641610673 5.62830238281961 17.657407340075 -0.548117223229667 0.758931743386423 -0.351553862842443 0.254200992086542 0.551590217018666 0.794436962956482 0 0 0 0 0 0
13.2727165456196 6.05154979831858 17.7527378877417 -0.911241023395795 0.411835013966709 0.00563192255145581 0.254200992086542 0.551590217018666 0.794436962956482 0 0 0 0 0 0
13.3819515102165 6.56867501820967 17.8493522323311 -0.928169123636403 -0.0917247227732028 0.360678046407333 0.254200992086542 0.551590217018666 0.794436962956482 0 0 0 0 0 0
13.2796102938757 7.06489158465849 18.0281831489479 -0.592470255647344 -0.560436703775991 0.578696550217705 0.254200992086542 0.551590217018666 0.794436962956482 0 0 0 0 0 0
13.042215464118 7.4333565868474 18.3389279623955 -0.0316820319634253 -0.816229411012274 0.576858559310014 0.254200992086542 0.551590217018666 0.794436962956482 0 0 0 0 0 0
11.9202889555593 11.6261743559084 7.25939320178781 -0.0759357180536985 0.063401698360845 0.995094966005069 0.717553261888437 0.69642622269977 0.0103842519901019 0 0 0 0 0 0
11.9477241976611 12.1563328162455 7.34224497631416 0.344464891879326 -0.367793947289186 0.863754334634567 0.717553261888437 0.69642622269977 0.0103842519901019 0 0 0 0 0 0
12.0536802227055 12.6026526347254 7.62198957859854 0.633997530241524 -0.659258523177179 0.404258990334035 0.717553261888437 0.69642622269977 0.0103842519901019 0 0 0 0 0 0
12.3041560047172 12.8986944521034 7.99388503044958 0.682663906991529 -0.700259763895443 -0.208821103244282 0.717553261888437 0.69642622269977 0.0103842519901019 0 0 0 0 0 0
12.7102450458077 13.0351120342678 8.31817970524552 0.471974851943585 -0.475220612590923 -0.742566568397433 0.717553261888437 0.69642622269977 0.0103842519901019 0 0 0 0 0 0
13.2239207692494 13.0632030628392 8.47320630741038 0.0819746596435571 -0.069637205298171 -0.994198579165442 0.717553261888437 0.69642622269977 0.0103842519901019 0 0 0 0 0 0
13.7562826189362 13.0754202882718 8.40160531217198 -0.339169076398279 0.362402540559341 -0.868117927594675 0.717553261888437 0.69642622269977 0.0103842519901019 0 0 0 0 0 0
14.2113308669861 13.1702471842279 8.132116808023 -0.631456809711852 0.656759502210996 -0.412224761172949 0.717553261888437 0.69642622269977 0.0103842519901019 0 0 0 0 0 0
14.5224385153933 13.4147824293779 7.76866165659397 -0.683843543621036 0.701602548539378 0.200279484048851 0.717553261888437 0.69642622269977 0.0103842519901019 0 0 0 0 0 0
14.6776640065149 13.8192479975435 7.45086021985569 -0.476426682054248 0.479895056508582 0.736694204786087 0.717553261888437 0.69642622269977 0.0103842519901019 0 0 0 0 0 0
14.7242880204715 14.3331056589401 7.3009882502785 -0.0880073585457061 0.0758674090927021 0.993226480254815 0.717553261888437 0.69642622269977 0.0103842519901019 0 0 0 0 0 0
14.7508507542784 14.8642572986265 7.37752228812732 0.333847431878918 -0.356983535472933 0.872415410013542 0.717553261888437 0.69642622269977 0.0103842519901019 0 0 0 0 0 0
14.8535140206867 15.3140345301694 7.65292344613932 0.628868001301336 -0.654210466465972 0.420159139500307 0.717553261888437 0.69642622269977 0.0103842519901019 0 0 0 0 0 0
15.099527767779 15.6146844652967 8.02409989322073 0.684971102917088 -0.702891903432877 -0.191722612795296 0.717553261888437 0.69642622269977 0.0103842519901019 0 0 0 0 0 0
15.5016806993338 15.7551101689198 8.3515731646829 0.480842230428513 -0.4845329545597 -0.730765739058818 0.717553261888437 0.69642622269977 0.0103842519901019 0 0 0 0 0 0
16.0134416324446 15.7850865703053 8.51246836293303 0.0940333553467675 -0.0820918352902981 -0.992178743302284 0.717553261888437 0.69642622269977 0.0103842519901019 0 0 0 0 0 0
16.5466374718654 15.7963501352533 8.44719638542846 -0.328500363585077 0.351537344708181 -0.876646454621242 0.717553261888437 0.69642622269977 0.0103842519901019 0 0 0 0 0 0
17.0049516430707 15.8877466489886 8.18209282100926 -0.62623130215776 0.651611610061047 -0.42806152108248 0.717553261888437 0.69642622269977 0.0103842519901019 0 0 0 0 0 0
17.3205163692447 16.1276780497404 7.81941261939033 -0.68604649901168 0.704127730386573 0.183151141122492 0.717553261888437 0.69642622269977 0.0103842519901019 0 0 0 0 0 0
17.4796967743826 16.5281153887892 7.49848172615313 -0.485221160805274 0.489133953550382 0.724781622691246 0.717553261888437 0.69642622269977 0.0103842519901019 0 0 0 0 0 0
5.98708891537754 7.04135896906054 3.04002431671616 0.460699557376241 0.341070642154788 -0.819406330762374 0.626904682870765 0.52848521301745 0.572445541703843 0 0 0 0 0 0
6.50498791805559 7.01270358105974 3.180183490094 0.0047748180632714 0.732136131355844 -0.681141605156932 0.626904682870765 0.52848521301745 0.572445541703843 0 0 0 0 0 0
7.02397534066141 7.1509386472382 3.16507641314417 -0.452963954462636 0.845050863591465 -0.284099795672034 0.626904682870765 0.52848521301745 0.572445541703843 0 0 0 0 0 0
7.43970961559494 7.4818030843619 3.08520877883169 -0.738614147534728 0.63691664425169 0.220876276083952 0.626904682870765 0.52848521301745 0.572445541703843 0 0 0 0 0 0
7.6870767723574 7.95785269058338 3.05568989860242 -0.743652476988372 0.186807143082275 0.641937757701241 0.626904682870765 0.52848521301745 0.572445541703843 0 0 0 0 0 0
7.7649283235913 8.47648499094836 3.17250075043976 -0.466164797227754 -0.334273514992972 0.819116352540865 0.626904682870765 0.52848521301745 0.572445541703843 0 0 0 0 0 0
7.73651759462924 8.91891963305276 3.47602920061231 -0.0115733171405304 -0.728358075967254 0.685098950155118 0.626904682870765 0.52848521301745 0.572445541703843 0 0 0 0 0 0
7.70546872766084 9.19532502882261 3.9357259780294 0.447415059623924 -0.845727226383944 0.290801002361824 0.626904682870765 0.52848521301745 0.572445541703843 0 0 0 0 0 0
7.77640813761165 9.27894687672739 4.46171085308493 0.736422974856365 -0.641790463692193 -0.213977108162211 0.626904682870765 0.52848521301745 0.572445541703843 0 0 0 0 0 0
8.01521518785254 9.21627256823957 4.93891963960208 0.745651489605321 -0.194026773679439 -0.637461737788954 0.626904682870765 0.52848521301745 0.572445541703843 0 0 0 0 0 0
8.42399351861093 9.10936985058647 5.27081900293248 0.471594536825127 0.327450931608796 -0.818763995437773 0.626904682870765 0.52848521301745 0.572445541703843 0 0 0 0 0 0
8.94027183887735 9.07710958309684 5.41608108774039 0.0183709348648814 0.724524553291226 -0.689004122215782 0.626904682870765 0.52848521301745 0.572445541703843 0 0 0 0 0 0
9.46073781432426 9.21000471032715 5.40428466120967 -0.441832092396185 0.846339183773768 -0.297480063429402 0.626904682870765 0.52848521301745 0.572445541703843 0 0 0 0 0 0
9.8804881504072 9.53582288112879 5.32467764486 -0.734175720717289 0.646615408304093 0.207061645055237 0.626904682870765 0.52848521301745 0.572445541703843 0 0 0 0 0 0
10.1328831078518 10.0090370545991 5.29227033701587 -0.74759371797443 0.201231628386582 0.632937172697301 0.626904682870765 0.52848521301745 0.572445541703843 0 0 0 0 0 0
10.214864053761 10.5281219840919 5.40414107760348 -0.476988362672669 -0.320603411568401 0.818349286286454 0.626904682870765 0.52848521301745 0.572445541703843 0 0 0 0 0 0
10.1881154873905 10.97412535583 5.70255456374949 -0.0251671535714163 -0.720635855265354 0.69285682394495 0.626904682870765 0.52848521301745 0.572445541703843 0 0 0 0 0 0
10.1556300675715 11.2558597616854 6.15890478471453 0.436215477943986 -0.846886689158013 0.304136470238409 0.626904682870765 0.52848521301745 0.572445541703843 0 0 0 0 0 0
10.2225799796754 11.3445463200999 6.68458292364007 0.731872556254604 -0.651391110649177 -0.200130413402321 0.626904682870765 0.52848521301745 0.572445541703843 0 0 0 0 0 0
10.456360264006 11.2847482543459 7.16464132853345 0.749479014187488 -0.208421158526123 -0.628364406989431 0.626904682870765 0.52848521301745 0.572445541703843 0 0 0 0 0 0
7.68531431613065 4.9198780636567 8.6231003631318 -0.760368355987342 0.609605250698933 0.224101319793965 0.646334867700414 0.676223252565837 0.353515701891681 0 0 0 0 0 0
7.87307215097468 5.39845511391128 8.46690783916647 -0.653435875052081 0.251254676317236 0.714067675240689 0.646334867700414 0.676223252565837 0.353515701891681 0 0 0 0 0 0
7.91187925754019 5.93430567553812 8.47348706424042 -0.298252180319301 -0.202551750351551 0.932747782288603 0.646334867700414 0.676223252565837 0.353515701891681 0 0 0 0 0 0
7.88269977021741 6.42398455929902 8.69268617563601 0.170242504227317 -0.579405380577111 0.797061412133787 0.646334867700414 0.676223252565837 0.353515701891681 0 0 0 0 0 0
7.89232706708993 6.78158796832636 9.09357546100706 0.574059215115093 -0.736133219580056 0.358558085353188 0.646334867700414 0.676223252565837 0.353515701891681 0 0 0 0 0 0
8.03281118011073 6.97138978678796 9.57619807321643 0.759781232422396 -0.613191740973438 -0.216167452824587 0.646334867700414 0.676223252565837 0.353515701891681 0 0 0 0 0 0
8.34648744896877 7.02141452860055 10.0095453077527 0.656849656667639 -0.257288467951818 -0.708767361547223 0.646334867700414 0.676223252565837 0.353515701891681 0 0 0 0 0 0
8.809892617732 7.01279035604793 10.2813289999229 0.304369914404229 0.196362995678485 -0.932094699659715 0.646334867700414 0.676223252565837 0.353515701891681 0 0 0 0 0 0
9.34267891806069 7.0489271345388 10.3406416759773 -0.163745047134943 0.57541287423632 -0.801303677579151 0.646334867700414 0.676223252565837 0.353515701891681 0 0 0 0 0 0
9.83813952974273 7.21622929581723 10.2172971535144 -0.569650527596356 0.735853781481553 -0.366083991303215 0.646334867700414 0.676223252565837 0.353515701891681 0 0 0 0 0 0
10.2037482857351 7.55126934973805 10.0105037737151 -0.759136248574987 0.616731534322799 0.20821712386675 0.646334867700414 0.676223252565837 0.353515701891681 0 0 0 0 0 0
10.3963119099785 8.02689337631323 9.85117349385282 -0.660213416638745 0.263302666073433 0.70341307247507 0.646334867700414 0.676223252565837 0.353515701891681 0 0 0 0 0 0
10.4383798651255 8.56253725390469 9.85218624599415 -0.310464469541758 -0.190159287203049 0.931370634410697 0.646334867700414 0.676223252565837 0.353515701891681 0 0 0 0 0 0
10.4096774346717 9.05483431599484 10.065504963555 0.157235120223266 -0.571376547977354 0.805484920647095 0.646334867700414 0.676223252565837 0.353515701891681 0 0 0 0 0 0
10.4168167548202 9.41688607599516 10.462433994122 0.56519845898445 -0.735518305268616 0.373582018539953 0.646334867700414 0.676223252565837 0.353515701891681 0 0 0 0 0 0
10.5527930814781 9.61127641516638 10.9445210575699 0.758433453563134 -0.620224361178048 -0.200250938368784 0.646334867700414 0.676223252565837 0.353515701891681 0 0 0 0 0 0
10.86165433774 9.66428659169169 11.3809609133158 0.663526898802053 -0.269296812677608 -0.698005215774073 0.646334867700414 0.676223252565837 0.353515701891681 0 0 0 0 0 0
11.3217665714616 9.65591055129369 11.6582904581632 0.316535381607919 0.18394109736166 -0.93057564168192 0.646334867700414 0.676223252565837 0.353515701891681 0 0 0 0 0 0
11.8540330553806 9.689463889827 11.7234952562086 -0.150713219248423 0.567296709182086 -0.80960482291977 0.646334867700414 0.676223252565837 0.353515701891681 0 0 0 0 0 0
12.3519444562298 9.85233253106839 11.6041506093952 -0.560703348321638 0.735126816489058 -0.381051596059598 0.646334867700414 0.676223252565837 0.353515701891681 0 0 0 0 0 0
0.829523005101397 5.8494138723355 2.32948166035756 0.602074086716558 -0.697725864432814 0.388182189449626 0.37583557689519 0.676601767302469 0.633212182149897 0 0 0 0 0 0
0.79678800072659 5.95080386657451 2.85610637557244 0.900777006524932 -0.427185460481122 -0.07818802254511 0.37583557689519 0.676601767302469 0.633212182149897 0 0 0 0 0 0
0.96938514333213 5.95481692165544 3.36490812858798 0.857259681366061 0.0056498420673729 -0.514853297540934 0.37583557689519 0.676601767302469 0.633212182149897 0 0 0 0 0 0
1.33739465727878 5.9601178584134 3.75634905622917 0.488055070638677 0.43633867515415 -0.755917196912861 0.37583557689519 0.676601767302469 0.633212182149897 0 0 0 0 0 0
1.81665633993419 6.06488220990216 3.97547863504911 -0.0665698212699758 0.701255150356254 -0.70979551491603 0.37583557689519 0.676601767302469 0.633212182149897 0 0 0 0 0 0
2.28074342973648 6.32949769497966 4.0328103039102 -0.595903725090106 0.699753069577136 -0.394010649654437 0.37583557689519 0.676601767302469 0.633212182149897 0 0 0 0 0 0
2.60899424665435 6.75362191428502 4.00032723278499 -0.898843840769525 0.432403098418235 0.0714654489176414 0.37583557689519 0.676601767302469 0.633212182149897 0 0 0 0 0 0
2.73235358178664 7.27631243348041 3.98413471298922 -0.860298153472985 0.000775960775967969 0.50979062860732 0.37583557689519 0.676601767302469 0.633212182149897 0 0 0 0 0 0
2.65960792576545 7.79917983295909 4.08414898302508 -0.494910814253967 -0.431145977338461 0.754437825244293 0.37583557689519 0.676601767302469 0.633212182149897 0 0 0 0 0 0
2.47404733406268 8.22376749333745 4.35613737906379 0.0585014177676886 -0.699268350285674 0.712461478543172 0.37583557689519 0.676601767302469 0.633212182149897 0 0 0 0 0 0
2.30182214238079 8.48895691126567 4.79053139155405 0.589687983087854 -0.701726985816005 0.399809104422803 0.37583557689519 0.676601767302469 0.633212182149897 0 0 0 0 0 0
2.26401634499835 8.59418764069727 5.3160619019775 0.896842224575627 -0.437587807185287 -0.064737432919548 0.37583557689519 0.676601767302469 0.633212182149897 0 0 0 0 0 0
2.4306457609271 8.59967021571226 5.82683551252997 0.863271110544742 -0.00720170452689147 -0.504689137143604 0.37583557689519 0.676601767302469 0.633212182149897 0 0 0 0 0 0
2.79405785366738 8.60351116195374 6.22256521839049 0.501728868494627 0.425920446087348 -0.752901000214408 0.37583557689519 0.676601767302469 0.633212182149897 0 0 0 0 0 0
3.27183905776794 8.70444068728244 6.44667111756208 -0.0504285591559408 0.697228298222893 -0.715073185470315 0.37583557689519 0.676601767302469 0.633212182149897 0 0 0 0 0 0
3.73812507022217 8.96430342512936 6.50777606160589 -0.583427334062619 0.703647462828058 -0.405577112179943 0.37583557689519 0.676601767302469 0.633212182149897 0 0 0 0 0 0
4.07141880351925 9.38456262426825 6.47642969016679 -0.894772310374062 0.442739191946631 0.0580044869152966 0.37583557689519 0.676601767302469 0.633212182149897 0 0 0 0 0 0
4.20074916051251 9.90574423614217 6.45830544334514 -0.866178326179142 0.0136268998401328 0.49954921164811 0.37583557689519 0.676601767302469 0.633212182149897 0 0 0 0 0 0
4.1326341407989 10.4300321002634 6.55405345503702 -0.508508714139429 -0.420662479345248 0.751306838858381 0.37583557689519 0.676601767302469 0.633212182149897 0 0 0 0 0 0
3.94860454369696 10.8584299389818 6.82106188428657 0.0423518602141712 -0.695135149525773 0.717630436805867 0.37583557689519 0.676601767302469 0.633212182149897 0 0 0 0 0 0
0.168702342370523 0.819234717782865 2.33957569618199 0.565042222817741 0.515067925299499 -0.644540393428415 0.323513792607193 0.580329256663991 0.747366563242383 0 0 0 0 0 0
0.626227218862308 0.882196170390973 2.61415163284618 0.0126568611324585 0.787116817607667 -0.616674078671589 0.323513792607193 0.580329256663991 0.747366563242383 0 0 0 0 0 0
1.08663722724748 1.12458092633941 2.7481566938735 -0.544537053708478 0.760126871015279 -0.354522971186651 0.323513792607193 0.580329256663991 0.747366563242383 0 0 0 0 0 0
1.42291999710593 1.54023662645322 2.80134823246373 -0.894852237671531 0.444352017480626 0.042317340360083 0.323513792607193 0.580329256663991 0.747366563242383 0 0 0 0 0 0
1.55522117123059 2.05718238293328 2.86418601012057 -0.905198095411598 -0.040239596664468 0.423080586795821 0.323513792607193 0.580329256663991 0.747366563242383 0 0 0 0 0 0
1.48118241102407 2.56495552208754 3.02346502084977 -0.571644062599711 -0.509543515266552 0.64310844477763 0.323513792607193 0.580329256663991 0.747366563242383 0 0 0 0 0 0
1.27683736876114 2.95657820090398 3.32934062180146 -0.0209128930271408 -0.785263333305603 0.618808652388612 0.323513792607193 0.580329256663991 0.747366563242383 0 0 0 0 0 0
1.06772523187465 3.16920007818506 3.77627367453597 0.537763434251366 -0.762648482119056 0.359413107028216 0.323513792607193 0.580329256663991 0.747366563242383 0 0 0 0 0 0
0.981196286746514 3.20797620997033 4.30513495632652 0.892134441932624 -0.450290721772831 -0.0365294867588981 0.323513792607193 0.580329256663991 0.747366563242383 0 0 0 0 0 0
1.09802941572797 3.14410855755907 4.82566934046098 0.907568659431229 0.0331400122342858 -0.418593917785858 0.323513792607193 0.580329256663991 0.747366563242383 0 0 0 0 0 0
1.42174284918346 3.08779517197937 5.25078522786507 0.578202369473105 0.50398030152214 -0.64162752092888 0.323513792607193 0.580329256663991 0.747366563242383 0 0 0 0 0 0
1.8772575309535 3.1463641119894 5.52964210168459 0.0291673323240515 0.783350048160436 -0.62089610143094 0.323513792607193 0.580329256663991 0.747366563242383 0 0 0 0 0 0
2.33942090704457 3.38349772012575 5.6669656896464 -0.5309488620267 0.765112014588206 -0.364275872170157 0.323513792607193 0.580329256663991 0.747366563242383 0 0 0 0 0 0
2.68055447333032 3.79503863606176 5.72125258108506 -0.889348706701925 0.456195134683201 0.0307388512958668 0.323513792607193 0.580329256663991 0.747366563242383 0 0 0 0 0 0
2.81896097393997 4.31056924730301 5.78254639464382 -0.909870108583649 -0.026037904063865 0.414075371228403 0.323513792607193 0.580329256663991 0.747366563242383 0 0 0 0 0 0
2.74996255466887 4.82016451749361 5.93822870210299 -0.584716643997462 -0.498378707726527 0.640097734660249 0.323513792607193 0.580329256663991 0.747366563242383 0 0 0 0 0 0
2.54767795800042 5.21615434557645 6.23982130831868 -0.0374195504156798 -0.781377107876239 0.622936266831248 0.323513792607193 0.580329256663991 0.747366563242383 0 0 0 0 0 0
2.3368635736373 5.43402923733283 6.68341225615926 0.524093855990539 -0.767517280815194 0.36911089629408 0.323513792607193 0.580329256663991 0.747366563242383 0 0 0 0 0 0
2.24551640023786 5.47694854077742 7.21114204442416 0.886495244123957 -0.462064806567833 -0.024945874950299 0.323513792607193 0.580329256663991 0.747366563242383 0 0 0 0 0 0
2.3562458456301 5.41454015702599 7.73318541970923 0.912102267604595 0.0189338130062399 -0.409525291228272 0.323513792607193 0.580329256663991 0.747366563242383 0 0 0 0 0 0
5.9366490654295 12.537183324219 8.08664088544336 -0.52045427963677 0.470509263109868 0.712564646986911 0.848382553873677 0.190308574454201 0.493993612076095 0 0 0 0 0 0
6.24206232555419 12.9681259203182 8.18511078706655 -0.478363035777003 -0.124103041496991 0.869348745379785 0.848382553873677 0.190308574454201 0.493993612076095 0 0 0 0 0 0
6.4384327166218 13.3707792242032 8.48174876255316 -0.254533676822099 -0.671566525746938 0.695852720666961 0.848382553873677 0.190308574454201 0.493993612076095 0 0 0 0 0 0
6.5767821480489 13.6203489174133 8.93700638761084 0.0659972815336561 -0.963890658872076 0.257990613335685 0.848382553873677 0.190308574454201 0.493993612076095 0 0 0 0 0 0
6.7301756618782 13.6501997046047 9.45107298109607 0.361454769219071 -0.890016615299293 -0.27788644137485 0.848382553873677 0.190308574454201 0.493993612076095 0 0 0 0 0 0
6.96596280172418 13.4771711763342 9.9017953515262 0.51958954687669 -0.478010379290033 -0.708189790993541 0.848382553873677 0.190308574454201 0.493993612076095 0 0 0 0 0 0
7.32019039512961 13.1951801670639 10.1910858368161 0.480323568601892 0.115599991718862 -0.869439998711896 0.848382553873677 0.190308574454201 0.493993612076095 0 0 0 0 0 0
7.78390776111124 12.9395401795433 10.2821874470427 0.258574636033421 0.665291993144968 -0.70037541465801 0.848382553873677 0.190308574454201 0.493993612076095 0 0 0 0 0 0
8.30656722351275 12.8355535227935 10.2136384594607 -0.0614111239015177 0.962228443286345 -0.265226500923061 0.848382553873677 0.190308574454201 0.493993612076095 0 0 0 0 0 0
8.81522801828861 12.9509068699674 10.0846310826478 -0.358065771127032 0.893598220221582 0.27068639486318 0.848382553873677 0.190308574454201 0.493993612076095 0 0 0 0 0 0
9.24226770926951 13.2699559595579 10.0173266780612 -0.518685245360942 0.485475093129123 0.703761003605719 0.848382553873677 0.190308574454201 0.493993612076095 0 0 0 0 0 0
9.55107308224992 13.6996691119027 10.1104446163904 -0.482247522927384 -0.107088138553801 0.869465040821933 0.848382553873677 0.190308574454201 0.493993612076095 0 0 0 0 0 0
9.7499501172051 14.1049715196947 10.4017571381327 -0.262595903785097 -0.658966795981938 0.70484477234962 0.848382553873677 0.190308574454201 0.493993612076095 0 0 0 0 0 0
9.88896840762988 14.3600624256081 10.8537390479101 0.0568202895745315 -0.960492950279238 0.272442190485526 0.848382553873677 0.190308574454201 0.493993612076095 0 0 0 0 0 0
10.040938884851 14.3962089332834 11.367824163581 0.354649504940214 -0.897111774179694 -0.263465734534536 0.848382553873677 0.190308574454201 0.493993612076095 0 0 0 0 0 0
10.2737517278823 14.2278587838068 11.8218522567749 0.517741443955589 -0.492902836160278 -0.69927862209275 0.848382553873677 0.190308574454201 0.493993612076095 0 0 0 0 0 0
10.6245837493541 13.9471514173183 12.1164797660599 0.484134752236907 0.09856813021238 -0.869423869802839 0.848382553873677 0.190308574454201 0.493993612076095 0 0 0 0 0 0
11.0857743028316 13.6889126592131 12.2129220768668 0.266597173842018 0.6525914159461 -0.709260453382897 0.848382553873677 0.190308574454201 0.493993612076095 0 0 0 0 0 0
11.6077356904749 13.5794321349066 12.1476884450082 -0.0522251281625054 0.958684312015268 -0.279637132520383 0.848382553873677 0.190308574454201 0.493993612076095 0 0 0 0 0 0
12.1177923585102 13.6884837296891 12.0187115199928 -0.351206230820513 0.900557009602894 0.256225010270158 0.848382553873677 0.190308574454201 0.493993612076095 0 0 0 0 0 0
10.0516798673221 11.8155975975509 2.34501241464611 -0.319500633533812 0.898705657090182 -0.300412195301051 0.438402343020097 0.4212513482172 0.793946274794259 0 0 0 0 0 0
10.4816950953028 12.1251258343505 2.43425520957509 -0.751404431982842 0.65647214277185 0.066601091290453 0.438402343020097 0.4212513482172 0.793946274794259 0 0 0 0 0 0
10.7404276593701 12.5842969167509 2.53867972535934 -0.897837123909434 0.16483388578557 0.408311509789849 0.438402343020097 0.4212513482172 0.793946274794259 0 0 0 0 0 0
10.7944982227918 13.0810418886027 2.73617886264772 -0.703166481426625 -0.389427520286254 0.594897559115685 0.438402343020097 0.4212513482172 0.793946274794259 0 0 0 0 0 0
10.6882819646471 13.4890168449518 3.06928491725501 -0.241351136333209 -0.795738900520401 0.55547207957669 0.438402343020097 0.4212513482172 0.793946274794259 0 0 0 0 0 0
10.5270497073811 13.7156030938893 3.52901084987975 0.312157540629006 -0.899735768401905 0.305013470008594 0.438402343020097 0.4212513482172 0.793946274794259 0 0 0 0 0 0
10.4369737713235 13.7370945461094 4.05826461259021 0.747072348910499 -0.661907975087676 -0.0613248563690375 0.438402343020097 0.4212513482172 0.793946274794259 0 0 0 0 0 0
10.5171930007067 13.6077040545813 4.57353937236177 0.898161881457303 -0.172610275526446 -0.40436484451515 0.438402343020097 0.4212513482172 0.793946274794259 0 0 0 0 0 0
10.8021482592289 13.4389670453157 4.99663915310274 0.708024698772614 0.382264953597189 -0.593779867610285 0.438402343020097 0.4212513482172 0.793946274794259 0 0 0 0 0 0
11.2484977701143 13.3573673442506 5.28438679433863 0.248897095482515 0.791911335720052 -0.557607991530296 0.438402343020097 0.4212513482172 0.793946274794259 0 0 0 0 0 0
11.7515833817465 13.4562838570805 5.44502767636003 -0.304790675718914 0.900697361351396 -0.309591516759488 0.438402343020097 0.4212513482172 0.793946274794259 0 0 0 0 0 0
12.1851919492583 13.7605143617708 5.53509716239479 -0.742683373386378 0.667293400548518 0.0560439513223808 0.438402343020097 0.4212513482172 0.793946274794259 0 0 0 0 0 0
12.4495058184381 14.2168544181126 5.63794186889692 -0.898418240500525 0.180373520326553 0.400387385291979 0.438402343020097 0.4212513482172 0.793946274794259 0 0 0 0 0 0
12.5090252214271 14.7143106240883 5.83205489247456 -0.712828997296564 -0.375073275951909 0.592616957469055 0.438402343020097 0.4212513482172 0.793946274794259 0 0 0 0 0 0
12.4060552320531 15.1262688650091 6.16125497015399 -0.256424100154356 -0.788023463805479 0.55970143947648 0.438402343020097 0.4212513482172 0.793946274794259 0 0 0 0 0 0
12.2446333609805 15.3585971325602 6.61803900857312 0.297400599818821 -0.901590362709629 0.314145986917748 0.438402343020097 0.4212513482172 0.793946274794259 0 0 0 0 0 0
12.1510039659943 15.3854078485631 7.14643263459476 0.738237839647958 -0.672628009033376 -0.0507587783118478 0.438402343020097 0.4212513482172 0.793946274794259 0 0 0 0 0 0
12.2256559097846 15.2588929887426 7.66325579550309 0.898606181516365 -0.188123028984743 -0.396379435019255 0.438402343020097 0.4212513482172 0.793946274794259 0 0 0 0 0 0
12.5051451609262 15.0894954785456 8.08972425172669 0.717579011132539 0.367853035024509 -0.591408917252103 0.438402343020097 0.4212513482172 0.793946274794259 0 0 0 0 0 0
12.9482065702342 15.0039500792571 8.38138102665396 0.263931577138183 0.78407558085318 -0.561752263991076 0.438402343020097 0.4212513482172 0.793946274794259 0 0 0 0 0 0
4.24820406015602 5.66779544702345 0.158799409552172 0.216612962557611 0.965404676595366 -0.145164165205505 0.41827835495897 0.0425789219681163 0.907320369647266 0 0 0 0 0 0
4.74626963931523 5.70391432400531 0.357069951238855 -0.341780726261039 0.932866018616699 0.113784561636038 0.41827835495897 0.0425789219681163 0.907320369647266 0 0 0 0 0 0
5.16642629116909 5.95268003928352 0.581277687330709 -0.770326202904107 0.545915963477452 0.329504631135628 0.41827835495897 0.0425789219681163 0.907320369647266 0 0 0 0 0 0
5.41098706083261 6.32588731561369 0.880596014457808 -0.906211875896608 -0.0484366934150536 0.420040382243145 0.41827835495897 0.0425789219681163 0.907320369647266 0 0 0 0 0 0
5.4489768048715 6.68805344615583 1.27566255993382 -0.697812506181394 -0.624387440660852 0.350995769435804 0.41827835495897 0.0425789219681163 0.907320369647266 0 0 0 0 0 0
5.32790016616964 6.90789043995296 1.75073860209682 -0.22430249856493 -0.963122959998285 0.148601995483482 0.41827835495897 0.0425789219681163 0.907320369647266 0 0 0 0 0 0
5.15569376586221 6.90818352471376 2.25968847380605 0.334423778394142 -0.93595196427519 -0.110248161045888 0.41827835495897 0.0425789219681163 0.907320369647266 0 0 0 0 0 0
5.05971927636239 6.69512632976827 2.74350727373591 0.766096870673873 -0.553197169041595 -0.327213197942968 0.41827835495897 0.0425789219681163 0.907320369647266 0 0 0 0 0 0
5.13837659263795 6.35596782273337 3.15273781489889 0.906716953327968 0.0397264796743417 -0.419864470228586 0.41827835495897 0.0425789219681163 0.907320369647266 0 0 0 0 0 0
5.42372006695451 6.02586496799024 3.46626023686221 0.70286010591373 0.617557374570676 -0.353002210514769 0.41827835495897 0.0425789219681163 0.907320369647266 0 0 0 0 0 0
5.86928052452963 5.83653433621196 3.69931579383145 0.23197495306856 0.960767897858917 -0.152028509144166 0.41827835495897 0.0425789219681163 0.907320369647266 0 0 0 0 0 0
6.36771967995584 5.86621077698122 3.8977164473577 -0.327041362861745 0.938966633567916 0.106703364631431 0.41827835495897 0.0425789219681163 0.907320369647266 0 0 0 0 0 0
6.79160974642733 6.10992469141692 4.12044013620911 -0.761809197200873 0.560436246499526 0.324896846198427 0.41827835495897 0.0425789219681163 0.907320369647266 0 0 0 0 0 0
7.04184538242653 6.48139006587634 4.41722407137435 -0.907152980752835 -0.0310132406083951 0.419656583909048 0.41827835495897 0.0425789219681163 0.907320369647266 0 0 0 0 0 0
7.0852954679195 6.84578597116324 4.80966873804617 -0.707854180127768 -0.610680279095455 0.3549817691087 0.41827835495897 0.0425789219681163 0.907320369647266 0 0 0 0 0 0
6.96739017077969 7.07097728761524 5.28303151015583 -0.239629741781387 -0.958339669524363 0.155443445245277 0.41827835495897 0.0425789219681163 0.907320369647266 0 0 0 0 0 0
6.79486126646086 7.07771504624497 5.79182762050019 0.319634041863374 -0.941909796916139 -0.103150442342639 0.41827835495897 0.0425789219681163 0.907320369647266 0 0 0 0 0 0
6.69519295204207 6.86974443703043 6.27711058426691 0.757463509008042 -0.567632644567468 -0.322555752301159 0.41827835495897 0.0425789219681163 0.907320369647266 0 0 0 0 0 0
6.7681884683353 6.53238194862616 6.68886695414735 0.907519924966033 0.0222976397641036 -0.419416739115878 0.41827835495897 0.0425789219681163 0.907320369647266 0 0 0 0 0 0
7.04805318007968 6.2001022079077 7.00501726514936 0.71279434850542 0.603756677952636 -0.356934294466546 0.41827835495897 0.0425789219681163 0.907320369647266 0 0 0 0 0 0
