t = 20
b = 13 13 13
E = -1.00024436930069 -1.00024436930069 0
3.92002375893873 4.1260469173448 8.70173953726452 0.900051569656737 0.347674476085934 -0.26273490563078 0.210850102754859 0.180199258549768 0.960765560054262 0 0 0 0 0 0
4.22526665528096 4.0997489867352 9.17413173628572 0.547639733413137 0.697637483825843 -0.461944437728538 0.301134964628481 0.350762169099485 0.886726357906896 0 0 0 0 0 0
4.68713383551348 4.17714898464228 9.43751937887057 -0.172028527436515 0.915839661120136 -0.362827646228038 0.160093198548204 0.389414063667932 0.907042917835883 0 0 0 0 0 0
4.97031711216972 4.46840800887414 9.84454060284918 -0.647230904257168 0.734285023728461 -0.204738028960286 0.294714888545697 0.488732274077365 0.821147915265371 0 0 0 0 0 0
5.30263954016994 4.84642217072239 9.97865513107084 -0.903709181044891 0.413918820703774 0.109457416205437 0.365247692576991 0.61193425337151 0.701520201147363 0 0 0 0 0 0
5.36756189278915 5.3298837164963 10.1277723633264 -0.896725811731725 -0.207015665605534 0.39118708154536 0.216627211828085 0.565459509469613 0.795819196957434 0 0 0 0 0 0
5.2431797832376 5.7939376826331 10.3683302762176 -0.376033266076465 -0.737269591272787 0.561277589601014 0.0836457049446202 0.576252880862161 0.812979712749573 0 0 0 0 0 0
4.97175773297697 6.13248480121589 10.5116978348691 0.243200162795897 -0.716294218381279 0.654046079056822 0.0468655554513956 0.682180742502793 0.729680104066549 0 0 0 0 0 0
4.75924360731918 6.30658599996288 11.0485721550578 0.582480761198483 -0.724885890850406 0.367772495001529 0.0964342623209029 0.510882355779433 0.85422459084475 0 0 0 0 0 0
4.6992730961466 6.25288890179671 11.5798021067328 0.92630560477945 -0.357386727945478 -0.119300684166537 0.272316848050432 0.416221536745277 0.867527040856524 0 0 0 0 0 0
5.02338203478537 6.2669115670639 12.0707422433075 0.852016085046772 0.19128380242015 -0.487318271515918 0.349102301087673 0.48607759051253 0.801159259683631 0 0 0 0 0 0
5.35286523598345 6.23434053247634 12.5021662121971 0.460482721351462 0.70280903847875 -0.542231609895004 0.376332463993768 0.398667163259547 0.836324320753 0 0 0 0 0 0
5.83602354945142 6.25972775116078 12.7358297210568 -0.0537188082791739 0.935141319011189 -0.350178530345705 0.411087586332214 0.340299415901535 0.845696933836601 0 0 0 0 0 0
6.31298466710772 6.44367068340647 12.9012328408559 -0.623739497360804 0.781353521347655 -0.0208737660643823 0.415972431806403 0.354435491184463 0.837461890814081 0 0 0 0 0 0
6.57273313964435 6.90821347509356 13.0486999670528 -0.883434189042121 0.338918311002619 0.323540433483394 0.452194809563735 0.435825178711546 0.778187810110558 0 0 0 0 0 0
6.77082426763085 7.34121630237379 13.2154857040044 -0.859516457214198 -0.141476048749196 0.491137442482519 0.411029959429501 0.379812393930618 0.828732114659542 0 0 0 0 0 0
6.72590391265125 7.7688757046543 13.5533746857602 -0.478797819909522 -0.767824472226786 0.425673851087362 0.317909057703567 0.300321734296462 0.899300109495821 0 0 0 0 0 0
6.6539657778277 8.01736771379621 14.0736747461384 0.016589457096453 -0.989750388095796 0.141841316891328 0.279318487152255 0.140800490509005 0.949819143104307 0 0 0 0 0 0
6.46124533566551 7.93612952484285 14.5685932141174 0.866002729718218 -0.479299672266535 -0.14251700349708 0.350304609880934 0.378135082970747 0.856913379124677 0 0 0 0 0 0
6.55491868639758 7.88555949341002 15.0684053192217 0.811859125056629 0.0217431902972664 -0.583448365100101 0.57865651469875 0.103069090270924 0.809032385400869 0 0 0 0 0 0
11.6943052569273 13.719403208911 -4.30606690171316 0.0272823211175433 0.729876719214194 0.683034149734524 0.859048401301627 -0.36652320730388 0.357346586283955 0 0 0 0 0 0
12.132547993805 13.8259776860613 -4.07507699403431 -0.587988761195845 0.175454825491442 0.789610550156939 0.709983157339571 -0.355764745385873 0.607746133047887 0 0 0 0 0 0
12.3677668541133 13.8500616085591 -3.57978177074874 -0.898606261583163 -0.276139226203082 0.34096028272439 0.432482793212836 -0.426529347168545 0.794374816808035 0 0 0 0 0 0
12.5216671775614 13.7735561175963 -3.04003613016032 -0.705378697873098 -0.708294967897594 0.0275523327106729 0.486353334927351 -0.455342047815862 0.745737254732457 0 0 0 0 0 0
12.6009562650138 13.7241648616819 -2.52456340890866 -0.286732140822995 -0.902710286363769 -0.320778456745625 0.593195524990025 -0.430221860717124 0.680461769457259 0 0 0 0 0 0
12.6820226484365 13.4279731261978 -2.00891878329995 0.182734630994074 -0.749244239856346 -0.63658551953178 0.594373799935154 -0.431577325898608 0.678572617868458 0 0 0 0 0 0
12.7347790457664 13.014281957728 -1.63889503209392 0.559863879612729 -0.331749844788303 -0.75927233374325 0.460846506829714 -0.636865200801333 0.618080264327481 0 0 0 0 0 0
12.7874009290816 12.4580099481185 -1.46565532240382 0.83863512524124 0.12471619853788 -0.530223534496414 0.453699221748852 -0.69859804659674 0.553279120766095 0 0 0 0 0 0
13.0746862739342 12.0047737185346 -1.4386524902593 0.759376760350114 0.646563471110527 -0.0728190474098239 0.501804145569707 -0.510736517324499 0.698097994095598 0 0 0 0 0 0
13.4993195224719 11.6522469008476 -1.2693200116267 0.260966073896613 0.95421901296587 0.146160129889884 0.787921597142632 -0.298023310494199 0.538852171897157 0 0 0 0 0 0
14.034173856017 11.6077784430751 -1.24405144875162 -0.137601748617997 0.82978975767917 0.540846296860775 0.796714102872222 -0.231696692090221 0.558178538783928 0 0 0 0 0 0
14.5193078583076 11.5878601539613 -1.14824181836793 -0.488334083243547 0.377506640675173 0.786777325161847 0.67990759879511 -0.400588504222037 0.614210474825869 0 0 0 0 0 0
14.8939815551931 11.7284413651223 -0.835891705738316 -0.713384612325674 -0.16305550404111 0.681538918550399 0.692036883968299 -0.317006364654218 0.648530582159518 0 0 0 0 0 0
15.1617189805756 11.7741244373416 -0.345749990511467 -0.696101056613046 -0.709770502766228 0.108023851001419 0.53850643479655 -0.416668612569072 0.732392030938673 0 0 0 0 0 0
15.2388922950257 11.6145542051077 0.123155912171049 -0.3976727868811 -0.800872722439441 -0.447726743702738 0.528955451578252 -0.598830153375758 0.601338987305508 0 0 0 0 0 0
15.309729978186 11.3277173477939 0.550744093407266 0.0122845934002922 -0.531897855361991 -0.846719410564269 0.564283103393522 -0.695376199515223 0.445012944050328 0 0 0 0 0 0
15.4880925400431 10.808729172136 0.682777801956775 0.327602966465712 -0.0441527914288001 -0.94378325232646 0.673572566560831 -0.689570619028704 0.266068335111538 0 0 0 0 0 0
15.5548630503553 10.2806048009092 0.609898109399154 0.660938545845609 0.390338805461764 -0.640933581243934 0.6386023779788 -0.74112352026684 0.207178499239444 0 0 0 0 0 0
15.7706843252794 9.84094923615876 0.3889699224413 0.754802129812479 0.655767090325711 -0.0155970534491987 0.653634711619454 -0.749925223721395 0.101851964107564 0 0 0 0 0 0
16.1533031454413 9.55468513585657 0.143326267008457 0.460732537567824 0.591864981709067 0.661378388105357 0.777983942714609 -0.627965711368427 0.0200012555550351 0 0 0 0 0 0
7.8664910195634 8.40593856356392 18.1799074585728 -0.0198953454710878 0.795467995841938 0.605668921787966 0.739251758387213 0.419562631125219 -0.526758043398198 0 0 0 0 0 0
8.1469853787207 8.78068427069559 17.9293665776738 0.305803650099884 0.375222273609345 0.875038497994815 0.830502782941216 0.34428664716685 -0.437871935740924 0 0 0 0 0 0
8.6141901161358 8.99634585979964 17.7065411008705 0.212969225193843 -0.144725366456273 0.96628084811013 0.967342662212709 0.170356693662083 -0.187687961222218 0 0 0 0 0 0
8.96891367720722 9.36800098480785 17.8637949256072 0.243214770388192 -0.764144596690101 0.597435863347976 0.969261241555506 0.215046654913563 -0.119530673171227 0 0 0 0 0 0
9.36476548050212 9.67293165803041 18.0985068250685 0.21323136730388 -0.976979540735399 -0.0065849056308394 0.967946910580207 0.212165835887909 -0.134404004331042 0 0 0 0 0 0
9.8460294207117 9.63125553457361 18.3347764346862 0.0299327041934453 -0.822261402195981 -0.568322285044645 0.958846855015758 0.184225671111421 -0.216040761732448 0 0 0 0 0 0
10.3250969705436 9.41990935758912 18.4552429374594 0.0497577481164435 -0.292408702697177 -0.954998071772574 0.978927994510653 0.203885998411917 -0.0114228374288789 0 0 0 0 0 0
10.8757930433209 9.25965623437662 18.4267219670378 -0.258197942788604 0.20626972580366 -0.943814930246717 0.96343058508335 -0.0174901378015288 -0.26738661672873 0 0 0 0 0 0
11.1979534640285 9.05408065715117 18.16232862842 0.089651839598706 0.851810621166714 -0.516121316479124 0.972102290138682 -0.187612116043669 -0.140779371431851 0 0 0 0 0 0
11.7068727017895 9.01142880072819 17.9047265368206 -0.162603837099289 0.986691345240054 0.000425897828952227 0.963808841374033 0.158925258554541 -0.214045040780244 0 0 0 0 0 0
12.0511754369502 9.2228697500626 17.5505606807252 0.132847317147506 0.647559586679784 0.750345368497612 0.918366710499711 0.204304653217963 -0.33891325397427 0 0 0 0 0 0
12.4297406801874 9.57041442809499 17.4367013684184 0.185276561959066 0.0307262603501597 0.982205931825665 0.971654260887194 0.143621113433332 -0.187779053879635 0 0 0 0 0 0
12.7570586688724 9.87232351995148 17.4492310375579 0.338950005842977 -0.653939218619709 0.67637001108128 0.939656497506911 0.199808458062506 -0.27770892455902 0 0 0 0 0 0
13.1782795246568 10.1323889410704 17.6580947958046 0.213469721422846 -0.974563582329508 0.0682385670477469 0.965225580961547 0.199604101774462 -0.168812856181791 0 0 0 0 0 0
13.6107906885269 10.1081008222715 17.9759458340777 0.0800234300508286 -0.802193415172744 -0.591677256024253 0.996734305202909 0.0579564712298926 0.0562296387526412 0 0 0 0 0 0
14.087645260315 9.84127295178713 18.0347462271065 -0.11613248825412 -0.379293461313883 -0.917959539073723 0.983598561006214 -0.172338910131666 -0.053227538371926 0 0 0 0 0 0
14.5235942117207 9.59454777656386 18.1300798050711 -0.135832778567571 0.38987116378987 -0.910796317467164 0.981471680760215 -0.0724455204978721 -0.177383726495729 0 0 0 0 0 0
14.9053942466558 9.3439084554991 17.8470713843869 -0.210707266406424 0.856436486394554 -0.471295016582696 0.977247543533002 0.172568485521151 -0.123318110850147 0 0 0 0 0 0
15.456810028217 9.60043879133952 17.6359258849655 -0.519574229576706 0.848005449716101 -0.104543661747452 0.849463236504719 0.499508107267879 -0.170011354328438 0 0 0 0 0 0
15.6791719598862 9.86918923419877 17.2904102616276 -0.277181712244382 0.778859470491506 0.562626184622582 0.755512979054256 0.538452947668624 -0.373187033037771 0 0 0 0 0 0
8.47647526263765 13.5574952685839 6.19986460342467 0.947712217017749 -0.312727972943359 0.0635827701035441 0.155548668267953 0.626642922812946 0.763625077566547 0 0 0 0 0 0
8.56333617916866 13.4785540849449 6.72418184787065 0.852375509919204 0.442200169025434 -0.279132586065933 0.000885983502463653 0.532563587349624 0.846389532344613 0 0 0 0 0 0
8.78125692284832 13.5105329067373 7.26398130490245 0.146317085908996 0.813762681536637 -0.562478096026328 -0.0615079983116576 0.574981140750573 0.815851367544887 0 0 0 0 0 0
8.89547852485081 13.9158044690404 7.50884866544544 -0.225131962243759 0.598591728878838 -0.768767547243066 0.0677905184896756 0.796734362288268 0.600515446555714 0 0 0 0 0 0
9.20306834635238 14.3211959425473 7.68127649682691 -0.639536019296218 0.4240377456002 -0.641237608323972 0.129201411690612 0.881539900180475 0.454086334970511 0 0 0 0 0 0
9.20159189681235 14.828424117982 7.66698263402487 -0.891625443615822 0.155510704838501 -0.425229924837754 -0.0535926016548158 0.896316178906154 0.440164901461871 0 0 0 0 0 0
9.15023983467772 15.3700970352246 7.75523116071165 -0.927489482048559 -0.360932286206675 -0.0974225100421832 -0.361948273622061 0.801709942819262 0.475662290713428 0 0 0 0 0 0
8.74267702456329 15.7499457281783 7.7622455341331 -0.609375919126262 -0.583603868893994 0.53671921281149 -0.34073156242758 0.803981607091672 0.487355699488529 0 0 0 0 0 0
8.3686746186339 16.0962002428075 7.95222242430836 -0.0657234372927579 -0.741571458015346 0.667646764724745 -0.364377254966785 0.640723539106066 0.675797723063838 0 0 0 0 0 0
8.03774902793108 16.2692127849944 8.38257897015363 0.329379148927448 -0.744103006634467 0.581222927773308 -0.393967743758351 0.451118729635458 0.80080041748868 0 0 0 0 0 0
7.70823344506715 16.306453288471 8.68506125890657 0.890508969443711 -0.109654930403785 0.441553588569317 -0.256535104678279 0.680507274731673 0.686366949309898 0 0 0 0 0 0
7.56412238716848 16.5055227794936 9.13036964004905 0.941225736967667 0.27062039871348 -0.202135380054633 -0.123874957297224 0.83328196966247 0.538791382624151 0 0 0 0 0 0
7.72982622472781 16.9305268868969 9.4153704175942 0.589795017915584 0.431651180691018 -0.682509410228172 -0.00218725827206334 0.846008197919365 0.533165401122841 0 0 0 0 0 0
7.92516617325921 17.3347449359975 9.63495029029724 0.122563431402572 0.401490115079364 -0.90762541435131 -0.120546615966295 0.913771525205385 0.387930551907039 0 0 0 0 0 0
7.98759997296861 17.8809368735812 9.78339377080405 -0.165738972892783 0.183380211735952 -0.968969705825793 0.100169074481415 0.980607491310365 0.168449115472687 0 0 0 0 0 0
8.27747903755555 18.3505454253688 9.73491776609198 -0.880626276050085 0.142207742624045 -0.451967166803003 0.184555438000024 0.981509943368646 -0.0507692955741747 0 0 0 0 0 0
8.33534613882376 18.7818575677169 9.41211761360042 -0.796034252999528 0.146903348115331 0.587153194970434 0.168620129370441 0.985517376169929 -0.0179653343479581 0 0 0 0 0 0
8.10411510922072 19.2752096838058 9.27562967233523 -0.230376616281296 0.00417865807551222 0.973092571900263 0.0339428700551974 0.999416761303355 0.00374416857653611 0 0 0 0 0 0
7.85765145743826 19.7297448771045 9.41794053652953 0.528520969264479 0.0182855054565148 0.848723291384144 0.222023950000738 0.961992166251976 -0.158985652484432 0 0 0 0 0 0
7.74348232183975 20.2197228157488 9.52297131578442 0.919219642919214 -0.235061471559848 0.315881865037534 0.286469880104781 0.949639737769596 -0.126962105534079 0 0 0 0 0 0
15.4010223673368 3.75211681124442 0.108504346863279 -0.179098646895982 -0.708792269703055 0.682302860238193 0.816377224674196 -0.49409874690835 -0.298989390007161 0 0 0 0 0 0
15.8598253415168 3.51677765541012 0.299813264490791 -0.596363478329413 -0.801852354245405 -0.0371941353703037 0.787402365127885 -0.575352153079015 -0.221285822723359 0 0 0 0 0 0
16.2581091717344 3.23051657764696 0.392172622485917 -0.760488163443753 -0.557340288805479 -0.333210977814616 0.614826391633776 -0.783118503568621 -0.0933483664508057 0 0 0 0 0 0
16.3645236815081 2.71499366295622 0.521284308327062 -0.500957835979598 -0.328029551924874 -0.800898158091654 0.618399369524959 -0.783081419354439 -0.0660735229344657 0 0 0 0 0 0
16.4469043314988 2.20332606892536 0.533418982232553 -0.121999364654968 0.135341257961739 -0.983259324347915 0.52816518666614 -0.829895379080914 -0.179764277246806 0 0 0 0 0 0
16.5213762849407 1.67366651686123 0.360570944485589 0.322397242074365 0.64535178669404 -0.692517934579065 0.530677286857017 -0.729026947761429 -0.432320860764004 0 0 0 0 0 0
16.6092610791239 1.34685581271479 -0.0567492308295329 0.74841663573896 0.654535125534756 -0.107034147777134 0.639259619911355 -0.754907001550554 -0.146501049009012 0 0 0 0 0 0
16.9194057010287 1.23075881877044 -0.440786600374009 0.634450997956378 0.450044150606386 0.628436308385451 0.63586569638213 -0.766140504430786 -0.0932927844745221 0 0 0 0 0 0
17.2937906615045 1.06233293055752 -0.674823789755171 0.177541125724079 0.108629828741606 0.978099539404961 0.622157692527241 -0.782459092529653 -0.0260302544522831 0 0 0 0 0 0
17.7926606218956 0.885035634975289 -0.585285584645161 -0.389171930044583 -0.0194980607178242 0.920958758302248 0.564698602823789 -0.794935176388756 0.221796197687512 0 0 0 0 0 0
18.1717675153592 0.729203094388944 -0.328227519305961 -0.853547979716732 -0.42984052868784 0.294436693057851 0.511551052689704 -0.798611831689871 0.317072015127486 0 0 0 0 0 0
18.3635409668659 0.410913945461313 0.0299271723977122 -0.835162381967055 -0.459836355569182 -0.301752086726782 0.365696513116734 -0.874058381344199 0.319824961965479 0 0 0 0 0 0
18.3019233757733 0.131317878950928 0.48458574119217 -0.359801001616614 -0.397726560295809 -0.844012335496909 0.0485382739689885 -0.911347803181022 0.408765479948143 0 0 0 0 0 0
18.1814412695794 -0.412623201366681 0.606923300393904 -0.0126899954816878 0.0103324096347077 -0.999866093697459 0.0502975087029327 -0.998674157533377 -0.0109584530513413 0 0 0 0 0 0
17.9770458381323 -0.823710740073553 0.430684520339223 0.519965832615228 0.161106875623207 -0.838856428442723 0.167059619312837 -0.982267511640363 -0.0850977036758229 0 0 0 0 0 0
17.9015242049929 -1.27135231990288 0.124289821858883 0.932626248089504 0.1765079034905 -0.314727249185518 0.207570976405698 -0.97586769768741 0.0677976870125992 0 0 0 0 0 0
18.019909295346 -1.74090561455971 -0.108497153673174 0.935651512220839 0.211603685409326 0.282453762587876 0.190625522109796 -0.976543195387084 0.100126409421048 0 0 0 0 0 0
18.175805839672 -2.25116833753842 -0.096662727178107 0.707811008423434 0.360880569176481 0.607263362261763 0.24323045264021 -0.931597497732145 0.270120434487367 0 0 0 0 0 0
18.5820167899176 -2.59400483051827 -0.0672456114342336 0.182349344108158 0.490744182733801 0.852008722852213 0.379406165767437 -0.834544219879947 0.3994832993288 0 0 0 0 0 0
19.0466573047899 -2.74105834734044 0.158961278928983 -0.610513723630775 0.152421655118262 0.7772005097203 0.436737986097883 -0.753835197512089 0.490909794657914 0 0 0 0 0 0
7.65551952214445 10.3053644602495 15.7214198222307 0.457797469435686 0.880939417801973 -0.119863335265636 0.884726632927781 -0.438118855387672 0.159093222803697 0 0 0 0 0 0
8.1578922977196 10.2510801984111 15.6734878043708 0.157997400371534 0.871907974884854 0.463479562449123 0.949432177876508 -0.263113125060279 0.171318484214883 0 0 0 0 0 0
8.66079203355 10.3522531004227 15.5136722803482 -0.0975002908228794 0.392558116850143 0.91454459606108 0.988307658488325 -0.07004622230998 0.135430790123317 0 0 0 0 0 0
9.16283395146309 10.5121695137925 15.6188661751874 -0.371691772275181 -0.356500971198169 0.85717692686965 0.86712927669868 -0.463084975682047 0.183409712909602 0 0 0 0 0 0
9.56875117237123 10.2956263612981 15.9394937359445 -0.618818916233613 -0.66381731549802 0.420011571931606 0.779047646164266 -0.450049011070515 0.436509624911489 0 0 0 0 0 0
9.84902030413011 10.198166881205 16.3700300310045 -0.41984624238155 -0.865220768693882 -0.274084210013749 0.784173525594624 -0.497858711029918 0.370416772849347 0 0 0 0 0 0
10.0992085396448 9.81185683400404 16.5743883607639 -0.34960569997978 -0.57137213286424 -0.742502350385382 0.790345292803754 -0.60544328162613 0.0937696692791998 0 0 0 0 0 0
10.2058896573311 9.32869757362696 16.7838194242656 -0.0189608420593053 -0.183989632682189 -0.982745288227766 0.690072885475819 -0.713671789613135 0.120299582050243 0 0 0 0 0 0
10.3258835882846 8.75612107681919 16.7253894933354 0.412925256807158 0.489999263973059 -0.767719645180846 0.746668849003332 -0.664808062733041 -0.0227127641026198 0 0 0 0 0 0
10.6655929581608 8.33621783966545 16.5719723659716 0.429401438817341 0.82843311456502 -0.359601138810347 0.897744998344958 -0.434903903741157 0.0700893177118582 0 0 0 0 0 0
11.0286487269831 8.13543242102081 16.2305623097299 0.404215555885311 0.871219713540447 0.278542627112674 0.910110311695264 -0.413448620090221 -0.0275582853501778 0 0 0 0 0 0
11.512067912065 8.12071885389858 16.1069315051131 0.0740622570687123 0.51250110131612 0.855486647018908 0.855977856898243 -0.472819491190161 0.209149796200159 0 0 0 0 0 0
11.9727160780022 8.209120848502 16.3633403275191 -0.410668876423327 -0.257469181573261 0.874677480261838 0.888184230562346 -0.329810615463917 0.319927695749659 0 0 0 0 0 0
12.3718477184905 8.31578385500443 16.6039008096933 -0.347753123446665 -0.885542399703331 0.308029906763539 0.915927915662891 -0.250655866916923 0.313444875041143 0 0 0 0 0 0
12.6716163123376 8.24391659723744 17.0439678381359 -0.195774905373631 -0.925728983733397 -0.323570757488803 0.873018023924432 -0.314815676154252 0.372465595660352 0 0 0 0 0 0
12.8774428967645 8.02863350255425 17.4785910642842 0.0928593871739792 -0.643379043748731 -0.759895085047036 0.860856681272523 -0.331606212017439 0.385957373889788 0 0 0 0 0 0
13.131922151823 7.59921235306115 17.6773947041685 0.207645360346921 -0.112017319479808 -0.971769275323601 0.935775970329553 -0.26665429898271 0.230692041882296 0 0 0 0 0 0
13.5608594045645 7.23966317245788 17.7392741089607 0.0486194629554958 0.613137193716411 -0.788478870676624 0.981788936860951 -0.174482633890905 -0.0751418254232332 0 0 0 0 0 0
14.0684461847838 6.94574723598917 17.5324157477586 0.115750385840933 0.9076283387812 -0.403500491720833 0.9827174175101 -0.163725439186849 -0.086373942166335 0 0 0 0 0 0
14.396563962453 6.91028969599525 17.2389277537943 0.296831994165399 0.837781356923681 0.458271933715026 0.944936617369928 -0.188446605357755 -0.267549371299237 0 0 0 0 0 0
9.79254975085209 5.99465262855572 14.4785048876477 0.320080209576905 0.468405613272833 0.823495501439871 0.448632460754646 0.690646806580759 -0.567217686357744 0 0 0 0 0 0
9.77622858596567 6.4937949694077 14.2580659634624 0.752765917851558 0.0530884150446072 0.656144110016354 0.430753238483504 0.714001468983383 -0.551954300486503 0 0 0 0 0 0
9.81796470738307 7.02822568976 14.294494021757 0.839373966399813 -0.524730894041 0.141805618256751 0.499609653184382 0.642032322217395 -0.581536492125061 0 0 0 0 0 0
10.1169199128144 7.41738932317622 14.185545591073 0.433315170120836 -0.871941812376167 -0.227937358002843 0.553435510742784 0.457050614295213 -0.696285768504027 0 0 0 0 0 0
10.5868318423458 7.47328736715382 13.9421292488683 -0.0992661643164399 -0.918465407891192 -0.382841381160877 0.604451429852053 0.249964270819117 -0.756410161396366 0 0 0 0 0 0
11.0474845631367 7.4877655647484 13.6467851983914 -0.621984611297457 -0.557904682406777 -0.549433807348751 0.661130464809568 0.00181044003323162 -0.75026877237932 0 0 0 0 0 0
11.4558396579188 7.36791820114736 13.2712047127485 -0.808331609766247 -0.158384331818054 -0.567022408805203 0.571433052070158 0.0206547459234044 -0.820388717909153 0 0 0 0 0 0
11.6777997587393 7.05869648893026 12.8618785564601 -0.699981465859567 0.584528088741365 -0.41030825110575 0.565552606972063 0.102874595977156 -0.818270778073884 0 0 0 0 0 0
11.7188889841662 6.92254058752719 12.343748892973 -0.588176732185162 0.808489580304471 0.0198174230182574 0.198427720129739 0.168024900883845 -0.965605547087986 0 0 0 0 0 0
11.6736202119748 6.9838656149906 11.8356304856785 -0.0750940812647839 0.92273459934413 0.378049914868693 0.117035767017002 0.384655745091042 -0.915610499616075 0 0 0 0 0 0
11.4818576721136 7.15821220582364 11.4045673429738 0.572921279497828 0.71257329549362 0.404969759424002 0.276676703755037 0.296952356273419 -0.913930686487172 0 0 0 0 0 0
11.5201791618236 7.42548803168538 11.0181470171639 0.840254103994583 0.266963881937681 0.47191453300468 0.394690554843843 0.295587105496453 -0.86996990119273 0 0 0 0 0 0
11.6847836711711 7.878751282087 10.7812021217638 0.864121603786381 -0.421501965690675 0.275008994013926 0.403567759945138 0.253827398231246 -0.879036242165259 0 0 0 0 0 0
12.0202128750754 8.23425347402146 10.6609765207879 0.431141651405965 -0.875463308494234 -0.218359501518177 0.631076908975277 0.465550969978864 -0.620487090365263 0 0 0 0 0 0
12.5356138258715 8.38601032681058 10.6568753418876 -0.0651166118082456 -0.678670882518606 -0.731550176056319 0.606111105000623 0.555476747224334 -0.569275778237575 0 0 0 0 0 0
13.0463672285949 8.37796127105995 10.4902881982468 -0.451947646195992 -0.293302320891742 -0.842447074692185 0.627748450218027 0.566404024597858 -0.533964759294294 0 0 0 0 0 0
13.3713840928356 8.44509838830412 10.1855853265421 -0.773527993572513 0.153776306845797 -0.614822975020086 0.559742207615391 0.620739224055237 -0.548973111120344 0 0 0 0 0 0
13.5993170002265 8.58228302752094 9.74714084666909 -0.751826477936113 0.643464410265641 0.143911430385742 0.61232322266921 0.762317941535288 -0.20959872851092 0 0 0 0 0 0
13.6632537804178 8.93525510391365 9.3471309673609 -0.372738131160637 0.550096354592606 0.747302004709476 0.467168341755883 0.807076502753257 -0.361083451801147 0 0 0 0 0 0
13.5249149740831 9.38916714994606 9.09511642165583 0.312619282737973 0.411457116332937 0.856137971053369 0.481392327688367 0.708364378504945 -0.516218300826384 0 0 0 0 0 0
14.2475937972802 21.631589491316 11.8148500670469 0.610273399764902 0.277247721034589 0.742091691585693 0.484669658896937 -0.871651983328201 -0.0729255901912445 0 0 0 0 0 0
14.7573503065337 21.4741460732063 11.7512499610252 -0.09324193365182 -0.202597214725203 0.974812961749309 0.721175077329712 -0.688771153735216 -0.0741674161660248 0 0 0 0 0 0
15.2389141836677 21.2993336703462 11.913181916378 -0.661525056847547 -0.446324663269811 0.602643256097618 0.608869016265624 -0.78879270752189 0.0841699803494032 0 0 0 0 0 0
15.6008070541987 20.9534976054453 12.221978110031 -0.919647547619784 -0.39104723413691 0.0364753181040306 0.388474145541879 -0.892057568787054 0.230913689969303 0 0 0 0 0 0
15.6457104318662 20.6300407012215 12.6486447479374 -0.698020209027923 -0.451221125446251 -0.556028132147676 0.303027324225459 -0.889668443816802 0.341561855085355 0 0 0 0 0 0
15.7204664430929 20.1206420614196 12.8503191520326 -0.409270244993838 -0.216431790602579 -0.886371900829018 0.495766306559464 -0.868291587502676 -0.0168964005773583 0 0 0 0 0 0
15.6757250293211 19.5199010659466 12.7718952303235 0.0575683841303365 0.131505867031433 -0.989642404146535 0.449220526371075 -0.888675818473436 -0.0919576443122788 0 0 0 0 0 0
15.6265161197994 19.0860899715372 12.541288062914 0.569364319574055 0.341673947991731 -0.747718653545381 0.382175490702757 -0.9152890526472 -0.127231459986508 0 0 0 0 0 0
15.85872226236 18.5994644140868 12.379796163466 0.67799148061315 0.711576400220612 -0.184354492391874 0.729233183565742 -0.68265321570764 0.0469419968747782 0 0 0 0 0 0
16.2972521020271 18.4038155961333 12.0752711514033 0.512133455437607 0.564082662270075 0.647711412550251 0.652251097501646 -0.746062470116778 0.134012299775614 0 0 0 0 0 0
16.7918820786119 18.205049313917 12.0689234920708 -0.11658873095582 0.313699193880947 0.942337457375305 0.601482336077831 -0.732721626369884 0.318336327861317 0 0 0 0 0 0
17.1834946460949 18.0429814403897 12.3509939608302 -0.583537176747333 0.281832840066498 0.761613165336448 0.473993198384682 -0.643318594843953 0.601225110431244 0 0 0 0 0 0
17.5454808204263 18.0276956522481 12.74775264869 -0.939087829519004 -0.117762017739123 0.32287173246863 0.312265270856166 -0.684752425976719 0.658486534210173 0 0 0 0 0 0
17.649111820336 17.9338514984807 13.2197718848601 -0.875814592341519 -0.433556870877013 -0.212078380692121 0.184470581948854 -0.706739396738064 0.683000753655345 0 0 0 0 0 0
17.5302892891162 17.6542461980003 13.6796468532578 -0.364496762913054 -0.72566749987449 -0.583565582819799 0.0313336808036757 -0.635880929571463 0.771150856742458 0 0 0 0 0 0
17.2281845527568 17.3790252972852 14.0300895645922 0.521561060738659 -0.674262756520675 -0.522822909875137 0.00736191006815978 -0.609189621683843 0.792990420568146 0 0 0 0 0 0
17.1022333687765 17.0134605277576 14.3947752665424 0.902815408991014 -0.202017811993313 -0.37962236620861 0.222675111248134 -0.535598575082976 0.814585760494079 0 0 0 0 0 0
17.1779183413938 16.5366102025899 14.6557411789412 0.948403107785412 0.241315711061437 -0.205665438851271 0.31516774120814 -0.646600791164234 0.694677415616447 0 0 0 0 0 0
17.5479573828661 16.1553924136529 14.7108717448348 0.680669599164101 0.674819627550229 0.28514446697552 0.498669681818189 -0.711925967414928 0.494459265618175 0 0 0 0 0 0
17.9863240758939 15.8511634275503 14.7738357708913 0.147614591857625 0.677694544127871 0.720374928165899 0.456197873487663 -0.692900065616877 0.558366366549296 0 0 0 0 0 0
12.2719327642612 8.36346384096137 9.60757007582414 0.399771748205762 0.255367433401296 0.880323817293695 0.487398817843668 0.754155128542842 -0.44010502662106 0 0 0 0 0 0
12.2603972522089 8.89461979301616 9.68772859799625 0.793911721763289 -0.144883433519901 0.59051923655232 0.419422419261567 0.833637288032753 -0.359351786168052 0 0 0 0 0 0
12.4119414141397 9.36074522630513 9.72001530211518 0.817618146712313 -0.57306716069382 0.0556290886231881 0.562423625216223 0.774266243135019 -0.290157630504913 0 0 0 0 0 0
12.7829760711337 9.68769902232007 9.93006196526198 0.495368784945192 -0.680096363608174 -0.540443061856532 0.656385000475292 0.700561819382058 -0.279949760448462 0 0 0 0 0 0
13.1842535355001 10.074528835284 9.94136738498128 -0.0216525876995927 -0.663510029297754 -0.747854000769672 0.603288020101665 0.587819529517965 -0.538991433623107 0 0 0 0 0 0
13.683486391952 10.0677037287451 9.74286026904344 -0.508967502384376 -0.350213618585628 -0.786322136833098 0.631950616284934 0.468219618008147 -0.617583037242278 0 0 0 0 0 0
13.9673638425046 10.0875530772839 9.33076527730711 -0.850513179227839 0.0771496994869909 -0.520264601744941 0.474374364708594 0.539730110844274 -0.695456950181206 0 0 0 0 0 0
14.0399444198375 10.124609565456 8.832598698179 -0.813832890539426 0.569490472578554 -0.1155708783323 0.515204802362362 0.615144169688364 -0.596792813396051 0 0 0 0 0 0
13.9910410336188 10.3363973493953 8.29687619238422 -0.466546935362679 0.794191385348096 0.389350742316698 0.348570167256376 0.569660035464032 -0.744302547687418 0 0 0 0 0 0
13.7438507385137 10.5656162489119 7.87849746894265 0.136717416617993 0.736944135099288 0.661983149133015 0.116562396699642 0.651647975567703 -0.74951192359705 0 0 0 0 0 0
13.5932309289909 11.0187028501666 7.66386474648219 0.620262708239679 0.432472361788413 0.654401886501201 -0.00113143519151828 0.834769277955248 -0.550598739951774 0 0 0 0 0 0
13.4793817929524 11.4985941372309 7.60458178428433 0.995269432787519 0.0328588610272641 0.0914278481142432 0.00958614295517812 0.903261904449562 -0.428982561222939 0 0 0 0 0 0
13.461866041492 12.0528702749215 7.6102347320184 0.812891326068261 -0.302618369036275 -0.497624170157368 -0.0733974621163392 0.794374232571543 -0.602977935899194 0 0 0 0 0 0
13.6893955069599 12.4645702075958 7.42872821531037 0.338561414448876 -0.616069134170493 -0.711220774843364 0.0374720362639549 0.76408659726128 -0.644024470330058 0 0 0 0 0 0
14.0153699188407 12.6821564964275 7.16910324068094 -0.47902730593563 -0.51194904310489 -0.713050501319535 0.287578144669316 0.675958035124747 -0.678512745244219 0 0 0 0 0 0
14.2454209435742 12.7694177919691 6.71406416840984 -0.862519589273025 -0.210399809582097 -0.460208516053439 0.224161400265482 0.656490320958887 -0.720258373861989 0 0 0 0 0 0
14.2665834345943 13.0106120214518 6.24662067300347 -0.970051345488131 0.208730642150992 0.124225223460861 0.0801498383384166 0.757841967152559 -0.647496375462184 0 0 0 0 0 0
14.2158378817434 13.152089038999 5.81747193670795 -0.329534006798135 0.736685826158832 0.590509383414224 0.294238440573651 0.674428177640624 -0.677178243369597 0 0 0 0 0 0
14.0053669595568 13.5617571419245 5.54077871583392 0.416382819546932 0.529568888655825 0.73904136538761 0.228501406636622 0.72581405717441 -0.648830533786064 0 0 0 0 0 0
13.936955609549 14.0344807108271 5.29830432011245 0.828694294792113 0.11641609652413 0.54746055405763 0.282226684687538 0.757759590862225 -0.588343862810342 0 0 0 0 0 0
15.6816278415244 5.26309313136007 8.60387510045913 0.460006387398744 0.883740984488424 -0.085999976091782 0.0270196393530529 -0.110743540641224 -0.993481659264767 0 0 0 0 0 0
15.4579085560621 5.4471009911025 8.15135339823527 0.96257869163661 0.270382201983259 -0.0183228616170358 0.0299396784493545 -0.17329758984104 -0.98441432385436 0 0 0 0 0 0
15.4663434898135 5.6550228884475 7.65599248070601 0.870786618351066 -0.490326653249802 0.0361999780879079 -0.121957599616631 -0.286741006904891 -0.950213628009469 0 0 0 0 0 0
15.467239033405 5.64933123903926 7.16157406220584 0.459347729051382 -0.858373163252036 0.228462636822812 -0.11738432633013 -0.313608858338812 -0.942268753542984 0 0 0 0 0 0
15.7881459860479 5.56539253681297 6.73889436771798 -0.172533140653804 -0.967738287873242 0.183616234468252 -0.0540966866221561 -0.176820895546323 -0.982755269329399 0 0 0 0 0 0
15.9974765432318 5.16851141882046 6.25160829807588 -0.642634479436119 -0.738808692527193 0.202935067659902 0.0694200323847183 -0.319926129816951 -0.944895830535859 0 0 0 0 0 0
16.1000217267507 4.84141665959816 6.00803007788851 -0.993487967427833 -0.0757657972682653 -0.0850952556868883 0.10140866771651 -0.247524762879045 -0.963559948251085 0 0 0 0 0 0
16.0217081181218 4.3742867950525 5.74358308073699 -0.763172529874596 0.580737954442777 -0.283392162761126 -0.00428610376326665 -0.443094920362613 -0.89646445599554 0 0 0 0 0 0
15.7382863791463 3.99733168778255 5.4861688870771 -0.0951395792752481 0.815042039418441 -0.571537342993401 0.243858894093687 -0.537565736430686 -0.807190137939716 0 0 0 0 0 0
15.5817638913155 3.78871140948833 5.13000307006149 0.579123760998921 0.742212577840702 -0.337247918809774 0.231945680853628 -0.546591450408902 -0.80463593473896 0 0 0 0 0 0
15.4638052475918 3.7499108805522 4.60725515811587 0.977348448411089 0.209358603433747 0.0309674919344031 0.158654691439841 -0.627948513536006 -0.761911643979832 0 0 0 0 0 0
15.5575065955442 3.87366158928763 4.05039451462858 0.910278822801255 0.0448807956936339 0.411555802944714 0.396423648884929 -0.381045740954578 -0.835255909230899 0 0 0 0 0 0
15.914938993341 4.07666317301448 3.78910673221475 0.587207566437882 -0.738661372837221 0.331008534929738 0.436604942563119 -0.0553054284160161 -0.897951799217072 0 0 0 0 0 0
16.2825466046008 3.97698132253077 3.38559629844464 0.108008804172824 -0.815318737564443 0.568849236966596 0.632704280435 -0.384981580022955 -0.671918504405301 0 0 0 0 0 0
16.7811715436095 3.8489171146124 3.23178527488918 -0.402999481848137 -0.87126141694068 0.28016952186248 0.466747525104946 -0.458985750500433 -0.755962187312277 0 0 0 0 0 0
17.170936877557 3.50653631189949 3.07560924767985 -0.715841019509597 -0.665184908825743 0.212369187637821 0.48138907733929 -0.690438630359384 -0.539962085637394 0 0 0 0 0 0
17.4555556564018 3.06241734815168 3.17776402674983 -0.793294644097204 -0.409225250259354 -0.450797407043187 0.604820237900983 -0.614608428845102 -0.506407897862933 0 0 0 0 0 0
17.5191356995896 2.54102395974015 3.06466400576253 -0.703392243852826 0.212504407703397 -0.678292877741109 0.449389496836657 -0.606395586227843 -0.655998074033977 0 0 0 0 0 0
17.3886005203546 2.14997000154739 2.73220407304327 0.032948536234929 0.740793206139814 -0.670924600605069 0.404360522345502 -0.623775935755793 -0.668876782330242 0 0 0 0 0 0
17.2283918317828 1.90358281176888 2.28241342069765 0.640434169136234 0.696317762866586 -0.324014888730835 0.270892807800342 -0.599578002156185 -0.753075896581776 0 0 0 0 0 0
6.52536022769629 2.67254681750666 6.41587887792225 0.667183554742299 -0.0947821990732081 -0.738838574399223 0.28782571690946 0.947637842548427 0.138343326748048 0 0 0 0 0 0
6.84594156565035 2.92971827860753 6.56650716462061 -0.228689047803021 0.169611988885394 -0.958609979418787 0.417775026249443 0.906518594599708 0.0607294416839657 0 0 0 0 0 0
7.25944576018995 3.1847344499461 6.33701612869037 -0.738958554971385 0.467991971777773 -0.484689352458 0.421853185661107 0.882305268530243 0.20875177333702 0 0 0 0 0 0
7.63248703300435 3.54536865970409 6.272313927534 -0.894499466883502 0.390703198842905 0.217305577836954 0.404025293178083 0.914555029838881 0.0187792403671694 0 0 0 0 0 0
7.65303307196873 4.07575172457074 6.12023763541009 -0.492780383567709 -0.0157595010344512 0.870010995159261 0.281895871774853 0.943023963528652 0.176749884545951 0 0 0 0 0 0
7.40984462920223 4.54499799826486 6.19505041781956 0.127810464553181 -0.226865221358801 0.965503317699386 0.169334614741082 0.964185080324945 0.204139460000434 0 0 0 0 0 0
7.30925738458491 5.08796291716301 6.43497594589833 0.657908773772971 -0.534131216002239 0.530904783821463 0.337052319623533 0.839253866821561 0.426671631188964 0 0 0 0 0 0
7.31320491819531 5.29266479220395 6.8902276777369 0.955888408064283 -0.292383401252199 -0.0280944478594223 0.266219315864486 0.821972302409613 0.503476722333897 0 0 0 0 0 0
7.51340197946409 5.45494738726875 7.37081616547717 0.865992234131988 0.0672182812343777 -0.495519074396722 0.235120629577017 0.819823388064992 0.522118666520307 0 0 0 0 0 0
7.87989203833307 5.64171255570995 7.71648784601478 0.269601159550913 0.488225372553712 -0.830030843019458 0.00753322152746986 0.860851286380369 0.508800858205528 0 0 0 0 0 0
8.15930872312641 5.9531938291698 8.0276520151764 -0.405453994040405 0.41884516136131 -0.812512024231581 0.164455744770796 0.907770475421818 0.385884791050812 0 0 0 0 0 0
8.50230030492627 6.27540882497615 7.94731281078364 -0.912365651172113 0.377605532425336 -0.158123307716051 0.306420140999836 0.886047602900134 0.347888405360924 0 0 0 0 0 0
8.58817071250854 6.8430956491883 7.75288585882531 -0.839347682715546 0.153601331562325 0.5214423251543 0.344179046266568 0.892648683934857 0.29106547576173 0 0 0 0 0 0
8.73459715533224 7.33420497016045 7.83387397223107 -0.815116795669384 -0.0861653578582815 0.572852634211304 0.190371958599847 0.894110949631313 0.405369124537439 0 0 0 0 0 0
8.6608564118445 7.84799613497615 7.9044777577025 -0.407312120705966 -0.484652842814803 0.774085562633446 0.173998273236088 0.790875460051899 0.586720212365788 0 0 0 0 0 0
8.56126816575915 8.06769864295697 8.34145984802939 0.28319785784964 -0.725179142068625 0.627625832178685 0.305479718412621 0.688538583132946 0.657720883943805 0 0 0 0 0 0
8.61589465790869 8.26234076541968 8.84903586697411 0.746374917391735 -0.65364769042246 0.125176593234773 0.374265561842226 0.567768232145432 0.733187918466591 0 0 0 0 0 0
8.71859964404562 8.31769351201511 9.37350975706333 0.853577633311213 -0.283626456554195 -0.436991140703494 0.518595693277449 0.382675317115503 0.76460323605425 0 0 0 0 0 0
8.91254375657375 8.26628720002672 9.80893180119058 0.653275925782101 0.364094777355166 -0.663826451639456 0.5219572551342 0.418543717807974 0.743223909798554 0 0 0 0 0 0
9.37685063867089 8.16499815502443 10.0596203544157 0.238743584833784 0.80734309488306 -0.539628231141918 0.659886274022923 0.272803103477625 0.700091831182968 0 0 0 0 0 0
9.881382111619 -1.50346780399947 14.2897188738553 -0.237624614488997 -0.0322579361860156 -0.970821285377476 -0.24750174957703 0.968471117887074 0.0284003129361485 0 0 0 0 0 0
10.0058232093057 -1.03442544140643 14.0590702722597 -0.814870650333895 -0.322675359442627 -0.481525114228726 -0.319671968563969 0.943144475296485 -0.0910402725839136 0 0 0 0 0 0
9.79291700830133 -0.580173200517994 13.7642205237548 -0.801729382630271 -0.494307675106768 0.335990951303491 -0.517196881221212 0.855515364289077 0.0245121912602632 0 0 0 0 0 0
9.38487961333517 -0.369349524135321 13.5068340748331 -0.305039741033062 -0.157573909505411 0.939213085212117 -0.598879949199857 0.798547905786451 -0.0605313853339763 0 0 0 0 0 0
8.86187406662847 -0.251619898149335 13.4709170120692 0.189986566453804 0.170848115028695 0.966807129761793 -0.555702228913705 0.830532263743135 -0.0375658310442306 0 0 0 0 0 0
8.43452303643367 0.0564839864798811 13.617342659636 0.691447331974986 0.382157281707753 0.61307128389969 -0.518021164938732 0.85378322868444 0.0520410519944807 0 0 0 0 0 0
8.21993328318798 0.251132123076776 14.0345786792192 0.821336098726935 0.561417589706148 -0.101080675188468 -0.545245092284166 0.824714913764457 0.150176896873376 0 0 0 0 0 0
7.85329334461331 0.717112946984723 14.2577282507655 0.656872159805363 0.475814763070337 -0.584909631410662 -0.419553231014204 0.8752094963752 0.240797474654971 0 0 0 0 0 0
7.79125453636663 1.21076063247717 14.4305284513463 0.270350694544918 0.191511367421821 -0.943522070810909 -0.328062763636405 0.939690174950279 0.0967326119628654 0 0 0 0 0 0
7.88328168295506 1.69308312033959 14.3660642864863 -0.561694910820621 0.0134008530662342 -0.827235906072332 -0.150936619352407 0.981429126293743 0.118384994829442 0 0 0 0 0 0
7.8189799712753 2.20246878484695 14.1105002918088 -0.890157702729856 -0.300867204911328 -0.342196126920735 -0.270090644338556 0.953248443322487 -0.135530251767046 0 0 0 0 0 0
7.71695155374349 2.60727521804241 13.7889669660557 -0.942327969256563 -0.304006187572429 0.139993700838574 -0.327229471309184 0.924681179631106 -0.194642208019583 0 0 0 0 0 0
7.50118330696528 2.85124710748949 13.3681848041858 -0.516416899964336 0.297510299065254 0.802995147794387 0.00120004437589138 0.937959443088375 -0.346742906221369 0 0 0 0 0 0
7.24327052909205 3.22903952320676 13.2476765646198 -0.0510020082018857 0.219209278488565 0.97434392664187 -0.0499070010042814 0.973835302408887 -0.22170722819284 0 0 0 0 0 0
6.9679540381276 3.62145562629823 13.2716305856178 0.73253494753152 0.354693581067836 0.581020665892589 -0.383378374579613 0.920255110038334 -0.0784318452736401 0 0 0 0 0 0
6.79837692448264 3.99737042257848 13.4553209566547 0.920910098949066 0.387510463451203 -0.041955099445194 -0.389731635290994 0.913851130397198 -0.113953341000481 0 0 0 0 0 0
6.73276330019787 4.49661229396799 13.6146833668187 0.778886427065299 0.239384832938228 -0.579681667376664 -0.296342843433486 0.955074176973708 -0.00377301255654687 0 0 0 0 0 0
6.79969220414285 4.92696020271024 13.774575005255 0.184840092424288 0.0324169150413016 -0.982233823410589 -0.350414164610343 0.93593866962119 -0.0350531018335576 0 0 0 0 0 0
7.0782933211187 5.40728126334306 13.7600647116175 -0.637169895232397 -0.0102820645891606 -0.770654788966707 -0.142662943026127 0.984205174130452 0.104821085197457 0 0 0 0 0 0
7.10238636233161 5.87903254536416 13.5040269109026 -0.965651445939294 -0.203188339262821 -0.161962291114223 -0.247775840833488 0.907779834440307 0.338441878145698 0 0 0 0 0 0
3.77013128166765 10.2386343573124 6.17118040107029 -0.568784833462531 0.676432234716742 0.467892343449982 0.734852781797442 0.162426835880767 0.658489872412874 0 0 0 0 0 0
4.11392532952071 10.6444354102276 6.24744481106627 -0.59158942398386 0.0942493046521928 0.800711572292435 0.795415187832331 0.230420659711402 0.560554188766635 0 0 0 0 0 0
4.29745309612428 11.0925847167701 6.4801782638602 -0.373026563398771 -0.46962233327302 0.800191256569395 0.784109675385896 0.301491227128922 0.542471249865392 0 0 0 0 0 0
4.52494869674261 11.3974302479094 6.79854178564481 -0.144739971397007 -0.844644464111357 0.515389241181878 0.675449144579451 0.296289350462136 0.675263706924646 0 0 0 0 0 0
4.62507638099255 11.5482027735581 7.30443425887861 0.00649131206946535 -0.996658443940657 0.0814236390086079 0.686750523003547 0.0636296259348888 0.724102886237681 0 0 0 0 0 0
4.82781800751186 11.4830419154277 7.80285176920721 0.406462231046119 -0.820198669632469 -0.402569990270187 0.730864039924224 0.0274663841217638 0.681970199414108 0 0 0 0 0 0
5.17282751049749 11.2825949023131 8.16267747687885 0.446956134019248 -0.168526183081067 -0.87853806968093 0.885334530320157 0.223984376932791 0.407447871896291 0 0 0 0 0 0
5.58824694734705 11.2123326168513 8.36916500745703 0.184603821517774 0.148010529074277 -0.971603989475232 0.948404805955048 0.232467207722763 0.215609186666407 0 0 0 0 0 0
5.99032942875669 11.0778648023542 8.22898356871988 0.0920458301714035 0.937233619878402 -0.336334219070382 0.989224237892983 -0.0474474848877771 0.138506835004167 0 0 0 0 0 0
6.48792458430889 11.0828377350385 8.02635229465327 0.188662902252983 0.90097570112675 0.390703334120203 0.970916204283473 -0.230844991487745 0.0635005052326147 0 0 0 0 0 0
6.97602952897288 11.1957690672204 7.83222558519647 0.00569229833107834 0.47982560185409 0.877345422023202 0.928674966868149 -0.327911480216442 0.173311474099971 0 0 0 0 0 0
7.49353728613688 11.1531132656805 7.860979923564 -0.454555815754998 0.143881725172338 0.879020511435734 0.843252963101213 -0.248340099820046 0.476709172391715 0 0 0 0 0 0
7.95476925480874 11.3154714925372 8.06331447494066 -0.650741486092964 -0.42720897852282 0.627716502050894 0.758689127882661 -0.398973650347881 0.514986245991807 0 0 0 0 0 0
8.20624335616994 11.2893302666015 8.52302619044788 -0.533126906107392 -0.844002093771156 0.0586188339551748 0.786437122575818 -0.468835697788465 0.402131496794109 0 0 0 0 0 0
8.37384612685229 11.0279241718837 8.9615022639369 -0.0058219694595333 -0.78461355941313 -0.619957794576913 0.739223344585371 -0.420892429209668 0.525736064821506 0 0 0 0 0 0
8.59577293741243 10.6048037691826 9.17250217796361 -0.0302378269379128 -0.452321978811435 -0.891341966534831 0.670697053539644 -0.670372936774156 0.317435958917753 0 0 0 0 0 0
8.6453254016956 10.0951852372765 9.28898886856789 0.557620048649411 0.0562832121826395 -0.828186018579542 0.662809706065234 -0.63083385992023 0.403400464456677 0 0 0 0 0 0
8.81717704940979 9.5941320726921 9.19900087183347 0.789088928571888 0.490683263124369 -0.369551888230721 0.60255120322702 -0.735281513389922 0.310311365497134 0 0 0 0 0 0
9.22226023733801 9.23009230115396 9.16687841890592 0.59092156584264 0.749409743645535 0.298658231346829 0.639767177306119 -0.66084786223637 0.392400384581081 0 0 0 0 0 0
9.70068021552238 9.03131322853275 9.02444841195417 -0.0400530201380119 0.419971615899295 0.90665296415815 0.491376777994917 -0.781800012020461 0.383845806610077 0 0 0 0 0 0
7.93402481630498 8.89672243889396 7.68759653441227 0.981587356844891 0.0843730813558101 -0.171369320547139 -0.170445355143452 0.791871197893403 -0.586419974810622 0 0 0 0 0 0
7.90706390758575 9.44895317174373 7.65788516036038 0.806039080756683 -0.328060924556568 -0.492622604101772 0.00105643383543127 0.833122494820256 -0.553087508964018 0 0 0 0 0 0
8.09429392145118 9.9419999372349 7.55524544550785 0.227667255136056 -0.434640104636524 -0.871352741649653 -0.260907480085862 0.834902737332018 -0.484628420576784 0 0 0 0 0 0
8.29428811327344 10.5267314814825 7.35996055263902 -0.502363645826629 -0.47651922981379 -0.721498573088992 -0.215340457420495 0.87709232959817 -0.429345470172898 0 0 0 0 0 0
8.30961124246121 10.8676330942307 6.92486953720289 -0.829474547161486 -0.500907404790826 -0.247110799919728 -0.325386998504218 0.792948431144768 -0.515127252967135 0 0 0 0 0 0
8.22117350156828 11.064928297586 6.55832532194299 -0.931902086790234 -0.156406814622658 0.32725434905529 -0.311060072996712 0.808670237359993 -0.499293579165016 0 0 0 0 0 0
7.97478124181631 11.2957793351286 6.10045580519427 -0.725694144390268 0.0168196136352702 0.687811827024541 -0.514226693752632 0.650912312301496 -0.55846581733044 0 0 0 0 0 0
7.53002091792365 11.3564708708582 5.89228243257339 -0.293179270729997 0.349187559891745 0.89000784447727 -0.614283326381846 0.644532445432082 -0.455229526409036 0 0 0 0 0 0
7.01316424551706 11.4496190439387 5.77884654689819 0.256405717328322 0.689614699565877 0.677264847946513 -0.621403290691536 0.654304972183438 -0.430979064101449 0 0 0 0 0 0
6.54362340073445 11.7083160156212 5.81479615108933 0.600912004493937 0.795892009883376 0.0738963561948713 -0.691113388884914 0.563789776374168 -0.452220490203591 0 0 0 0 0 0
6.08014476121625 12.0750410799815 5.77632304734744 0.783657804851229 0.525228874965522 -0.331685202862904 -0.620872698091157 0.645116303599415 -0.445356090780437 0 0 0 0 0 0
5.88053463015365 12.5693116797892 5.84368380640879 0.657628898001167 0.0530362899765463 -0.751472810192953 -0.571893276905324 0.684457122194952 -0.45216869386004 0 0 0 0 0 0
5.81531836317866 12.9453972574282 5.67759432520744 0.00585071876563588 -0.457009289324144 -0.889442678625984 -0.890845519382768 0.401677725496862 -0.212248122336368 0 0 0 0 0 0
5.68529691096787 13.307042720492 5.302105200027 -0.254559114421766 -0.750319553890092 -0.610098536561907 -0.652477105676145 0.598905296154315 -0.464312473240589 0 0 0 0 0 0
5.59687840418418 13.5901387514346 4.87175823028996 -0.610668871011573 -0.787021850528102 -0.0876363895238312 -0.696068729944934 0.586250073890206 -0.414486639177398 0 0 0 0 0 0
5.43956993442402 13.7457905856912 4.47128923555911 -0.74857378676228 -0.498372830159619 0.43733489219484 -0.662988522738001 0.571691177932612 -0.483337786430677 0 0 0 0 0 0
5.07343188227903 13.8122527240793 4.10067866814664 -0.558099728271912 -0.179460690018229 0.810134898668733 -0.719974979362584 0.590095821288019 -0.365271064813879 0 0 0 0 0 0
4.5560662465232 13.7798505560381 3.95937049229134 -0.0238238391273715 0.439569575967168 0.897892539546508 -0.839554834868011 0.478813025075547 -0.256682228188376 0 0 0 0 0 0
4.02543698443541 13.81909697291 4.03405253228247 0.37554338596579 0.630888563082951 0.678930619598556 -0.751219897606797 0.636240364052153 -0.175689682652163 0 0 0 0 0 0
3.61273304387345 14.0287523822168 4.30682564113191 0.735386586497076 0.676334178936099 -0.0421740062480638 -0.671775948432981 0.719425970617209 -0.176474779808494 0 0 0 0 0 0
-1.04604938784313 0.437553493598009 5.83241426929524 0.9797416838543 -0.163446395942729 -0.115721685831457 0.198795402928356 0.86363034032405 0.463274241725481 0 0 0 0 0 0
-0.852338942920967 0.681738648875372 6.2700613595273 0.693784483340335 0.100677654364441 -0.713110861358778 0.280498621423735 0.874214876556893 0.396319155461858 0 0 0 0 0 0
-0.471434740302036 0.855612669468843 6.51625161659759 0.0402018808671714 0.610541949918482 -0.790962917060262 0.357384122037677 0.730449626850966 0.581996505100025 0 0 0 0 0 0
-0.310035453290288 1.35538911220153 6.62951628081738 -0.580583449607085 0.380684999441482 -0.719723411626005 0.15068659485167 0.918931550283349 0.364497401946638 0 0 0 0 0 0
-0.0878460423094115 1.86110838075106 6.49342279851969 -0.968362812563057 0.164252740237748 -0.187868306452572 0.127485239729696 0.97280236927002 0.193398717663016 0 0 0 0 0 0
0.0120719337161469 2.31381349932837 6.30261648688456 -0.890467035970852 0.0193529832457694 0.454636030126051 0.179848701356483 0.932718740602771 0.312554308159027 0 0 0 0 0 0
-0.163233329316573 2.80186195152239 6.30306208830631 -0.494282629658984 -0.336811117204699 0.80140061975564 0.0608154005168585 0.906233964309218 0.418379599158913 0 0 0 0 0 0
-0.438435713756032 3.23465957365627 6.42812070777312 0.277671426975549 -0.40334156020728 0.871902611792693 0.162374058246188 0.914239281678492 0.371215841586344 0 0 0 0 0 0
-0.647908649016634 3.58671529005754 6.78824970025143 0.916397536406988 -0.229644594260818 0.32783977122062 0.0730310633993319 0.90122704647791 0.427149007344588 0 0 0 0 0 0
-0.618924607846873 3.79171249046645 7.29677694452052 0.939017226069539 -0.00743561258481942 -0.343789704339958 0.255709477202228 0.683542617930483 0.683653532676972 0 0 0 0 0 0
-0.313658824551257 3.81540713088379 7.73887695903073 0.693966150163854 0.40579851886324 -0.594759232391696 0.276032946018215 0.612983661497323 0.740308613653685 0 0 0 0 0 0
0.0270589293894956 3.88551900992343 8.0874670902923 0.115441892643322 0.783338263929952 -0.610781739810661 0.196972383512543 0.584629261431096 0.787026369832625 0 0 0 0 0 0
0.371129233470868 4.23758847532373 8.36146292082033 -0.513217008965508 0.600472672367148 -0.613221714756378 0.0475413455801634 0.733287779699533 0.678254268400691 0 0 0 0 0 0
0.618750469886186 4.65402531688848 8.24931183746395 -0.946053515848626 0.313859755724316 0.0804661350328563 0.307015574769376 0.788974197683741 0.532222840770976 0 0 0 0 0 0
0.666115346025482 5.18899299969293 8.2651626728208 -0.796787650047491 -0.123040713190453 0.591599884744227 0.316050056588175 0.749594143901609 0.581567692671305 0 0 0 0 0 0
0.57474441224276 5.65086093372552 8.52892460178948 -0.44831007231635 -0.587202360091581 0.673952125423302 0.311906528072493 0.603812520034424 0.733569872878815 0 0 0 0 0 0
0.455154526399588 5.9767349857637 8.93903368914379 0.258749640826581 -0.848248645736585 0.462085336683784 0.498138916233267 0.52703687521318 0.688541757847316 0 0 0 0 0 0
0.38474713196835 6.12192937124736 9.49301409879157 0.765680874643419 -0.643182770330203 -0.00698012576209299 0.380963023949133 0.444722640623439 0.810610231430894 0 0 0 0 0 0
0.465223630224479 6.07968037160559 9.98166290249331 0.909904838293633 -0.134359020838053 -0.392454887559421 0.412838858356009 0.385598200227372 0.825153382719067 0 0 0 0 0 0
0.807137308134422 6.02587471639034 10.4249582064889 0.666379608324026 0.388073902508641 -0.636660713254424 0.533341483272017 0.348604630398756 0.770728015505958 0 0 0 0 0 0
