t = 100
b = 13 13 13
E = -1.01841930279994 -1.01841930279994 0
7.81833638504518 17.3557981627229 6.58836267892566 0.361934933388691 -0.0421341553339582 -0.931250673528464 0.932037383335094 0.0352063423189087 0.360647791517422 0 0 0 0 0 0
8.30537295090648 17.1346875219636 6.58737939132917 0.100589640068869 0.722524118517056 -0.683988759024568 0.994150334035397 -0.100168003950578 0.040391636781225 0 0 0 0 0 0
8.67196077736521 16.9404179923137 6.26409500004366 0.122254579840724 0.992135139702662 0.026864144787216 0.961555716737863 -0.111693670959318 -0.250868745515193 0 0 0 0 0 0
9.04923828978252 16.9415894338228 5.91715796673133 0.2205968333229 0.623574110299838 0.749994910710516 0.970287682859405 -0.0619417671534903 -0.233891064329594 0 0 0 0 0 0
9.50538985454589 17.0557298102206 5.77638963489712 -0.00279577461239762 -0.0319016218710059 0.999487103551775 0.999905156993121 -0.0135679430323658 0.00236388249147511 0 0 0 0 0 0
9.90558724707818 17.3315008112844 5.8177218050482 -0.0760883589880287 -0.859191450624827 0.505965031202469 0.994174795386152 -0.104219881750862 -0.027471666617446 0 0 0 0 0 0
10.2188292253645 17.4874805072641 6.10856051833484 0.0294462149939117 -0.888399865004288 -0.458125092396058 0.98795123308917 0.0955344531623656 -0.121760130159901 0 0 0 0 0 0
10.7141365391184 17.4111714800835 6.11584583476392 -0.228340626920191 -0.356225735868795 -0.906070517786795 0.959162354187142 0.0772667730956072 -0.272098188317326 0 0 0 0 0 0
11.1942437114182 17.1541182426898 5.99636858563168 -0.376642865216399 0.335070015076608 -0.86363663486338 0.912641148321109 -0.0256282834867852 -0.407957504498506 0 0 0 0 0 0
11.6748084201962 17.147174554996 5.68478806964964 -0.595790312469002 0.620714887812066 -0.509653736978886 0.802752397834562 0.440527026229886 -0.401901140744728 0 0 0 0 0 0
12.0075748086604 17.3879960091916 5.25558948892676 -0.838766327477789 0.524158500745548 -0.147407306418651 0.513459121960638 0.671334980337326 -0.534480190700174 0 0 0 0 0 0
12.0079987969143 17.5948617507783 4.78021294906432 -0.33061718183222 0.745690490669766 0.578479015351471 0.520353885988476 0.655393586908634 -0.547440480395565 0 0 0 0 0 0
11.868389079238 17.9630941768735 4.53400640503273 0.642602015607285 0.269174189782097 0.717361767236454 0.423137006922386 0.655863733465688 -0.625138253906457 0 0 0 0 0 0
12.0363895435164 18.4241334011267 4.37639772333657 0.77014278908191 -0.425567392045595 0.475155215958584 0.637649972461313 0.533267536948582 -0.555903091066132 0 0 0 0 0 0
12.5041627399817 18.6938467123414 4.17144972604735 0.324686779302862 -0.913565967253088 0.244899405517585 0.719287219262052 0.070365199468644 -0.69114009788899 0 0 0 0 0 0
13.0942570632974 18.688260899005 4.1547767544724 -0.285171584681225 -0.873444272889766 -0.394679958252845 0.898017286061265 -0.0995470588561754 -0.428550273606548 0 0 0 0 0 0
13.4681969691768 18.4095299368997 3.94228143852688 -0.570042319877733 0.132421973211112 -0.81087371061053 0.821569443768691 0.0814395352201535 -0.564261686780814 0 0 0 0 0 0
13.6257548034612 18.2133579734638 3.56607486356416 -0.122622095933721 0.941744254299667 -0.313179790347951 0.803121224109208 -0.0912313317757383 -0.588789557896327 0 0 0 0 0 0
13.8842369485429 18.2235808487899 3.18641800206694 0.102877634366634 0.871566380577451 0.479362322877223 0.970182044676644 0.0184049082659778 -0.241677594200969 0 0 0 0 0 0
14.2535267125027 18.526002693875 3.0721405313228 0.233452135267414 0.18601315959102 0.954410396526594 0.888682296338826 0.357547445047194 -0.287060273660733 0 0 0 0 0 0
6.458056257299 13.4740263395099 13.3050150457087 -0.391592532504761 0.862671224745255 -0.320083811654121 -0.774025396616533 -0.120740185489235 0.621535592706197 0 0 0 0 0 0
6.2530517328314 13.6228529775994 13.727483331711 -0.631856577327805 0.145018932495664 -0.761397908393116 -0.769756962614818 -0.232395820581319 0.594530403833432 0 0 0 0 0 0
5.81730700473028 13.7748002942031 13.891751964982 -0.328064201115768 -0.598456699785927 -0.730905916262558 -0.88638490381336 -0.072525007944489 0.457232900734878 0 0 0 0 0 0
5.2816237090774 13.9269762391132 13.8695153611589 0.0660536572885339 -0.948623752878868 -0.309434790921807 -0.89565862431911 -0.193056766051443 0.400655355342417 0 0 0 0 0 0
4.76269877525958 13.7465068112256 13.8130055482881 0.452503993057591 -0.854072342714854 0.25651621718031 -0.817927396423032 -0.282890995231001 0.500966524827611 0 0 0 0 0 0
4.35069183823058 13.5442762107999 13.6212194154986 0.504466495916547 -0.273006545291253 0.819134287358193 -0.862198229743013 -0.108595513705859 0.494794125905891 0 0 0 0 0 0
4.16324338384649 13.3132208438783 13.8989929998134 0.23067711755744 0.731660897010131 0.641451790255293 -0.940850828267891 -0.000416124865404265 0.338820816638704 0 0 0 0 0 0
3.78106582714058 13.2390348962489 14.3039241169481 0.194509976098092 0.956050267263162 0.219394064788353 -0.909077718977747 0.0916900820094337 0.406411896626216 0 0 0 0 0 0
3.5152634977357 13.3561585509151 14.6512940279347 -0.104314806665554 0.862409960493656 -0.495345819757933 -0.897908888159503 0.132494849622824 0.419767487292182 0 0 0 0 0 0
3.28209970292411 13.6223972651627 15.0383815207265 -0.424843881197252 0.11143011937714 -0.898382438110213 -0.899262080255058 0.0621642053814191 0.432970348389635 0 0 0 0 0 0
2.82624350159677 13.8694357216863 15.1391280355054 -0.474142544673893 -0.560011066538741 -0.679394180637653 -0.829466673141134 0.0253506539970481 0.557980629135188 0 0 0 0 0 0
2.4720619408833 14.0565989749887 15.1621628318805 0.0690655817033556 -0.978993150668408 0.191839402543696 -0.627702677888483 0.106816646178708 0.771089847080584 0 0 0 0 0 0
2.14277487353162 14.1011752563656 15.6235395043911 0.137684088251747 -0.960094222541242 -0.243438237927433 -0.5994623777262 -0.276427166799546 0.751154364392585 0 0 0 0 0 0
1.74455365763298 13.8631389169827 15.6816658193809 0.705410239468876 -0.603981914737157 0.370947760099587 -0.55449453020328 -0.144243793793042 0.819591083362206 0 0 0 0 0 0
1.53248823069163 13.4781786926209 15.9294186491317 0.856608764252793 0.0833440315571383 0.509190727929238 -0.466966800369242 -0.294527719954614 0.833783802631863 0 0 0 0 0 0
1.46890336846468 13.1116347618343 16.2243241567738 0.467971075836419 0.689397626069221 0.552932170659863 -0.526930461034513 -0.284622866003677 0.800833386780177 0 0 0 0 0 0
1.55537982768365 12.9309711711245 16.7311279983035 -0.284186198420179 0.956017253622215 0.0725893615078892 -0.406141967319068 -0.188620416340911 0.894131444990935 0 0 0 0 0 0
1.50842848570814 13.113436780616 17.2294352464797 -0.716816587711276 0.628869032275161 -0.301160621309071 -0.383289307530515 0.00541855880169628 0.923612443589458 0 0 0 0 0 0
1.4099008160385 13.4540860983729 17.6213806624362 -0.875009960903677 0.108804415933906 -0.471719373560835 -0.456530067992719 0.138709414254221 0.878828763420847 0 0 0 0 0 0
1.14703240689016 13.7507663890614 17.9841010874293 -0.643287304390107 -0.639418876770972 -0.421099684207265 -0.616635111880326 0.106693472912626 0.77998566758254 0 0 0 0 0 0
4.79400448702224 8.99757213177065 14.3324964687079 0.884487705614684 0.315618320097114 0.343608170210705 0.0289363154458989 -0.772156962571172 0.634772648120001 0 0 0 0 0 0
5.01188814445968 8.62685305316196 14.5059379538125 0.179168938358789 0.66322933497673 0.726653521806445 0.34977882862518 -0.733290753577284 0.583043258912799 0 0 0 0 0 0
5.271458285052 8.34026101858182 14.9117335322607 -0.0417981717736772 0.896831660691999 0.440392875983263 0.447154183135066 -0.377379440344096 0.810948761951326 0 0 0 0 0 0
5.57708685462602 8.1672719214227 15.3274613445597 -0.436770267936294 0.854420474167703 0.281420301986011 0.249755244854071 -0.185361514847025 0.950401718475666 0 0 0 0 0 0
5.8094761647155 8.26217547143282 15.7198416346827 -0.916856045617389 0.291993416737041 0.272240401478312 0.231208761925487 -0.167543760262467 0.958369238240667 0 0 0 0 0 0
5.86434083764464 8.44184700021744 16.20958874188 -0.990179959875652 -0.138141096457226 0.0214635628507743 0.01177787798272 0.070553689883448 0.997438448443839 0 0 0 0 0 0
5.72488622638971 8.74435504012563 16.6311648314641 -0.661921402977381 -0.74884595488545 -0.0330119998205741 -0.095459681982388 0.0405327906671235 0.994607732725097 0 0 0 0 0 0
5.45547350591521 8.90388828194151 17.0407743893566 0.0955723296311297 -0.991152246970924 0.0921040342947369 -0.0309917760289203 0.0895199118728396 0.995502734901744 0 0 0 0 0 0
5.12557866032768 8.81293915067561 17.4840645854311 0.788718000401464 -0.613595735665601 0.037738428898225 0.132966170962321 0.230205693979582 0.964015215564049 0 0 0 0 0 0
5.19650883358934 8.62904995960204 17.8869222289511 0.975490126240711 0.0577034875815238 -0.212342461904847 0.208346674405368 0.0682219218828383 0.975672810238574 0 0 0 0 0 0
5.48190737793202 8.40800121940778 18.2714121666982 0.526413920713243 0.826636253375365 -0.198899192267972 0.141231477151382 0.145669883817172 0.979200671369424 0 0 0 0 0 0
5.83708701417878 8.39268187567724 18.5736342180931 -0.127166434558882 0.988166855455977 -0.0857610849967937 0.324535188043156 0.12315591062267 0.937821695953177 0 0 0 0 0 0
6.21993703371643 8.48650985325287 18.9370407607882 -0.595436032753016 0.800627737131948 -0.0667169950936422 0.176471916662962 0.211354018241258 0.961346525246008 0 0 0 0 0 0
6.37970364488883 8.73264084651509 19.4257715373044 -0.921120500118743 0.377863252544496 -0.093575566455632 -0.0834083887647564 0.0432234721678766 0.99557760729007 0 0 0 0 0 0
6.34386316513523 8.9142739646945 19.8194827162389 -0.839893599583793 -0.531277703314727 -0.111007852599754 0.0165951239048132 -0.229570146358114 0.973150630562246 0 0 0 0 0 0
6.10247384427402 9.04507557273693 20.1353892620385 0.00302051093033999 -0.997439181652287 0.0714559683898683 0.142368352049507 0.0711573435975556 0.987252695507511 0 0 0 0 0 0
6.04522977228221 9.00219467287768 20.629980936066 0.163276121524999 -0.938183100518663 -0.305210383245626 0.0225280328275736 -0.305735802233809 0.951849834254001 0 0 0 0 0 0
5.92911289637683 8.77012770851233 21.0429830130268 0.652445702715824 -0.599946378323646 -0.463010743011429 0.145192122617778 -0.500689089232004 0.8533637462734 0 0 0 0 0 0
5.81513895662552 8.304777037321 21.2776609131742 0.998690107748254 0.0385971082876118 -0.033590652235649 0.0487756115329009 -0.519781453621627 0.852905727610373 0 0 0 0 0 0
5.90717268395972 7.77132954054402 21.4829525071246 0.832308212149916 0.503110383111501 0.232686446518076 0.0665858995874518 -0.507479095708059 0.859087472493611 0 0 0 0 0 0
9.2992392117141 -2.37005894251866 15.8372707501062 0.507398774512715 -0.18051520536348 -0.842591682996917 0.198567876313159 0.975990337985931 -0.089519040737658 0 0 0 0 0 0
9.59956028673711 -2.05617124227265 15.7712251504427 -0.276581242552203 -0.0672633033069776 -0.958633644463052 0.377776609091669 0.90962538768436 -0.17281923418207 0 0 0 0 0 0
9.84137141375974 -1.56166474968768 15.6513921318641 -0.754839985077827 -0.125316795469954 -0.643826294664057 0.225182982485778 0.87240665301936 -0.433819381962548 0 0 0 0 0 0
10.0314746166209 -1.34218540733752 15.1583993776974 -0.984625646469002 0.174664815937503 0.00213034950626683 0.142347961408 0.80939722123219 -0.569748362125419 0 0 0 0 0 0
10.0049348848542 -1.12301815071979 14.7011805247194 -0.471845858976391 0.402639586638938 0.784374176422234 0.343628198930745 0.903267378862025 -0.256958563164065 0 0 0 0 0 0
9.82330384862043 -0.640046296203474 14.5663008963923 0.25661251991902 0.153944922050611 0.954175547577931 0.304089664218627 0.924238418430712 -0.230895695092179 0 0 0 0 0 0
9.93300781696151 -0.627527777855047 13.7025593422908 0.172856723063198 0.814327578272472 0.554067819456015 0.451187855770945 0.434576956405358 -0.779469298796478 0 0 0 0 0 0
9.92580555379535 -0.220030773555227 13.4076426848311 0.857483025660234 0.226875308228438 0.461790488447761 0.35260442915591 0.394496487975246 -0.848553261448467 0 0 0 0 0 0
10.1093183210947 0.190358714155263 13.1508357104931 0.850365604285922 -0.501090790156685 0.160581316060085 0.352222130382896 0.31534126367679 -0.881192066629779 0 0 0 0 0 0
10.522521006467 0.522879460337567 13.0016676393637 0.384777679076409 -0.91476215970755 -0.123111042769323 0.533949026084351 0.32939709589749 -0.778714319091329 0 0 0 0 0 0
10.9169967923495 0.656452962276411 12.6928490371992 -0.0556179429574638 -0.988881365812633 -0.137914062987508 0.516388256428486 0.0897304350393483 -0.851640544860564 0 0 0 0 0 0
11.3528982144978 0.697906280779413 12.3998153484198 -0.669528315793892 -0.640816233753214 -0.375614681433701 0.35342962345123 0.169932731569216 -0.919896933361856 0 0 0 0 0 0
11.5654475633168 0.411474530049508 12.0732199829502 -0.776079218318825 0.527779568204418 -0.345180784922336 0.385814382188832 -0.0356129351343883 -0.921888811813749 0 0 0 0 0 0
11.4990075399249 0.249052802349238 11.606447374395 -0.30774500067169 0.950622775796346 -0.0401167383872939 0.359921862835543 0.0772804553638274 -0.929776308512834 0 0 0 0 0 0
11.3633502697935 0.289670606349275 11.0937499455089 0.199639731045539 0.97854148559256 0.0509954778619678 0.375124008086791 -0.0282462143183677 -0.92654418671404 0 0 0 0 0 0
11.3317307585309 0.371675823195396 10.5870220998912 0.632307855764543 0.710569286401413 0.308671451160342 0.410627315249568 0.0304651775671822 -0.911294179135768 0 0 0 0 0 0
11.3298507392404 0.631012079759523 10.1987121333046 0.967822568173108 -0.14477369076809 0.205815584920566 0.24613706604131 0.374639255005229 -0.893902664348699 0 0 0 0 0 0
11.5336977124563 1.03198020827807 9.91613642573204 0.564773054101632 -0.81766383510549 -0.11161205186403 0.231227913192461 0.286620756053244 -0.92972156819132 0 0 0 0 0 0
11.8141290316703 1.20166339082748 9.55217316685623 -0.229062859801154 -0.967669104447167 -0.105577983302086 -0.155211995372877 0.143383075602805 -0.977420344643516 0 0 0 0 0 0
11.865997767843 0.97092946380909 9.08378748785497 -0.909027606546946 -0.416729256871876 -0.00235308362478388 -0.110166278505069 0.245747883976437 -0.963053149416712 0 0 0 0 0 0
-0.948947078738425 10.9651733645266 6.81681005477946 -0.838660407312874 0.523560199315829 -0.150111421611328 0.427951505847751 0.462956054257651 -0.776227544260592 0 0 0 0 0 0
-0.865282368109564 10.8620296630483 6.39294279930545 -0.161380938236955 0.963534849754634 0.213440357200962 0.671284212054083 0.265708795183 -0.69193666098085 0 0 0 0 0 0
-0.630403412104803 10.9796051586548 5.95529510984425 0.234033884478985 0.711990823479055 0.662040186240452 0.660100383832604 0.383573960540557 -0.645862601533236 0 0 0 0 0 0
-0.610725981751672 11.3674214364251 5.66015745762917 0.782875268074568 0.0623838392716314 0.619043270890577 0.576781888584669 0.300314354622211 -0.759693320629152 0 0 0 0 0 0
-0.22828906503505 11.7041928325626 5.45342985283057 0.566172153460413 -0.752879609325857 0.335591100161105 0.69596385654954 0.218465931434376 -0.684037241076246 0 0 0 0 0 0
0.21923882362085 11.8325156410883 5.40101239534385 0.126990721651004 -0.968490529217132 -0.214241572602691 0.791227378408796 0.229165583943454 -0.566958879278031 0 0 0 0 0 0
0.751028593345346 11.8092167653056 5.27131436243698 -0.359627541293159 -0.625767437004425 -0.692158324611029 0.75065148510988 0.246590034798321 -0.612956525897632 0 0 0 0 0 0
1.13916814620891 11.8858386309587 4.87126364785664 -0.541296989239209 -0.721768774396857 -0.431332129276531 0.632778664681584 -0.0118678388633176 -0.77424176839312 0 0 0 0 0 0
1.49594025792542 11.5986426944658 4.65716608582614 -0.785762256584104 -0.021446979449474 -0.618156697933742 0.603092734127017 -0.248443249181996 -0.757994133208888 0 0 0 0 0 0
1.53357500085561 11.2057228788164 4.3494618537129 -0.228072214911762 0.774693457244326 -0.589773780434563 0.685282175616652 -0.30257258481489 -0.662448617404056 0 0 0 0 0 0
1.6298941016534 11.1525761377191 3.84813845994086 0.207737905997007 0.977577894217283 0.0344444937497985 0.790200911179858 -0.146956399912458 -0.594967508772781 0 0 0 0 0 0
1.52928739137516 11.368378600511 3.45674453074992 0.905916131896457 0.386559102034395 0.172881527654403 0.389361483053323 -0.599892301152349 -0.698946966895669 0 0 0 0 0 0
1.6136114158467 11.3689915404615 3.01765609701018 0.74850562061906 -0.271508080572308 0.604998097588428 0.211348489045907 -0.767086908671813 -0.60573054299939 0 0 0 0 0 0
1.8020454417287 10.9770075554569 2.61982478374581 0.4234345456629 -0.273655077151597 0.863606440624667 0.429963741838365 -0.778370330830414 -0.457461264794411 0 0 0 0 0 0
2.19936200147644 10.5932625683673 2.55511948003765 -0.250798746806125 -0.237613812467184 0.93842403247428 0.406536233767572 -0.905631845743495 -0.12066171973459 0 0 0 0 0 0
2.61825927309472 10.3837079577698 2.72476658764167 -0.683616677060886 -0.493059109305744 0.538108681935962 0.502434350746942 -0.852704271996835 -0.143021493866648 0 0 0 0 0 0
2.84898961602097 9.95366804040587 2.7905706458678 -0.907731684623814 -0.376034702988433 -0.186067436372981 0.419517253159052 -0.807875116346714 -0.413936070776235 0 0 0 0 0 0
2.94410940531591 9.51004296551428 2.79431684547911 -0.675371344403204 0.0519762358547308 -0.735643947888774 0.480986476957291 -0.725113571583352 -0.492810630252481 0 0 0 0 0 0
3.0086020004698 9.02899504434937 2.57277671596109 -0.0329333906472883 0.489363306065521 -0.871457943022551 0.406398555248324 -0.790037356896782 -0.459000205881893 0 0 0 0 0 0
2.82730897227634 8.62963734872716 2.26354117657942 0.632926336982389 0.58727231492715 -0.504495272598426 0.323446257520258 -0.792607725007482 -0.516870885961478 0 0 0 0 0 0
24.5464370608836 4.32564325042219 21.5626619534459 0.606962489892486 0.340335648679072 0.718170023115494 -0.783867550730356 0.405273691131908 0.470430545551955 0 0 0 0 0 0
24.2305516099035 4.30640352064754 21.9419142485638 0.688704341196955 0.717909113225638 0.101453612868382 -0.653114688863011 0.553515302231282 0.516780430538139 0 0 0 0 0 0
24.2114820446732 4.44386194242995 22.2989356614523 -0.226593075262865 0.726303044162164 -0.648952591707353 -0.818319297100864 0.219373803002844 0.53125197651248 0 0 0 0 0 0
24.0357675806716 4.82213809822238 22.510640288851 -0.600096643002861 -0.00885110466131641 -0.799878538906359 -0.7923861506019 0.143558885684368 0.592887033654275 0 0 0 0 0 0
23.6112094862875 5.13629642997513 22.6896559271366 -0.401960000352101 -0.67241624364363 -0.62151794294383 -0.889889642491526 0.126981238702016 0.438146310270903 0 0 0 0 0 0
23.1998743281266 5.40113228575602 22.6932067073622 -0.11704765142866 -0.983210456292329 0.139989449361246 -0.924433902254773 0.159376695839816 0.346440513198436 0 0 0 0 0 0
22.6588921577418 5.47238638755845 22.6299715669339 0.127079491343428 -0.847377245534407 0.515560478150156 -0.932759006652097 0.0746919731240758 0.35267796168775 0 0 0 0 0 0
22.1332838355721 5.23796799966534 22.6894352838038 0.399877375704437 -0.260952074620924 0.878636500010538 -0.91201495821845 -0.0178443076124961 0.409768589171533 0 0 0 0 0 0
21.7733123464002 5.04251238574045 22.8345583061608 0.364590269077454 0.527662601548913 0.767232764303417 -0.929644454006694 0.159148611178526 0.332314472592669 0 0 0 0 0 0
21.4531094031937 4.97568750795156 23.238560939937 0.263119702030268 0.964437195451265 0.0250782462225796 -0.916896549394898 0.241894373530228 0.317470990426132 0 0 0 0 0 0
21.172875200165 5.05522479375624 23.6612471113393 0.123394810792904 0.822567873352664 -0.555117838298734 -0.869890634849274 0.358860880220475 0.338392009434197 0 0 0 0 0 0
21.0710816153538 5.41233260920548 23.9655833695114 -0.300204571200006 0.333444157751859 -0.89369581463257 -0.841823900409812 0.347972271365246 0.412610977871072 0 0 0 0 0 0
20.7342767809884 5.72076458456711 24.1054445456793 -0.364610321925378 -0.419279245105702 -0.831423013735526 -0.901455328002246 0.38266722898533 0.202346444191768 0 0 0 0 0 0
20.4879880333307 6.05145343751516 23.8886204216549 -0.510742150189279 -0.850476257990095 0.125827622623954 -0.828351053788336 0.525981997543002 0.192814599935862 0 0 0 0 0 0
20.0401947025375 6.19791034930434 23.9270862423728 -0.096533508390255 -0.783238127360049 0.614181827806221 -0.889876660619308 0.344336989211778 0.299251677932799 0 0 0 0 0 0
19.5962028850932 6.0773819387367 23.9674146531481 0.332650485085052 -0.0386014667838441 0.942259826977046 -0.841379520578965 0.439134368052127 0.315026203903375 0 0 0 0 0 0
19.2540474342339 5.95550823730109 24.2916428022518 0.396149287384608 0.72741913251357 0.560292020073346 -0.915189221391135 0.263556685896326 0.304904185554797 0 0 0 0 0 0
18.9123098268928 5.92371157676299 24.6770538794854 0.391754641580206 0.914048704974697 0.105086943691607 -0.880151236639922 0.339027376920769 0.332256284123324 0 0 0 0 0 0
18.6805413115561 6.1526188818926 25.080893454738 0.0021116476537739 0.59970623275644 -0.800217455031609 -0.911734160840074 0.32986564070011 0.244804981654281 0 0 0 0 0 0
18.4566800016772 6.52709203369042 25.2543726092906 -0.174868637445431 0.0407853754845213 -0.983746671041161 -0.964188331369928 0.195256784685188 0.179487185293195 0 0 0 0 0 0
8.90080681891306 5.43928568575214 1.58727724705734 -0.00555830185678432 -0.209465900464161 -0.977800154337893 0.382665774014654 -0.903833804073017 0.191445449182432 0 0 0 0 0 0
8.8696525962508 4.90848632517248 1.66237444836557 0.58367233333835 0.254736365958208 -0.770996751714152 0.621634635815124 -0.751056320212077 0.222451755274019 0 0 0 0 0 0
9.29812735143268 4.43475757610479 1.63349856517286 0.271821421756366 0.34069719337928 -0.900021409244153 0.595619628026844 -0.794141975125109 -0.120730203567937 0 0 0 0 0 0
9.4197923017726 4.03854646325861 1.40205020410562 0.752326840510641 0.571623496243495 -0.327491837439713 0.524876887350209 -0.82051455943479 -0.226406958552711 0 0 0 0 0 0
9.69449354502944 3.68380515853896 1.11750754128092 0.704464064973027 0.670231157276262 0.23349641748387 0.704649898728849 -0.699807739682814 -0.117207711783202 0 0 0 0 0 0
10.1080751139976 3.45480337678676 0.835205440253891 0.279513760170063 0.473049166180883 0.835521719796179 0.838727736680747 -0.543864504961393 0.0273346660029072 0 0 0 0 0 0
10.6094980592616 3.24126932098776 0.811356499082355 -0.00169968470557302 0.474021915769918 0.880511405060558 0.902981784763691 -0.377607719169757 0.205027575726761 0 0 0 0 0 0
11.0919095577752 3.39392979544818 0.908491391664546 -0.303990896408189 -0.312059561913373 0.900115750733971 0.910147170029673 -0.374276243570142 0.177621570722705 0 0 0 0 0 0
11.5628112261404 3.39132310939865 1.17335933757458 -0.471601633388958 -0.827399962146384 0.304960984430848 0.872743795626854 -0.48741995388611 0.0272039656758941 0 0 0 0 0 0
11.8571617023966 3.20033894278321 1.52411054619182 -0.129531787922643 -0.698536471904899 -0.703753020125825 0.978797338649559 -0.203648079123275 0.0219824867096331 0 0 0 0 0 0
12.2697275980311 2.86316729451342 1.59331866335062 -0.0541832028165167 0.126312617085368 -0.990509617973289 0.965790431124206 -0.245303639579185 -0.084112826359162 0 0 0 0 0 0
12.5199697358478 2.49896227084909 1.45084244142477 0.198552255556725 0.719123058168385 -0.66591217816157 0.930120270295927 -0.352436950499888 -0.103268962941308 0 0 0 0 0 0
12.7655531725122 2.22430832525598 1.13976056184609 0.317165492004045 0.937787855352271 0.141279825295831 0.946761350836462 -0.321768030009915 0.0104057400438034 0 0 0 0 0 0
13.1923116376776 2.34164941073173 0.858247053276352 0.265965371773389 0.667060721414682 0.695911211982654 0.962830989303062 -0.14854751223213 -0.225588392093504 0 0 0 0 0 0
13.6155190755334 2.3313605680777 0.701648000100661 -0.00331593832745877 0.158809730541467 0.987303638217927 0.98043292302171 -0.193812390592272 0.0344679664038628 0 0 0 0 0 0
14.0985191555213 2.55883522405641 0.807864706001631 -0.197408273813229 -0.654736048936979 0.729623656176578 0.979738830582109 -0.106112412710931 0.169858705158934 0 0 0 0 0 0
14.1306960037057 3.32661329120576 1.2242054782296 0.307844850833939 -0.435926791500235 0.845694614070199 0.546409327730799 -0.646658269760585 -0.532231085825531 0 0 0 0 0 0
14.5750147852112 3.091781870711 1.24698790269554 -0.513462551029743 -0.680358936004748 0.522941609444609 0.52154074100558 -0.731363845147277 -0.439433933012393 0 0 0 0 0 0
14.9537765446849 2.74348137272846 1.28651272404447 -0.862029960551108 -0.506655517411899 -0.0143015309787078 0.502165188435903 -0.849879415210121 -0.159797068575234 0 0 0 0 0 0
15.0829144548317 2.2400246441727 1.45102100058755 -0.832380222561138 -0.302265508098147 -0.464519889459257 0.410361595171668 -0.899497482554261 -0.150025464794184 0 0 0 0 0 0
3.16756910037424 1.67280773807549 9.08135281208145 -0.179901791721442 -0.784448734565172 -0.593528034868208 0.969271799256162 -0.244270513162604 0.0290533228048266 0 0 0 0 0 0
3.47080599102033 1.24401604872673 9.16477111180454 0.0914653857802519 0.191714188656237 -0.977179488667231 0.885608853986267 -0.464359310532093 -0.0082090476482571 0 0 0 0 0 0
3.82256223270091 0.871145285382654 9.09798322989192 0.15456614216529 0.706182957275549 -0.690952197007651 0.885315792417871 -0.40943200017454 -0.22041185296756 0 0 0 0 0 0
4.09063819318238 0.591298775830661 8.84227343950961 0.27806915904324 0.946200963456311 0.165472896703163 0.936156456513188 -0.305537540321852 0.173947981830046 0 0 0 0 0 0
4.69231911062492 0.520938381296314 8.89760552965394 -0.283035331196408 0.897108440386491 0.339245408932616 0.918056061149021 0.151029616083897 0.36655575790471 0 0 0 0 0 0
5.06253883379993 0.754977298940326 8.81003139558228 -0.322475086877602 0.241917304275778 0.915142522362077 0.946572918226548 0.0855674422933383 0.310930737141655 0 0 0 0 0 0
5.40822786078614 0.987786053105491 9.08009538650722 -0.299408876208952 -0.480542246310925 0.824277546920783 0.943216672387834 -0.0188118657140348 0.331645025046325 0 0 0 0 0 0
5.77481429112017 1.20211031192011 9.4260060020583 -0.280268565176769 -0.890371830012151 0.358730449912701 0.959741605972669 -0.252676121212666 0.122681814193983 0 0 0 0 0 0
6.1988173991952 0.957974663934217 9.69396033022524 -0.233486450517399 -0.78157187761805 -0.578471673931734 0.930976305029478 -0.351398291506159 0.0990068694597259 0 0 0 0 0 0
6.5390697750146 0.553837938850833 9.83544051729433 -0.0470099843550057 -0.0467916166031531 -0.997797878323365 0.938290559959744 -0.344709315715031 -0.0280412686893056 0 0 0 0 0 0
7.07139023237159 0.280217763607691 9.73081208974272 -0.0314048557559286 0.499401259489711 -0.865801430499535 0.991829684238659 -0.0915852028911975 -0.0888033111681131 0 0 0 0 0 0
7.45953977721128 0.0963506988602384 9.45937669736521 0.0529051761878544 0.974161416133942 -0.219569072613714 0.963665181849525 -0.107454198572995 -0.244546544649396 0 0 0 0 0 0
7.89002576321675 0.0540321170851659 9.07157859030306 0.00800397218350287 0.952965426194874 0.302973320453316 0.848892134218026 0.153657982875664 -0.505738439078292 0 0 0 0 0 0
8.09854299074893 0.234470976151123 8.6065837999002 0.340525558695443 0.48380566670778 0.806209911088048 0.821131094179203 0.264674763117534 -0.505658971976907 0 0 0 0 0 0
8.25939595553019 0.679074537592821 8.51505398515442 0.754317449940737 -0.520612793267899 0.399959378188213 0.5634483091773 0.200708495460192 -0.801400089053744 0 0 0 0 0 0
8.68925675168054 0.823925546597395 8.19988179615608 0.223839125962632 -0.93618587961817 0.271020376525162 0.618677672317928 -0.0783810155996936 -0.781725242120806 0 0 0 0 0 0
9.16684557908322 0.72997186033721 7.9854565710879 -0.208621098713282 -0.947959180351149 0.240521578158054 0.634603280180759 -0.318340521130534 -0.704228648515638 0 0 0 0 0 0
9.59136330259774 0.523809212876741 7.88753404029343 -0.70669286184967 -0.66748972951453 -0.234611721794421 0.496606890104868 -0.231772122403108 -0.836458773626728 0 0 0 0 0 0
9.83195553431688 0.124482990583893 7.67634256361545 -0.714032037111554 0.179947369414274 -0.676592339758003 0.600245800820498 -0.340086046154032 -0.723910533014045 0 0 0 0 0 0
9.83494358924511 -0.351278366470082 7.3387572816001 -0.328837749942601 0.769294521268648 -0.547769726946215 0.42513175232583 -0.397345487651625 -0.813252455641705 0 0 0 0 0 0
1.82481469699008 9.78487215782327 5.41697234839343 0.336226454388817 -0.20304064084677 0.919633769243854 0.94088783994617 0.114940450738111 -0.318620095765397 0 0 0 0 0 0
2.19995729783173 10.0741176640222 5.65790498406789 0.298607493881851 -0.936037250264692 0.186192993193929 0.940096126117584 0.254864991508566 -0.226413581222617 0 0 0 0 0 0
2.66250699829219 10.1606385134626 5.81167208267857 0.159451618850718 -0.802343386384011 -0.575169776302372 0.973676359492748 0.223943979861183 -0.0424669383036254 0 0 0 0 0 0
2.99698920322291 9.93983002023715 6.0414801061247 0.248027952789978 -0.0253776618549894 -0.968420419504663 0.851691813856369 0.482069654902475 0.205499153361411 0 0 0 0 0 0
3.51011610362674 10.0077987875241 6.05228175945106 -0.225639363469236 0.247957975773572 -0.94212723127159 0.800394908577815 0.598498108341547 -0.0341760827817011 0 0 0 0 0 0
3.99560032792802 10.150379004545 5.83862556886366 -0.621023757678174 0.661925709001568 -0.419742597507153 0.71427348154462 0.698441826562679 0.0446364029679415 0 0 0 0 0 0
4.33385821912325 10.4513412292198 5.59865263418068 -0.727823042327501 0.577507423638374 0.36980913279651 0.598213879934264 0.798329680313428 -0.0693532651333238 0 0 0 0 0 0
4.54990740281367 10.9502710808842 5.38332380691995 -0.679671916472802 0.145154786982766 0.719010551921303 0.46637046219118 0.842104076928956 0.270849248873275 0 0 0 0 0 0
4.4259245349366 11.4151275055199 5.30650197629699 0.091917584517874 0.00695427209784364 0.995742334018188 0.55586822614865 0.829306698575116 -0.0571044206414511 0 0 0 0 0 0
4.41590005445244 11.8855609853195 5.36537366986624 0.70404276505738 -0.380819118738404 0.599416869777339 0.52963127505955 0.843861348651427 -0.085957761319086 0 0 0 0 0 0
4.5146039894154 12.3161848646007 5.64636515323989 0.867514078547467 -0.41490518972293 -0.274359266406146 0.315024204814987 0.885139167024377 -0.342473948469191 0 0 0 0 0 0
4.87108323836874 12.6888597415571 5.62055665662543 0.347150856254665 -0.583361366281223 -0.734285911162781 0.552493086984291 0.759896380936613 -0.342503838042737 0 0 0 0 0 0
5.37158290708617 12.8800634246979 5.67870653346731 -0.453856924446823 0.0584114712493884 -0.889158024289356 0.459232357766692 0.870457884922056 -0.177225032535099 0 0 0 0 0 0
5.64628903619549 13.2851477259153 5.44514545896871 -0.912645514766186 -0.117457808186114 -0.39151223183098 0.0979074346694272 0.867123391463499 -0.488376041809272 0 0 0 0 0 0
5.69055778784917 13.5400910365802 5.05227936546281 -0.919261711112185 0.205759770447515 0.335590261104942 0.0527220199121288 0.90918948721496 -0.413031312316855 0 0 0 0 0 0
5.55113886477716 13.7866104056483 4.66882788518984 -0.259747797730336 0.413008591638737 0.872900329251186 0.0915441090520463 0.910386658735905 -0.403504408518103 0 0 0 0 0 0
5.42247406338724 14.2475061936888 4.53153680661188 0.34193521963979 0.13372211184513 0.930160578810759 0.282439580234828 0.92943411753166 -0.237444950851599 0 0 0 0 0 0
5.33969044706153 14.7581707313406 4.59822838924765 0.835746941992485 -0.372418684673981 0.403523694788685 0.423346581378344 0.905014526916002 -0.04154970645231 0 0 0 0 0 0
5.57285531209738 15.1708009190807 4.97951345808253 0.804349666789097 -0.463860300017549 -0.371288614966711 0.492406057505835 0.870127951301287 -0.0203377210076737 0 0 0 0 0 0
5.9728217530028 15.2226304712487 5.29624539485407 0.446030846135154 0.223004166105175 -0.866790416534294 0.436307694091519 0.791418329759364 0.428126877686323 0 0 0 0 0 0
20.3140532472559 13.5840973400697 4.13155135617549 0.969363348346661 -0.245310788132675 0.01254257182068 0.0753645027794127 0.248432047536261 -0.965713057526797 0 0 0 0 0 0
20.4800645154261 13.8788866518864 3.78354189582634 0.632956316302504 -0.771883241496655 -0.0596872109365301 0.185185287177129 0.22581072291631 -0.956407824533624 0 0 0 0 0 0
20.8955888603879 14.0192780361769 3.47319550857592 -0.120412635553348 -0.939050982150223 -0.322000077828868 0.175156228092972 0.299174451546665 -0.937984511227129 0 0 0 0 0 0
21.2098633681531 14.037033432737 3.10359900389808 -0.768695718660342 -0.610130172416533 -0.191958497650484 0.0785428247640912 0.207802198666073 -0.975012446539849 0 0 0 0 0 0
21.2233531773963 14.0647040624946 2.55877420187936 -0.941392498157135 -0.249163964428096 0.227370805610445 -0.258542211099769 0.100058315212899 -0.960803964727664 0 0 0 0 0 0
21.1087812797736 13.7825374583725 2.25033966777449 -0.660582399363919 0.750715354408938 -0.00757299843326454 -0.112797133629787 -0.109216993639296 -0.987597314164684 0 0 0 0 0 0
20.760660819174 13.6110512588763 1.85170019023362 0.118861975267481 0.992909688637571 -0.00147683619689406 0.0167670325982418 -0.00349435827271133 -0.999853317281145 0 0 0 0 0 0
20.6708565529495 13.7723271692114 1.37106303756872 0.735795556008469 0.632413431745842 0.242194448957106 -0.00711978589794939 0.364843352995238 -0.931041694245731 0 0 0 0 0 0
20.6723834158125 14.1937430830319 0.985776904657178 0.937008233369483 0.227182439583407 0.265336973945832 0.0269096791276806 0.710404291102656 -0.703279185211804 0 0 0 0 0 0
20.7369039736319 14.6162125762 0.653641499289018 0.958925800910594 -0.283653141121387 0.00148454705075051 0.175936089961776 0.590652922990499 -0.787512296292408 0 0 0 0 0 0
20.9929453427446 15.0280562482808 0.474650287134515 0.446215670385872 -0.828841745340601 -0.337509906051416 0.368928373019147 0.513966513200357 -0.774422545442803 0 0 0 0 0 0
21.3725850258906 15.0733542199855 0.209833253864599 -0.441641476351417 -0.582317993202164 -0.682538322117627 0.294175640465856 0.624707053482376 -0.723326890061384 0 0 0 0 0 0
21.6554540001872 15.1222535578617 -0.201039591283773 -0.924435558919229 0.0414962342479246 -0.379073818601251 0.344445021275355 0.517422361098547 -0.783346492654319 0 0 0 0 0 0
21.75188717853 15.2378160589788 -0.70634406454243 -0.844928005187156 0.457715465706654 0.276754798519184 0.178145703084876 0.728685574028913 -0.661272593318782 0 0 0 0 0 0
21.593849132156 15.215280528767 -1.09314098126244 -0.041452202130965 0.942833837601027 0.33067517235652 0.153690414852288 0.333037662673775 -0.930303806088807 0 0 0 0 0 0
21.4523153635694 15.4076604183946 -1.51050715972142 0.657983425796394 0.589666008143121 0.468350093645554 0.238497270658442 0.426750477667736 -0.872354905814619 0 0 0 0 0 0
21.3913130076466 15.8371039015953 -1.73220875395201 0.935135178539791 -0.323127502656527 0.145295612061444 0.295473075252551 0.484998464743735 -0.823086964419327 0 0 0 0 0 0
21.6820109804136 16.1809699487341 -1.91167591984532 0.277442677939939 -0.81302981355638 -0.511867251077849 0.259247301974447 0.576374460384181 -0.774973107814596 0 0 0 0 0 0
22.0179560628624 16.388782507225 -2.15008674477596 -0.591124146159803 -0.563674754884583 -0.576925484384812 0.216760713955926 0.577942490930979 -0.786763795596755 0 0 0 0 0 0
22.2490856609883 16.3617943725948 -2.57135173037714 -0.966800416731849 -0.0228108085309866 -0.254512516826358 0.200614466481371 0.549161424930541 -0.811280201414193 0 0 0 0 0 0
5.38342075407634 -2.54793600637554 0.819472833924365 0.603229705554584 0.431022453364523 -0.67106897337916 0.68649334051982 0.147718675618336 0.711973374709689 0 0 0 0 0 0
5.86028453913708 -2.64256026588176 0.970757369738516 -0.153794369757147 0.968967916716577 -0.193516067045968 0.60020847147052 0.247185094631286 0.760690028702326 0 0 0 0 0 0
6.25384195646516 -2.34137856158387 1.05580700088466 -0.663261393068157 0.683073452758376 0.305769492595387 0.677139466394181 0.373756355451362 0.633867754197293 0 0 0 0 0 0
6.48028129697274 -1.96431194826473 1.23032836812064 -0.626766039913534 -0.21043742456028 0.75025357150469 0.650385273104194 0.388993773755323 0.652443745091312 0 0 0 0 0 0
6.51386102914945 -1.62578078432694 1.6662140750338 -0.152321688768869 -0.800192929024947 0.580077046149109 0.484573232739754 0.451073303552175 0.74948092499721 0 0 0 0 0 0
6.470452301092 -1.45319216476634 2.18013499980153 0.429024775556691 -0.883939733632924 0.185979271058593 0.462449297233391 0.391799268058296 0.79538291472556 0 0 0 0 0 0
6.63665113974831 -1.44185484766612 2.69888962505276 0.676079060649754 -0.662096732683558 -0.323334223862405 0.621387046237739 0.276505273053783 0.733091380894219 0 0 0 0 0 0
6.93391593135227 -1.51749410838405 3.18929838687842 0.647951568314624 -0.247515742570735 -0.720343475224338 0.758128369845474 0.300817963433536 0.578575775254326 0 0 0 0 0 0
7.34288760270126 -1.75954904579268 3.4156820662293 0.308518888096304 0.751066285306672 -0.583708429580608 0.76109314381526 0.173172284192762 0.625098861321044 0 0 0 0 0 0
7.86223091577141 -1.67392037147509 3.60378005540243 -0.234134579651261 0.82581406562618 -0.513042033000696 0.817173731316813 0.453054784822925 0.356326331885269 0 0 0 0 0 0
8.34694498328007 -1.35194273779992 3.55443377043396 -0.572928689985888 0.816708497291595 -0.0688472704089146 0.743453553689336 0.553219009296345 0.375799868626731 0 0 0 0 0 0
8.73862734144928 -1.04692298449245 3.45241446062106 -0.655458411472816 0.430252871163206 0.62069053294323 0.700752314788216 0.652960307674944 0.287383071735271 0 0 0 0 0 0
8.90421560254808 -0.5952031565483 3.53243935150364 -0.139525981935227 -0.28267990598591 0.949012418842245 0.828280321222664 0.491902620444425 0.268297449624835 0 0 0 0 0 0
9.03208564025601 -0.172013192567614 3.80058134496093 0.362661389352258 -0.755026302065812 0.546270994893483 0.862084400793071 0.494443541437464 0.111067863218986 0 0 0 0 0 0
9.48629749895386 0.0795911598896739 3.90717262237838 0.0453580336337586 -0.998726736193728 -0.0220806520896169 0.988368107115467 0.0416538442127607 0.146264972222635 0 0 0 0 0 0
9.8352291705987 -0.138874274101335 4.20420818086009 0.157698538594454 -0.691700712703447 -0.704756195411376 0.976774643812928 0.00442471716992649 0.214223521309154 0 0 0 0 0 0
10.1374984161321 -0.418790396693434 4.40572674581062 0.339482203799 0.240812738731956 -0.909264020055885 0.933098189738657 0.0357260477040347 0.35784272777561 0 0 0 0 0 0
10.6101735923015 -0.802151633625983 4.367746076302 0.152042795403976 0.83216572885802 -0.533275902399447 0.955397384288632 0.0144663919595521 0.294968746815851 0 0 0 0 0 0
11.0704231994689 -0.890004324042899 4.23451539967563 -0.0648405066368241 0.916275152132117 0.395266434553132 0.990273189765 0.0102177392118672 0.138760972315886 0 0 0 0 0 0
11.4861900154701 -0.592744792509035 4.06880532833753 -0.0977144542666145 0.0110903273444867 0.995152696859517 0.986340764135284 -0.132154022966977 0.0983219772922971 0 0 0 0 0 0
7.73338699056523 8.505475450612 4.02340994701674 -0.283693922170716 0.941905327597256 0.179811324357786 0.480948675667107 -0.0224602186482991 0.876461014507962 0 0 0 0 0 0
8.0820879405348 8.64052014697927 4.37785343740821 -0.851434714929011 0.12933147867174 0.508264001123761 0.515330644508538 0.026266998821709 0.856588799601837 0 0 0 0 0 0
8.09382761823573 8.921579555922 4.72427379050505 -0.159057380778419 -0.856566091669771 0.490912701222408 0.777366531674871 0.197867756624376 0.59711776587221 0 0 0 0 0 0
8.37019043101412 9.06790644098547 5.18266217215162 0.0564310593546811 -0.99057499373488 -0.124806719880179 0.751333015579442 -0.0401902489170824 0.658698294815074 0 0 0 0 0 0
8.50320388495582 8.85121901646479 5.63949980376975 0.554306837376559 -0.501178073624896 -0.6645031742251 0.674725693891509 -0.196881213867961 0.71132483833232 0 0 0 0 0 0
8.70935215666052 8.42598094341092 5.86359555072454 0.750460187282081 0.392183668755335 -0.53197883159591 0.647978451024165 -0.278121801604243 0.709064306308486 0 0 0 0 0 0
9.07448843187143 8.16241748990399 6.03079519849355 0.263111054078134 0.964098390715032 0.0358729179546182 0.511803108679432 -0.17100214840984 0.841912016297005 0 0 0 0 0 0
9.61166723050724 8.31738399124646 6.29005104256617 -0.224508488590464 0.847392267377474 0.481167625406873 0.780798518233839 -0.139007914506551 0.609122708186439 0 0 0 0 0 0
10.0639554332045 8.4962647396333 6.5523538867919 -0.680937676321317 0.378827189194665 0.626748627196737 0.627236475448919 -0.140068983975549 0.766129939105943 0 0 0 0 0 0
10.3010208511383 8.74953130962409 6.95991021026208 -0.801489245835022 -0.322292266012217 0.503728780277163 0.551452235270241 -0.0724749236379131 0.831052235216977 0 0 0 0 0 0
10.3349644728947 8.88500285207623 7.43488542121919 -0.185600030308997 -0.973268733371406 0.135279715371226 0.446244028830578 0.0391715169846675 0.894053610803163 0 0 0 0 0 0
10.3383372412089 8.71011848408228 7.88778217654613 0.640271774871444 -0.672202125060616 -0.371747706606191 0.533302466704891 0.0406901245789046 0.844945437746268 0 0 0 0 0 0
10.5012231627261 8.41465748210519 8.24523136913814 0.853302261862261 0.18209318588034 -0.488587066505754 0.512427171394351 -0.119612498042188 0.850359479472589 0 0 0 0 0 0
10.822196390378 8.14249972494133 8.57229034656864 0.555982913221943 0.67471757026436 -0.485426823096746 0.689085483711546 -0.047574697962268 0.723116756998359 0 0 0 0 0 0
11.3588324941308 8.15148258358616 8.68449043704944 -0.020599886000672 0.992198489146682 -0.122954474631076 0.675513440232953 0.104476080735884 0.729908446737475 0 0 0 0 0 0
11.8109394144401 8.21368319274807 8.79832178170182 -0.586458725777454 0.647317153004182 0.486874384606591 0.672595914137144 0.054266946226137 0.738017503067041 0 0 0 0 0 0
12.1335755710908 8.27309559770758 9.21591153339311 -0.898849729477568 0.336886622134851 0.280315122040668 0.38944251117753 0.320624311939361 0.863443444054763 0 0 0 0 0 0
12.1928514448043 8.71601444508542 9.40173453340377 -0.690946847880746 -0.287452784388374 0.66329733163268 0.456547711795267 0.537893300306847 0.708685391650989 0 0 0 0 0 0
12.2384851897434 9.14534894654063 9.73357137218909 -0.120837987273259 -0.783010134101638 0.610158430840616 0.485036072622459 0.489719336089894 0.724510165639279 0 0 0 0 0 0
12.1473308748958 9.38236355235862 10.1084479911579 0.675986885683451 -0.706770255496099 0.208608572043358 0.434216129496655 0.610743719777345 0.662154409210931 0 0 0 0 0 0
17.7649725044844 8.96652507173962 8.78227176657818 0.874259336418479 0.450872840451929 0.179956368122748 0.0445693607817889 -0.44367370972233 0.895079444172823 0 0 0 0 0 0
18.0392436692132 8.55277401985919 8.98940226001112 0.204408728214746 0.915520714699963 0.346466293865507 0.316781377193289 -0.396761308589225 0.861527726234094 0 0 0 0 0 0
18.184400295633 8.33895359280653 9.48498582432314 -0.367521704429197 0.9240652090447 0.105029930051548 0.0351319932248903 -0.0990584046265676 0.994461248880461 0 0 0 0 0 0
18.4539948018026 8.54619126285299 9.91745609074648 -0.97310766749485 0.229907745632877 0.0142792142900301 0.0544177685404097 0.169209200058978 0.984076700812738 0 0 0 0 0 0
18.2882391360624 8.8610853150772 10.2653095806479 -0.786166624467346 -0.594456021407469 0.169009103855449 0.166520208700748 0.0596041243733945 0.984234915277822 0 0 0 0 0 0
18.3954022073386 8.97342790483342 10.7405322896241 -0.815451024528641 -0.568339232011886 -0.109682012888755 -0.108177166461347 -0.0365127142021149 0.99346088114127 0 0 0 0 0 0
18.0978218265205 9.03729055857035 11.1533022350823 -0.120398146895935 -0.955477230662835 -0.269383644471789 -0.246468071054006 -0.234091169939304 0.940454578439259 0 0 0 0 0 0
17.7717673997087 8.85131551906818 11.4782630605192 0.742816732562169 -0.664434125553002 0.0821620023263805 -0.214205937390081 -0.119597550363196 0.969439138024641 0 0 0 0 0 0
17.5133310401398 8.56564616087118 11.7679573474072 0.922650062844036 0.0147056174156501 0.385357764097626 -0.36259636935971 -0.307155817892987 0.879874523134775 0 0 0 0 0 0
17.5750059466819 8.16335234815385 11.8380809776499 0.193497869656418 0.527148332773923 0.827449823066089 -0.331373338155487 -0.758710669870073 0.56084742148377 0 0 0 0 0 0
17.5502843171193 7.82367684842165 12.1833630195093 -0.612562813346433 0.683549118052123 0.396897219586214 -0.439021145355939 -0.711787520155074 0.548287297027616 0 0 0 0 0 0
17.3176764679696 7.65003415090046 12.6783616373367 -0.797049910470055 0.602211021980549 -0.0453136317769739 -0.419895072271675 -0.498690104543097 0.758285109911015 0 0 0 0 0 0
17.1617523597929 7.65422409187181 13.198174968178 -0.791624898502372 0.0487923270243953 -0.609056096673086 -0.531727538253153 -0.546055105180185 0.647371336382682 0 0 0 0 0 0
16.8129558225965 7.65264338750897 13.6278130484455 -0.502671734427239 -0.42945504626604 -0.750259615496226 -0.483285190466355 -0.579982309125397 0.655786509298165 0 0 0 0 0 0
16.3629383906919 7.46572071198599 13.8004275142569 0.188588756472085 -0.657378246952484 -0.729580784674317 -0.637645403571594 -0.646977349191206 0.418125159417058 0 0 0 0 0 0
15.9495895089127 7.08440604814172 13.7213061244318 0.741503101816433 -0.594684972071036 -0.3106814027094 -0.566732661033685 -0.802996458169251 0.18442011572851 0 0 0 0 0 0
15.71064411446 6.75133230676364 13.4423321700462 0.735040022479671 -0.472411388872212 0.48635752797393 -0.542793478942471 -0.839853816895865 0.00456130057969857 0 0 0 0 0 0
15.6741396056591 6.30741114200738 13.2745861333908 0.277421168071058 -0.0381282333526355 0.959991527737354 -0.605057327830343 -0.783097648651232 0.143748748570964 0 0 0 0 0 0
15.6240839150041 5.81310733453613 13.4780462572504 -0.393415030526977 0.535453943886824 0.747337733378626 -0.553546472794735 -0.78698788771802 0.272463515065111 0 0 0 0 0 0
15.525951855566 5.54188674626437 13.8761544390699 -0.839990522177007 0.496711202386079 -0.218389340575439 -0.542449659728221 -0.778242390084937 0.316365530574404 0 0 0 0 0 0
2.34667424142864 3.74200637454908 7.17024040031989 0.621104047355761 -0.782910524197411 -0.0357892925220121 -0.552250812162712 -0.46960418862819 0.688833032373219 0 0 0 0 0 0
1.97708230838672 3.32098960113164 7.38947684285142 0.880299673562978 -0.260011270713806 0.39682064440589 -0.472439437524067 -0.404135800861048 0.783246597397233 0 0 0 0 0 0
1.91673388173925 2.85434106769196 7.56469288412922 0.386747582207625 0.654954712598539 0.649199993916759 -0.629330193385658 -0.327124503011816 0.704934796433289 0 0 0 0 0 0
1.8628749534514 2.76302665058026 8.08000260564273 -0.178331313945427 0.973642174458767 0.142193032817019 -0.81264306046908 -0.227215335450446 0.536641824318222 0 0 0 0 0 0
1.48474805152803 2.68757796729484 8.5065762086436 -0.247124624766569 0.922342119425063 -0.297009148964243 -0.777389509361838 -0.00574116874431062 0.62899331452378 0 0 0 0 0 0
1.2543202083388 2.95077662708831 8.89736610162047 -0.526225889258143 0.341260723508348 -0.778862909673478 -0.665390092309994 0.405064336532588 0.627039798039256 0 0 0 0 0 0
0.984147899379494 3.44365563645034 9.06349435188 -0.56577167201876 -0.316417895787621 -0.761434258729165 -0.810824836745755 0.381351240278395 0.443998103210305 0 0 0 0 0 0
0.607424198714526 3.87307411837829 9.0142016792903 -0.573348657883233 -0.819311046796392 -0.000851528564079315 -0.606410040028492 0.423662541148107 0.672886999859986 0 0 0 0 0 0
0.0881948284689546 4.05872367553518 9.14647917321566 0.00418970083179142 -0.852743609187121 0.522312917126759 -0.481831499456743 0.455965262186371 0.748287435288458 0 0 0 0 0 0
-0.353920022543793 4.11513816310201 9.3818584644894 0.715203688932409 -0.295226801065 0.633502027834482 -0.426082292430855 0.53431943915263 0.730038777751214 0 0 0 0 0 0
-0.591709305201666 4.09384802189775 9.80843119181227 0.902793666878098 0.377904324271036 0.205309319666818 -0.386410332555423 0.50315976072655 0.772992438565869 0 0 0 0 0 0
-0.591109009617822 4.1399029403198 10.3114397481347 0.422588679402422 0.810185543707872 -0.406224313412795 -0.434042945158641 0.574383497046774 0.694039134399733 0 0 0 0 0 0
-0.501628191017601 4.32157325482786 10.8289252227397 -0.0843395281866669 0.701946856705131 -0.707218109459195 -0.634452394072455 0.509451907526035 0.581316534750057 0 0 0 0 0 0
-0.822943331316706 4.61869780488445 11.0876096335185 -0.109729959194966 0.373073170329596 -0.921290261337488 -0.74418935628856 0.583594549733189 0.324960926125795 0 0 0 0 0 0
-0.914033423668141 5.08480522778306 11.1799720547933 -0.656402486888215 -0.262224141817697 -0.707371383825314 -0.691938390957522 0.582868883351557 0.426010713409443 0 0 0 0 0 0
-1.2429435980727 5.55056708403189 11.1965715554059 -0.578477586050902 -0.617490278126857 -0.532981649642405 -0.759991006454027 0.645331003265505 0.0772111801057909 0 0 0 0 0 0
-1.63517258790573 5.82782878426212 10.952879058395 -0.440328634098207 -0.802125498169682 0.403367548495475 -0.791452373715116 0.558903782566247 0.247446361811703 0 0 0 0 0 0
-2.08400760384745 5.91649708297628 10.7922888980516 0.0337259705712711 -0.393868796677096 0.918547728707204 -0.857578758950024 0.460572880794817 0.228978806167946 0 0 0 0 0 0
-2.48133218893797 5.88717055887287 11.0418627599742 0.48581175470498 0.477181228279169 0.732314832820182 -0.860566078332434 0.407795320221834 0.30517044684685 0 0 0 0 0 0
-2.95461502844117 6.09800807578959 11.3798099820691 0.30051106498232 0.953418950717745 -0.026180226039271 -0.948360830504082 0.295770109189906 -0.114593968756642 0 0 0 0 0 0
14.6884732650834 4.18278194272472 3.80502420453175 0.833059388979955 0.499733245441386 0.237231401447963 0.218335899109054 0.0970009528533206 -0.971040807744859 0 0 0 0 0 0
14.8626989425082 4.4040112173486 3.32938574518816 0.868712267940123 -0.0462336823746221 0.493154582402323 0.467175007015648 -0.254341022796338 -0.846792865429818 0 0 0 0 0 0
15.2631331880469 4.4861446027787 3.01454101692192 0.460585155716731 -0.543362017729749 0.701868244061554 0.657760028449262 -0.322008158199499 -0.680927669453513 0 0 0 0 0 0
15.6982249666325 4.52439007259178 2.88280656857567 -0.193964453915664 -0.925122124395988 0.326384505714126 0.661222595004252 -0.36905979297937 -0.653130575813036 0 0 0 0 0 0
16.1596640996295 4.31658779716193 2.82562893347441 -0.682023441720085 -0.711966783001609 -0.167174534085281 0.692453966073832 -0.555132763238304 -0.460798350743603 0 0 0 0 0 0
16.4593283548321 3.93259026528018 2.78241948037113 -0.691213915509271 -0.163944190312669 -0.703807946437851 0.642470576723472 -0.585291118467997 -0.494637104033948 0 0 0 0 0 0
16.5987317374707 3.48844567733126 2.60413450428468 -0.269068024965554 0.512852430242039 -0.815220695723538 0.652347147633379 -0.525664064837246 -0.546004111626806 0 0 0 0 0 0
16.8848535228707 3.24406234015489 2.22695406336601 -0.487953271605793 0.696004533042093 -0.526763034688334 0.541785816556435 -0.231661978517728 -0.807960925223199 0 0 0 0 0 0
16.9541749918138 3.05125808372878 1.81148402015357 0.0250821037650041 0.998337084613111 -0.051903309691365 0.569003361266488 -0.0569459538473466 -0.820361099277541 0 0 0 0 0 0
16.970671330643 3.14616854358061 1.39894252366307 0.798902826663454 0.424418798685642 0.426172449686018 0.549776685761486 -0.227939032119608 -0.803610224816416 0 0 0 0 0 0
17.1810100730561 3.33831710627793 1.00286825410099 0.669543309739158 -0.579839354334224 0.464217707060821 0.315585289261439 -0.343693367469562 -0.884466389615347 0 0 0 0 0 0
17.5930769359489 3.26326257397704 0.708488765140672 -0.125318901242938 -0.902114963889393 0.412896796933691 0.303813673998822 -0.431078602759113 -0.849628442164332 0 0 0 0 0 0
17.9366388735335 2.84713098650534 0.563637990852713 -0.818405994010043 -0.571085122141977 0.0638232891389772 0.284735066140521 -0.499485386507175 -0.818193308928723 0 0 0 0 0 0
18.0018450051343 2.51384770698678 0.365791288183113 -0.789271061391403 0.36418339861889 -0.494390173669019 0.429770869621818 -0.247431050684824 -0.868374846930466 0 0 0 0 0 0
18.1940778384646 2.45755131114206 -0.126998216717429 -0.935285172263799 0.267359354392885 -0.231863369599635 0.177143397357825 -0.21350503016531 -0.960747531283134 0 0 0 0 0 0
17.9951782649097 2.25368318858273 -0.608527711877395 -0.6656998651756 0.741755664824556 -0.0814998356186733 -0.115265216419128 -0.210118726727529 -0.970857379104806 0 0 0 0 0 0
17.7169822836407 2.01793256303669 -0.846523657208244 0.361087028409212 0.795654970969475 -0.486363367335751 0.0385620705670462 -0.533845214405298 -0.844702464640742 0 0 0 0 0 0
17.5935659505165 2.03320711951593 -1.32756403660813 0.947990290946105 0.318204703595904 0.00775724702222066 0.114544369950035 -0.318307855408251 -0.941041814425985 0 0 0 0 0 0
17.7087822246716 2.04784159004075 -1.82303085570807 0.852690071564818 -0.287008656814278 0.436515375179903 0.238722017466873 -0.529164956240968 -0.814245815133883 0 0 0 0 0 0
17.8707507671447 1.853828534337 -2.31471153407319 0.19407909068511 -0.707889936904225 0.679135585718031 0.0219788163456731 -0.688987473020198 -0.724439917214178 0 0 0 0 0 0
9.30495637768462 5.79894902514604 4.89494970157981 -0.851624376362999 0.274161465573035 -0.44673416298642 0.42397610299298 0.861443208385709 -0.279570854734576 0 0 0 0 0 0
9.50935372070754 5.91263695247525 4.49080031415607 -0.562897323138539 0.729427802688162 0.388692274516727 0.697532519238216 0.671516677435857 -0.250027471552016 0 0 0 0 0 0
9.70704728330496 6.33516263180995 4.23075030315734 -0.3305699634938 0.34610227249464 0.878030020107372 0.634291866971124 0.770368165475763 -0.0648592099535097 0 0 0 0 0 0
9.82876508294967 6.85752900012098 4.12769542786536 0.150363739098058 -0.196040018780705 0.968998997419972 0.687230836776694 0.725331344312351 0.0401025926997467 0 0 0 0 0 0
9.85289865750865 7.22871431878048 4.41103597446251 0.826388976731803 -0.560078746843755 0.0582499482411229 0.561471477975162 0.827439759760137 -0.0096552259669603 0 0 0 0 0 0
10.1904082709718 7.441705613927 4.71067200792986 0.47366723083379 -0.284026697162632 -0.833647521278109 0.484059043623893 0.874733301763479 -0.0229889771822034 0 0 0 0 0 0
10.6519766110456 7.74658935734379 4.71319792639684 -0.0205213029770786 -0.163091340450699 -0.986397531826858 0.691710934534414 0.710047435764651 -0.131790067947368 0 0 0 0 0 0
11.1716210194736 7.87424648443392 4.57221877798743 -0.599860286516309 0.264135411986088 -0.75524838351069 0.578150909242907 0.795612680891641 -0.180947473444689 0 0 0 0 0 0
11.5029611396994 8.11335979770221 4.18579849644928 -0.863944026929008 0.438429282620467 -0.247750847575931 0.491387338339271 0.841573304925659 -0.224260687942293 0 0 0 0 0 0
11.1260884495596 7.88981147180312 3.80280811330304 -0.828766584078039 -0.390134377411876 0.40117467103129 -0.496478956659549 0.843377294656977 -0.205483294823022 0 0 0 0 0 0
10.7699754755044 8.07817367408644 3.58408545993651 -0.112082925030701 0.178060026184199 0.977615489337114 -0.407311214313495 0.889137631179068 -0.208642870752254 0 0 0 0 0 0
10.3253078496928 8.39215268366364 3.64049360185938 0.53132208582256 0.327065467437025 0.781488976971119 -0.307899530441762 0.933939941486845 -0.181532544876371 0 0 0 0 0 0
10.1746403424478 8.87916855452175 3.72997339922669 0.92294856719504 0.158780312152992 0.350649047888656 -0.205572346894121 0.973491060975918 0.100275442618947 0 0 0 0 0 0
10.0366166184275 9.31379806371888 3.98050756512699 0.977496328485586 0.111553369461849 -0.179044054799113 -0.105736531098692 0.993517795829047 0.0417393742431229 0 0 0 0 0 0
10.2809435085274 9.93730700948964 3.9589639601321 0.884299906173784 -0.186592521576397 -0.428015077810116 0.0356457369510074 0.940982138401205 -0.336573909635187 0 0 0 0 0 0
10.5510165488518 10.3169739978353 4.11630432376457 -0.0341033541051441 -0.0592678088832955 -0.997659404841629 0.188996622551207 0.979845933781435 -0.0646701068208891 0 0 0 0 0 0
10.8191513511944 10.7378901995263 4.00022847932293 -0.359888548059897 -0.236959967627676 -0.90240246382489 0.36095335924576 0.856533315372588 -0.368867662049742 0 0 0 0 0 0
11.1256994692874 10.9389961157529 3.66266028075735 -0.864886831075043 0.169804581493433 -0.472373976354337 0.398720055073204 0.804085616436587 -0.440985985176644 0 0 0 0 0 0
11.2882568793183 11.0375632589243 3.15198231192741 -0.706020970141788 0.698868771802984 0.114528727918538 0.553796079573292 0.645631044458179 -0.525804580315818 0 0 0 0 0 0
11.2062528646685 11.3744273845567 2.8499634778567 0.0908408098449797 0.754147747053918 0.650391515073965 0.462296680119215 0.546523497528032 -0.698279203614486 0 0 0 0 0 0
15.6093165289825 15.8088067915283 16.785080397038 -0.973723299677925 -0.227280438273845 -0.014371431466054 -0.0339255569281896 0.0823643464166871 0.996024683944361 0 0 0 0 0 0
15.4974759635375 16.0939793223928 17.1686883674924 -0.652270676914939 -0.75796758510553 0.00530131740416887 -0.157683207101423 0.142528935265596 0.97714968597972 0 0 0 0 0 0
15.1416904945524 16.2611453213875 17.4544861994661 0.453796758659561 -0.774906382225721 0.439987045963768 0.0500167616684005 0.515125647414216 0.855654071998896 0 0 0 0 0 0
14.8429432192682 16.3343493832354 17.872318917333 0.972959169609983 -0.151553478125564 0.174304324501422 -0.0548973730583735 0.58128360061817 0.81184706323523 0 0 0 0 0 0
14.8481244161526 16.3986837151377 18.3358527095437 0.664000577405285 0.589886976826657 -0.45949601497266 -0.170614267010532 0.717834080967944 0.674985188054794 0 0 0 0 0 0
14.9336375721584 16.689786433122 18.7656127269816 -0.139888871085684 0.437501774601471 -0.888269835673225 -0.466235257847407 0.762314212965503 0.44888943521846 0 0 0 0 0 0
14.8284635800998 17.1592718313785 18.8832564656236 -0.444478725663392 -0.0339402350036753 -0.895146201958396 -0.636671100952835 0.714921554654857 0.289027818559712 0 0 0 0 0 0
14.7055111251046 17.5966043831216 18.7491459775406 -0.824271778187326 -0.561439184002269 -0.0732262135493162 -0.553807603761937 0.772563454914853 0.310552485331365 0 0 0 0 0 0
14.3397266178528 17.866590676109 18.5888244676689 -0.46250914643244 -0.495266532954157 0.73538857130221 -0.579615984723804 0.796548605059132 0.171917509378789 0 0 0 0 0 0
13.8414519204992 17.9839661046822 18.4684468154216 0.183921769722424 0.107261095679475 0.977071051651727 -0.683603973260802 0.728224079370061 0.0487370287119824 0 0 0 0 0 0
13.3936013950705 18.1752093487931 18.6740979431923 0.654699011816321 0.402136517589976 0.640043299431638 -0.664216240060772 0.710240750063925 0.23318418340052 0 0 0 0 0 0
13.5409651929945 18.8986449587316 18.4551690026998 0.525556060184819 0.341149203081008 0.77936387447726 -0.356368736086206 0.920115465016986 -0.16244646803454 0 0 0 0 0 0
13.2868892535376 19.2444430039434 18.6433492169197 0.944047504216544 0.318762821610204 -0.0846438027360284 -0.328046778771464 0.934049654372629 -0.141196862939799 0 0 0 0 0 0
13.294305724883 19.6399000769521 18.8948778780905 0.437196175534495 0.280753262072734 -0.854422091201725 -0.344553519451034 0.929829561435306 0.129227933957539 0 0 0 0 0 0
13.2872990242331 20.1160647171881 18.8451387456665 -0.326470705873439 -0.214451141218246 -0.920558301378403 -0.408652332268074 0.910219023011314 -0.0671163279701404 0 0 0 0 0 0
13.3431138619069 20.4469546136322 18.4901815737606 -0.954472098220942 -0.168155535004392 -0.246387357153525 -0.181143855536081 0.982972179747034 0.0308641773726257 0 0 0 0 0 0
13.1911948660001 20.9764453094757 18.389639271919 -0.849614271583737 -0.390486449556541 0.354508000239717 -0.401433920743814 0.914756284523482 0.0455164497851561 0 0 0 0 0 0
12.8523643900581 21.4292553018879 17.6909747071893 -0.378221232059843 0.924015396290241 -0.0560735859181686 0.924833890435454 0.374524719091037 -0.0664342523989258 0 0 0 0 0 0
13.1118940776701 21.761066576109 17.4219018141707 -0.19665410610553 0.527764999485116 0.826311846623483 0.901433732910694 0.428828189994245 -0.0593599918880777 0 0 0 0 0 0
13.4110481424696 22.2667095285951 17.3407739862635 -0.0900954685687993 -0.131145939300246 0.987260628784733 0.959084369970489 0.255726935470319 0.121494467994514 0 0 0 0 0 0
2.48087131551007 7.12817242561077 -9.41919089951554 0.221743604468528 -0.205008105045887 -0.953310783922432 0.973117848220951 -0.0158583180276644 0.229761109031009 0 0 0 0 0 0
2.85218741649822 6.87095907120466 -9.46937460399413 0.136232349005468 0.744917663023944 -0.653099090796641 0.982022165611084 -0.0145913933422293 0.188200843486016 0 0 0 0 0 0
3.24622984145141 6.73973118953631 -9.60766081640246 0.0584070274400909 0.975912906782411 0.210196616340787 0.907398131631553 -0.139680875274369 0.396380983138889 0 0 0 0 0 0
3.71047036777765 6.91155798024889 -9.70056157012123 0.00658586914029994 0.595210600784053 0.803542759933754 0.980487073107029 -0.161725136150453 0.111759025618199 0 0 0 0 0 0
4.21582957855936 7.11807667449643 -9.69611926068568 -0.222597615008114 -0.205015830602866 0.953110072864051 0.967481729443606 -0.16691241475096 0.190050911586379 0 0 0 0 0 0
4.60765249287317 7.3240663190829 -9.45553683808293 -0.322358609768664 -0.728628175915385 0.604306137624163 0.938451009528997 -0.329658829024152 0.103124968656623 0 0 0 0 0 0
5.11769104503238 7.25819591022788 -9.1226328757421 -0.540955051969659 -0.715952734474231 0.441338094602513 0.809795352947519 -0.301654225592404 0.503225808685177 0 0 0 0 0 0
5.34301505108845 7.2263459726655 -8.64257171916191 -0.227009139500832 -0.890766916027384 -0.393701856604914 0.725375417344254 -0.424395022359201 0.541958825843238 0 0 0 0 0 0
5.47039329833183 6.91606634012991 -8.25258041836787 0.312792266286365 -0.362606742119326 -0.877882309151432 0.737678848017172 -0.489479794143004 0.465015535561751 0 0 0 0 0 0
5.91720726452296 6.5572680779792 -7.98402924490282 0.503042360059679 0.347103459928589 -0.791497044903637 0.864201054621142 -0.191162887321832 0.465417326388357 0 0 0 0 0 0
6.37049715907121 6.32900036640495 -7.88986936760232 0.216417029549758 0.868606254187566 -0.445743025191764 0.896046697122054 0.00456107965368425 0.44393638410143 0 0 0 0 0 0
6.84167840415222 5.73837185658935 -7.78449045131982 0.473927451969258 0.879899833210071 0.0341914285577235 0.679334971928582 -0.390053729026842 0.621580312097358 0 0 0 0 0 0
7.31158100361593 5.61655765036882 -7.69436315219729 -0.305231168688135 0.696799925784385 0.649079191692473 0.605252751004491 -0.384268531729201 0.697141881487678 0 0 0 0 0 0
7.59354823397794 5.73955004795713 -7.36986744681388 -0.727101685255257 -0.0249081566039595 0.686077782057951 0.670313614819842 -0.241677376450281 0.70162076900507 0 0 0 0 0 0
7.81374204190324 5.89645912493165 -6.99561454607496 -0.578789000689748 -0.744018162460126 0.333826701463529 0.736871311495452 -0.301812702442449 0.604921286564921 0 0 0 0 0 0
8.12955708312869 5.84899630004896 -6.55282212894754 -0.433563010197483 -0.873721644879736 -0.22053027786938 0.690874640696986 -0.479419169723176 0.541155698984822 0 0 0 0 0 0
8.23465349941724 5.56831509508214 -6.18851201961465 0.0313641106839332 -0.615769876509202 -0.787301563408105 0.773052248650119 -0.48435434539866 0.409623105977227 0 0 0 0 0 0
8.40231404238446 5.12727596339697 -5.87392945239925 0.531947639213353 0.113865880126894 -0.839086569120414 0.767187607608991 -0.484222333829487 0.420656518019057 0 0 0 0 0 0
8.77508230965619 4.76153463706761 -5.86145832461536 0.436688577183597 0.798073939414339 -0.415187998122589 0.887231311144387 -0.305761321498848 0.345442636048725 0 0 0 0 0 0
9.27667928923767 4.62483262171578 -5.98009798386364 0.0452458915681243 0.925311281451365 0.376499457788506 0.905511833606403 -0.197160064921821 0.375734251830721 0 0 0 0 0 0
10.7269143531146 6.91899506283513 1.56610048711611 0.285104828268327 -0.832905708303427 0.474324064299562 0.899762393403365 0.403132381555919 0.16706860374739 0 0 0 0 0 0
11.0622640721609 7.05273920921165 1.89349884661139 0.524572533021533 -0.74563820362693 -0.410910363572613 0.840386255007219 0.37623960348584 0.39012139541912 0 0 0 0 0 0
11.485438371968 6.92527514243096 2.25813169793163 0.525583643098697 -0.060682937338043 -0.848574932002548 0.842350311847635 0.176871690974945 0.509079912255291 0 0 0 0 0 0
12.0183258992961 6.78669977189753 2.28048822775068 0.170215357421351 0.478042477039532 -0.861685628430596 0.955400786826654 0.134087088067526 0.26311592377616 0 0 0 0 0 0
12.5388790409388 6.66486933415436 2.15325992852611 -0.140628696917459 0.957004686543253 -0.253703763349202 0.863730246768631 0.243841408738514 0.441034497745263 0 0 0 0 0 0
13.0180153309557 6.76788399615854 2.03753714290046 -0.302041729862499 0.808482925819613 0.505100140645226 0.915989961398405 0.0993635559009144 0.388702038039517 0 0 0 0 0 0
13.3750476125052 7.05057813196225 2.15931935184774 -0.474404774871556 0.0909211424349133 0.875598912423604 0.878572057297519 -0.0135115153228734 0.47741866227629 0 0 0 0 0 0
13.6400392678308 7.33523748905928 2.43109287387311 -0.279318059815782 -0.733099775241896 0.620117844446543 0.946616811905141 -0.102000000557609 0.305798318021527 0 0 0 0 0 0
14.0706006423534 7.30042329821936 2.75361833725166 -0.305725702547882 -0.947462469656659 -0.0940567030769693 0.909836504563883 -0.319831778790342 0.264395855184572 0 0 0 0 0 0
14.4660481684473 7.0226287184938 3.01597514482897 -0.293203358025243 -0.737533005510547 -0.608339425506271 0.907889169078812 -0.414204371625714 0.0645909838563637 0 0 0 0 0 0
14.9349659948985 6.69842886192389 3.02590872525331 -0.411712337801682 -0.315978903531719 -0.854780839411347 0.815309289049312 -0.546761768776133 -0.190584184534555 0 0 0 0 0 0
15.1332526577948 6.27144198624072 2.91396694133455 -0.00981087336073749 0.374717591116134 -0.927087090661942 0.876836272293961 -0.442459619730972 -0.188116018714926 0 0 0 0 0 0
15.6308993651652 5.98306266628147 2.57497992303611 -0.0207351639542728 0.808764311707164 -0.587767250775872 0.909366787254936 -0.229052980675418 -0.347256070186461 0 0 0 0 0 0
15.9620700699565 5.73553154921402 2.26210466421986 0.186440743976533 0.957358596736514 0.220690657346818 0.979362920290515 -0.163262452937709 -0.119137071563792 0 0 0 0 0 0
16.3534215727906 5.86244618636198 2.095206234575 0.131612178588902 0.431028184343843 0.89268860122012 0.984464048916591 0.0487519744603084 -0.16868248687096 0 0 0 0 0 0
16.8863721360991 6.08609447798307 1.98565357964127 0.0460213912725565 -0.0226494256752404 0.998683651143805 0.991191540097528 -0.123247167374329 -0.0484712963855601 0 0 0 0 0 0
17.3701621789225 6.28124407147807 2.03161618477154 -0.252682743261816 -0.280691549264694 0.925939352997306 0.966958633687262 -0.106691138673374 0.231534018377956 0 0 0 0 0 0
17.8180546726862 6.38969095500039 2.42524496364179 -0.45633428891668 -0.750026936906582 0.478767804549803 0.875165349800081 -0.281106679868084 0.393782484428708 0 0 0 0 0 0
18.1769708921275 6.23356567821821 2.86369162335054 -0.551964492692229 -0.803207395321979 -0.224038119316989 0.68824479018379 -0.590514244071866 0.421440430349419 0 0 0 0 0 0
18.2471434158308 5.99085311457606 3.26342493722213 0.0314520874892826 -0.699622219441711 -0.713820366938364 0.644509362558759 -0.531666314785487 0.549489409630905 0 0 0 0 0 0
11.5724912556254 4.39523456484125 2.14340968801012 -0.175007369338096 -0.732334143667166 0.65807227771472 -0.942676557783428 0.317524170386351 0.102661134934531 0 0 0 0 0 0
10.9756112347609 4.3920628718259 2.19623798907035 0.245040154069146 -0.378935144102887 0.892391998763713 -0.968416038404363 -0.0518935413136817 0.243879964185507 0 0 0 0 0 0
10.4390475478717 4.33744492951259 2.46932170040881 0.591680703237934 -0.320545243714409 0.739705814596543 -0.802513838728321 -0.321508822465005 0.502596871982606 0 0 0 0 0 0
10.2457731115286 3.93353816245721 2.73379158902008 0.319182641893546 0.577221537151918 0.751623401818913 -0.667616933099974 -0.42594587674278 0.610620783075725 0 0 0 0 0 0
10.1474749894089 3.6108684131871 3.16876733680254 -0.294712977624655 0.921352946158547 0.253481773357723 -0.742625145417162 -0.387765817675124 0.546027072622668 0 0 0 0 0 0
9.77142129416253 3.57287342435834 3.52342582310983 -0.345627510377903 0.86593228250969 -0.361528568964515 -0.852130800326522 -0.128295221400841 0.507359276352162 0 0 0 0 0 0
9.55127849765238 3.76350127794391 3.94193381151983 -0.512612346228079 0.302474010074585 -0.803578282262496 -0.847046409123598 -0.331296099331754 0.415638394952129 0 0 0 0 0 0
9.07208048052028 3.85385426845619 4.03758363044364 -0.182134622793657 -0.294916742915654 -0.938003781403804 -0.934034228838049 -0.246204617063219 0.258772768844915 0 0 0 0 0 0
8.64487899330862 3.87698850963622 3.82475913488831 0.156815366373514 -0.964106858923044 -0.214258968182624 -0.79341045028207 -0.252168550031741 0.553995378823771 0 0 0 0 0 0
8.26035856888891 3.58847187383505 3.8747694081924 0.53198188727338 -0.675908863594044 0.510041645091908 -0.804816061200586 -0.216393883479893 0.552670602462322 0 0 0 0 0 0
7.92068634401753 3.25860635671 4.05659097309535 0.707527284224128 -0.0246658900294824 0.706255432508299 -0.696545694419966 -0.193034886569571 0.691058339181346 0 0 0 0 0 0
7.71071448621025 2.85035394753121 4.2571721767764 0.390415007504454 0.735444814880904 0.553802352992555 -0.700717392990726 -0.15278767525199 0.69688669197465 0 0 0 0 0 0
7.61237473577156 2.74984887543426 4.74542899857471 -0.361749338546575 0.929706713485402 -0.0691581011978362 -0.711636889891961 -0.227452536477381 0.664709169934418 0 0 0 0 0 0
7.2348786864783 2.7236743506719 5.15388803088605 -0.329846176689884 0.825235563115826 -0.458462392232962 -0.702458863375509 0.109887233527893 0.703190117374224 0 0 0 0 0 0
6.86905993737984 2.89841380288546 5.58004536035465 -0.417217770832089 0.633907516101573 -0.651222383469608 -0.770950321611562 0.132550068001134 0.622949501227767 0 0 0 0 0 0
6.75153687493795 3.20409747972067 5.81588951551552 -0.807206813231252 -0.297382062198835 -0.509883388389361 -0.582850663560595 0.265049149427247 0.768136740675035 0 0 0 0 0 0
6.42269983324552 3.5084800534216 5.98531340992996 -0.44756011959767 -0.890738089129283 0.0792186589133776 -0.298684516747253 0.232398191257628 0.925623379218375 0 0 0 0 0 0
6.03570215154459 3.60380480480536 6.1842214316571 0.273635103916697 -0.820499158596535 0.501901345532045 -0.540137686927419 0.300681072264303 0.786029370916053 0 0 0 0 0 0
5.7508830035458 3.72587699865233 6.6886771466404 0.350836995830665 -0.928520266392729 0.121505214927141 -0.426475132631011 -0.0429130470757994 0.90348073119355 0 0 0 0 0 0
5.39565500491478 3.52965406532161 7.00900917147894 0.90567814618497 -0.319054332271604 0.279197830546154 -0.299145511053539 -0.014250227477346 0.954101092250376 0 0 0 0 0 0
2.17589454484026 16.1439561273058 11.3552901415544 -0.399296515170217 -0.736015732146022 -0.546665469008677 -0.745679956621189 -0.0861908200776792 0.660706095649011 0 0 0 0 0 0
1.70829003148849 16.1823980782095 11.5487272063606 -0.0252413551700501 -0.915449689205951 -0.40164006339247 -0.817519409420036 -0.212327358795651 0.535330839694838 0 0 0 0 0 0
1.18970176704176 16.0623431266502 11.535822130391 0.38318659393087 -0.923631541905132 0.00853282072978189 -0.703746302369758 -0.285954638756299 0.65036227325595 0 0 0 0 0 0
0.736765110804681 15.7471244935215 11.5266970835544 0.669564173503533 -0.545838654574992 0.503730067330007 -0.740785909844296 -0.44140804024787 0.506354794369217 0 0 0 0 0 0
0.551101518798987 15.2610782554894 11.6165492303329 0.533065077115445 -0.0237902705695769 0.84573970380143 -0.709288540593338 -0.557514812798303 0.431378024119734 0 0 0 0 0 0
0.133529913538521 15.0216819630527 11.892173750647 0.661951289609757 0.242319185985844 0.7092967660205 -0.484433965636165 -0.583795341080911 0.651541811912514 0 0 0 0 0 0
0.249637634812353 14.653222277453 12.1584018783173 -0.139842154040231 0.765553151216907 0.627990879404512 -0.376875488443276 -0.627638837091668 0.68120067262508 0 0 0 0 0 0
0.372912780360565 14.4836973089271 12.6250936074602 -0.858575714379376 0.494241416565945 0.136283398948048 -0.250457702849344 -0.636284757777178 0.72966611960805 0 0 0 0 0 0
0.233174614696649 14.4532125279746 13.1654174218074 -0.89649983320912 -0.0265090573088398 -0.442250289922595 -0.308956684844418 -0.678040239092284 0.666938678636669 0 0 0 0 0 0
-0.191443871407635 14.116790937665 13.3427858846753 -0.791603977570625 0.264657582477572 -0.550744502225391 -0.502485756873658 -0.794796080774459 0.340304648990678 0 0 0 0 0 0
-0.53581977482248 13.9626948151405 13.648598897524 -0.461510840025915 -0.0376745103990143 -0.886334234814818 -0.441745144954796 -0.85666627603086 0.266428448969484 0 0 0 0 0 0
-0.976313333847882 13.7149738417766 13.6959841529623 0.170569344534747 -0.341326549851804 -0.924338836721281 -0.507837741261256 -0.834350019675367 0.214384871710623 0 0 0 0 0 0
-1.35152580025403 13.3642800045233 13.6567566894384 0.774200610589149 -0.389821747520616 -0.498650598839871 -0.436375814348815 -0.899400355808473 0.0255958712100759 0 0 0 0 0 0
-1.53910991825402 12.9920589167853 13.5466701326382 0.868298555899557 -0.400014362984575 0.293336201701714 -0.35055183623323 -0.913226410494882 -0.207679881760712 0 0 0 0 0 0
-1.72198701593286 12.6086757786622 13.1688808391392 0.643025973099767 -0.241557529821555 0.726751372689179 -0.356347045606656 -0.934341659738994 0.00473771712846375 0 0 0 0 0 0
-1.54217096164891 12.2282620655948 13.2520938946499 -0.291901927554747 -0.31011646309417 0.904776792368033 0.110816960556149 -0.950570650775291 -0.290060406015262 0 0 0 0 0 0
-1.19021975143289 11.830149069387 13.3578503462746 -0.868736615205369 -0.454262423099498 0.197338147253111 0.282152873399854 -0.781392245837411 -0.556611097784956 0 0 0 0 0 0
-0.997719463551537 11.3530835607539 13.3452637346788 -0.88936694910695 0.0364898710000662 -0.455735580299139 0.24184455803566 -0.808381582002516 -0.536684663119458 0 0 0 0 0 0
-1.00413859189374 10.8673176348888 13.2343230168816 -0.386190137926918 0.57997791743407 -0.717274558768697 0.107805794458542 -0.743893447382966 -0.659545638771002 0 0 0 0 0 0
-1.2562475318662 10.5357572101047 12.9254709258098 0.432069243901036 0.606441548639419 -0.667491435569484 0.151182963918353 -0.778375892878291 -0.609323133326469 0 0 0 0 0 0
13.6704886060618 9.97780949767935 15.3499784031133 -0.448027898331741 -0.884929151030952 0.127166819461999 -0.0975633081458638 -0.0929965120671711 -0.990874891016507 0 0 0 0 0 0
13.8034703975391 9.80717598483431 14.9393738589086 -0.948828332122666 -0.241507246933232 0.203467554760093 -0.155616180768651 -0.203070322009774 -0.966719219112677 0 0 0 0 0 0
13.6829408993493 9.44569129507592 14.6066425265377 -0.94423882595892 0.318757489896893 0.082502740477824 -0.134111698897988 -0.143487244576764 -0.980523055752624 0 0 0 0 0 0
13.4299286683358 9.26618500987552 14.2356525100658 -0.396492945383427 0.916824290947158 0.0471864788939996 -0.0762996249634923 0.0183118283497897 -0.996916768929542 0 0 0 0 0 0
13.1625901016101 9.41499572833501 13.8057072443366 0.470091378197651 0.874173519352812 0.121798005757696 0.031504482105084 0.121289307471932 -0.992117115818626 0 0 0 0 0 0
13.0197817844848 9.6662138105916 13.4649639189995 0.955046647864662 0.290202923438446 0.0605653665905854 0.0592261407765313 0.013403971842815 -0.998154596136067 0 0 0 0 0 0
13.1544301728614 9.80255422358736 12.9537245549796 0.88037824773285 -0.30999174429474 0.35894186073505 0.36886270673833 -0.0281894702684708 -0.929056326249197 0 0 0 0 0 0
13.4378963925383 9.96098206523535 12.570155492884 0.499496518753497 -0.828460213230477 0.253292129461715 0.284633201349894 -0.119205702750826 -0.951196058192522 0 0 0 0 0 0
13.7822317852518 9.93216947473855 12.2677293567298 -0.338969233515286 -0.939290186812482 -0.0532334827700673 0.0466145467274484 0.0397455542356969 -0.998121923891011 0 0 0 0 0 0
13.9228844326579 9.68397659828529 11.8352958853742 -0.978293345894876 -0.186352164123665 -0.0906366388621931 0.0442462577278076 0.239453012375796 -0.969899233704843 0 0 0 0 0 0
13.9140500894091 9.53487984673296 11.3716064707408 -0.722529236420746 0.663681354450833 0.193593807420493 0.000798501586734716 0.280827717101157 -0.959757863058682 0 0 0 0 0 0
13.6847595096199 9.47565022293052 10.9574995252719 0.133759490479647 0.949837617965262 0.282695769697214 0.0361645145416455 0.280390757723581 -0.959204436432173 0 0 0 0 0 0
13.460817598139 9.7563914964707 10.6365370862939 0.79489258792795 0.591958259557961 0.133158524317126 -0.108332785001632 0.354400333710074 -0.928797292825501 0 0 0 0 0 0
13.3562873756362 9.97376779405445 10.1196422498906 0.95826354628976 0.254944002030192 0.129362017922584 -0.0558025971577588 0.6105915226748 -0.789977254475163 0 0 0 0 0 0
13.4265870115856 10.4488243840146 10.0024435218233 0.835658394101095 -0.417110777123055 -0.35734247994911 0.040059860806152 0.695154620591488 -0.717743172048677 0 0 0 0 0 0
13.6418047137467 10.8553327559604 9.71330193842002 0.448122011345305 -0.832808802483909 -0.324986401951154 0.294989889424579 0.480921837881249 -0.825648321615321 0 0 0 0 0 0
13.8207545310039 11.2924325654493 9.33379341417542 0.216751796077236 -0.93566527870545 -0.278476471398113 0.283283483830488 0.333267887361416 -0.899268026253864 0 0 0 0 0 0
14.1363573636661 11.3183761486826 8.88747380659571 -0.554701733596666 -0.813640604566733 -0.174054455114294 0.0577318026995158 0.171047031360679 -0.983570003619347 0 0 0 0 0 0
14.1278375588033 11.0720059125796 8.43114691011887 -0.993397372771183 0.113865040401906 -0.0140147188906091 0.0459007069601614 0.282521011084147 -0.958162305351525 0 0 0 0 0 0
14.0143031056956 11.0028834437411 7.96174310550857 -0.708757186117265 0.649765957152524 0.274713399842094 0.0173415759075039 0.405344270136907 -0.913999612916889 0 0 0 0 0 0
11.6093065870549 7.46633095872929 9.11744166055961 0.640830119552464 0.764392046026061 -0.0710039283875489 -0.691456232144915 0.61490614413052 0.379181635813887 0 0 0 0 0 0
11.483189563628 7.71598354914899 9.55648537424923 0.277455916770074 0.745291836126636 -0.606265860206779 -0.669582339695168 0.602542968398695 0.434282697792158 0 0 0 0 0 0
11.3759146017919 8.07504152831986 9.85798429443584 -0.368359151462719 0.248944349144255 -0.895733356843881 -0.762901118560272 0.469687082841526 0.444270106479497 0 0 0 0 0 0
11.308752117656 8.52236971806485 10.0116359771541 -0.677842396210143 -0.451313169874497 -0.580384448962861 -0.714713477066292 0.21941218812242 0.664110636417714 0 0 0 0 0 0
10.8999801173845 8.77728659161918 10.0530463394795 -0.29391554659789 -0.950326456768358 0.102436697692566 -0.840489194771661 0.307995932040085 0.445776198690381 0 0 0 0 0 0
10.3512686181834 8.96612855713885 9.98982178189032 0.148367086750475 -0.799531941111666 0.582010208425409 -0.977713756308313 -0.0301956109470828 0.207759562487555 0 0 0 0 0 0
9.94909298018553 8.71370952134462 9.83832842755 0.0314098950512179 -0.0730026528594302 0.996837013341878 -0.993658434121414 -0.110010015064199 0.0232532338601767 0 0 0 0 0 0
9.71207715100457 8.2809769531905 9.84651746133252 -0.245729712220864 0.658513771676432 0.711320266156061 -0.930549857859746 -0.365763534658448 0.0171463917884797 0 0 0 0 0 0
9.34020229021163 7.99433179535881 10.1738243320804 -0.449296115276098 0.893014009870958 0.0256705857354446 -0.893103214261867 -0.448251056467855 -0.037916210920599 0 0 0 0 0 0
8.91922841949904 7.83297872416067 10.4138397379596 -0.226934526575321 0.736460788373748 -0.637280336928696 -0.899351380984515 -0.409564843979318 -0.153048136536983 0 0 0 0 0 0
8.39111148918118 7.89426017574703 10.4079183705859 0.234340151018912 0.313490320178438 -0.920221991029803 -0.839379181861783 -0.412287064479084 -0.354206105989528 0 0 0 0 0 0
7.88348488812518 8.00180940210739 10.2289199349492 0.591833913603958 -0.32711987925977 -0.736698855232786 -0.784626536105374 -0.443154665367666 -0.433561000785535 0 0 0 0 0 0
7.57203835488231 7.96347637629463 9.75905840179755 0.835693319401724 -0.377851504559214 -0.398553530168367 -0.548787608416608 -0.546541037498027 -0.63255438910734 0 0 0 0 0 0
7.19445289940362 7.93740851193144 9.37559591543538 0.812153252832652 -0.581623236887972 0.0460597896792927 -0.491779566021284 -0.724898724891423 -0.482363656482022 0 0 0 0 0 0
7.01753001404303 7.56390884046089 8.96766204309182 0.607094398038892 -0.596603162455894 0.524881947124705 -0.436947305688865 -0.802345680309026 -0.406593730080393 0 0 0 0 0 0
7.10727901746922 7.20908463627096 8.62897742101042 -0.206528428486937 -0.409691756346842 0.888537378509288 -0.467083554304616 -0.756678635699828 -0.457460813156293 0 0 0 0 0 0
7.10897992180658 6.67511599619374 8.54369717331815 -0.71770523094262 0.212576986259245 0.663106497020305 -0.561627653135875 -0.739676128655307 -0.370747358629281 0 0 0 0 0 0
6.86310414021145 6.29920462948024 8.6017479278357 -0.775555940069509 0.580371782117909 -0.24835776280234 -0.395166134540458 -0.753135848187689 -0.525956386297347 0 0 0 0 0 0
6.51721530931747 5.86903170343479 8.38903081798374 -0.245721506635449 0.813100732058619 -0.527719755838782 -0.480345680980134 -0.575006159006589 -0.662295963952841 0 0 0 0 0 0
6.12331551365331 5.67168891187906 8.12846761150391 0.612995571132662 0.440595892579294 -0.655829009128139 -0.379652039228126 -0.563699343598123 -0.733558027109632 0 0 0 0 0 0
21.2068380911713 10.2798816321309 9.15707514935743 -0.81969429935869 0.0360844777908734 0.571663507722356 -0.53667014137123 0.300463272509997 -0.788483976522774 0 0 0 0 0 0
20.7803647117288 10.2308436242793 8.86365062602166 -0.475346189684021 0.689030226629788 0.547067954410956 -0.596205466778502 0.20498641822973 -0.776221366444377 0 0 0 0 0 0
20.3238299631766 10.1414323517434 8.44039385839817 0.0500997626834533 0.934730420670586 0.351808263763164 -0.623066832061086 0.304550816083857 -0.720441894400944 0 0 0 0 0 0
19.9184656699423 10.4358919699963 8.28418977327119 0.663710401960472 0.717986282925529 -0.209724104146977 -0.618624423293311 0.369291138080086 -0.693489638163782 0 0 0 0 0 0
19.563675879715 10.7885627640214 8.23888729673065 0.752639892233992 0.225708268569611 -0.618537767737197 -0.62218133236712 0.551204147775243 -0.555935587212445 0 0 0 0 0 0
19.430415011854 11.2527184075431 8.21052019781811 0.130695038629945 -0.460428394421957 -0.878023063756037 -0.7369164234598 0.54733521933534 -0.39670939302007 0 0 0 0 0 0
19.3970422008717 11.5617505336293 7.84345538760903 -0.655543645512987 -0.735491826369875 -0.171214199675865 -0.68175106897218 0.673917873788198 -0.284693131887801 0 0 0 0 0 0
19.1052127895012 11.7322021953952 7.47387103731974 -0.682076402175002 -0.533806687424318 0.499822170433728 -0.726381273004915 0.573540796027247 -0.378709917377658 0 0 0 0 0 0
18.7358328529332 11.7446547052485 7.07041334159413 -0.197739450665645 0.374639961750833 0.905838842570676 -0.600475854045278 0.68411710427105 -0.414019970958392 0 0 0 0 0 0
18.2707247302601 11.9705159448587 7.03483247332494 0.629420403190951 0.645803953977273 0.432165719457549 -0.598349643694447 0.757633635303809 -0.260708608502028 0 0 0 0 0 0
17.9554618692899 12.457673118925 7.07346535795658 0.805314617017381 0.513735706657413 0.29587833871941 -0.446786807980451 0.853965281231275 -0.26669241958899 0 0 0 0 0 0
17.7885386177751 12.9300362348069 7.21550479886511 0.847073946816641 0.111730838442869 -0.519597871786762 -0.280707298175345 0.924219707697491 -0.258884809625174 0 0 0 0 0 0
17.9290135376638 13.3593450690515 7.33889923017796 0.00812070135887921 0.0137318364529462 -0.999872737340643 -0.548139946637765 0.836357051183427 0.00703433264148111 0 0 0 0 0 0
17.7326364754366 13.8434721481888 7.29348546610931 -0.234322443672244 -0.429817903430342 -0.871980253378604 -0.744888448176197 0.655741969201175 -0.1230596180793 0 0 0 0 0 0
17.4253294254521 14.2450446620571 7.09600290604656 -0.33199751132983 -0.780884926125761 -0.529146845989246 -0.829563706698091 0.508726284340927 -0.230264248527636 0 0 0 0 0 0
17.1705554362964 14.4769383923737 6.78292858957576 -0.433251560493858 -0.896954993372356 0.0881182455228971 -0.891095204039676 0.411654766305863 -0.191022749208448 0 0 0 0 0 0
16.8126762621315 14.5637606708795 6.41561104691469 -0.322586315146697 -0.441379585814687 0.837330359240684 -0.845747629406711 0.531631787483757 -0.0455915550267185 0 0 0 0 0 0
16.2926422133167 14.723183069483 6.25005756923349 0.0306200047140556 -0.0605650087266825 0.997694489826043 -0.86751683022803 0.494174380328713 0.0566235913541693 0 0 0 0 0 0
15.8145187224442 14.6040825893803 6.42242887833914 0.256642413239006 0.80083805313094 0.541103580088236 -0.961648791584874 0.267642847479933 0.0599908979444776 0 0 0 0 0 0
15.5348690904895 14.6673285387722 6.79044612226142 0.139731113651241 0.933330721522101 -0.330709812586232 -0.978994251019685 0.180299028479556 0.0951972520597806 0 0 0 0 0 0
-0.188035960149631 21.5626053691733 8.27645812624709 0.447454973391399 0.88111954853103 0.153011071441831 0.69655288208208 -0.450679550562869 0.558302807773344 0 0 0 0 0 0
0.239778853727859 21.4034721848185 8.23335013403548 -0.0677525661103571 0.586666598773006 0.806989399973491 0.534843868721057 -0.661448057766408 0.525764684025601 0 0 0 0 0 0
0.585326125165666 21.358890043026 8.49563553788507 -0.683783718188927 -0.324563903205381 0.653527428250577 0.570289916885291 -0.796432846105905 0.20115698432472 0 0 0 0 0 0
0.816011062110455 21.1249908719324 8.89199277614431 -0.757918486464644 -0.644528920940405 -0.1007076856379 0.488129870895332 -0.662738640402312 0.567896754399427 0 0 0 0 0 0
0.831546131829334 20.7109971154039 9.20582476015715 -0.591987597685961 -0.504659298249968 -0.628386566434909 0.299866960664975 -0.861629679860893 0.409480281191129 0 0 0 0 0 0
0.880415267335496 20.1637173181522 9.40358748772182 0.0743812549511499 -0.117257941131437 -0.990312074122854 0.382305956752093 -0.913835760394498 0.136917341692271 0 0 0 0 0 0
0.721644117937225 19.6479955902992 9.39489030863833 0.70246295951326 0.195979253642623 -0.684206052774712 0.449133293096963 -0.867815182139059 0.212546688237738 0 0 0 0 0 0
0.810389986769109 19.0503483248099 9.38283079496787 0.776360150979739 0.626434148811523 -0.0696072781647171 0.629666954149895 -0.765941622660394 0.129818941329677 0 0 0 0 0 0
1.32486657726608 18.699063783106 9.31360680688689 0.511272580077199 0.788056232029477 0.34288150142682 0.751685088225771 -0.603456151338266 0.266101863110774 0 0 0 0 0 0
1.76495344122976 18.5203929585393 9.1208083590383 0.115126126813164 0.520938090494404 0.845795176622002 0.759761468013046 -0.59469617646188 0.262866828307194 0 0 0 0 0 0
2.18329431238871 18.4735417533224 9.24359303648218 -0.501268105610085 -0.253457678023934 0.827338801065678 0.748994399453366 -0.60587254231414 0.268189955175977 0 0 0 0 0 0
2.62292267802255 18.4128886268043 9.5820001167708 -0.657304460119417 -0.650972118016867 0.379718511889737 0.748610330884108 -0.505964145479199 0.428465699891008 0 0 0 0 0 0
2.75953035730273 18.1811233403696 10.0416632189006 -0.263907838277989 -0.820724102997472 -0.506719448664086 0.785794490766798 -0.487596154917059 0.380495739779892 0 0 0 0 0 0
2.87370617450768 17.7565868650459 10.2889004536305 0.254298994236721 -0.267499957552811 -0.929395391767916 0.687755770887793 -0.625609262433723 0.368245910184582 0 0 0 0 0 0
3.04313986806271 17.28356661742 10.4532517667343 0.774377302085082 0.198684921019406 -0.600719648567401 0.581878653050105 -0.596520176892461 0.55279373339862 0 0 0 0 0 0
3.3586619231429 16.8730413343774 10.4647818546242 0.682142739194435 0.706107928945992 0.189981251822168 0.516455891569069 -0.649175467819951 0.558430411102716 0 0 0 0 0 0
3.72813331337084 16.5893301425328 10.7495402700746 0.0935640145185132 0.958190284480757 0.270401837852231 0.564576196893369 -0.27476673899714 0.778303897614743 0 0 0 0 0 0
4.08799493796489 16.6206203824243 10.9735471635764 -0.660030969414093 0.407407993454299 0.631171804094444 0.477640810545168 -0.420906267726379 0.771166110439512 0 0 0 0 0 0
4.37184521850153 16.6786399039071 11.4331441394794 -0.948031867139863 -0.203885920906899 0.244266473637401 0.30781606272615 -0.393413515908265 0.866299646212827 0 0 0 0 0 0
4.44156546845587 16.7141327070095 11.9144818226595 -0.674817578032916 -0.691389792312525 -0.258072453903617 0.357373107668742 -0.612112626210255 0.705409522723625 0 0 0 0 0 0
