t = 0
b = 13 13 13
E = -0.9913070025458 -0.9913070025458 0
2.81376157201929 7.62982353133126 4.25579910110395 -0.248304482612852 -0.483543085038255 0.839363430717619 0.937794190477305 0.0970731697805139 0.333344950487899 0 0 0 0 0 0
3.06560271465127 7.91860586100888 4.63245000985387 -0.0588441516577332 -0.901787774817295 0.428154382210148 0.937794190477305 0.0970731697805139 0.333344950487899 0 0 0 0 0 0
3.30403033106134 8.00182563904211 5.10669872350049 0.152972056333909 -0.977428211855676 -0.145717674458489 0.937794190477305 0.0970731697805139 0.333344950487899 0 0 0 0 0 0
3.577327932526 7.86224062542802 5.54773108866928 0.306671622567907 -0.681727329481851 -0.664229150330751 0.937794190477305 0.0970731697805139 0.333344950487899 0 0 0 0 0 0
3.92053134000444 7.56725584560796 5.83735239812018 0.343861512112253 -0.127026836764745 -0.930388866673187 0.937794190477305 0.0970731697805139 0.333344950487899 0 0 0 0 0 0
4.34211798998849 7.24331529435047 5.9148915361382 0.250412664147256 0.475933275014743 -0.843078297294157 0.937794190477305 0.0970731697805139 0.333344950487899 0 0 0 0 0 0
4.82078621464416 7.02786374810785 5.80025094976051 0.0618278583962377 0.89807837843611 -0.435468187255627 0.937794190477305 0.0970731697805139 0.333344950487899 0 0 0 0 0 0
5.31354810156666 7.01712919648782 5.58634537639589 -0.150246384466178 0.979028490819831 0.137583567761146 0.937794190477305 0.0970731697805139 0.333344950487899 0 0 0 0 0 0
5.77206132042259 7.22956422015535 5.40380198163149 -0.305239513884303 0.688029311057626 0.658365025110875 0.937794190477305 0.0970731697805139 0.333344950487899 0 0 0 0 0 0
6.16099518248422 7.59883554692734 5.37133291505659 -0.344267048645258 0.135636292787989 0.929022602144756 0.937794190477305 0.0970731697805139 0.333344950487899 0 0 0 0 0 0
6.47145335997478 7.99902517090814 5.55063457987234 -0.252501775787772 -0.468287220829688 0.846728960194246 0.937794190477305 0.0970731697805139 0.333344950487899 0 0 0 0 0 0
6.72435374972954 8.29246870816615 5.92294813780672 -0.0648068567039489 -0.894300589909355 0.442748829712664 0.937794190477305 0.0970731697805139 0.333344950487899 0 0 0 0 0 0
6.96248141445949 8.3820563978151 6.39618630540522 0.147509270754567 -0.980554212973947 -0.129438983542441 0.937794190477305 0.0970731697805139 0.333344950487899 0 0 0 0 0 0
7.23423382209932 8.24812672376347 6.83991885263242 0.303784160029935 -0.694278896537549 -0.652450762845374 0.937794190477305 0.0970731697805139 0.333344950487899 0 0 0 0 0 0
7.57523383857656 7.95593615340058 7.13492522793962 0.344646367909626 -0.1442354195824 -0.927585588948315 0.937794190477305 0.0970731697805139 0.333344950487899 0 0 0 0 0 0
7.99479600546311 7.63086711460551 7.21848843905953 0.254571658440462 0.460605504759719 -0.850315141405771 0.937794190477305 0.0970731697805139 0.333344950487899 0 0 0 0 0 0
8.47238778990127 7.4107931151134 7.10822228694079 0.0677809197186123 0.890454696930253 -0.449995755132145 0.937794190477305 0.0970731697805139 0.333344950487899 0 0 0 0 0 0
8.96543023712203 7.39369829180473 6.89537958828054 -0.144760923640883 0.982005262128374 0.121284542043996 0.937794190477305 0.0970731697805139 0.333344950487899 0 0 0 0 0 0
9.42547442724393 7.60045159889706 6.71018370479544 -0.302305671835632 0.700475609991491 0.646486813928216 0.937794190477305 0.0970731697805139 0.333344950487899 0 0 0 0 0 0
9.81660802995884 7.96687834332745 6.67235451088702 -0.344999441018724 0.15282356229118 0.926077936517981 0.937794190477305 0.0970731697805139 0.333344950487899 0 0 0 0 0 0
8.05207755428818 1.24629829921415 7.13323951359516 0.0258033995801721 0.987227001647124 -0.157216512456343 0.266218168685374 0.144803521622008 0.952974200483765 0 0 0 0 0 0
8.49778601148102 1.39188003845906 7.39560382234078 -0.544107439883938 0.838655826272815 0.0245662150444223 0.266218168685374 0.144803521622008 0.952974200483765 0 0 0 0 0 0
8.81946516063195 1.72863339969119 7.66356800057875 -0.907302765944867 0.371465280919787 0.1970158267246 0.266218168685374 0.144803521622008 0.952974200483765 0 0 0 0 0 0
8.93432461573743 2.15006228339716 7.97644194271771 -0.925798601930038 -0.236851135222969 0.294615831903136 0.266218168685374 0.144803521622008 0.952974200483765 0 0 0 0 0 0
8.83814825040266 2.51750094337653 8.35647357300909 -0.592568070514798 -0.755183845154713 0.280286356827639 0.266218168685374 0.144803521622008 0.952974200483765 0 0 0 0 0 0
8.60689597474886 2.71279542209098 8.80039648715855 -0.0342110219011765 -0.986609586311607 0.159471408655337 0.266218168685374 0.144803521622008 0.952974200483765 0 0 0 0 0 0
8.36784529557623 2.68319221456199 9.28067091392876 0.537143365910486 -0.843205850396091 -0.0219293938848971 0.266218168685374 0.144803521622008 0.952974200483765 0 0 0 0 0 0
8.25123646356415 2.4613802069037 9.75594653467291 0.90442800845459 -0.379454114265077 -0.194998853048345 0.266218168685374 0.144803521622008 0.952974200483765 0 0 0 0 0 0
8.34079202453715 2.15307162195914 10.186772160729 0.928105329356875 0.228458584009712 -0.293984987731763 0.266218168685374 0.144803521622008 0.952974200483765 0 0 0 0 0 0
8.64190922453993 1.89684017842806 10.5505838995815 0.599179918542867 0.749576046595378 -0.281281310409004 0.266218168685374 0.144803521622008 0.952974200483765 0 0 0 0 0 0
9.07960950582778 1.81147461830384 10.8502775548756 0.04261603892041 0.985917036836278 -0.161714160489143 0.266218168685374 0.144803521622008 0.952974200483765 0 0 0 0 0 0
9.52702411452845 1.95084887774837 11.1131084621979 -0.530138386390085 0.847691661129255 0.0192909027171244 0.266218168685374 0.144803521622008 0.952974200483765 0 0 0 0 0 0
9.85359366137067 2.28345447801997 11.3803367314016 -0.901484375269834 0.387414050710449 0.192967029454462 0.266218168685374 0.144803521622008 0.952974200483765 0 0 0 0 0 0
9.97466981650489 2.70437112334102 11.6915518410412 -0.930341377969574 -0.220048634790769 0.293331755465365 0.266218168685374 0.144803521622008 0.952974200483765 0 0 0 0 0 0
9.88367462525771 3.07512767543767 12.0696319335687 -0.605746136700319 -0.743911164917994 0.282254843329557 0.266218168685374 0.144803521622008 0.952974200483765 0 0 0 0 0 0
9.65459958308986 3.27630965408407 12.5120520265144 -0.0510178105632848 -0.98514940596146 0.163944597163525 0.266218168685374 0.144803521622008 0.952974200483765 0 0 0 0 0 0
9.41389502939884 3.25292679464378 12.9918432955421 0.523093034779046 -0.852112916860452 -0.0166509424724221 0.266218168685374 0.144803521622008 0.952974200483765 0 0 0 0 0 0
9.29242954944484 3.03530476899338 13.4678389817092 0.898472090559662 -0.395344484075925 -0.190920510674184 0.266218168685374 0.144803521622008 0.952974200483765 0 0 0 0 0 0
9.37577081080438 2.72756395575835 13.9003143314608 0.932506577484378 0.211621928016334 -0.292656184850108 0.266218168685374 0.144803521622008 0.952974200483765 0 0 0 0 0 0
9.67167697584285 2.46806236767333 14.2660786946674 0.612266224944219 0.738189631525231 -0.283206881450996 0.266218168685374 0.144803521622008 0.952974200483765 0 0 0 0 0 0
10.6894413825121 9.39519710456432 5.96485625850273 0.687783550961605 -0.724428243977799 0.0464489650464587 0.634073852848982 0.630687335981003 0.447419080244052 0 0 0 0 0 0
10.8906293044111 9.46054507619455 6.45875722509838 0.764367739879699 -0.423644035417374 -0.486073749020129 0.634073852848982 0.630687335981003 0.447419080244052 0 0 0 0 0 0
11.2660548766666 9.42932337662141 6.84185766531056 0.550555844870389 0.0380896251486658 -0.833928919114265 0.634073852848982 0.630687335981003 0.447419080244052 0 0 0 0 0 0
11.7669796710836 9.4067842082994 7.03486398217103 0.127578579591962 0.485352400296155 -0.864960550288889 0.634073852848982 0.630687335981003 0.447419080244052 0 0 0 0 0 0
12.2969860067328 9.49488113489654 7.03070251437713 -0.343867921073553 0.748221683911739 -0.567379207039555 0.634073852848982 0.630687335981003 0.447419080244052 0 0 0 0 0 0
12.7486076389534 9.75353521788419 6.89720693848595 -0.684673249358175 0.726829040209807 -0.0542410169614231 0.634073852848982 0.630687335981003 0.447419080244052 0 0 0 0 0 0
13.0441579824396 10.1778700034574 6.75134712107172 -0.765359763085347 0.429301892198651 0.479504242321796 0.634073852848982 0.630687335981003 0.447419080244052 0 0 0 0 0 0
13.1652445438485 10.7000641688652 6.71479031078237 -0.555273306683545 -0.0313242222036474 0.831077823063556 0.634073852848982 0.630687335981003 0.447419080244052 0 0 0 0 0 0
13.1597565375271 11.2151179768362 6.86767771641025 -0.134229237398054 -0.480049740877713 0.866911043943251 0.634073852848982 0.630687335981003 0.447419080244052 0 0 0 0 0 0
13.1236709723172 11.6207444312692 7.21817752178239 0.33781076336813 -0.746396336988677 0.573390265249182 0.634073852848982 0.630687335981003 0.447419080244052 0 0 0 0 0 0
13.1645893812464 11.8562298172003 7.69938165615984 0.681510807235986 -0.729174485596369 0.0620289382129434 0.634073852848982 0.630687335981003 0.447419080244052 0 0 0 0 0 0
13.3608582001288 11.9254998561962 8.19472528895466 0.766293501181824 -0.434927055978727 -0.472898219518935 0.634073852848982 0.630687335981003 0.447419080244052 0 0 0 0 0 0
13.7318036467171 11.8956282590968 8.58227175773038 0.559948482284569 0.0245564337978313 -0.828163437218971 0.634073852848982 0.630687335981003 0.447419080244052 0 0 0 0 0 0
14.2303893674609 11.8713543018542 8.78103834493384 0.140869673128027 0.474710523812915 -0.868795518965234 0.634073852848982 0.630687335981003 0.447419080244052 0 0 0 0 0 0
14.7610863346267 11.9552906234516 8.78176296625248 -0.331727880065188 0.744514149094762 -0.579357657570139 0.634073852848982 0.630687335981003 0.447419080244052 0 0 0 0 0 0
15.2161659210939 12.2089389687613 8.6504229912985 -0.67829646542725 0.73146440152274 -0.0698121357206639 0.634073852848982 0.630687335981003 0.447419080244052 0 0 0 0 0 0
15.5166278069242 12.6293246474137 8.50316933781035 -0.767168883061361 0.440519098379602 0.466256183685757 0.634073852848982 0.630687335981003 0.447419080244052 0 0 0 0 0 0
15.6422135217217 13.1501266684026 8.46219879606414 -0.564581015640738 -0.0177867753245075 0.825185983522277 0.634073852848982 0.630687335981003 0.447419080244052 0 0 0 0 0 0
15.6391029762394 13.6668741933967 8.60932942522634 -0.147499381086993 -0.469335155703812 0.870613831844769 0.634073852848982 0.630687335981003 0.447419080244052 0 0 0 0 0 0
15.6023699421972 14.0766367548804 8.95491650475146 0.325619734399843 -0.74257526356589 0.585280929562398 0.634073852848982 0.630687335981003 0.447419080244052 0 0 0 0 0 0
3.71535440853011 7.41797592631535 7.38631592799032 0.969229243148509 -0.0866391839856788 -0.230409040673461 0.194039627604662 0.844864603817516 0.498550322570667 0 0 0 0 0 0
3.95474261678436 7.55166413828694 7.8483828602058 0.696297961497456 0.239375196365768 -0.676659932447118 0.194039627604662 0.844864603817516 0.498550322570667 0 0 0 0 0 0
4.352851967271 7.73991793380205 8.15620513952882 0.158831442792417 0.474446937478001 -0.865836402733348 0.194039627604662 0.844864603817516 0.498550322570667 0 0 0 0 0 0
4.78716695013981 8.03632192364377 8.26665998360519 -0.438977796549572 0.52926835471256 -0.726067147608499 0.194039627604662 0.844864603817516 0.498550322570667 0 0 0 0 0 0
5.12141693047269 8.45337265159567 8.21160779853847 -0.870012031665009 0.383011875096818 -0.310452843911829 0.194039627604662 0.844864603817516 0.498550322570667 0 0 0 0 0 0
5.25734764081256 8.95773094852738 8.08578787793363 -0.970514150125436 0.0912427805147337 0.223107685681698 0.194039627604662 0.844864603817516 0.498550322570667 0 0 0 0 0 0
5.17204962009407 9.48288804014837 8.01082536130004 -0.702301716821922 -0.235190971882837 0.671905875323165 0.194039627604662 0.844864603817516 0.498550322570667 0 0 0 0 0 0
4.92666190092806 9.95443334232838 8.0890238100879 -0.167273119439221 -0.472271741878762 0.865435789262191 0.194039627604662 0.844864603817516 0.498550322570667 0 0 0 0 0 0
4.64314426892263 10.3183242860871 8.36449837426906 0.431305332675858 -0.529928581172495 0.73017217754573 0.194039627604662 0.844864603817516 0.498550322570667 0 0 0 0 0 0
4.4579427010717 10.5614179930933 8.80641570929667 0.866023677866764 -0.3862566925454 0.317503947751854 0.194039627604662 0.844864603817516 0.498550322570667 0 0 0 0 0 0
4.47015125783998 10.7164644748802 9.32070807920459 0.971725148692332 -0.0958394285527917 -0.215789340175875 0.194039627604662 0.844864603817516 0.498550322570667 0 0 0 0 0 0
4.70386459282805 10.8496643559129 9.78581126222959 0.70825198915158 0.230988836696818 -0.667100649965417 0.194039627604662 0.844864603817516 0.498550322570667 0 0 0 0 0 0
5.0990239910284 11.0355181495387 10.0988488311046 0.175702057590355 0.470060580957905 -0.864969269505011 0.194039627604662 0.844864603817516 0.498550322570667 0 0 0 0 0 0
5.53423467878494 11.3285222673843 10.2147166277797 -0.423600023231193 0.530548451519273 -0.734221602044665 0.194039627604662 0.844864603817516 0.498550322570667 0 0 0 0 0 0
5.87288572791734 11.7424649214475 10.1632185871664 -0.861969373012502 0.389472095051392 -0.324530872436991 0.194039627604662 0.844864603817516 0.498550322570667 0 0 0 0 0 0
6.01505083134964 12.2451877518324 10.0377437239697 -0.972862146626969 0.100428778047308 0.208454561476334 0.194039627604662 0.844864603817516 0.498550322570667 0 0 0 0 0 0
5.93545197784717 12.7708033253332 9.95978608462052 -0.714148325350155 -0.226769110816575 0.662244622310388 0.194039627604662 0.844864603817516 0.498550322570667 0 0 0 0 0 0
5.69306299111042 13.244726872888 10.0327871277646 -0.184117615349546 -0.467813623103895 0.864436878989093 0.194039627604662 0.844864603817516 0.498550322570667 0 0 0 0 0 0
5.40870438816147 13.6120122903365 10.3028365846737 0.415862455004726 -0.531127918547365 0.73821511272595 0.194039627604662 0.844864603817516 0.498550322570667 0 0 0 0 0 0
5.21914164491598 13.8582270820402 10.7411621997568 0.857849425853235 -0.392657837749442 0.33153308283972 0.194039627604662 0.844864603817516 0.498550322570667 0 0 0 0 0 0
10.7864055051981 9.2524238852858 0.534914124175297 0.613942276317415 -0.561002746625815 0.555293435607232 0.649975351744625 0.75846091829842 0.0476348353452407 0 0 0 0 0 0
10.9521370678546 9.60079697747279 0.908885165698375 0.75995008665706 -0.648924745236224 -0.0370478178848591 0.649975351744625 0.75846091829842 0.0476348353452407 0 0 0 0 0 0
11.2910992766765 9.80124765356475 1.27441115596889 0.617240153387803 -0.490309383688228 -0.615313985956009 0.649975351744625 0.75846091829842 0.0476348353452407 0 0 0 0 0 0
11.7707613978846 9.88993229021736 1.49967630377985 0.240030366141483 -0.145417289741335 -0.959812083261234 0.649975351744625 0.75846091829842 0.0476348353452407 0 0 0 0 0 0
12.3051384486072 9.94546905109788 1.50615225701088 -0.2283709702957 0.254721263825723 -0.939661522933246 0.649975351744625 0.75846091829842 0.0476348353452407 0 0 0 0 0 0
12.7874583294652 10.0590695320823 1.29843233652278 -0.610010356958537 0.558086950552965 -0.562517839740048 0.649975351744625 0.75846091829842 0.0476348353452407 0 0 0 0 0 0
13.1307263302605 10.2998859510055 0.962486456766294 -0.759896610183537 0.649426074048908 0.0283357755671375 0.649975351744625 0.75846091829842 0.0476348353452407 0 0 0 0 0 0
13.3007758748543 10.6887390639423 0.632999717941921 -0.621085436406008 0.494037374188736 0.608424155987464 0.649975351744625 0.75846091829842 0.0476348353452407 0 0 0 0 0 0
13.3292489746769 11.1902080118704 0.442203284618984 -0.246313521343093 0.150955616009846 0.957362027238731 0.649975351744625 0.75846091829842 0.0476348353452407 0 0 0 0 0 0
13.301574899559 11.7260872972178 0.469637555528555 0.222037018620528 -0.249476704534493 0.942582058102485 0.649975351744625 0.75846091829842 0.0476348353452407 0 0 0 0 0 0
13.3245141698221 12.2050983599167 0.711933436240975 0.606031982949225 -0.55512865399811 0.569699405961492 0.649975351744625 0.75846091829842 0.0476348353452407 0 0 0 0 0 0
13.4855984496673 12.5575678284696 1.08409231446793 0.759785264641091 -0.649877946551698 -0.0196215753704002 0.649975351744625 0.75846091829842 0.0476348353452407 0 0 0 0 0 0
13.8198758044941 12.7618975986576 1.45177845397182 0.624883421363599 -0.497727741830456 -0.601487992163832 0.649975351744625 0.75846091829842 0.0476348353452407 0 0 0 0 0 0
14.2965953548828 12.8527703144343 1.68235538673611 0.252577918816412 -0.15648244642375 -0.954839064391276 0.649975351744625 0.75846091829842 0.0476348353452407 0 0 0 0 0 0
14.830890049813 12.907972851625 1.69527672472835 -0.215686157966736 0.244213146626324 -0.945430811998645 0.649975351744625 0.75846091829842 0.0476348353452407 0 0 0 0 0 0
15.3160190782481 13.0188437832734 1.49268707937748 -0.602007457258064 0.552128082246985 -0.576837587367491 0.649975351744625 0.75846091829842 0.0476348353452407 0 0 0 0 0 0
15.663920487859 13.2555723286427 1.15860728783597 -0.759616058509113 0.650280328332754 0.0109058809147303 0.649975351744625 0.75846091829842 0.0476348353452407 0 0 0 0 0 0
15.8386673930315 13.6405322953165 0.827013492192129 -0.628633819029319 0.501380205577604 0.59450602270084 0.649975351744625 0.75846091829842 0.0476348353452407 0 0 0 0 0 0
15.8701171993762 14.1397818956277 0.630937363129102 -0.258823081503318 0.161997360093513 0.952243386852258 0.649975351744625 0.75846091829842 0.0476348353452407 0 0 0 0 0 0
15.8425682761483 14.6759587992695 0.651925144061428 0.209318871976952 -0.23893099094153 0.948207567678088 0.649975351744625 0.75846091829842 0.0476348353452407 0 0 0 0 0 0
2.62078976492825 3.02000354613001 12.7140318586163 0.789082988430577 -0.568856094968314 0.231842145838221 0.439390840992155 0.78642853489216 0.434126534963688 0 0 0 0 0 0
2.73095199779086 3.17700752085493 13.2159274020212 0.890909648164896 -0.319661667650651 -0.32263976357775 0.439390840992155 0.78642853489216 0.434126534963688 0 0 0 0 0 0
3.04419711298518 3.26114460838072 13.6442772011666 0.654264837346382 0.0509775716655701 -0.75454543256135 0.439390840992155 0.78642853489216 0.434126534963688 0 0 0 0 0 0
3.50658191843908 3.35690203497168 13.9006283452179 0.169053876095234 0.402249579206494 -0.899786676388007 0.439390840992155 0.78642853489216 0.434126534963688 0 0 0 0 0 0
4.00750256026818 3.54435226579956 13.9518730880747 -0.380383479114575 0.600700246352549 -0.703183918223874 0.439390840992155 0.78642853489216 0.434126534963688 0 0 0 0 0 0
4.42171477606433 3.86873213668457 13.8428270346466 -0.785306790936132 0.570934846736731 -0.239429832918331 0.439390840992155 0.78642853489216 0.434126534963688 0 0 0 0 0 0
4.65691628415687 4.32325662384771 13.6792029432712 -0.891878923251682 0.324261753324032 0.315287648966218 0.439390840992155 0.78642853489216 0.434126534963688 0 0 0 0 0 0
4.68881396363118 4.85169658788397 13.5874486813981 -0.659611341203513 -0.0456038015438723 0.750222081680118 0.439390840992155 0.78642853489216 0.434126534963688 0 0 0 0 0 0
4.57035321712344 5.36974116392337 13.6667075666498 -0.176746382518609 -0.398143709750358 0.900134602519428 0.439390840992155 0.78642853489216 0.434126534963688 0 0 0 0 0 0
4.41160312715926 5.79702886879758 13.9511521628686 0.373267481927045 -0.599422166014838 0.708070938413605 0.439390840992155 0.78642853489216 0.434126534963688 0 0 0 0 0 0
4.33793937144523 6.08767827206785 14.3970015517782 0.781470789289119 -0.572970119606105 0.246999286489674 0.439390840992155 0.78642853489216 0.434126534963688 0 0 0 0 0 0
4.44241190673866 6.24771911854539 14.899154435815 0.892780278305413 -0.328837145209468 -0.307911523979531 0.439390840992155 0.78642853489216 0.434126534963688 0 0 0 0 0 0
4.75039373456319 6.33280152742555 15.3311188782722 0.664907613103223 0.0402265585161246 -0.745841598482764 0.439390840992155 0.78642853489216 0.434126534963688 0 0 0 0 0 0
5.20994127371594 6.42705358158519 15.5930687048874 0.184425429020654 0.394007520109249 -0.900413979915854 0.439390840992155 0.78642853489216 0.434126534963688 0 0 0 0 0 0
5.71152859521691 6.6111196623512 15.6497691364491 -0.366123058975603 0.598098437358427 -0.712904036259969 0.439390840992155 0.78642853489216 0.434126534963688 0 0 0 0 0 0
6.1296581539043 6.93152230073226 15.5439630705138 -0.777575275615914 0.574961758582526 -0.254549930109055 0.439390840992155 0.78642853489216 0.434126534963688 0 0 0 0 0 0
6.37053940404861 7.3829874900734 15.3801323400008 -0.893613644684411 0.333387494873151 0.300511950338166 0.439390840992155 0.78642853489216 0.434126534963688 0 0 0 0 0 0
6.40772139576952 7.91044836936093 15.2848033180229 -0.6701532497139 -0.0348462520802024 0.741404316560042 0.439390840992155 0.78642853489216 0.434126534963688 0 0 0 0 0 0
6.29214193313174 8.42996604439033 15.3584774333333 -0.192090430812246 -0.389841325270021 0.900624787301615 0.439390840992155 0.78642853489216 0.434126534963688 0 0 0 0 0 0
6.13277545074617 8.86061937705806 15.6374489972472 0.358950754335716 -0.59672916119038 0.717682843703851 0.439390840992155 0.78642853489216 0.434126534963688 0 0 0 0 0 0
7.55539091796166 4.66844480310466 9.69771415878786 0.608474417308249 -0.319128909889402 0.726578022206967 0.33629810415737 0.93299470055586 0.128158003553583 0 0 0 0 0 0
7.50293032352187 5.05425019358852 10.067967030246 0.914369590126707 -0.356060096845668 0.192741952064854 0.33629810415737 0.93299470055586 0.128158003553583 0 0 0 0 0 0
7.65890030592215 5.35889167379297 10.4821554357419 0.872880468211727 -0.257718100002907 -0.414320008140288 0.33629810415737 0.93299470055586 0.128158003553583 0 0 0 0 0 0
8.01384341851651 5.60478630499264 10.8018995823457 0.499769462639936 -0.0614646881521879 -0.863974870191804 0.33629810415737 0.93299470055586 0.128158003553583 0 0 0 0 0 0
8.48270899584491 5.83667005859403 10.9247006301042 -0.0632123174885913 0.158140186362332 -0.985391234167936 0.33629810415737 0.93299470055586 0.128158003553583 0 0 0 0 0 0
8.93716532341281 6.1046018726526 10.8228817150288 -0.602178681349614 0.317664960114882 -0.732440993420802 0.33629810415737 0.93299470055586 0.128158003553583 0 0 0 0 0 0
9.25435500161949 6.4449454243647 10.5541028524568 -0.912367296275264 0.356503504444883 -0.201224173512733 0.33629810415737 0.93299470055586 0.128158003553583 0 0 0 0 0 0
9.36357052593254 6.86655396113241 10.239454933201 -0.875932321378207 0.259900407015534 0.406441074201594 0.33629810415737 0.93299470055586 0.128158003553583 0 0 0 0 0 0
9.27311725002618 7.34740680385709 10.0174552695982 -0.506716012782129 0.064556799657904 0.859692562494355 0.33629810415737 0.93299470055586 0.128158003553583 0 0 0 0 0 0
9.06715804306229 7.84297537109508 9.99142255266624 0.0550101809098284 -0.155313015221896 0.98633247300236 0.33629810415737 0.93299470055586 0.128158003553583 0 0 0 0 0 0
8.8737384085677 8.3031403316263 10.1902243539902 0.595837087152964 -0.316176818923759 0.738248186417226 0.33629810415737 0.93299470055586 0.128158003553583 0 0 0 0 0 0
8.81613985683766 8.69123277633533 10.5573098526369 0.910295522121836 -0.356919762921974 0.209691070960727 0.33629810415737 0.93299470055586 0.128158003553583 0 0 0 0 0 0
8.96604319801779 8.9979653498558 10.9721944375071 0.878917468907104 -0.262062921605922 -0.398531188201499 0.33629810415737 0.93299470055586 0.128158003553583 0 0 0 0 0 0
9.31629580389046 9.24496067215038 11.2962338254869 0.513623974538119 -0.0676439949133844 -0.855344785879837 0.33629810415737 0.93299470055586 0.128158003553583 0 0 0 0 0 0
9.78362901092031 9.47653654367603 11.425297342612 -0.0468038550928086 0.152474016394032 -0.987198598800223 0.33629810415737 0.93299470055586 0.128158003553583 0 0 0 0 0 0
10.2402932777091 9.74286887203631 11.3293289080783 -0.589450117655251 0.314664599643747 -0.743999158956011 0.33629810415737 0.93299470055586 0.128158003553583 0 0 0 0 0 0
10.5625923716312 10.0809290057863 11.0637658418507 -0.908154425440045 0.357308840577248 -0.218141999621816 0.33629810415737 0.93299470055586 0.128158003553583 0 0 0 0 0 0
10.6778776356992 10.5004377009886 10.7484772999454 -0.881835683467876 0.264205479090212 0.390590952508447 0.33629810415737 0.93299470055586 0.128158003553583 0 0 0 0 0 0
10.5921484279737 10.9801720434628 10.5222239779543 -0.520492821839871 0.0707260388167577 0.850931871448272 0.33629810415737 0.93299470055586 0.128158003553583 0 0 0 0 0 0
10.3877728651324 11.4760283887107 10.4899406028345 0.038593964981015 -0.149623406079493 0.987989545602693 0.33629810415737 0.93299470055586 0.128158003553583 0 0 0 0 0 0
10.4176625054035 10.891600216697 3.76330098652072 0.275615508425708 0.495240533590256 -0.823876753771144 0.621523124222113 0.562015413008756 0.545754231864291 0 0 0 0 0 0
10.9493184122688 10.9340231524116 3.82831939421372 -0.206733290639275 0.789623527401737 -0.577716220574683 0.621523124222113 0.562015413008756 0.545754231864291 0 0 0 0 0 0
11.433849459028 11.156440796043 3.76164737124886 -0.6105406561941 0.784015341351942 -0.112071636281779 0.621523124222113 0.562015413008756 0.545754231864291 0 0 0 0 0 0
11.7792077439971 11.5575747614047 3.66942861526722 -0.782393418765368 0.480546619085059 0.396150836372409 0.621523124222113 0.562015413008756 0.545754231864291 0 0 0 0 0 0
11.9462194245406 12.0682493437072 3.66751245490158 -0.657001840627286 -0.00548979808325759 0.75386898299994 0.621523124222113 0.562015413008756 0.545754231864291 0 0 0 0 0 0
11.9634675148405 12.5776725263639 3.83744075293129 -0.282004278749901 -0.489440549175216 0.825179698968541 0.621523124222113 0.562015413008756 0.545754231864291 0 0 0 0 0 0
11.916432720926 12.9755277204359 4.19546878930521 0.20013142348468 -0.787444652625908 0.58299085103015 0.621523124222113 0.562015413008756 0.545754231864291 0 0 0 0 0 0
11.9150178912921 13.1938848811648 4.68638960851527 0.606233851918465 -0.786285367171506 0.119314031698167 0.621523124222113 0.562015413008756 0.545754231864291 0 0 0 0 0 0
12.0517940872781 13.2330082677064 5.20450806500516 0.782017904318935 -0.486403124738355 -0.389692183100181 0.621523124222113 0.562015413008756 0.545754231864291 0 0 0 0 0 0
12.3668312891599 13.1612560466593 5.63379617609567 0.660700280226522 -0.00172820299053055 -0.750647822232915 0.621523124222113 0.562015413008756 0.545754231864291 0 0 0 0 0 0
12.8324751407083 13.089109881686 5.89197409248903 0.288371573356443 0.483603291967409 -0.826419803537049 0.621523124222113 0.562015413008756 0.545754231864291 0 0 0 0 0 0
13.3638533014769 13.1272011023334 5.96176958866278 -0.193514315547345 0.785205810891065 -0.588221084475171 0.621523124222113 0.562015413008756 0.545754231864291 0 0 0 0 0 0
13.8511198679275 13.3442800122799 5.89748007012201 -0.601880880587877 0.788495514316131 -0.126547340889097 0.621523124222113 0.562015413008756 0.545754231864291 0 0 0 0 0 0
14.2011876687099 13.7410964995248 5.80434408124376 -0.781582836181383 0.492222588910515 0.383203853259456 0.621523124222113 0.562015413008756 0.545754231864291 0 0 0 0 0 0
14.3730936373923 14.2501151413996 5.79855942277352 -0.664348404941414 0.00894607245497003 0.747369496727977 0.621523124222113 0.562015413008756 0.545754231864291 0 0 0 0 0 0
14.3935613662645 14.7611730407721 5.96313766459844 -0.294716907351199 -0.477729206496574 0.827596973037903 0.621523124222113 0.562015413008756 0.545754231864291 0 0 0 0 0 0
14.3468483668327 15.1633325524919 6.31636666246773 0.186882470745661 -0.782907172693676 0.593406522607219 0.621523124222113 0.562015413008756 0.545754231864291 0 0 0 0 0 0
14.3427352324876 15.387028349562 6.80486269583689 0.597482073697956 -0.790645614474557 0.133771013010071 0.621523124222113 0.562015413008756 0.545754231864291 0 0 0 0 0 0
14.4748181556418 15.4304964539348 7.32385183583082 0.781088247484835 -0.498004568426813 -0.376686340961671 0.621523124222113 0.562015413008756 0.545754231864291 0 0 0 0 0 0
14.7849501693871 15.3604444012651 7.75697531255007 0.66794593695314 -0.0161632606413558 -0.744034256142304 0.621523124222113 0.562015413008756 0.545754231864291 0 0 0 0 0 0
0.588246003854865 5.55879887744519 7.4491957201786 0.400525406865457 0.738160121622064 -0.542861891554528 0.607754766756878 0.229362533264751 0.760280850619473 0 0 0 0 0 0
1.11202889448597 5.50911729555434 7.55813756714891 -0.0776456890026959 0.969957751148788 -0.230549578107796 0.607754766756878 0.229362533264751 0.760280850619473 0 0 0 0 0 0
1.61811244786579 5.68053761355763 7.6145256305353 -0.526317889452033 0.833252214185294 0.169352374645477 0.607754766756878 0.229362533264751 0.760280850619473 0 0 0 0 0 0
2.00422182178441 6.04189780000277 7.7095175730508 -0.775033124132692 0.379980229818708 0.504914528850222 0.607754766756878 0.229362533264751 0.760280850619473 0 0 0 0 0 0
2.21366237067052 6.48987449179118 7.91960479830486 -0.729300317092519 -0.217652596786661 0.648651211824024 0.607754766756878 0.229362533264751 0.760280850619473 0 0 0 0 0 0
2.25685888932793 6.88823726729362 8.27755208770406 -0.406494126337834 -0.732595562915417 0.545954454555949 0.607754766756878 0.229362533264751 0.760280850619473 0 0 0 0 0 0
2.20739505909627 7.11960486117835 8.75994971219776 0.0707459792319585 -0.96921322634797 0.235840472130358 0.607754766756878 0.229362533264751 0.760280850619473 0 0 0 0 0 0
2.17405777705656 7.13004026962071 9.29610717973431 0.521108504481834 -0.837610580709927 -0.163873248699977 0.607754766756878 0.229362533264751 0.760280850619473 0 0 0 0 0 0
2.25950719501019 6.94954231983479 9.79490973507342 0.773493196409482 -0.387785671358081 -0.50132878253458 0.607754766756878 0.229362533264751 0.760280850619473 0 0 0 0 0 0
2.52127441142336 6.68064861406111 10.1794343786594 0.732014890904564 0.209365497973379 -0.648321130114034 0.607754766756878 0.229362533264751 0.760280850619473 0 0 0 0 0 0
2.9499044452511 6.45947978013815 10.4161742002365 0.412431889708685 0.726975214220295 -0.549005441011908 0.607754766756878 0.229362533264751 0.760280850619473 0 0 0 0 0 0
3.47254834131513 6.40402496917101 10.5277682142604 -0.0638408818809983 0.968394892207504 -0.241113405987874 0.607754766756878 0.229362533264751 0.760280850619473 0 0 0 0 0 0
3.98063970634563 6.56931580435317 10.5844004198028 -0.515859435081466 0.841905159945898 0.158381643172127 0.607754766756878 0.229362533264751 0.760280850619473 0 0 0 0 0 0
4.37114089691777 6.92651894723557 10.6771357258897 -0.771894364184666 0.395561581517207 0.497704858091175 0.607754766756878 0.229362533264751 0.760280850619473 0 0 0 0 0 0
4.58568874288632 7.37389036507119 10.8833228700388 -0.734673718948557 -0.201062455166834 0.647941676239908 0.607754766756878 0.229362533264751 0.760280850619473 0 0 0 0 0 0
4.63276769150401 7.77542958992508 11.2372083396743 -0.41833824479434 -0.721299503548011 0.552014618577972 0.607754766756878 0.229362533264751 0.760280850619473 0 0 0 0 0 0
4.58448642405779 8.01254857024949 11.7169255589838 0.0569309227997129 -0.967502811046703 0.246367978126014 0.607754766756878 0.229362533264751 0.760280850619473 0 0 0 0 0 0
4.54918256225511 8.02912525435328 12.2528023666592 0.510571080987885 -0.84613562484437 -0.152877976268951 0.607754766756878 0.229362533264751 0.760280850619473 0 0 0 0 0 0
4.63026339442875 7.8528252961501 12.7538306348337 0.770236749215506 -0.403307368130421 -0.494043031495883 0.607754766756878 0.229362533264751 0.760280850619473 0 0 0 0 0 0
4.88691971782161 7.58459141069151 13.1422417784336 0.737276598744447 0.192744100675884 -0.647512879098528 0.607754766756878 0.229362533264751 0.760280850619473 0 0 0 0 0 0
6.75739106278749 1.15508759670939 2.01325114504511 0.565534686217537 -0.72227717058504 0.398103262403738 0.511383731241848 0.685819168644108 0.517821153818063 0 0 0 0 0 0
6.7935234176954 1.30866831778814 2.5268585020408 0.837511399964369 -0.532733643593255 -0.12152991365741 0.511383731241848 0.685819168644108 0.517821153818063 0 0 0 0 0 0
7.02056652257753 1.34081238804732 3.01276311139433 0.791303530420847 -0.140795698568853 -0.594991843648307 0.511383731241848 0.685819168644108 0.517821153818063 0 0 0 0 0 0
7.42798729211749 1.34086207438759 3.3630393112668 0.444466219780937 0.304632886320405 -0.842406424504077 0.511383731241848 0.685819168644108 0.517821153818063 0 0 0 0 0 0
7.93672415044167 1.41035283674989 3.5212889401672 -0.071231238832663 0.63432634450629 -0.769776720406413 0.511383731241848 0.685819168644108 0.517821153818063 0 0 0 0 0 0
8.42922384563264 1.6244383093015 3.5040679414299 -0.559866758890931 0.723028619043315 -0.404695970245914 0.511383731241848 0.685819168644108 0.517821153818063 0 0 0 0 0 0
8.7941018955182 2.00333817831416 3.39459648354127 -0.835799536773498 0.537040232811921 0.114135545166807 0.511383731241848 0.685819168644108 0.517821153818063 0 0 0 0 0 0
8.96845941469777 2.50465638529429 3.31114222676469 -0.79419809681275 0.147021283301407 0.589605058726104 0.511383731241848 0.685819168644108 0.517821153818063 0 0 0 0 0 0
8.96177945271939 3.03948809842901 3.36208846167668 -0.450867521588761 -0.298853509800086 0.84107375280446 0.511383731241848 0.685819168644108 0.517821153818063 0 0 0 0 0 0
8.85232422500829 3.50619614460136 3.60475748500486 0.0637551631897696 -0.631188857964298 0.773004466189149 0.511383731241848 0.685819168644108 0.517821153818063 0 0 0 0 0 0
8.75740198875235 3.82902467074037 4.02363290072349 0.554156195543022 -0.72372500607293 0.411257858923111 0.511383731241848 0.685819168644108 0.517821153818063 0 0 0 0 0 0
8.78879967470699 3.98688005897301 4.53625455832388 0.834024024211972 -0.541305924337623 -0.106732484812545 0.511383731241848 0.685819168644108 0.517821153818063 0 0 0 0 0 0
9.01031316322336 4.02134474472067 5.02454654265291 0.797032181944718 -0.153235671794021 -0.58417337309593 0.511383731241848 0.685819168644108 0.517821153818063 0 0 0 0 0 0
9.41351016269268 4.02087935426132 5.37967618820369 0.457234488089211 0.293051374427937 -0.839677030082218 0.511383731241848 0.685819168644108 0.517821153818063 0 0 0 0 0 0
9.92093377810884 4.08721503382369 5.54340142832674 -0.056274232344361 0.628003303947025 -0.776173344688977 0.511383731241848 0.685819168644108 0.517821153818063 0 0 0 0 0 0
10.4155296804914 4.29670408628094 5.53019793010562 -0.54840343105532 0.724366278641318 -0.417788428722101 0.511383731241848 0.685819168644108 0.517821153818063 0 0 0 0 0 0
10.7851170035094 4.6713124547467 5.42175954641156 -0.832184997491947 0.545530393321435 0.0993212963663327 0.511383731241848 0.685819168644108 0.517821153818063 0 0 0 0 0 0
10.9650077301644 5.17027449353521 5.33596145534935 -0.799805569990195 0.159438390796953 0.578697200401676 0.511383731241848 0.685819168644108 0.517821153818063 0 0 0 0 0 0
10.9625827519742 5.70558051852263 5.38207740932744 -0.463566634413138 -0.287226922059032 0.838216362703193 0.511383731241848 0.685819168644108 0.517821153818063 0 0 0 0 0 0
10.8544877448833 6.17541315758908 5.61926480955824 0.0487890159982849 -0.624769925046742 0.77928311458353 0.511383731241848 0.685819168644108 0.517821153818063 0 0 0 0 0 0
8.191113952793 11.5685716163833 3.52834439707298 -0.474939394183223 0.879961753939924 -0.00999417109350509 0.345028296352404 0.196644678786447 0.917761594871529 0 0 0 0 0 0
8.556284246713 11.8976500691554 3.74523868117902 -0.859424527571458 0.45923898506977 0.224697654639883 0.345028296352404 0.196644678786447 0.917761594871529 0 0 0 0 0 0
8.72554869253126 12.3314120630241 4.01335280273035 -0.917399914123451 -0.135956352294766 0.374023084631132 0.345028296352404 0.196644678786447 0.917761594871529 0 0 0 0 0 0
8.68569179905904 12.7341828021094 4.36672549819199 -0.626839735191327 -0.679499598353527 0.381250891438515 0.345028296352404 0.196644678786447 0.917761594871529 0 0 0 0 0 0
8.50294676822642 12.9820615863695 4.80700434635312 -0.0981326606585308 -0.964889586370336 0.243635110413422 0.345028296352404 0.196644678786447 0.917761594871529 0 0 0 0 0 0
8.29783239430895 13.0099937590561 5.30281982559899 0.467856652349033 -0.883701888431457 0.0134582775804467 0.345028296352404 0.196644678786447 0.917761594871529 0 0 0 0 0 0
8.19936595901556 12.8364860584691 5.80170311964277 0.856099400983109 -0.466781068369795 -0.221831579915742 0.345028296352404 0.196644678786447 0.917761594871529 0 0 0 0 0 0
8.29604740911348 12.5565755986599 6.25001989806483 0.919095673965009 0.127477683728837 -0.372843911375708 0.345028296352404 0.196644678786447 0.917761594871529 0 0 0 0 0 0
8.60223674701111 12.3057236808678 6.61334689515724 0.632912133947392 0.67330553246567 -0.382206607286268 0.345028296352404 0.196644678786447 0.917761594871529 0 0 0 0 0 0
9.05269842575666 12.2083517803868 6.8895498840926 0.10627469251658 0.963333352350606 -0.246362622935074 0.345028296352404 0.196644678786447 0.917761594871529 0 0 0 0 0 0
9.5273854240053 12.3305717478855 7.1095945053781 -0.460738281419386 0.887374725602796 -0.0169213591674447 0.345028296352404 0.196644678786447 0.917761594871529 0 0 0 0 0 0
9.89704711650723 12.6550688120066 7.32578190230895 -0.852709079110852 0.474287604484248 0.218948611857935 0.345028296352404 0.196644678786447 0.917761594871529 0 0 0 0 0 0
10.0723337475953 13.0876797504934 7.59187864220204 -0.920721441112571 -0.118989307243742 0.371636344612908 0.345028296352404 0.196644678786447 0.917761594871529 0 0 0 0 0 0
10.0377418972113 13.49316707265 7.9426898985432 -0.638936333994038 -0.667060191754707 0.383133216621103 0.345028296352404 0.196644678786447 0.917761594871529 0 0 0 0 0 0
9.8575044893891 13.746598003107 8.38083638366844 -0.114408631145335 -0.961703756766398 0.249071373989158 0.345028296352404 0.196644678786447 0.917761594871529 0 0 0 0 0 0
9.65118763049749 13.780808531949 8.87575869633156 0.453584823485787 -0.890979985753169 0.0203831521274285 0.345028296352404 0.196644678786447 0.917761594871529 0 0 0 0 0 0
9.54826544639153 13.6119201450039 9.37532734916348 0.849253820140823 -0.48175802176134 -0.216048970015641 0.345028296352404 0.196644678786447 0.917761594871529 0 0 0 0 0 0
9.63893069730848 13.3332150018398 9.82564763248234 0.922277091757675 0.110491869262215 -0.370400476303618 0.345028296352404 0.196644678786447 0.917761594871529 0 0 0 0 0 0
9.93982904031108 13.0796964837506 10.1915351155731 0.644911876565107 0.660764051827514 -0.384030648878132 0.345028296352404 0.196644678786447 0.917761594871529 0 0 0 0 0 0
10.3877350658689 12.9767991520664 10.4698828001686 0.122533857113877 0.960000923717725 -0.251761157293794 0.345028296352404 0.196644678786447 0.917761594871529 0 0 0 0 0 0
9.39039997294888 6.16812402785908 6.46296891166967 0.561310418221084 -0.165592481478631 -0.810869745689295 0.765640966723532 0.475879434918759 0.432819446762802 0 0 0 0 0 0
9.86333827750531 6.03083231250343 6.67783037190939 0.270443925951853 0.372360589533672 -0.887810607211857 0.765640966723532 0.475879434918759 0.432819446762802 0 0 0 0 0 0
10.397924283492 5.97842020524833 6.69031537630018 -0.123168735367804 0.768847647045069 -0.627457375652846 0.765640966723532 0.475879434918759 0.432819446762802 0 0 0 0 0 0
10.9044339723761 6.10126694332897 6.55977145216793 -0.469987534849792 0.873236628996884 -0.128722596555435 0.765640966723532 0.475879434918759 0.432819446762802 0 0 0 0 0 0
11.303809987903 6.42316799846589 6.3998852081006 -0.638250212069799 0.645868415854917 0.418916049100433 0.765640966723532 0.475879434918759 0.432819446762802 0 0 0 0 0 0
11.557696847506 6.89229477931921 6.33549089060692 -0.564030962750002 0.173123993185605 0.807401483800207 0.765640966723532 0.475879434918759 0.432819446762802 0 0 0 0 0 0
11.6830128314029 7.40088517986654 6.45514376675043 -0.275526920586668 -0.365393128973728 0.889141595771347 0.765640966723532 0.475879434918759 0.432819446762802 0 0 0 0 0 0
11.7455224450826 7.82618420516721 6.7774764976269 0.117654405271996 -0.765091292388608 0.633081949854222 0.765640966723532 0.475879434918759 0.432819446762802 0 0 0 0 0 0
11.8348513841461 8.07708064629425 7.24412027889259 0.466136855491072 -0.874118482180796 0.136503886621727 0.765640966723532 0.475879434918759 0.432819446762802 0 0 0 0 0 0
12.0304362340857 8.12872175190401 7.7418801254088 0.63752612091647 -0.651053446110834 -0.41193428536164 0.765640966723532 0.475879434918759 0.432819446762802 0 0 0 0 0 0
12.3713451833481 8.03195520398738 8.1457395386153 0.566708554137373 -0.180642320830222 -0.803871735162146 0.765640966723532 0.475879434918759 0.432819446762802 0 0 0 0 0 0
12.8414353653575 7.89401123335358 8.36635636449772 0.280588932779735 0.358397842312336 -0.890404872755867 0.765640966723532 0.475879434918759 0.432819446762802 0 0 0 0 0 0
13.3754858034229 7.83776406215188 8.38400537161882 -0.112131115337709 0.76127667306806 -0.638658312414039 0.765640966723532 0.475879434918759 0.432819446762802 0 0 0 0 0 0
13.8839759502188 7.95504993252965 8.25607219632972 -0.462250678006085 0.874933767858002 -0.144274781388557 0.765640966723532 0.475879434918759 0.432819446762802 0 0 0 0 0 0
14.2870960404185 8.27177698282048 8.09525158008349 -0.636753479680751 0.656188896126174 0.404921151232149 0.765640966723532 0.475879434918759 0.432819446762802 0 0 0 0 0 0
14.5450681548895 8.73808231263028 8.02673275300148 -0.569342988474244 0.188146891862723 0.800280768579137 0.765640966723532 0.475879434918759 0.432819446762802 0 0 0 0 0 0
14.6732585172234 9.24727573236025 8.14063795229797 -0.285629577039226 -0.351375262267659 0.891600341961984 0.765640966723532 0.475879434918759 0.432819446762802 0 0 0 0 0 0
14.7363396084839 9.67637315000026 8.45778347759893 0.106599286184857 -0.757404079581455 0.6441860386707 0.765640966723532 0.475879434918759 0.432819446762802 0 0 0 0 0 0
14.8237200103843 9.93282028386792 8.92177123068422 0.458329298342291 -0.875682423941341 0.152034689072201 0.765640966723532 0.475879434918759 0.432819446762802 0 0 0 0 0 0
15.0155765902632 9.98965558164478 9.4204152959273 0.635932347202263 -0.661274374816535 -0.397877180789275 0.765640966723532 0.475879434918759 0.432819446762802 0 0 0 0 0 0
12.6927265481996 2.16788948405171 2.71603658682968 -0.204031296921343 0.884476122024893 0.419610795195265 0.972042232893772 0.132153281220457 0.194086083307273 0 0 0 0 0 0
13.0892239827272 2.47763971111999 2.52754339500963 -0.233417094467537 0.454073143916629 0.85984535818018 0.972042232893772 0.132153281220457 0.194086083307273 0 0 0 0 0 0
13.4325139832265 2.8908959256315 2.53505197964183 -0.174123835299808 -0.148839813263681 0.973410293744687 0.972042232893772 0.132153281220457 0.194086083307273 0 0 0 0 0 0
13.7361124499904 3.27022410002631 2.76444947136153 -0.0486780199064025 -0.695206036916145 0.717160384163361 0.972042232893772 0.132153281220457 0.194086083307273 0 0 0 0 0 0
14.0286147605849 3.49108003643139 3.15732369521675 0.095261389102537 -0.977451863919068 0.188449254356166 0.972042232893772 0.132153281220457 0.194086083307273 0 0 0 0 0 0
14.3428319078228 3.48912578970055 3.59315493253202 0.203009403705931 -0.888347385695461 -0.41185689788445 0.972042232893772 0.132153281220457 0.194086083307273 0 0 0 0 0 0
14.7033250550232 3.28467272844854 3.93510337701544 0.233630751705214 -0.461744883269903 -0.855691728738639 0.972042232893772 0.132153281220457 0.194086083307273 0 0 0 0 0 0
15.1170743394259 2.97496490652633 4.0819968650085 0.17549187103382 0.140282220272651 -0.974434965442243 0.972042232893772 0.132153281220457 0.194086083307273 0 0 0 0 0 0
15.5708270013527 2.69723442112926 4.00676787196837 0.0506806944890622 0.689013762939977 -0.722974067090514 0.972042232893772 0.132153281220457 0.194086083307273 0 0 0 0 0 0
16.0361323291829 2.5765646446742 3.76673691758654 -0.0933849252281162 0.975977457370608 -0.196843233169296 0.972042232893772 0.132153281220457 0.194086083307273 0 0 0 0 0 0
16.480150560369 2.67836896033595 3.48183554201009 -0.201972050538445 0.892150998273232 0.404071636076293 0.972042232893772 0.132153281220457 0.194086083307273 0 0 0 0 0 0
16.8781292562799 2.98353912412566 3.28904230859136 -0.23382661705661 0.469381458962598 0.85147293505901 0.972042232893772 0.132153281220457 0.194086083307273 0 0 0 0 0 0
17.2228071674753 3.395704806255 3.29034235751097 -0.176846542382409 -0.131713944247424 0.975385430144501 0.972042232893772 0.132153281220457 0.194086083307273 0 0 0 0 0 0
17.5271729037701 3.77784629064875 3.51398154592256 -0.0526795095406181 -0.682769017898136 0.72873269274335 0.972042232893772 0.132153281220457 0.194086083307273 0 0 0 0 0 0
17.8195303442076 4.00435055592926 3.90373537457461 0.0915013497300848 -0.974428726360119 0.20522222160811 0.972042232893772 0.132153281220457 0.194086083307273 0 0 0 0 0 0
18.1327455201952 4.00873376237554 4.34026961509955 0.200919316417343 -0.895886670098381 -0.396255602648621 0.972042232893772 0.132153281220457 0.194086083307273 0 0 0 0 0 0
18.491760260682 3.80889957418379 4.68647737853253 0.23400467560582 -0.476982289439909 -0.847189298418764 0.972042232893772 0.132153281220457 0.194086083307273 0 0 0 0 0 0
18.9041163743362 3.50033725810593 4.83956831473412 0.178187746182107 0.12313563769539 -0.976261615469896 0.972042232893772 0.132153281220457 0.194086083307273 0 0 0 0 0 0
19.3570903903392 3.21984371451521 4.77012038497122 0.0546743128435656 0.676472277352135 -0.734435822580231 0.972042232893772 0.132153281220457 0.194086083307273 0 0 0 0 0 0
19.8225274176753 3.09355204783214 4.5332577863421 -0.0896108060500096 0.972805788829464 -0.213585581580199 0.972042232893772 0.132153281220457 0.194086083307273 0 0 0 0 0 0
9.76981713533439 2.83630558030638 8.65915704507435 0.0522219898508391 0.949083895773151 -0.310664807405147 0.516906665198782 0.240483097158439 0.821568852534077 0 0 0 0 0 0
10.2778547572991 2.96661673226551 8.77578414510624 -0.458722350650794 0.888117606773014 0.0286517286247246 0.516906665198782 0.240483097158439 0.821568852534077 0 0 0 0 0 0
10.6813266049993 3.29937432063322 8.89894240757967 -0.79539040071148 0.489740590425261 0.357082993918706 0.516906665198782 0.240483097158439 0.821568852534077 0 0 0 0 0 0
10.9034891858303 3.74376829199807 9.10349774975249 -0.829876339323539 -0.0946970642510707 0.549852459713686 0.516906665198782 0.240483097158439 0.821568852534077 0 0 0 0 0 0
10.9364814290004 4.16657606458724 9.43339197741819 -0.549078381834103 -0.643157720967938 0.533723783020553 0.516906665198782 0.240483097158439 0.821568852534077 0 0 0 0 0 0
10.8443112377547 4.44277601444479 9.88494855821706 -0.0596763669849009 -0.947272006465425 0.314824517772124 0.516906665198782 0.240483097158439 0.821568852534077 0 0 0 0 0 0
10.738537816777 4.50304528062259 10.4082693977481 0.452397697417514 -0.891501819163329 -0.0236818453631766 0.516906665198782 0.240483097158439 0.821568852534077 0 0 0 0 0 0
10.7358884651603 4.36009667907096 10.9261919598834 0.792598312884869 -0.497035185645524 -0.353191079505667 0.516906665198782 0.240483097158439 0.821568852534077 0 0 0 0 0 0
10.9139119239049 4.1038488913122 11.3636046043322 0.831677577750145 0.0862634248841671 -0.548517117504008 0.516906665198782 0.240483097158439 0.821568852534077 0 0 0 0 0 0
11.2815163126664 3.86726485397006 11.6759827545869 0.554788625920558 0.636789118052811 -0.535452331845424 0.516906665198782 0.240483097158439 0.821568852534077 0 0 0 0 0 0
11.775584786163 3.77583691612467 11.8663045289493 0.0671261995325706 0.945387978726894 -0.318960253033181 0.516906665198782 0.240483097158439 0.821568852534077 0 0 0 0 0 0
12.2849546789551 3.89991019777674 11.9839193035968 -0.446038592348047 0.894818140238526 0.0187101586374161 0.516906665198782 0.240483097158439 0.821568852534077 0 0 0 0 0 0
12.6926500605869 4.22795730265168 12.1057990594944 -0.789745865628063 0.50429192971205 0.349272268224488 0.516906665198782 0.240483097158439 0.821568852534077 0 0 0 0 0 0
12.9203228472994 4.67095776877205 12.3072954399236 -0.833415480709234 -0.077823216223476 0.547140003592161 0.516906665198782 0.240483097158439 0.821568852534077 0 0 0 0 0 0
12.9580185489607 5.09621843030557 12.6335124013874 -0.560456620705197 -0.630372021180915 0.537140103902137 0.516906665198782 0.240483097158439 0.821568852534077 0 0 0 0 0 0
12.8679581462975 5.37778576977621 13.0821704664369 -0.074570920160256 -0.943431956033565 0.323071698236064 0.516906665198782 0.240483097158439 0.821568852534077 0 0 0 0 0 0
12.7608993000374 5.44429776518387 13.6044727352647 0.439645519712865 -0.898066317447915 -0.0137370470606361 0.516906665198782 0.240483097158439 0.821568852534077 0 0 0 0 0 0
12.7540576638293 5.30609551527159 14.1236436437828 0.786833276165963 -0.511510269995683 -0.345326858507822 0.516906665198782 0.240483097158439 0.821568852534077 0 0 0 0 0 0
12.926574697681 5.05129448321909 14.5640972840384 0.835089915852768 0.0693770810235649 -0.545721222850702 0.516906665198782 0.240483097158439 0.821568852534077 0 0 0 0 0 0
13.2894505041275 4.81230795896887 14.8801537543739 0.566081934548274 0.623906919039022 -0.538786970660315 0.516906665198782 0.240483097158439 0.821568852534077 0 0 0 0 0 0
1.37272060682215 1.61839878702642 8.99752950042801 0.622927239949869 -0.715528593952673 0.316196908530981 0.62010812341797 0.698063824311901 0.358012307690794 0 0 0 0 0 0
1.51763150364047 1.79944786042541 9.48220172691002 0.784234266374149 -0.563811467572675 -0.259023636910122 0.62010812341797 0.698063824311901 0.358012307690794 0 0 0 0 0 0
1.84130862615474 1.85197609205086 9.90782950720819 0.647597583305173 -0.19789293823677 -0.735836772044804 0.62010812341797 0.698063824311901 0.358012307690794 0 0 0 0 0 0
2.31260563816011 1.85939462217852 10.1657232721656 0.264927751084362 0.243208426928771 -0.933093214944903 0.62010812341797 0.698063824311901 0.358012307690794 0 0 0 0 0 0
2.84429293936113 1.92225252087717 10.2109184094165 -0.218392563129189 0.591910844476017 -0.775851945000818 0.62010812341797 0.698063824311901 0.358012307690794 0 0 0 0 0 0
3.32619764892512 2.12003651519862 10.0792580713923 -0.618741891281022 0.715736435985247 -0.323851549598145 0.62010812341797 0.698063824311901 0.358012307690794 0 0 0 0 0 0
3.66706012490286 2.48097265262359 9.87377576244711 -0.784020830122439 0.567641788988618 0.251185464006029 0.62010812341797 0.698063824311901 0.358012307690794 0 0 0 0 0 0
3.82920502798494 2.97130275370939 9.7255511879257 -0.651437147471088 0.203890535890605 0.73079292023731 0.62010812341797 0.698063824311901 0.358012307690794 0 0 0 0 0 0
3.84285481280348 3.50810970886687 9.74391088256681 -0.271361601047181 -0.237322140660222 0.932759927864379 0.62010812341797 0.698063824311901 0.358012307690794 0 0 0 0 0 0
3.79464771212491 3.99081907459351 9.97489323211395 0.211808754538576 -0.588372168159633 0.780355843981418 0.62010812341797 0.698063824311901 0.358012307690794 0 0 0 0 0 0
3.79472242370799 4.339408986075 10.3837577208506 0.614509423021598 -0.715889771917135 0.331481528115964 0.62010812341797 0.698063824311901 0.358012307690794 0 0 0 0 0 0
3.9348745776044 4.52481180152248 10.8681834343513 0.783747687649055 -0.571428882284613 -0.243328162356349 0.62010812341797 0.698063824311901 0.358012307690794 0 0 0 0 0 0
4.25368204156107 4.57995738527315 11.2971424855866 0.655227102176081 -0.209872606490737 -0.725693415719559 0.62010812341797 0.698063824311901 0.358012307690794 0 0 0 0 0 0
4.72184854407554 4.5872625017706 11.5606796998746 0.277774785773461 0.231417781391831 -0.93235560750402 0.62010812341797 0.698063824311901 0.358012307690794 0 0 0 0 0 0
5.25333381774725 4.64731930881789 11.6116864240955 -0.205208815891254 0.584788685024667 -0.784800315843228 0.62010812341797 0.698063824311901 0.358012307690794 0 0 0 0 0 0
5.73804173537965 4.84067871501695 11.4837978916262 -0.610230157490441 0.715988590071212 -0.339086263032034 0.62010812341797 0.698063824311901 0.358012307690794 0 0 0 0 0 0
6.08364766941119 5.19724774285136 11.2786146348293 -0.783414859754853 0.575172459058847 0.235452330325021 0.62010812341797 0.698063824311901 0.358012307690794 0 0 0 0 0 0
6.25067416151142 5.68492735082606 11.1271027441385 -0.658967158800428 0.215838694479329 0.720538646838565 0.62010812341797 0.698063824311901 0.358012307690794 0 0 0 0 0 0
6.26748906902866 6.2218073959987 11.1398376606664 -0.284166816874355 -0.225495798763417 0.931880284654389 0.62010812341797 0.698063824311901 0.358012307690794 0 0 0 0 0 0
6.21952814169808 6.70728566674798 11.3649947174028 0.198593249798103 -0.581160667967236 0.789185022122509 0.62010812341797 0.698063824311901 0.358012307690794 0 0 0 0 0 0
12.5033865726701 5.99807514610068 8.5132813403458 -0.26940755399561 -0.644388474667518 0.715669660923091 0.27493186444443 0.660754307401983 0.698438411860943 0 0 0 0 0 0
12.2551245396335 6.31759406499168 8.86677635522098 0.322959548485704 -0.747690863831427 0.580220218697112 0.27493186444443 0.660754307401983 0.698438411860943 0 0 0 0 0 0
12.0804811458361 6.46667682794617 9.35253258720483 0.792628918901597 -0.566932993101169 0.224335414623363 0.27493186444443 0.660754307401983 0.698438411860943 0 0 0 0 0 0
12.0865175390425 6.48652719728468 9.88942608401081 0.96116531097795 -0.170787799677605 -0.216778164153918 0.27493186444443 0.660754307401983 0.698438411860943 0 0 0 0 0 0
12.3116515951294 6.46744648231284 10.376904991477 0.764538931586748 0.290242534263219 -0.575534094031499 0.27493186444443 0.660754307401983 0.698438411860943 0 0 0 0 0 0
12.7110623247277 6.51452656215879 10.7331908840994 0.277451429676461 0.641004876841051 -0.715634999169602 0.27493186444443 0.660754307401983 0.698438411860943 0 0 0 0 0 0
13.1737181164508 6.7077237238499 10.9263477561437 -0.315044509108444 0.748238749676942 -0.583854203344042 0.27493186444443 0.660754307401983 0.698438411860943 0 0 0 0 0 0
13.5645595024097 7.07148193207324 10.9864150441647 -0.78784977161975 0.571204211625791 -0.23025743414636 0.27493186444443 0.660754307401983 0.698438411860943 0 0 0 0 0 0
13.7758105081382 7.56544615830964 10.9939951428269 -0.961337733746972 0.177159643552866 0.210817983982527 0.27493186444443 0.660754307401983 0.698438411860943 0 0 0 0 0 0
13.7679245472106 8.09979393086826 11.0496312075714 -0.769597418113932 -0.28419083505708 0.571800125307724 0.27493186444443 0.660754307401983 0.698438411860943 0 0 0 0 0 0
13.5846088306084 8.56936039363354 11.2356091288715 -0.285474176356746 -0.637572464011461 0.715545839040234 0.27493186444443 0.660754307401983 0.698438411860943 0 0 0 0 0 0
13.3362192665233 8.89359219316616 11.5846957466955 0.307105477872071 -0.748729654244744 0.587443725232905 0.27493186444443 0.660754307401983 0.698438411860943 0 0 0 0 0 0
13.1578344057822 9.04715104445487 12.0676901801703 0.783010626527511 -0.575431930738192 0.23616191867427 0.27493186444443 0.660754307401983 0.698438411860943 0 0 0 0 0 0
13.1579368419955 9.06954016902583 12.6045177304377 0.961436946925599 -0.183517996035368 -0.204841749205441 0.27493186444443 0.660754307401983 0.698438411860943 0 0 0 0 0 0
13.3771988605121 9.05009636062612 13.0946515975284 0.77459729681811 0.278117493618562 -0.568022611790593 0.27493186444443 0.660754307401983 0.698438411860943 0 0 0 0 0 0
13.7730303572112 9.09404944364775 13.4553046923886 0.293475183073242 0.634091497570274 -0.715402187324874 0.27493186444443 0.660754307401983 0.698438411860943 0 0 0 0 0 0
14.2357595311261 9.28254370349223 13.6528818361379 -0.299143059364551 0.749163540150551 -0.59098851100771 0.27493186444443 0.660754307401983 0.698438411860943 0 0 0 0 0 0
14.6302990352462 9.6418098158865 13.7157431302075 -0.778111852144512 0.579615828481191 -0.242048418557734 0.27493186444443 0.660754307401983 0.698438411860943 0 0 0 0 0 0
14.8474679181867 10.1331993746207 13.7234294796508 -0.961462942958364 0.189862372911954 0.198849914936075 0.27493186444443 0.660754307401983 0.698438411860943 0 0 0 0 0 0
14.8454712930273 10.6678680672342 13.7764436734606 -0.779538186939159 -0.272022972456129 0.564201841152385 0.27493186444443 0.660754307401983 0.698438411860943 0 0 0 0 0 0
3.09586343083835 4.4594733412494 5.20077133287916 -0.467281368791479 0.482893407467974 0.740582257014258 0.881823884398558 0.314748532077262 0.351169472561964 0 0 0 0 0 0
3.36395948729506 4.92468375502492 5.22049131121411 -0.341271138043863 -0.0879951379737058 0.935836986889936 0.881823884398558 0.314748532077262 0.351169472561964 0 0 0 0 0 0
3.55426277709657 5.36983567433056 5.45353536015677 -0.0856062962042309 -0.625452859298923 0.775551599086092 0.881823884398558 0.314748532077262 0.351169472561964 0 0 0 0 0 0
3.72505210898471 5.6724155946791 5.86336642051387 0.202581808824336 -0.925290582362321 0.320621192258181 0.881823884398558 0.314748532077262 0.351169472561964 0 0 0 0 0 0
3.94201997056861 5.76407549766385 6.34628309173459 0.413805697693314 -0.873594943152718 -0.256118566009085 0.881823884398558 0.314748532077262 0.351169472561964 0 0 0 0 0 0
4.25331485396211 5.65659940586923 6.77081752777475 0.467817883546283 -0.490005979310838 -0.735554598975429 0.881823884398558 0.314748532077262 0.351169472561964 0 0 0 0 0 0
4.6712488386299 5.43742643567264 7.02768226983421 0.344098233942108 0.0797444485343183 -0.935541141973927 0.881823884398558 0.314748532077262 0.351169472561964 0 0 0 0 0 0
5.16762002655186 5.23643121502862 7.07129037914386 0.0896499122476508 0.619198627125207 -0.780099963722758 0.881823884398558 0.314748532077262 0.351169472561964 0 0 0 0 0 0
5.68442691479151 5.1765823409209 6.93707467717703 -0.198857909976291 0.923408894822256 -0.32828576667745 0.881823884398558 0.314748532077262 0.351169472561964 0 0 0 0 0 0
6.15590413619499 5.32722455344301 6.72802622436655 -0.411816287473285 0.876800684802913 0.248249681773943 0.881823884398558 0.314748532077262 0.351169472561964 0 0 0 0 0 0
6.53350782191112 5.67773350965452 6.57556629432763 -0.468318772158024 0.497081235301242 0.730470925606073 0.881823884398558 0.314748532077262 0.351169472561964 0 0 0 0 0 0
6.80435822877815 6.14155214909363 6.58961723476492 -0.346899125427608 -0.0714876862464319 0.935174051977862 0.881823884398558 0.314748532077262 0.351169472561964 0 0 0 0 0 0
6.99613296908877 6.58907516820351 6.81684112977585 -0.0936867011031593 -0.61289724057871 0.784588920726906 0.881823884398558 0.314748532077262 0.351169472561964 0 0 0 0 0 0
7.16655182293506 6.89688824203863 7.2229120939536 0.195118867328492 -0.921456886119728 0.335925340864577 0.881823884398558 0.314748532077262 0.351169472561964 0 0 0 0 0 0
7.38144802872831 6.99465518968907 7.70555725015134 0.409795515848553 -0.879939654686289 -0.240361892364396 0.881823884398558 0.314748532077262 0.351169472561964 0 0 0 0 0 0
7.68975713525347 6.89183986536644 8.13341190542162 0.468783996482095 -0.504118636631049 -0.725331624047599 0.881823884398558 0.314748532077262 0.351169472561964 0 0 0 0 0 0
8.10492556852703 6.67411068196164 8.39592719416765 0.349673599201631 0.063225479894462 -0.934735744857065 0.881823884398558 0.314748532077262 0.351169472561964 0 0 0 0 0 0
8.5998021097411 6.47079374868818 8.44536944046202 0.0977163553536559 0.606549179534415 -0.789018128247081 0.881823884398558 0.314748532077262 0.351169472561964 0 0 0 0 0 0
9.11695309723269 6.40573971997468 8.31495497959597 -0.191364965623512 0.919434704907756 -0.343539333036408 0.881823884398558 0.314748532077262 0.351169472561964 0 0 0 0 0 0
9.59048243478909 6.55027086117496 8.1062307169548 -0.407743536708702 0.883011613758135 0.232455798466147 0.881823884398558 0.314748532077262 0.351169472561964 0 0 0 0 0 0
1.00991131809442 7.27465893313718 1.35901985635981 0.0728229117650563 -0.314110857550551 0.946589241799692 0.533218132280817 0.814336671674668 0.229203421817347 0 0 0 0 0 0
0.929509924713102 7.72796279211653 1.63603308617949 0.553206270142292 -0.540620312200745 0.633792158922168 0.533218132280817 0.814336671674668 0.229203421817347 0 0 0 0 0 0
0.97521191801738 8.05803223391908 2.05751925856777 0.823417317376868 -0.561739071556268 0.0802068384302995 0.533218132280817 0.814336671674668 0.229203421817347 0 0 0 0 0 0
1.20861191472658 8.26005323668523 2.49728858229996 0.780798358936578 -0.369443765851131 -0.503850400968067 0.533218132280817 0.814336671674668 0.229203421817347 0 0 0 0 0 0
1.61999492192322 8.37785952140105 2.8222051912778 0.441541049683874 -0.0367905967287776 -0.896486449109189 0.533218132280817 0.814336671674668 0.229203421817347 0 0 0 0 0 0
2.13202722528842 8.48727938843493 2.94276768597322 -0.0654650865164098 0.309839935196814 -0.948532306779602 0.533218132280817 0.814336671674668 0.229203421817347 0 0 0 0 0 0
2.62913676012233 8.66732727844605 2.84711221149261 -0.547599941831231 0.53875709549367 -0.640214882489978 0.533218132280817 0.814336671674668 0.229203421817347 0 0 0 0 0 0
3.00142087098556 8.97018486532697 2.60551973440402 -0.821692423861576 0.562991427674196 -0.088669120520387 0.533218132280817 0.814336671674668 0.229203421817347 0 0 0 0 0 0
3.18640016797496 9.40137636586077 2.34371512850283 -0.783610216102195 0.373335903766583 0.496563522803538 0.533218132280817 0.814336671674668 0.229203421817347 0 0 0 0 0 0
3.19275549154753 9.91766979740519 2.1951021932491 -0.447821385981438 0.0418438281745969 0.893143381715029 0.533218132280817 0.814336671674668 0.229203421817347 0 0 0 0 0 0
3.09702991609491 10.4435015308986 2.25008131996011 0.0581022758479668 -0.305545417332418 0.950403137351958 0.533218132280817 0.814336671674668 0.229203421817347 0 0 0 0 0 0
3.01454875625002 10.8996841768972 2.52170487173498 0.541951911664481 -0.536852850347891 0.646588851215794 0.533218132280817 0.814336671674668 0.229203421817347 0 0 0 0 0 0
3.0556055517216 11.2334911987668 2.94071837248943 0.819904955286895 -0.564200909815196 0.0971246501136504 0.533218132280817 0.814336671674668 0.229203421817347 0 0 0 0 0 0
3.28355970754917 11.4386886054914 3.38187144029332 0.786362398315987 -0.377199610707533 -0.489238829404223 0.533218132280817 0.814336671674668 0.229203421817347 0 0 0 0 0 0
3.69076519681579 11.5579033490867 3.7115025015406 0.454067618946649 -0.0468938730508958 -0.889732297994406 0.533218132280817 0.814336671674668 0.229203421817347 0 0 0 0 0 0
4.20147541410857 11.6664286328444 3.83831905746458 -0.0507350404662658 0.301227631001524 -0.95220159104577 0.533218132280817 0.814336671674668 0.229203421817347 0 0 0 0 0 0
4.70062057733067 11.8436187645672 3.74808123074862 -0.536262609761405 0.534907721779047 -0.652913579697219 0.533218132280817 0.814336671674668 0.229203421817347 0 0 0 0 0 0
5.07752466178414 12.1427411283003 3.50901173299672 -0.818055047775479 0.565367425872521 -0.105572783288774 0.533218132280817 0.814336671674668 0.229203421817347 0 0 0 0 0 0
5.26795307235705 12.5707390145504 3.24587691597229 -0.789054695988621 0.381034592437741 0.481876878573885 0.533218132280817 0.814336671674668 0.229203421817347 0 0 0 0 0 0
5.27851644015171 13.085593748136 3.09258594858106 -0.460279272904684 0.0519403467772049 0.886253457714552 0.533218132280817 0.814336671674668 0.229203421817347 0 0 0 0 0 0
8.15665328548953 5.96654833122632 0.977319196108114 0.472602207635015 -0.678758047660678 0.56208065797924 0.369470768615197 0.731648798235982 0.572871178519865 0 0 0 0 0 0
8.07303492591819 6.15216766406065 1.47455006335098 0.851976109691665 -0.512841061462691 0.105502389510738 0.369470768615197 0.731648798235982 0.572871178519865 0 0 0 0 0 0
8.18362454735853 6.22088486079799 1.99583020360247 0.907670043395513 -0.152087181769726 -0.391158000638781 0.369470768615197 0.731648798235982 0.572871178519865 0 0 0 0 0 0
8.50111758375076 6.25493377966549 2.42794586530053 0.618524952179552 0.266447161039638 -0.73921092653261 0.369470768615197 0.731648798235982 0.572871178519865 0 0 0 0 0 0
8.95960340245423 6.34971933727575 2.69155837303619 0.0943918904448501 0.583753772611073 -0.806425262489084 0.369470768615197 0.731648798235982 0.572871178519865 0 0 0 0 0 0
9.43960585555465 6.57757158572054 2.77134621681324 -0.4656022286181 0.679282566124954 -0.567265158514567 0.369470768615197 0.731648798235982 0.572871178519865 0 0 0 0 0 0
9.81347426599138 6.96026631648717 2.72182594985788 -0.848706276574898 0.516740555769102 -0.112591536652686 0.369470768615197 0.731648798235982 0.572871178519865 0 0 0 0 0 0
9.99388005397828 7.46075207320063 2.64664043857985 -0.909372620448648 0.157880168835197 0.384857492413658 0.369470768615197 0.731648798235982 0.572871178519865 0 0 0 0 0 0
9.96699432452046 7.99722661936778 2.65918320480706 -0.624553101914532 -0.260961533854857 0.736092725637916 0.369470768615197 0.731648798235982 0.572871178519865 0 0 0 0 0 0
9.79774169582963 8.47421497568154 2.83951833100463 -0.102455417992068 -0.580659586789276 0.807674025578252 0.369470768615197 0.731648798235982 0.572871178519865 0 0 0 0 0 0
9.60513435138374 8.81884196091622 3.20396277674626 0.458566792188823 -0.679755354591869 0.572406459611817 0.369470768615197 0.731648798235982 0.572871178519865 0 0 0 0 0 0
9.51705732164613 9.00851869168315 3.6988872929672 0.845371811189269 -0.520600698281548 0.119672109513202 0.369470768615197 0.731648798235982 0.572871178519865 0 0 0 0 0 0
9.62168282286876 9.07952447689607 4.22109107031716 0.911005945255956 -0.163661132714554 -0.378527675800451 0.369470768615197 0.731648798235982 0.572871178519865 0 0 0 0 0 0
9.93397215797734 9.11322370175711 4.65700945205802 0.630533689512746 0.255456033438919 -0.732918468432266 0.369470768615197 0.731648798235982 0.572871178519865 0 0 0 0 0 0
10.3899916674501 9.20515413747848 4.92585904585843 0.110511143162534 0.57752118149183 -0.808861281163335 0.369470768615197 0.731648798235982 0.572871178519865 0 0 0 0 0 0
10.871202195484 9.42873054469264 5.0103286851668 -0.451496434122907 0.680176377056753 -0.577504169741006 0.369470768615197 0.731648798235982 0.572871178519865 0 0 0 0 0 0
11.2494940971533 9.80735317845867 4.96315623081151 -0.841972967467228 0.524421195035232 -0.12674356887925 0.369470768615197 0.731648798235982 0.572871178519865 0 0 0 0 0 0
11.4358582343956 10.3055176401339 4.88709257594221 -0.91256989343343 0.169429633165015 0.372169032839202 0.369470768615197 0.731648798235982 0.572871178519865 0 0 0 0 0 0
11.4142020357158 10.8423035920202 4.89586486381892 -0.636466259529293 -0.249931079056996 0.729688396647635 0.369470768615197 0.731648798235982 0.572871178519865 0 0 0 0 0 0
11.2474633331498 11.3221177465714 5.07096964467114 -0.118558452481587 -0.574338795720449 0.809986938830224 0.369470768615197 0.731648798235982 0.572871178519865 0 0 0 0 0 0
4.65831002582865 1.7596783337362 11.9859797865991 -0.136026370045556 -0.247853102213389 0.959200535016234 0.817369051269761 0.51903147246623 0.250028327626907 0 0 0 0 0 0
4.76442677253568 2.2215310178248 12.2391920224544 0.218079210639486 -0.680442261342826 0.699599733322934 0.817369051269761 0.51903147246623 0.250028327626907 0 0 0 0 0 0
4.92025468216986 2.52827686703014 12.6518780395337 0.489332853112623 -0.854520029000191 0.174209296256468 0.817369051269761 0.51903147246623 0.250028327626907 0 0 0 0 0 0
5.18762603106793 2.64023484873738 13.104275071176 0.574680763479256 -0.703951350827381 -0.41736616508194 0.817369051269761 0.51903147246623 0.250028327626907 0 0 0 0 0 0
5.58599587808346 2.59172709787366 13.4615334723555 0.441697843650134 -0.285939785036301 -0.850377242315559 0.817369051269761 0.51903147246623 0.250028327626907 0 0 0 0 0 0
6.08505076245708 2.47803936401381 13.624948354392 0.140906528224196 0.240705085748334 -0.960315787644195 0.817369051269761 0.51903147246623 0.250028327626907 0 0 0 0 0 0
6.61622529437304 2.41922036202409 13.5694592224186 -0.213417533105636 0.675902070082754 -0.705414309623042 0.817369051269761 0.51903147246623 0.250028327626907 0 0 0 0 0 0
7.09875129290237 2.51447325817702 13.3531708763708 -0.486660705457764 0.854312557512753 -0.18251414147778 0.817369051269761 0.51903147246623 0.250028327626907 0 0 0 0 0 0
7.47034296830981 2.80446672869596 13.0952784260303 -0.575013339273395 0.708155420999394 0.409726200488608 0.817369051269761 0.51903147246623 0.250028327626907 0 0 0 0 0 0
7.71086033493705 3.25588424971386 12.9307830759832 -0.444908791788708 0.292958200321112 0.84630470863261 0.817369051269761 0.51903147246623 0.250028327626907 0 0 0 0 0 0
7.84996072847698 3.7740816017129 12.959202910898 -0.145775955825169 -0.233538738659071 0.961357908506914 0.817369051269761 0.51903147246623 0.250028327626907 0 0 0 0 0 0
7.95583148829972 4.23904379088629 13.206764311306 0.20873960300036 -0.671310406263183 0.71117516589235 0.817369051269761 0.51903147246623 0.250028327626907 0 0 0 0 0 0
8.1092844471944 4.55098075182918 13.6164381131564 0.483951496706001 -0.854040026816455 0.190805087540587 0.817369051269761 0.51903147246623 0.250028327626907 0 0 0 0 0 0
8.37305416499076 4.66823926178685 14.0696059407153 0.575302125575495 -0.712305562394362 -0.402055033658789 0.817369051269761 0.51903147246623 0.250028327626907 0 0 0 0 0 0
8.76796402041396 4.623127696384 14.4311253107011 0.448085858400253 -0.299954305704734 -0.842167725569497 0.817369051269761 0.51903147246623 0.250028327626907 0 0 0 0 0 0
9.26501506135854 4.50964153755769 14.6006725211444 0.150634282022713 0.226354606690677 -0.962326818242852 0.817369051269761 0.51903147246623 0.250028327626907 0 0 0 0 0 0
9.79640319162991 4.44775291844877 14.5508573030896 -0.204045776566147 0.666667619557092 -0.716881863419349 0.817369051269761 0.51903147246623 0.250028327626907 0 0 0 0 0 0
10.2812790807127 4.53783120419461 14.3376288417117 -0.481205433174069 0.853702457665564 -0.199081503057245 0.817369051269761 0.51903147246623 0.250028327626907 0 0 0 0 0 0
10.6564641761623 4.82251099202711 14.0790197454477 -0.575547100393359 0.71640145896295 0.394353248781538 0.817369051269761 0.51903147246623 0.250028327626907 0 0 0 0 0 0
10.9004532919677 5.27049451497181 13.9103034846519 -0.451228801538846 0.306927568406656 0.837966608173497 0.817369051269761 0.51903147246623 0.250028327626907 0 0 0 0 0 0
