t = 0
b =  25.0 25.0 25.0
E = 0. 0. 0.
12.94691756737862 14.750503948515231 20.010176940288186 -0.19005556789018405 0.9377816408165063 -0.29059331592698545 0.6490529166652163 0.34209483498106424 0.6794861553024127 0.0 0.0 0.0 0.0 0.0 0.0
13.437392902359221 14.969800437135088 20.004876188169213 -0.5858865963077011 0.7945139257959969 0.15963871079161765 0.6490529166652163 0.34209483498106424 0.6794861553024127 0.0 0.0 0.0 0.0 0.0 0.0
13.794315369276534 15.37020640013956 20.035965085198228 -0.759129511286404 0.34939708680113124 0.5492213222635732 0.6490529166652163 0.34209483498106424 0.6794861553024127 0.0 0.0 0.0 0.0 0.0 0.0
13.978194240210065 15.850257440074143 20.192248999918498 -0.6439664329588072 -0.2284615470772559 0.7301455709167702 0.6490529166652163 0.34209483498106424 0.6794861553024127 0.0 0.0 0.0 0.0 0.0 0.0
14.015280942488205 16.278230663163914 20.514969620503308 -0.2841497402055557 -0.7195238195476209 0.6336753097957323 0.6490529166652163 0.34209483498106424 0.6794861553024127 0.0 0.0 0.0 0.0 0.0 0.0
13.987595702545706 16.542188408947958 20.98213654789468 0.18362018958209678 -0.9372269631751035 0.29646120399709563 0.6490529166652163 0.34209483498106424 0.6794861553024127 0.0 0.0 0.0 0.0 0.0 0.0
14.00176669059606 16.592505238986345 21.51688181606535 0.5816297393816552 -0.798861913893164 -0.15338346976704617 0.6490529166652163 0.34209483498106424 0.6794861553024127 0.0 0.0 0.0 0.0 0.0 0.0
14.14852019603947 16.460721470616562 22.016663317476407 0.7586684268594566 -0.35699586726427013 -0.5449551989318282 0.6490529166652163 0.34209483498106424 0.6794861553024127 0.0 0.0 0.0 0.0 0.0 0.0
14.46821219325703 16.247560483070995 22.392222264143914 0.647476294713676 0.220498877990926 -0.7294893368573603 0.6490529166652163 0.34209483498106424 0.6794861553024127 0.0 0.0 0.0 0.0 0.0 0.0
14.935496432227442 16.084662221701468 22.601494093521374 0.29029709297980677 0.7142224129527244 -0.6368782792994758 0.6490529166652163 0.34209483498106424 0.6794861553024127 0.0 0.0 0.0 0.0 0.0 0.0
15.468953902676812 16.084570981837555 22.665589499093112 -0.17717082788565913 0.936600912071833 -0.3023065153987261 0.6490529166652163 0.34209483498106424 0.6794861553024127 0.0 0.0 0.0 0.0 0.0 0.0
15.96202527733496 16.297977949350607 22.66077412496762 -0.577328589099085 0.8031490655626683 0.14711654799740298 0.6490529166652163 0.34209483498106424 0.6794861553024127 0.0 0.0 0.0 0.0 0.0 0.0
16.3234945819423 16.694462771629787 22.68949397258717 -0.7581495668945003 0.3645674611099508 0.5406475751518041 0.6490529166652163 0.34209483498106424 0.6794861553024127 0.0 0.0 0.0 0.0 0.0 0.0
16.512143668920828 17.174050758140115 22.84145445197407 -0.6509368486418966 -0.21251941706134125 0.7287775493606151 0.6490529166652163 0.34209483498106424 0.6794861553024127 0.0 0.0 0.0 0.0 0.0 0.0
16.552411680769683 17.605194936844377 23.159539796668742 -0.2964223385064972 -0.7088666155558572 0.6400327480564755 0.6490529166652163 0.34209483498106424 0.6794861553024127 0.0 0.0 0.0 0.0 0.0 0.0
16.525110211229038 17.87475294822816 23.623520626421545 0.17070797394473256 -0.9359035351829106 0.3081288049887812 0.6490529166652163 0.34209483498106424 0.6794861553024127 0.0 0.0 0.0 0.0 0.0 0.0
16.53672162972043 17.930971719318755 24.15773942696683 0.5729834730092358 -0.8073750543213121 -0.14083842273304525 0.6490529166652163 0.34209483498106424 0.6794861553024127 0.0 0.0 0.0 0.0 0.0 0.0
16.678944648913223 17.80314932137271 24.659854104618628 0.757572970904729 -0.3721112917319881 -0.5362987789657301 0.6490529166652163 0.34209483498106424 0.6794861553024127 0.0 0.0 0.0 0.0 0.0 0.0
16.99385645066082 17.590504142767863 25.039719458730524 0.654347831208888 0.20452377195534444 -0.7280102626319095 0.6490529166652163 0.34209483498106424 0.6794861553024127 0.0 0.0 0.0 0.0 0.0 0.0
17.457926861121567 17.424480164415588 25.253634850568602 0.3025250103244639 0.7034568352217262 -0.6431384758417233 0.6490529166652163 0.34209483498106424 0.6794861553024127 0.0 0.0 0.0 0.0 0.0 0.0
14.929223790816403 2.542545667329756 19.34078583964112 -0.25077214057686303 0.8743348176810304 0.4155140913388826 0.9404792198174059 0.1183426397311753 0.31858100494709446 0.0 0.0 0.0 0.0 0.0 0.0
15.347904841451363 2.8539175530944667 19.212571843864943 -0.3376341151238625 0.4322576166486475 0.8361558210966167 0.9404792198174059 0.1183426397311753 0.31858100494709446 0.0 0.0 0.0 0.0 0.0 0.0
15.689622184920166 3.2638225761752415 19.27495959381742 -0.29622324439393355 -0.17404147991050956 0.9391279746399273 0.9404792198174059 0.1183426397311753 0.31858100494709446 0.0 0.0 0.0 0.0 0.0 0.0
15.963815430508694 3.634054838434193 19.55142159513877 -0.14227221053021324 -0.714219308433294 0.6853097092351124 0.9404792198174059 0.1183426397311753 0.31858100494709446 0.0 0.0 0.0 0.0 0.0 0.0
16.20557772123026 3.8414807868628325 19.984099966243566 0.06573041477844642 -0.9830532805722252 0.1711308275245566 0.9404792198174059 0.1183426397311753 0.31858100494709446 0.0 0.0 0.0 0.0 0.0 0.0
16.46232326206878 3.8248197090532177 20.455787614867223 0.24876095655884395 -0.8784088756473993 -0.40806351671743557 0.9404792198174059 0.1183426397311753 0.31858100494709446 0.0 0.0 0.0 0.0 0.0 0.0
16.775773870782164 3.6079253004006038 20.834457172015405 0.3372830518811363 -0.4400422526509079 -0.8322277085003006 0.9404792198174059 0.1183426397311753 0.31858100494709446 0.0 0.0 0.0 0.0 0.0 0.0
17.16610816178448 3.290723246410266 21.02342039682486 0.2976656767218764 0.16550377924178955 -0.9402146797186228 0.9404792198174059 0.1183426397311753 0.31858100494709446 0.0 0.0 0.0 0.0 0.0 0.0
17.62429535316161 3.011247784105678 20.99806165580856 0.14496013427125726 0.7081721583249041 -0.6909983745606832 0.9404792198174059 0.1183426397311753 0.31858100494709446 0.0 0.0 0.0 0.0 0.0 0.0
18.11552621170705 2.8932001875739206 20.815189813568853 -0.06281818679321223 0.981794094453301 -0.17926023403040608 0.9404792198174059 0.1183426397311753 0.31858100494709446 0.0 0.0 0.0 0.0 0.0 0.0
18.5924376625964 2.998952585764988 20.591455595341486 -0.24673082843086536 0.8824160393769894 0.4005818664793085 0.9404792198174059 0.1183426397311753 0.31858100494709446 0.0 0.0 0.0 0.0 0.0 0.0
19.01310681338154 3.305851747897301 20.459034026182405 -0.33690630322816456 0.4477933777319362 0.8282362185418818 0.9404792198174059 0.1183426397311753 0.31858100494709446 0.0 0.0 0.0 0.0 0.0 0.0
19.356978161745044 3.7148254245734473 20.515408929100435 -0.29908544065607695 -0.15695347481950628 0.9412297838092689 0.9404792198174059 0.1183426397311753 0.31858100494709446 0.0 0.0 0.0 0.0 0.0 0.0
19.632672974500263 4.088021551725939 20.786337190853626 -0.1476370187368401 -0.7020710781648578 0.6966344176847225 0.9404792198174059 0.1183426397311753 0.31858100494709446 0.0 0.0 0.0 0.0 0.0 0.0
19.87471392418901 4.301180554520053 21.21606329003768 0.05990117495984365 -0.9804601409129139 0.18737598917539988 0.9404792198174059 0.1183426397311753 0.31858100494709446 0.0 0.0 0.0 0.0 0.0 0.0
20.13040934859465 4.290843637342847 21.688501751850062 0.24468191079504495 -0.8863560037087682 -0.39306971038113314 0.9404792198174059 0.1183426397311753 0.31858100494709446 0.0 0.0 0.0 0.0 0.0 0.0
20.441880022264943 4.078461841230995 22.07133996081311 0.33650389785581664 -0.4555104016135474 -0.824181655188774 0.9404792198174059 0.1183426397311753 0.31858100494709446 0.0 0.0 0.0 0.0 0.0 0.0
20.830056770039583 3.76224643473868 22.266305935542963 0.30048242807601566 0.14839121778244568 -0.9421732096077584 0.9404792198174059 0.1183426397311753 0.31858100494709446 0.0 0.0 0.0 0.0 0.0 0.0
21.286728496748843 3.4798568110090096 22.246503497497205 0.15030266007184664 0.6959165325740306 -0.7022174094007249 0.9404792198174059 0.1183426397311753 0.31858100494709446 0.0 0.0 0.0 0.0 0.0 0.0
21.77766171955076 3.3561013827766346 22.06663057888325 -0.05697960142008458 0.9790515215367903 -0.1954774749133622 0.9404792198174059 0.1183426397311753 0.31858100494709446 0.0 0.0 0.0 0.0 0.0 0.0
15.082196873391018 19.11981047071238 12.12602708814161 -0.415307739922277 0.1859618575681913 0.8904704760352463 0.7565705901494472 0.6141277992396713 0.22460629626516562 0.0 0.0 0.0 0.0 0.0 0.0
15.152041219794405 19.65021278851387 12.17582920320361 -0.04024312838746752 -0.2991016646900453 0.95337226978617 0.7565705901494472 0.6141277992396713 0.22460629626516562 0.0 0.0 0.0 0.0 0.0 0.0
15.212712143815617 20.11243487243802 12.44295255716127 0.3501105204509669 -0.6705314638193767 0.6540719987109959 0.7565705901494472 0.6141277992396713 0.22460629626516562 0.0 0.0 0.0 0.0 0.0 0.0
15.35319077198987 20.421809288086237 12.859171643805507 0.6074513290343329 -0.7872151491554924 0.10627883982486142 0.7565705901494472 0.6141277992396713 0.22460629626516562 0.0 0.0 0.0 0.0 0.0 0.0
15.632137949730986 20.5517379857147 13.299616995331888 0.634011221672933 -0.6048226377920174 -0.4818914271981824 0.7565705901494472 0.6141277992396713 0.22460629626516562 0.0 0.0 0.0 0.0 0.0 0.0
16.055608005401638 20.543797344027702 13.630215180865708 0.4196996510956389 -0.19264789423610618 -0.8869830842336245 0.7565705901494472 0.6141277992396713 0.22460629626516562 0.0 0.0 0.0 0.0 0.0 0.0
16.574748609745406 20.49194260878791 13.758625544439512 0.045937166063146045 0.2927170052411301 -0.9550950380023713 0.7565705901494472 0.6141277992396713 0.22460629626516562 0.0 0.0 0.0 0.0 0.0 0.0
17.104360592538686 20.506812724103185 13.669321964048567 -0.34527761638519533 0.6668738204599174 -0.660350418496537 0.7565705901494472 0.6141277992396713 0.22460629626516562 0.0 0.0 0.0 0.0 0.0 0.0
17.555266531812787 20.673696747775516 13.42949148498338 -0.6053156596349017 0.7876741217502834 -0.11472763453363422 0.7565705901494472 0.6141277992396713 0.22460629626516562 0.0 0.0 0.0 0.0 0.0 0.0
17.868190747426823 21.02013111228502 13.163508838016341 -0.6353841634511745 0.609223854978685 0.47448209593235524 0.7565705901494472 0.6141277992396713 0.22460629626516562 0.0 0.0 0.0 0.0 0.0 0.0
18.036279122989775 21.505438073706177 13.005684399746684 -0.42405960051563674 0.19931926002100808 0.8834281452360434 0.7565705901494472 0.6141277992396713 0.22460629626516562 0.0 0.0 0.0 0.0 0.0 0.0
18.107703099272136 22.03617986672071 13.04923743498069 -0.05162770544577608 -0.28631005425896594 0.9567450720336278 0.7565705901494472 0.6141277992396713 0.22460629626516562 0.0 0.0 0.0 0.0 0.0 0.0
18.16735853847366 22.501657273858154 13.310880539488785 0.3404184180921391 -0.6631653920771233 0.6665785500410588 0.7565705901494472 0.6141277992396713 0.22460629626516562 0.0 0.0 0.0 0.0 0.0 0.0
18.304612366790572 22.81596610900509 13.724470245452665 0.6031338931044143 -0.7880731099110989 0.123167692288851 0.7565705901494472 0.6141277992396713 0.22460629626516562 0.0 0.0 0.0 0.0 0.0 0.0
18.579350585018265 22.95063365395103 14.166136030749266 0.6367087182653792 -0.61357867741009 -0.46703663101789095 0.7565705901494472 0.6141277992396713 0.22460629626516562 0.0 0.0 0.0 0.0 0.0 0.0
18.999226575608624 22.945435920075063 14.50134080131001 0.42838725615524154 -0.20597544687256347 -0.8798059297648716 0.7565705901494472 0.6141277992396713 0.22460629626516562 0.0 0.0 0.0 0.0 0.0 0.0
19.516753454718792 22.89328607660347 14.635993782497717 0.05731431317875135 0.2798812996576755 -0.9583222462234597 0.7565705901494472 0.6141277992396713 0.22460629626516562 0.0 0.0 0.0 0.0 0.0 0.0
20.047345133321457 22.90493518419532 14.552197177505136 -0.3355332956185618 0.659406461082173 -0.6727559190482311 0.7565705901494472 0.6141277992396713 0.22460629626516562 0.0 0.0 0.0 0.0 0.0 0.0
20.501451986630297 23.066896015339104 14.315045839597214 -0.6009061955928393 0.7884120832534454 -0.13159837034743688 0.7565705901494472 0.6141277992396713 0.22460629626516562 0.0 0.0 0.0 0.0 0.0 0.0
20.81858225374621 23.408575405667932 14.047896649027846 -0.63798478524557 0.6178867734496437 0.4595555994557687 0.7565705901494472 0.6141277992396713 0.22460629626516562 0.0 0.0 0.0 0.0 0.0 0.0
3.580653820635498 10.676775163978775 5.217106687010908 0.8905715782908529 -0.41991946052660273 0.1747853272205258 0.40127915936353276 0.90628738035103 0.132733644856774 0.0 0.0 0.0 0.0 0.0 0.0
3.7632198575589966 10.965239454424225 5.632007997467034 0.8469677015147258 -0.31196468304537184 -0.43049244955430205 0.40127915936353276 0.90628738035103 0.132733644856774 0.0 0.0 0.0 0.0 0.0 0.0
4.138852208692654 11.182591385553499 5.9487785405017926 0.48158663438833443 -0.08548930670384891 -0.8722189472935176 0.40127915936353276 0.90628738035103 0.132733644856774 0.0 0.0 0.0 0.0 0.0 0.0
4.624262248288277 11.380456026529707 6.0667267470565855 -0.06675724684133327 0.17346488655945264 -0.9825748842327905 0.40127915936353276 0.90628738035103 0.132733644856774 0.0 0.0 0.0 0.0 0.0 0.0
5.094454971365899 11.617861993855222 5.96069697783375 -0.5897389338743315 0.3665168692405747 -0.7196341948760178 0.40127915936353276 0.90628738035103 0.132733644856774 0.0 0.0 0.0 0.0 0.0 0.0
5.430216685910704 11.938815493056596 5.6906265712456054 -0.8886689400193034 0.42032296546193215 -0.18329244324372762 0.40127915936353276 0.90628738035103 0.132733644856774 0.0 0.0 0.0 0.0 0.0 0.0
5.563406287616101 12.355581625460498 5.378774646452747 -0.8499787580985948 0.31444133967907556 0.42268517206308365 0.40127915936353276 0.90628738035103 0.132733644856774 0.0 0.0 0.0 0.0 0.0 0.0
5.502843204668304 12.844024671138156 5.163273819931478 -0.4883674350892288 0.08909819177329203 0.8680776235839152 0.40127915936353276 0.90628738035103 0.132733644856774 0.0 0.0 0.0 0.0 0.0 0.0
5.330956749525415 13.352777652434016 5.145651315020262 0.05878284157862535 -0.17009484882949238 0.983672872421322 0.40127915936353276 0.90628738035103 0.132733644856774 0.0 0.0 0.0 0.0 0.0 0.0
5.172469844969976 13.82275750758715 5.352257072328799 0.5836005339340588 -0.36466601252773545 0.7255543508924764 0.40127915936353276 0.90628738035103 0.132733644856774 0.0 0.0 0.0 0.0 0.0 0.0
5.147014700487825 14.209611733710354 5.724252966752875 0.8866986261673494 -0.42069446117609566 0.19178560083773064 0.40127915936353276 0.90628738035103 0.132733644856774 0.0 0.0 0.0 0.0 0.0 0.0
5.323682535740532 14.500568644171297 6.139966394922455 0.8529250855092079 -0.3168940503873541 -0.4148457054595205 0.40127915936353276 0.90628738035103 0.132733644856774 0.0 0.0 0.0 0.0 0.0 0.0
5.694774671072389 14.719289545875357 6.461115731479398 0.4951110447191496 -0.09270029167047447 -0.8638701924023776 0.40127915936353276 0.90628738035103 0.132733644856774 0.0 0.0 0.0 0.0 0.0 0.0
6.178727384626669 14.916879413176314 6.585345830496506 -0.05080395977494429 0.16671185771824426 -0.9846959501121743 0.40127915936353276 0.90628738035103 0.132733644856774 0.0 0.0 0.0 0.0 0.0 0.0
6.6510993339516995 15.152471253689741 6.48511445670204 -0.5774176905536258 0.36278738508617986 -0.731419253136017 0.40127915936353276 0.90628738035103 0.132733644856774 0.0 0.0 0.0 0.0 0.0 0.0
6.991848902546558 15.470760490048685 6.21815604114108 -0.8846607867820198 0.4210339193782554 -0.200264153215702 0.40127915936353276 0.90628738035103 0.132733644856774 0.0 0.0 0.0 0.0 0.0 0.0
7.130940016958565 15.885024421577752 5.90554740555328 -0.8558064593723259 0.31932262838679015 0.406974646749346 0.40127915936353276 0.90628738035103 0.132733644856774 0.0 0.0 0.0 0.0 0.0 0.0
7.074950022028661 16.37207795629509 5.6857086534974695 -0.5018169497261149 0.09629533208154217 0.8595969741610792 0.40127915936353276 0.90628738035103 0.132733644856774 0.0 0.0 0.0 0.0 0.0 0.0
6.904570837618996 16.88108201499035 5.6618150587489335 0.04282120905303061 -0.16331617085358 0.98564403939402 0.40127915936353276 0.90628738035103 0.132733644856774 0.0 0.0 0.0 0.0 0.0 0.0
6.74395274916034 17.352858147400788 5.862599053793599 0.5711908745804933 -0.3608811299806618 0.7372284549716263 0.40127915936353276 0.90628738035103 0.132733644856774 0.0 0.0 0.0 0.0 0.0 0.0
21.280505199521944 21.481603262331262 0.47406690837438137 -0.36263992836645503 0.23558676463837494 0.901660223521918 0.7603083160497778 0.6342818477964905 0.14006356450348179 0.0 0.0 0.0 0.0 0.0 0.0
21.345912235980087 22.01473275285991 0.48748212468964547 0.02224824427477398 -0.24092987965189033 0.9702874876641537 0.7603083160497778 0.6342818477964905 0.14006356450348179 0.0 0.0 0.0 0.0 0.0 0.0
21.416390760420708 22.492942269741043 0.7220744043480927 0.3986839369452083 -0.6259132345296258 0.6702863129010844 0.7603083160497778 0.6342818477964905 0.14006356450348179 0.0 0.0 0.0 0.0 0.0 0.0
21.577749300832597 22.82847484511676 1.109458470122931 0.6236529363301957 -0.7731016868983345 0.11563216127736337 0.7603083160497778 0.6342818477964905 0.14006356450348179 0.0 0.0 0.0 0.0 0.0 0.0
21.881269547704218 22.98777886663832 1.5232008906993155 0.6116857582822902 -0.6265758828434522 -0.48295258168226796 0.7603083160497778 0.6342818477964905 0.14006356450348179 0.0 0.0 0.0 0.0 0.0 0.0
22.32422358242301 23.004254895950474 1.8268542550851024 0.3673289338224383 -0.24200342510623146 -0.8980555643242365 0.7603083160497778 0.6342818477964905 0.14006356450348179 0.0 0.0 0.0 0.0 0.0 0.0
22.85091025916465 22.965566236895018 1.9257958253258207 -0.016582294008823873 0.23451017991034606 -0.9719722233910912 0.7603083160497778 0.6342818477964905 0.14006356450348179 0.0 0.0 0.0 0.0 0.0 0.0
23.373817001465213 22.980334180729 1.8031762966613905 -0.39419363110496264 0.6219294467778623 -0.6766203842826981 0.7603083160497778 0.6342818477964905 0.14006356450348179 0.0 0.0 0.0 0.0 0.0 0.0
23.80686729315208 23.13687096152503 1.5263211301098283 -0.622044217178274 0.7730673187086259 -0.12420914869575206 0.7603083160497778 0.6342818477964905 0.14006356450348179 0.0 0.0 0.0 0.0 0.0 0.0
24.09812258596051 23.46962846194529 1.2211524842048231 -0.6135698051208576 0.6305039912656742 0.47539121914693244 0.7603083160497778 0.6342818477964905 0.14006356450348179 0.0 0.0 0.0 0.0 0.0 0.0
24.24951462238564 23.9461093670134 1.0243492816625674 -0.37198996575793963 0.24840165607631126 0.8943825147183683 0.7603083160497778 0.6342818477964905 0.14006356450348179 0.0 0.0 0.0 0.0 0.0 0.0
24.31611153441157 24.479213437400073 1.0314206014921494 0.010915080936983729 -0.22807262131065903 0.973582939670074 0.7603083160497778 0.6342818477964905 0.14006356450348179 0.0 0.0 0.0 0.0 0.0 0.0
24.38519653948052 24.960328346582664 1.260420183053356 0.38967330589352545 -0.6178982966908293 0.6829029284024062 0.7603083160497778 0.6342818477964905 0.14006356450348179 0.0 0.0 0.0 0.0 0.0 0.0
24.543107586888997 25.300593319592384 1.6450875086314618 0.6203881269508718 -0.772974078449546 0.13277667710657215 0.7603083160497778 0.6342818477964905 0.14006356450348179 0.0 0.0 0.0 0.0 0.0 0.0
24.84243612735646 25.464658827097868 2.0600212819338353 0.6154071262432325 -0.6343840843678661 -0.46779365372970716 0.7603083160497778 0.6342818477964905 0.14006356450348179 0.0 0.0 0.0 0.0 0.0 0.0
25.28204674161488 25.484116462610768 2.3683214771493732 0.37662266921733034 -0.25478097029855507 -0.8906413544212615 0.7603083160497778 0.6342818477964905 0.14006356450348179 0.0 0.0 0.0 0.0 0.0 0.0
25.807508505171842 25.445496767927423 2.4735999476005146 -0.005247036639471162 0.22161769409783977 -0.9751195138388212 0.7603083160497778 0.6342818477964905 0.14006356450348179 0.0 0.0 0.0 0.0 0.0 0.0
26.33177420656174 25.45739483358689 2.3565998941899178 -0.3851233055511631 0.6138200912562124 -0.6891334668201502 0.7603083160497778 0.6342818477964905 0.14006356450348179 0.0 0.0 0.0 0.0 0.0 0.0
26.768251038333325 25.609213208362085 2.0825118453340523 -0.6186847917656723 0.7728219732217011 -0.14133409405936487 0.7603083160497778 0.6342818477964905 0.14006356450348179 0.0 0.0 0.0 0.0 0.0 0.0
27.06369865235498 25.937196376250046 1.7762066852902707 -0.6171975817302987 0.6382158666659152 0.4601604640146134 0.7603083160497778 0.6342818477964905 0.14006356450348179 0.0 0.0 0.0 0.0 0.0 0.0
1.248480710072765 19.235869061716958 4.365963881629919 0.8236757521499329 -0.35150697743440346 0.44497314540899213 0.034349669760298636 0.8141876841090521 0.5795847782960635 0.0 0.0 0.0 0.0 0.0 0.0
1.156608391966252 19.350566718946716 4.882770447677701 0.9991099912583836 -0.013769545533532157 -0.03987010137273969 0.034349669760298636 0.8141876841090521 0.5795847782960635 0.0 0.0 0.0 0.0 0.0 0.0
1.292483227804128 19.46212560783885 5.390488622863053 0.794965640459519 0.3291991669300521 -0.5095660300504209 0.034349669760298636 0.8141876841090521 0.5795847782960635 0.0 0.0 0.0 0.0 0.0 0.0
1.6095705063983812 19.648725457190952 5.782051205464893 0.28880055173335967 0.5470996119603494 -0.7856693044222499 0.034349669760298636 0.8141876841090521 0.5795847782960635 0.0 0.0 0.0 0.0 0.0 0.0
1.9924898798473756 19.960036680303933 5.9945204454025625 -0.3270846950840357 0.5571477673891871 -0.7632836743537931 0.034349669760298636 0.8141876841090521 0.5795847782960635 0.0 0.0 0.0 0.0 0.0 0.0
2.30085028676023 20.398349754523956 6.03299914775453 -0.8187049976745302 0.35552617097295014 -0.450913814975833 0.034349669760298636 0.8141876841090521 0.5795847782960635 0.0 0.0 0.0 0.0 0.0 0.0
2.4225868636925854 20.917705030603912 5.968692031794732 -0.9992855836308604 0.018834238123494607 0.032765741588401 0.034349669760298636 0.8141876841090521 0.5795847782960635 0.0 0.0 0.0 0.0 0.0 0.0
2.3165362603937205 21.441353571856737 5.911853867660986 -0.8002208692018236 -0.3250131366807459 0.5039970451092155 0.034349669760298636 0.8141876841090521 0.5795847782960635 0.0 0.0 0.0 0.0 0.0 0.0
2.0280752847813144 21.890915358376635 5.9699018458181765 -0.29713886758355135 -0.5453825869301052 0.7837514448118043 0.034349669760298636 0.8141876841090521 0.5795847782960635 0.0 0.0 0.0 0.0 0.0 0.0
1.6718814949537502 22.216157167045328 6.206605990480991 0.31883115772665127 -0.5585520740941233 0.7657455670050176 0.034349669760298636 0.8141876841090521 0.5795847782960635 0.0 0.0 0.0 0.0 0.0 0.0
1.3883652775620126 22.4140770128494 6.617861861236818 0.8136718956438093 -0.3595182898171061 0.45682014570987683 0.034349669760298636 0.8141876841090521 0.5795847782960635 0.0 0.0 0.0 0.0 0.0 0.0
1.290325594384504 22.530044653177402 7.133249898581079 0.9993850765372524 -0.023897496413308517 -0.025658886565985514 0.034349669760298636 0.8141876841090521 0.5795847782960635 0.0 0.0 0.0 0.0 0.0 0.0
1.4200957708493585 22.64056485844606 7.642788991925266 0.8054151580267572 0.32080235542273783 -0.4983896788417242 0.034349669760298636 0.8141876841090521 0.5795847782960635 0.0 0.0 0.0 0.0 0.0 0.0
1.7334603579288361 22.824211970727387 8.038720142295627 0.3054545551585566 0.5436240289043277 -0.7817738994944221 0.034349669760298636 0.8141876841090521 0.5795847782960635 0.0 0.0 0.0 0.0 0.0 0.0
2.116453320467848 23.13177819750261 8.256445907677685 -0.31055334014220115 0.5599138448960908 -0.7681491451666131 0.034349669760298636 0.8141876841090521 0.5795847782960635 0.0 0.0 0.0 0.0 0.0 0.0
2.428655639349871 23.566976802839612 8.299072051249166 -0.8085768293479763 0.36348302995155657 -0.46269168782117653 0.034349669760298636 0.8141876841090521 0.5795847782960635 0.0 0.0 0.0 0.0 0.0 0.0
2.5565428445401155 24.08503137629108 8.236227610023194 -0.9994084624007892 0.028958934816243398 0.018550077520012788 0.034349669760298636 0.8141876841090521 0.5795847782960635 0.0 0.0 0.0 0.0 0.0 0.0
2.456614859279669 24.60968713984511 8.17761165955159 -0.8105481113691155 -0.31656714382333156 0.49274435827059193 0.034349669760298636 0.8141876841090521 0.5795847782960635 0.0 0.0 0.0 0.0 0.0 0.0
2.1719224065286995 25.06218141300381 8.23131680105199 -0.3137469811865711 -0.5418240718040273 0.7797368190678295 0.034349669760298636 0.8141876841090521 0.5795847782960635 0.0 0.0 0.0 0.0 0.0 0.0
1.8157113195441885 25.39116687194626 8.462762974993357 0.30225187271854276 -0.5612329760909789 0.7704942257967907 0.034349669760298636 0.8141876841090521 0.5795847782960635 0.0 0.0 0.0 0.0 0.0 0.0
7.885976378322371 22.537423689745136 22.891250248630683 -0.21554724308451664 0.9757348836545998 -0.03848146070783655 0.6672448392096639 0.1759434069398927 0.7237597958594089 0.0 0.0 0.0 0.0 0.0 0.0
8.37231555162878 22.76306169017019 22.926560351861664 -0.5926671092596576 0.7139652239965919 0.3728261746783575 0.6672448392096639 0.1759434069398927 0.7237597958594089 0.0 0.0 0.0 0.0 0.0 0.0
8.723556238731152 23.15144808587021 23.046856193341565 -0.7446228317614052 0.18094823888029926 0.6424909129830116 0.6672448392096639 0.1759434069398927 0.7237597958594089 0.0 0.0 0.0 0.0 0.0 0.0
8.905060127903923 23.581081638316544 23.313607858651952 -0.6136838910471477 -0.4208140074798411 0.6680626115701942 0.6672448392096639 0.1759434069398927 0.7237597958594089 0.0 0.0 0.0 0.0 0.0 0.0
8.946674754802904 23.91479062451691 23.732644417290384 -0.24959617987657626 -0.8627019767633791 0.43982615461063385 0.6672448392096639 0.1759434069398927 0.7237597958594089 0.0 0.0 0.0 0.0 0.0 0.0
8.931393924645464 24.051846667969112 24.251939361711457 0.20931729305469599 -0.9768350414666361 0.044492388013333994 0.6672448392096639 0.1759434069398927 0.7237597958594089 0.0 0.0 0.0 0.0 0.0 0.0
8.963826978026022 23.966233132982836 24.781376347380128 0.5887076267559749 -0.7198521421057631 -0.36774478066329 0.6672448392096639 0.1759434069398927 0.7237597958594089 0.0 0.0 0.0 0.0 0.0 0.0
9.130455953449315 23.716529279553374 25.226985898725495 0.7444380903860264 -0.18938537867290905 -0.6402695588010758 0.6672448392096639 0.1759434069398927 0.7237597958594089 0.0 0.0 0.0 0.0 0.0 0.0
9.466779614999881 23.423655023096398 25.526645983996044 0.6173440771372902 0.41303205647246 -0.6695452268141691 0.6672448392096639 0.1759434069398927 0.7237597958594089 0.0 0.0 0.0 0.0 0.0 0.0
9.943826878358651 23.224931436908392 25.673683213747037 0.25571072754154667 0.8585317078362134 -0.4444494689613284 0.6672448392096639 0.1759434069398927 0.7237597958594089 0.0 0.0 0.0 0.0 0.0 0.0
10.479163410106466 23.221910180535392 25.71940817306367 -0.2030714027026054 0.9778608095082941 -0.050499927051225746 0.6672448392096639 0.1759434069398927 0.7237597958594089 0.0 0.0 0.0 0.0 0.0 0.0
10.968209809218573 23.44179232645824 25.753621672419996 -0.5847033118872413 0.7256842406872918 0.36263538145939245 0.6672448392096639 0.1759434069398927 0.7237597958594089 0.0 0.0 0.0 0.0 0.0 0.0
11.323973069988266 23.827094217879445 25.870497918390328 -0.7441966571678564 0.19780809603569732 0.6379994456133321 0.6672448392096639 0.1759434069398927 0.7237597958594089 0.0 0.0 0.0 0.0 0.0 0.0
11.510096679340364 24.257486471016026 26.1328061580629 -0.6209572500858149 -0.40521865147486014 0.6709768535968713 0.6672448392096639 0.1759434069398927 0.7237597958594089 0.0 0.0 0.0 0.0 0.0 0.0
11.554673063996955 24.59550911979869 26.548063592625194 -0.26180580184459146 -0.8542960583955552 0.4490389367642045 0.6672448392096639 0.1759434069398927 0.7237597958594089 0.0 0.0 0.0 0.0 0.0 0.0
11.539570807885339 24.738794955189622 27.06567946695192 0.19681004767697502 -0.9788121096633661 0.05650362032415307 0.6672448392096639 0.1759434069398927 0.7237597958594089 0.0 0.0 0.0 0.0 0.0 0.0
11.569331408334326 24.658960539384427 27.596175343309426 0.5806544695975356 -0.7314610756042916 -0.35749836616719777 0.6672448392096639 0.1759434069398927 0.7237597958594089 0.0 0.0 0.0 0.0 0.0 0.0
11.731452213398391 24.412389548379775 28.045179455850416 0.7438985504929676 -0.20621574954612754 -0.6356807462976906 0.6672448392096639 0.1759434069398927 0.7237597958594089 0.0 0.0 0.0 0.0 0.0 0.0
12.063144716454131 24.118811670777497 28.349280122271125 0.6245231347356107 0.3973743875080823 -0.6723573828943805 0.6672448392096639 0.1759434069398927 0.7237597958594089 0.0 0.0 0.0 0.0 0.0 0.0
12.5371972877235 23.915815297311088 28.500116902105304 0.26788093862220236 0.8499953510025082 -0.453594208513522 0.6672448392096639 0.1759434069398927 0.7237597958594089 0.0 0.0 0.0 0.0 0.0 0.0
12.304629823084065 3.230518318191745 9.89320465618786 -0.6557467282749548 0.2737036804112486 0.7036210085593165 0.6348776874861259 0.7042572500240099 0.31772951975050784 0.0 0.0 0.0 0.0 0.0 0.0
12.333599573564175 3.76667364788025 9.873626144444358 -0.2916100788532672 -0.1623996748769592 0.9426504694270561 0.6348776874861259 0.7042572500240099 0.31772951975050784 0.0 0.0 0.0 0.0 0.0 0.0
12.29609679739416 4.265809966570639 10.068924836867293 0.18331411498529776 -0.5368046785016405 0.8235512566840678 0.6348776874861259 0.7042572500240099 0.31772951975050784 0.0 0.0 0.0 0.0 0.0 0.0
12.300380479503028 4.642581641905996 10.451952064164438 0.5885942116923868 -0.7072686098679348 0.39157115248406216 0.6348776874861259 0.7042572500240099 0.31772951975050784 0.0 0.0 0.0 0.0 0.0 0.0
12.43883423068732 4.858131415367719 10.924237947991127 0.7702575266071043 -0.6090293714448388 -0.18917337926518654 0.6348776874861259 0.7042572500240099 0.31772951975050784 0.0 0.0 0.0 0.0 0.0 0.0
12.75286820929789 4.934852924445455 11.35340175406197 0.6592871291446936 -0.27940969238176383 -0.698047781421355 0.6348776874861259 0.7042572500240099 0.31772951975050784 0.0 0.0 0.0 0.0 0.0 0.0
13.21718670974149 4.947882985353128 11.623445546393711 0.2978425286272294 0.1563624002980803 -0.9417221606790191 0.6348776874861259 0.7042572500240099 0.31772951975050784 0.0 0.0 0.0 0.0 0.0 0.0
13.749398423957297 4.9965558603287 11.678823742567339 -0.17675742817724382 0.5327298028647621 -0.8276205463398293 0.6348776874861259 0.7042572500240099 0.31772951975050784 0.0 0.0 0.0 0.0 0.0 0.0
14.24131827685842 5.16666451062966 11.545545809161684 -0.5842042827905785 0.7067042465557944 -0.3990920493685035 0.6348776874861259 0.7042572500240099 0.31772951975050784 0.0 0.0 0.0 0.0 0.0 0.0
14.600068745115419 5.4978664161694955 11.32129483054503 -0.769702162997036 0.6121899315153699 0.18105818962115486 0.6348776874861259 0.7042572500240099 0.31772951975050784 0.0 0.0 0.0 0.0 0.0 0.0
14.783365581098527 5.968617035860843 11.138316071949523 -0.6627773227470146 0.285094426222425 0.692421395242236 0.6348776874861259 0.7042572500240099 0.31772951975050784 0.0 0.0 0.0 0.0 0.0 0.0
14.815582305507137 6.504354938980102 11.113174792186554 -0.3040522965394931 -0.15031321811703768 0.9407221361424205 0.6348776874861259 0.7042572500240099 0.31772951975050784 0.0 0.0 0.0 0.0 0.0 0.0
14.778490299352551 7.005828939299969 11.302471152957114 0.17018728060668928 -0.5286143577908489 0.8316268094867235 0.6348776874861259 0.7042572500240099 0.31772951975050784 0.0 0.0 0.0 0.0 0.0 0.0
14.78019248916721 7.386805280128538 11.681336871117347 0.5797698644707961 -0.7060860649791626 0.4065825538482375 0.6348776874861259 0.7042572500240099 0.31772951975050784 0.0 0.0 0.0 0.0 0.0 0.0
14.91405323783047 7.606829280228077 12.152883095220425 0.7690881835872317 -0.6153038709524268 -0.17292921169498848 0.6348776874861259 0.7042572500240099 0.31772951975050784 0.0 0.0 0.0 0.0 0.0 0.0
15.223227662141836 7.686594743583446 12.585010100076403 0.6662170432901612 -0.29075744901874184 -0.686742278493051 0.6348776874861259 0.7042572500240099 0.31772951975050784 0.0 0.0 0.0 0.0 0.0 0.0
15.684266282433741 7.700082037286298 12.860594180941515 0.3102389096921883 0.14425258900247367 -0.939650471973001 0.6348776874861259 0.7042572500240099 0.31772951975050784 0.0 0.0 0.0 0.0 0.0 0.0
16.216023871951663 7.746451713191176 12.921984907154236 -0.16360417261581037 0.5244586566869757 -0.8355697410323013 0.6348776874861259 0.7042572500240099 0.31772951975050784 0.0 0.0 0.0 0.0 0.0 0.0
16.710487885173997 7.912371756389965 12.792907484607406 -0.5752912944311647 0.7054141122149589 -0.4140420954923475 0.6348776874861259 0.7042572500240099 0.31772951975050784 0.0 0.0 0.0 0.0 0.0 0.0
17.073814229729184 8.239090968664042 12.569449153365241 -0.7684156351346018 0.6183709526174643 0.164787064539829 0.6348776874861259 0.7042572500240099 0.31772951975050784 0.0 0.0 0.0 0.0 0.0 0.0
2.5320104300430657 8.896545102057425 20.27149936966367 0.903221005731028 -0.4183441304592809 0.0958123338432913 0.4197737439814779 0.907610940297784 0.005690774599740615 0.0 0.0 0.0 0.0 0.0 0.0
2.7671350070683767 9.214959135280736 20.634836731964175 0.7840337322937789 -0.35944580010151406 -0.5060531823977289 0.4197737439814779 0.907610940297784 0.005690774599740615 0.0 0.0 0.0 0.0 0.0 0.0
3.1809800980397114 9.451437487060929 20.882819255414137 0.36697893561315753 -0.1639880006718833 -0.915660633887835 0.4197737439814779 0.907610940297784 0.005690774599740615 0.0 0.0 0.0 0.0 0.0 0.0
3.6784780489310736 9.650534768928077 20.92207690855806 -0.18949729426751027 0.0937715819461567 -0.9773933015345497 0.4197737439814779 0.907610940297784 0.005690774599740615 0.0 0.0 0.0 0.0 0.0 0.0
4.132780085631616 9.871007285850379 20.738537727863463 -0.673980333830145 0.31590577280560755 -0.6677979127837235 0.4197737439814779 0.907610940297784 0.005690774599740615 0.0 0.0 0.0 0.0 0.0 0.0
4.4334482840287555 10.163490533623706 20.402773991937522 -0.9024069762204414 0.41802207891334586 -0.10449493198066227 0.4197737439814779 0.907610940297784 0.005690774599740615 0.0 0.0 0.0 0.0 0.0 0.0
4.528412783802169 10.551261927438416 20.043190632978654 -0.7879941209045287 0.3613248082854498 0.49850742054394825 0.4197737439814779 0.907610940297784 0.005690774599740615 0.0 0.0 0.0 0.0 0.0 0.0
4.443753998921125 11.021397322670895 19.797242056218334 -0.3742091244978534 0.1673542019612711 0.9121184694043065 0.4197737439814779 0.907610940297784 0.005690774599740615 0.0 0.0 0.0 0.0 0.0 0.0
4.273794232336289 11.529681113506253 19.759210913258578 0.18174417474847615 -0.09019706370103953 0.9792004619303979 0.4197737439814779 0.907610940297784 0.005690774599740615 0.0 0.0 0.0 0.0 0.0 0.0
4.145263056103957 12.017404480832903 19.94438854640644 0.6686498234072994 -0.31348095684883914 0.6742678276104549 0.4197737439814779 0.907610940297784 0.005690774599740615 0.0 0.0 0.0 0.0 0.0 0.0
4.169150628156415 12.43366985418217 20.28326555207397 0.9015242249248049 -0.41766819336766337 0.11316957242439445 0.4197737439814779 0.907610940297784 0.005690774599740615 0.0 0.0 0.0 0.0 0.0 0.0
4.3985406756469825 12.754727749711328 20.647939565336532 0.7918945007121282 -0.36317630018630886 -0.4909236954200432 0.4197737439814779 0.907610940297784 0.005690774599740615 0.0 0.0 0.0 0.0 0.0 0.0
4.808443099491876 12.99299959618566 20.900707506781156 0.3814108159089089 -0.17070765858024162 -0.9085068435679227 0.4197737439814779 0.907610940297784 0.005690774599740615 0.0 0.0 0.0 0.0 0.0 0.0
5.305288130824313 13.1923586265153 20.94638128464826 -0.17397721470688396 0.08661567660030922 -0.9809330524199412 0.4197737439814779 0.907610940297784 0.005690774599740615 0.0 0.0 0.0 0.0 0.0 0.0
5.762475050590115 13.41146170305135 20.768451342351142 -0.6632683927116184 0.3110322681035156 -0.6806863943315797 0.4197737439814779 0.907610940297784 0.005690774599740615 0.0 0.0 0.0 0.0 0.0 0.0
6.068469919367534 13.701464594888238 20.43535891504831 -0.9005728190690476 0.4172825007719875 -0.12183559456703251 0.4197737439814779 0.907610940297784 0.005690774599740615 0.0 0.0 0.0 0.0 0.0 0.0
6.1691791857016005 14.086587045905913 20.074494060130363 -0.7957345746875544 0.36500013480581417 0.4833025845560438 0.4197737439814779 0.907610940297784 0.005690774599740615 0.0 0.0 0.0 0.0 0.0 0.0
6.088500730697814 14.55491128913732 19.8237980445691 -0.38858346140964106 0.17404811515008922 0.9048260314179739 0.4197737439814779 0.907610940297784 0.005690774599740615 0.0 0.0 0.0 0.0 0.0 0.0
5.919244663438904 15.06290980569362 19.77935715133996 0.16619700562681158 -0.08302769338046001 0.9825909410597061 0.4197737439814779 0.907610940297784 0.005690774599740615 0.0 0.0 0.0 0.0 0.0 0.0
5.787873208842021 15.551982156931375 19.958897894042643 0.6578364515598842 -0.308559893046766 0.6870531241483917 0.4197737439814779 0.907610940297784 0.005690774599740615 0.0 0.0 0.0 0.0 0.0 0.0
6.643849461186431 15.516978169802952 15.30899136589251 -0.6827098922608491 0.5067326926846636 0.5264306043285575 0.6955194918618747 0.6714976297872725 0.25562388313746215 0.0 0.0 0.0 0.0 0.0 0.0
6.758329500904445 16.026674611360612 15.18333723707861 -0.42169718687942465 0.09344667908710391 0.9019086432369808 0.6955194918618747 0.6714976297872725 0.25562388313746215 0.0 0.0 0.0 0.0 0.0 0.0
6.7766836536045725 16.55767222635648 15.263273211869176 -0.0004746698015241097 -0.3553412902408047 0.9347365094712947 0.6955194918618747 0.6714976297872725 0.25562388313746215 0.0 0.0 0.0 0.0 0.0 0.0
6.794929605308508 17.00766978306113 15.55628240340525 0.4209281822700312 -0.6691291624166782 0.6124423477964289 0.6955194918618747 0.6714976297872725 0.25562388313746215 0.0 0.0 0.0 0.0 0.0 0.0
6.909126149405421 17.30513932613872 15.988897847392048 0.6824133803532902 -0.7287036785474503 0.057471098703693324 0.6955194918618747 0.6714976297872725 0.25562388313746215 0.0 0.0 0.0 0.0 0.0 0.0
7.178878845026034 17.43650084276272 16.434613830136684 0.684638325897049 -0.5114314839222472 -0.5193343816521049 0.6955194918618747 0.6714976297872725 0.25562388313746215 0.0 0.0 0.0 0.0 0.0 0.0
7.604694868577056 17.451281536534434 16.76194752424284 0.4267577248901279 -0.09985791787655951 -0.8988360476104416 0.6955194918618747 0.6714976297872725 0.25562388313746215 0.0 0.0 0.0 0.0 0.0 0.0
8.127790328944732 17.44329961478415 16.884391513014283 0.006744729188780762 0.3496533407057874 -0.9368548713442506 0.6955194918618747 0.6714976297872725 0.25562388313746215 0.0 0.0 0.0 0.0 0.0 0.0
8.652423250543215 17.51502118304961 16.79327940438462 -0.41583070189724275 0.6663254492618972 -0.6189468660762223 0.6955194918618747 0.6714976297872725 0.25562388313746215 0.0 0.0 0.0 0.0 0.0 0.0
9.08226755056009 17.738631658440276 16.561078338157692 -0.6804250970139193 0.729849379275991 -0.06589059814608444 0.6955194918618747 0.6714976297872725 0.25562388313746215 0.0 0.0 0.0 0.0 0.0 0.0
9.357008928303035 18.12861132280165 16.313857508010116 -0.6865146216740475 0.5160913276722422 0.5121986096518043 0.6955194918618747 0.6714976297872725 0.25562388313746215 0.0 0.0 0.0 0.0 0.0 0.0
9.475259276434167 18.636234021544748 16.18339236704902 -0.43178576364782173 0.10626155209895277 0.8956950021388914 0.6955194918618747 0.6714976297872725 0.25562388313746215 0.0 0.0 0.0 0.0 0.0 0.0
9.495084046155622 19.16807904443233 16.257100930008566 -0.013014274938797034 -0.343938763715138 0.9389018880915725 0.6955194918618747 0.6714976297872725 0.25562388313746215 0.0 0.0 0.0 0.0 0.0 0.0
9.511942211495281 19.621523215308994 16.544832207901177 0.4107015544065502 -0.6634709928443716 0.6254042491558136 0.6955194918618747 0.6714976297872725 0.25562388313746215 0.0 0.0 0.0 0.0 0.0 0.0
9.622419809084658 19.92372915249064 16.97512440406723 0.6783849966690375 -0.7309394991485736 0.07430507976432077 0.6955194918618747 0.6714976297872725 0.25562388313746215 0.0 0.0 0.0 0.0 0.0 0.0
9.887535288010156 20.059317407842325 17.42235444550357 0.6883386367046558 -0.5207118690695065 -0.5050238317443214 0.6955194918618747 0.6714976297872725 0.25562388313746215 0.0 0.0 0.0 0.0 0.0 0.0
10.309557580831086 20.07620937625539 17.754464288603195 0.43678092024788684 -0.11265709409274571 -0.8924857460251042 0.6955194918618747 0.6714976297872725 0.25562388313746215 0.0 0.0 0.0 0.0 0.0 0.0
10.831144098165852 20.06742115652526 17.883131977814294 0.019282829601389526 0.33819799445601817 -0.9408774038250096 0.6955194918618747 0.6714976297872725 0.25562388313746215 0.0 0.0 0.0 0.0 0.0 0.0
11.35712613711499 20.13572518027279 17.797326633218734 -0.4055411304023942 0.660566010542008 -0.6318140052804808 0.6955194918618747 0.6714976297872725 0.25562388313746215 0.0 0.0 0.0 0.0 0.0 0.0
11.790665062628534 20.35460524690811 17.56749926623943 -0.6762932346801853 0.7319739551483482 -0.08271390276304935 0.6955194918618747 0.6714976297872725 0.25562388313746215 0.0 0.0 0.0 0.0 0.0 0.0
7.954321695353089 8.494401298537316 24.144495364314178 0.9972846284744633 -0.07297461822370509 0.009903277419935784 0.03499444374367596 0.5879154300765168 0.8081651044093744 0.0 0.0 0.0 0.0 0.0 0.0
8.0588293672624 8.431794198951934 24.667796042425685 0.8458377324710005 0.41328320875491 -0.33727662191376634 0.03499444374367596 0.5879154300765168 0.8081651044093744 0.0 0.0 0.0 0.0 0.0 0.0
8.356145776902796 8.463395019806208 25.114214503959523 0.3730429402490599 0.7425278350007645 -0.5563194936180231 0.03499444374367596 0.5879154300765168 0.8081651044093744 0.0 0.0 0.0 0.0 0.0 0.0
8.73849733651078 8.664255084012579 25.433819919418518 -0.24147710191885738 0.7896737223264594 -0.5640072885308695 0.03499444374367596 0.5879154300765168 0.8081651044093744 0.0 0.0 0.0 0.0 0.0 0.0
9.06580418313827 9.045121298070386 25.624859855710387 -0.7642559557859556 0.536809359899762 -0.35741928483183844 0.03499444374367596 0.5879154300765168 0.8081651044093744 0.0 0.0 0.0 0.0 0.0 0.0
9.218898860597006 9.548353222608073 25.73442605477862 -0.996681194371793 0.08000214667326261 -0.015041719093421647 0.03499444374367596 0.5879154300765168 0.8081651044093744 0.0 0.0 0.0 0.0 0.0 0.0
9.144800028438073 10.069821638997201 25.840563493506224 -0.8504505835948494 -0.40719921963897215 0.33305044721271837 0.03499444374367596 0.5879154300765168 0.8081651044093744 0.0 0.0 0.0 0.0 0.0 0.0
8.876840958989227 10.498468980457085 26.02261979215541 -0.38111957733471974 -0.7396987944024644 0.5546111803162147 0.03499444374367596 0.5879154300765168 0.8081651044093744 0.0 0.0 0.0 0.0 0.0 0.0
8.52200566989499 10.75850195845827 26.331099726808546 0.23300512833439985 -0.7911744300681275 0.5654658534131333 0.03499444374367596 0.5879154300765168 0.8081651044093744 0.0 0.0 0.0 0.0 0.0 0.0
8.220283907136093 10.838186700231088 26.768477620539613 0.7586072901112807 -0.5420696720198428 0.3614905947134985 0.03499444374367596 0.5879154300765168 0.8081651044093744 0.0 0.0 0.0 0.0 0.0 0.0
8.091486700027676 10.794306643210735 27.28825730670994 0.9960018591373635 -0.08702358264960847 0.020179015281764384 0.03499444374367596 0.5879154300765168 0.8081651044093744 0.0 0.0 0.0 0.0 0.0 0.0
8.189728148048864 10.730589557787201 27.81263680004868 0.8549986696141045 0.4010842207259246 -0.3287989094306559 0.03499444374367596 0.5879154300765168 0.8081651044093744 0.0 0.0 0.0 0.0 0.0 0.0
8.482866569711158 10.758299633098277 28.262066571637025 0.3891671906890013 0.736813422877112 -0.5528606312257585 0.03499444374367596 0.5879154300765168 0.8081651044093744 0.0 0.0 0.0 0.0 0.0 0.0
8.864715664736174 10.953966351338059 28.585471744941678 -0.22451541050730345 0.7926148868137912 -0.5668813558813672 0.03499444374367596 0.5879154300765168 0.8081651044093744 0.0 0.0 0.0 0.0 0.0 0.0
9.195386464871662 11.330309657966705 28.779656295336224 -0.752900853554396 0.5472887034356929 -0.36553437568680097 0.03499444374367596 0.5879154300765168 0.8081651044093744 0.0 0.0 0.0 0.0 0.0 0.0
9.354433491749367 11.83140744176398 28.890517273291408 -0.9952466745051824 0.09403839144321191 -0.0253147747599649 0.03499444374367596 0.5879154300765168 0.8081651044093744 0.0 0.0 0.0 0.0 0.0 0.0
9.286614007858134 12.353941279849659 28.995607747543527 -0.8594816441744064 -0.3949386776966062 0.3245223323386456 0.03499444374367596 0.5879154300765168 0.8081651044093744 0.0 0.0 0.0 0.0 0.0 0.0
9.022875656133717 12.786448833927633 29.17467309766335 -0.3971851674549898 -0.7338719401569165 0.5510679796577497 0.03499444374367596 0.5879154300765168 0.8081651044093744 0.0 0.0 0.0 0.0 0.0 0.0
8.668598932990484 13.051670256155525 29.479354411085538 0.2160085949624502 -0.793994982867089 0.5682536881395829 0.03499444374367596 0.5879154300765168 0.8081651044093744 0.0 0.0 0.0 0.0 0.0 0.0
8.363561375865665 13.135900497055776 29.91356917059927 0.7471370806825391 -0.5524660566978603 0.3695503198021735 0.03499444374367596 0.5879154300765168 0.8081651044093744 0.0 0.0 0.0 0.0 0.0 0.0
24.03785443217105 9.59642954128301 4.783066506917026 -0.7331093713897351 -0.24651704156238868 0.6338611818055079 0.628394833686756 0.11095849470797267 0.7699403518766471 0.0 0.0 0.0 0.0 0.0 0.0
24.107701414362612 9.950303730319437 5.18128699801574 -0.4413127341641977 -0.7642281904592007 0.47031727968678316 0.628394833686756 0.11095849470797267 0.7699403518766471 0.0 0.0 0.0 0.0 0.0 0.0
24.076951144915522 10.129972079294216 5.68671632781761 0.018145989125762707 -0.9915962725865977 0.1280919797294643 0.628394833686756 0.11095849470797267 0.7699403518766471 0.0 0.0 0.0 0.0 0.0 0.0
24.05033725426062 10.083606026732259 6.221344228429232 0.47071074776208643 -0.8422403521527678 -0.26279760491077336 0.628394833686756 0.11095849470797267 0.7699403518766471 0.0 0.0 0.0 0.0 0.0 0.0
24.131021893369013 9.845251259395948 6.696067406732504 0.7444446234595727 -0.3729032404283483 -0.5538459857037623 0.628394833686756 0.11095849470797267 0.7699403518766471 0.0 0.0 0.0 0.0 0.0 0.0
24.381402707819003 9.521893186670578 7.044541375167816 0.7353515402544041 0.2381060469445031 -0.6344790167168157 0.628394833686756 0.11095849470797267 0.7699403518766471 0.0 0.0 0.0 0.0 0.0 0.0
24.79940692900785 9.252811394838224 7.248385831778617 0.44688611248446775 0.7586548661623264 -0.47406286135568765 0.628394833686756 0.11095849470797267 0.7699403518766471 0.0 0.0 0.0 0.0 0.0 0.0
25.319278853598828 9.156665003618683 7.344167644226982 -0.011358820955678472 0.9909780176921301 -0.1335422990571627 0.628394833686756 0.11095849470797267 0.7699403518766471 0.0 0.0 0.0 0.0 0.0 0.0
25.83656153459555 9.286412082713229 7.40950848540335 -0.4652883484054035 0.8468120520317859 0.2577132153613534 0.628394833686756 0.11095849470797267 0.7699403518766471 0.0 0.0 0.0 0.0 0.0 0.0
26.24778172193294 9.6091899957134 7.533595062130298 -0.7424470530895777 0.3809280298620671 0.5510591705289054 0.628394833686756 0.11095849470797267 0.7699403518766471 0.0 0.0 0.0 0.0 0.0 0.0
26.489761080157436 10.018800465106548 7.783295594118412 -0.7375377092522535 -0.22967691962927783 0.635048533594515 0.628394833686756 0.11095849470797267 0.7699403518766471 0.0 0.0 0.0 0.0 0.0 0.0
26.56361869435122 10.376056073443408 8.177755459321228 -0.45242545869708223 -0.7530237673601419 0.47777234130229074 0.628394833686756 0.11095849470797267 0.7699403518766471 0.0 0.0 0.0 0.0 0.0 0.0
26.53434591099942 10.561659890316596 8.681123544757027 0.004570787767400997 -0.9902842959848877 0.1389824486217578 0.628394833686756 0.11095849470797267 0.7699403518766471 0.0 0.0 0.0 0.0 0.0 0.0
26.506115038863015 10.521528370760688 9.216172683729244 0.45983051553955234 -0.8513192638944753 -0.2526091999528062 0.628394833686756 0.11095849470797267 0.7699403518766471 0.0 0.0 0.0 0.0 0.0 0.0
26.582702547212442 10.287338598213237 9.69363954762386 0.7403929425019891 -0.388923810151489 -0.5482303900647002 0.628394833686756 0.11095849470797267 0.7699403518766471 0.0 0.0 0.0 0.0 0.0 0.0
26.828062650101693 9.964493630904249 10.046137276853136 0.73966771189805 0.22123030152739231 -0.6355696890676906 0.628394833686756 0.11095849470797267 0.7699403518766471 0.0 0.0 0.0 0.0 0.0 0.0
27.24203003119178 9.692078117789451 10.2537568754612 0.45793035095938056 0.7473353228826229 -0.48144543703533293 0.628394833686756 0.11095849470797267 0.7699403518766471 0.0 0.0 0.0 0.0 0.0 0.0
27.76038265019186 9.590017715040686 10.351630971548358 0.002217593504061477 0.9895151602944646 -0.14441201413479798 0.628394833686756 0.11095849470797267 0.7699403518766471 0.0 0.0 0.0 0.0 0.0 0.0
28.27924076970097 9.713517324216184 10.416586344469561 -0.4543376647996367 0.8557616444992029 0.24748594737566643 0.628394833686756 0.11095849470797267 0.7699403518766471 0.0 0.0 0.0 0.0 0.0 0.0
28.694532604223244 10.032087827181854 10.537956146882202 -0.7382824481252813 0.3968899723869882 0.5453598597337315 0.628394833686756 0.11095849470797267 0.7699403518766471 0.0 0.0 0.0 0.0 0.0 0.0
10.49153491179047 24.887973465723928 13.301272358015945 0.7984273327081672 -0.5364791216781929 0.27332022681813384 0.3389456852561374 0.7756795971263621 0.5323880023517924 0.0 0.0 0.0 0.0 0.0 0.0
10.53956835311855 25.012201834499674 13.821796327707888 0.9385523271939211 -0.23964124556727134 -0.2483779429455069 0.3389456852561374 0.7756795971263621 0.5323880023517924 0.0 0.0 0.0 0.0 0.0 0.0
10.801544826962076 25.081803973808043 14.28570253749018 0.7221056008205993 0.14824034632262012 -0.6757131795263953 0.3389456852561374 0.7756795971263621 0.5323880023517924 0.0 0.0 0.0 0.0 0.0 0.0
11.228125295233742 25.18519750472504 14.595579906738081 0.2313188837337097 0.4798029521981274 -0.846333681883305 0.3389456852561374 0.7756795971263621 0.5323880023517924 0.0 0.0 0.0 0.0 0.0 0.0
11.707434910330965 25.39796213369262 14.712535486570758 -0.3473497447291102 0.6290803946559936 -0.6954178685481706 0.3389456852561374 0.7756795971263621 0.5323880023517924 0.0 0.0 0.0 0.0 0.0 0.0
12.107566140187814 25.75412565841608 14.670970541386525 -0.7940543977913035 0.5393596775207321 -0.28030118018485295 0.3389456852561374 0.7756795971263621 0.5323880023517924 0.0 0.0 0.0 0.0 0.0 0.0
12.326692645083178 26.233236238601364 14.565510933359466 -0.939084509251022 0.24472720128242498 0.24130661291650848 0.3389456852561374 0.7756795971263621 0.5323880023517924 0.0 0.0 0.0 0.0 0.0 0.0
12.331754806546435 26.768132392019332 14.515057175339448 -0.727340714990563 -0.14288123034368413 0.6712379893394672 0.3389456852561374 0.7756795971263621 0.5323880023517924 0.0 0.0 0.0 0.0 0.0 0.0
12.171019629141785 27.270458764484694 14.617612138109896 -0.2392680226169256 -0.4762066937154482 0.8461548311116509 0.3389456852561374 0.7756795971263621 0.5323880023517924 0.0 0.0 0.0 0.0 0.0 0.0
11.955743298453028 27.66423380613375 14.913048121256544 0.3397065918968904 -0.6286132723933767 0.6996033055901669 0.3389456852561374 0.7756795971263621 0.5323880023517924 0.0 0.0 0.0 0.0 0.0 0.0
11.81790309607605 27.914716432561395 15.36795869992552 0.7896209925577408 -0.5421991590356137 0.28726078753146966 0.3389456852561374 0.7756795971263621 0.5323880023517924 0.0 0.0 0.0 0.0 0.0 0.0
11.860057023798069 28.04160474362655 15.888350384150968 0.9395451763869294 -0.24979452007370245 -0.23421690645468105 0.3389456852561374 0.7756795971263621 0.5323880023517924 0.0 0.0 0.0 0.0 0.0 0.0
12.11638030404032 28.11155238598111 16.355352317180426 0.7325204393490652 0.13751123340586885 -0.6667116817808485 0.3389456852561374 0.7756795971263621 0.5323880023517924 0.0 0.0 0.0 0.0 0.0 0.0
12.539681641480978 28.212845718317332 16.670377301369825 0.2471989403138546 0.4725741702493318 -0.8459115423735871 0.3389456852561374 0.7756795971263621 0.5323880023517924 0.0 0.0 0.0 0.0 0.0 0.0
13.019331985144305 28.42186234763146 16.792576722858524 -0.33203756909247084 0.6280982787962901 -0.7037354651318195 0.3389456852561374 0.7756795971263621 0.5323880023517924 0.0 0.0 0.0 0.0 0.0 0.0
13.423294354485428 28.77405399936034 16.754359622927353 -0.7851274546284533 0.5449973499853236 -0.29419851885694176 0.3389456852561374 0.7756795971263621 0.5323880023517924 0.0 0.0 0.0 0.0 0.0 0.0
13.648286895839922 29.250477814166743 16.649079961365775 -0.9399342935200583 0.254842816045156 0.22710936346861818 0.3389456852561374 0.7756795971263621 0.5323880023517924 0.0 0.0 0.0 0.0 0.0 0.0
13.659021385411446 29.78499305690928 16.595569886352877 -0.7376443794400436 -0.13213076445523486 0.6621346015463815 0.3389456852561374 0.7756795971263621 0.5323880023517924 0.0 0.0 0.0 0.0 0.0 0.0
13.501609815479599 30.289389087736744 16.692993414596568 -0.25511103285441 -0.46890565843050713 0.8456038341964903 0.3389456852561374 0.7756795971263621 0.5323880023517924 0.0 0.0 0.0 0.0 0.0 0.0
13.286045677581507 30.686898058970836 16.98317236345231 0.3243432603416282 -0.6275354530834935 0.7078140324931783 0.3389456852561374 0.7756795971263621 0.5323880023517924 0.0 0.0 0.0 0.0 0.0 0.0
7.646896542581937 14.747398064799876 19.45728272594411 0.4842237498372371 -0.5447743828909452 0.6846519055982789 0.10016044385586416 0.8118792179443879 0.5751695584404701 0.0 0.0 0.0 0.0 0.0 0.0
7.435322571992331 14.927887455633476 19.91700561735134 0.901911735100548 -0.3181894309353278 0.29207996872255865 0.10016044385586416 0.8118792179443879 0.5751695584404701 0.0 0.0 0.0 0.0 0.0 0.0
7.429339409797589 15.035845555673523 20.443308146819184 0.9769483730390873 0.02928100567621056 -0.2114580315875224 0.10016044385586416 0.8118792179443879 0.5751695584404701 0.0 0.0 0.0 0.0 0.0 0.0
7.646051659976831 15.15047826187879 20.92140881133312 0.6808259903543196 0.36562709867904836 -0.6346595903077498 0.10016044385586416 0.8118792179443879 0.5751695584404701 0.0 0.0 0.0 0.0 0.0 0.0
8.01795821607956 15.34845567673242 21.25483880226681 0.1260464311304062 0.5630653439346159 -0.8167433597275705 0.10016044385586416 0.8118792179443879 0.5751695584404701 0.0 0.0 0.0 0.0 0.0 0.0
8.418597060124522 15.67478385445282 21.402092118651733 -0.47662027466389484 0.546585651078897 -0.6885326715661144 0.10016044385586416 0.8118792179443879 0.5751695584404701 0.0 0.0 0.0 0.0 0.0 0.0
8.71059029756297 16.125706248534996 21.392394390888448 -0.8982109694473407 0.3224489309535506 -0.29873690982431317 0.10016044385586416 0.8118792179443879 0.5751695584404701 0.0 0.0 0.0 0.0 0.0 0.0
8.79783631625365 16.650130886573905 21.31459957513094 -0.9785562996511704 -0.024191529099682307 0.20455399857452541 0.10016044385586416 0.8118792179443879 0.5751695584404701 0.0 0.0 0.0 0.0 0.0 0.0
8.662020395648526 17.16904106479335 21.283432849784802 -0.6871317310286633 -0.3616412227871482 0.6301314229544244 0.10016044385586416 0.8118792179443879 0.5751695584404701 0.0 0.0 0.0 0.0 0.0 0.0
8.369572775334788 17.60551511489941 21.395904602128233 -0.1346543295584655 -0.5616973696189679 0.8163113845183659 0.10016044385586416 0.8118792179443879 0.5751695584404701 0.0 0.0 0.0 0.0 0.0 0.0
8.046430696361293 17.913950231926997 21.6944545602579 0.46898050301132677 -0.5483552946533264 0.6923610031052478 0.10016044385586416 0.8118792179443879 0.5751695584404701 0.0 0.0 0.0 0.0 0.0 0.0
7.8301927378057234 18.09738774228433 22.15082823083058 0.894441801551245 -0.32668387523726894 0.30537110095377784 0.10016044385586416 0.8118792179443879 0.5751695584404701 0.0 0.0 0.0 0.0 0.0 0.0
7.817842816057411 18.206357653002208 22.676811253474188 0.9800897054124006 0.019100210244552274 -0.19763438798257377 0.10016044385586416 0.8118792179443879 0.5751695584404701 0.0 0.0 0.0 0.0 0.0 0.0
8.028904373496422 18.31968145724632 23.157743511158593 0.6933851439613509 0.35762780651598247 -0.6255552686535878 0.10016044385586416 0.8118792179443879 0.5751695584404701 0.0 0.0 0.0 0.0 0.0 0.0
8.398023096318816 18.51452653123852 23.49608042567029 0.14325197353799368 0.5602866198739241 -0.815817244036752 0.10016044385586416 0.8118792179443879 0.5751695584404701 0.0 0.0 0.0 0.0 0.0 0.0
8.799796111016628 18.837088957860427 23.64845177373408 -0.4613050166777225 0.5500831788490249 -0.69613660867341 0.10016044385586416 0.8118792179443879 0.5751695584404701 0.0 0.0 0.0 0.0 0.0 0.0
9.096414632647768 19.285042862409362 23.6421387599468 -0.8906045184489889 0.3308939412790806 -0.3119820368916124 0.10016044385586416 0.8118792179443879 0.5751695584404701 0.0 0.0 0.0 0.0 0.0 0.0
9.19001982627555 19.808424051284458 23.564709431033545 -0.9815484735479918 -0.014007436834462095 0.19069972676680486 0.10016044385586416 0.8118792179443879 0.5751695584404701 0.0 0.0 0.0 0.0 0.0 0.0
9.059881014473602 20.32861224449239 23.53075011083716 -0.6995857529307759 -0.35358715550273756 0.6209314758971077 0.10016044385586416 0.8118792179443879 0.5751695584404701 0.0 0.0 0.0 0.0 0.0 0.0
8.770271608278586 20.76820023447784 23.63833214010916 -0.1518387083251143 -0.5588332021335385 0.81526097591344 0.10016044385586416 0.8118792179443879 0.5751695584404701 0.0 0.0 0.0 0.0 0.0 0.0
6.6204098712113915 10.172343636217647 6.351715378693809 -0.44985485143884957 0.8867784755148607 0.10608745449142566 0.7635826682670681 0.32028342273540117 0.5606781945492807 0.0 0.0 0.0 0.0 0.0 0.0
7.029725214485942 10.51548704672609 6.293417422442918 -0.6360201553767765 0.5229304268278876 0.5674699381043056 0.7635826682670681 0.32028342273540117 0.5606781945492807 0.0 0.0 0.0 0.0 0.0 0.0
7.294059743329954 10.97783246448398 6.36447425643837 -0.5805507685971386 -0.03958763394149589 0.8132611046399463 0.7635826682670681 0.32028342273540117 0.5606781945492807 0.0 0.0 0.0 0.0 0.0 0.0
7.426057706205192 11.431153879839279 6.620913984825795 -0.30452043853621136 -0.5870656907065616 0.7500807805222988 0.7635826682670681 0.32028342273540117 0.5606781945492807 0.0 0.0 0.0 0.0 0.0 0.0
7.488640225534352 11.750653652525967 7.048334650734603 0.08720229743484689 -0.9115076763572789 0.4019322272023458 0.7635826682670681 0.32028342273540117 0.5606781945492807 0.0 0.0 0.0 0.0 0.0 0.0
7.571100511307609 11.862375221706385 7.567375780481002 0.4457954226657425 -0.8896526561642102 -0.0989170991802576 0.7635826682670681 0.32028342273540117 0.5606781945492807 0.0 0.0 0.0 0.0 0.0 0.0
7.755179877704496 11.77130043992121 8.063868754356829 0.6350234135239231 -0.5298037176951542 -0.5621861657785765 0.7635826682670681 0.32028342273540117 0.5606781945492807 0.0 0.0 0.0 0.0 0.0 0.0
8.0840128511952 11.559456884017129 8.432211374054218 0.582995392559073 0.031326510972081834 -0.8118713087461631 0.7635826682670681 0.32028342273540117 0.5606781945492807 0.0 0.0 0.0 0.0 0.0 0.0
8.54573964276372 11.354754207274821 8.615487903377351 0.3094776747978614 0.580555274369691 -0.753112967756658 0.7635826682670681 0.32028342273540117 0.5606781945492807 0.0 0.0 0.0 0.0 0.0 0.0
9.078011880040142 11.282389123592283 8.627092308003622 -0.08161578580985251 0.9092213826676856 -0.4082344189390473 0.7635826682670681 0.32028342273540117 0.5606781945492807 0.0 0.0 0.0 0.0 0.0 0.0
9.591679796373164 11.417281082697537 8.545639663987622 -0.4417020448452328 0.8924590863193627 0.09173921094901355 0.7635826682670681 0.32028342273540117 0.5606781945492807 0.0 0.0 0.0 0.0 0.0 0.0
10.004661717685542 11.755609118610554 8.485098975994028 -0.6339783121795373 0.5366366619581 0.556859580799731 0.7635826682670681 0.32028342273540117 0.5606781945492807 0.0 0.0 0.0 0.0 0.0 0.0
10.273128262788436 12.216263498502215 8.551494446965345 -0.5853956191647061 -0.023063002367571694 0.8104196857089312 0.7635826682670681 0.32028342273540117 0.5606781945492807 0.0 0.0 0.0 0.0 0.0 0.0
10.408153858083237 12.67166066627851 8.802625110793903 -0.31441134313638464 -0.5740006465009662 0.7560878025227271 0.7635826682670681 0.32028342273540117 0.5606781945492807 0.0 0.0 0.0 0.0 0.0 0.0
10.471509377817132 12.996214368623955 9.226106012997855 0.07602305882677984 -0.9068658482496084 0.4145055220442026 0.7635826682670681 0.32028342273540117 0.5606781945492807 0.0 0.0 0.0 0.0 0.0 0.0
10.55219435620266 13.114047972326327 9.744073461994217 0.4375750297038885 -0.895197552259796 -0.0845543364216732 0.7635826682670681 0.32028342273540117 0.5606781945492807 0.0 0.0 0.0 0.0 0.0 0.0
10.732624576377509 13.027821265823647 10.242766747342753 0.6328849309321316 -0.5434287392615643 -0.5514905888078383 0.7635826682670681 0.32028342273540117 0.5606781945492807 0.0 0.0 0.0 0.0 0.0 0.0
11.057320936472088 12.817719961107283 10.615747735619864 0.5877512656274878 0.014797737426139268 -0.8089063460749653 0.7635826682670681 0.32028342273540117 0.5606781945492807 0.0 0.0 0.0 0.0 0.0 0.0
11.515995216060075 12.61099180110282 10.804338496856914 0.31932106783383446 0.5674023062606762 -0.759005058275321 0.7635826682670681 0.32028342273540117 0.5606781945492807 0.0 0.0 0.0 0.0 0.0 0.0
12.047458743108233 12.533603014663818 10.819914031177976 -0.07042454239344265 0.904441252486113 -0.4207450589490308 0.7635826682670681 0.32028342273540117 0.5606781945492807 0.0 0.0 0.0 0.0 0.0 0.0
