t = 0
b = 13 13 13
E = -0.9913070025458 -0.9913070025458 0
13.12970826359 1.95918895225243 10.4766821869116 -0.256250350671561 -0.697068283371905 0.669650331215962 0.183802656823886 0.645003069816046 0.741746333507862 0 0 0 0 0 0
12.8382701740103 2.24131452911614 10.829037264837 0.348878879135001 -0.748280514712548 0.564233815891098 0.183802656823886 0.645003069816046 0.741746333507862 0 0 0 0 0 0
12.6263590359069 2.35286953910643 11.3100094588484 0.821463189814375 -0.51520846793085 0.24445544042287 0.183802656823886 0.645003069816046 0.741746333507862 0 0 0 0 0 0
12.601700457769 2.34698276262084 11.846705278196 0.981959900551144 -0.0864001103559931 -0.168195643939016 0.183802656823886 0.645003069816046 0.741746333507862 0 0 0 0 0 0
12.8008796698592 2.32140107826101 12.3450608952154 0.769393627574504 0.375233093675917 -0.516946391087264 0.183802656823886 0.645003069816046 0.741746333507862 0 0 0 0 0 0
13.175442183564 2.38135378941134 12.7255785661207 0.264521851906842 0.694308971857574 -0.669300561378708 0.183802656823886 0.645003069816046 0.741746333507862 0 0 0 0 0 0
13.6103024617342 2.59957425254306 12.9535291530002 -0.340846197869748 0.74960526340357 -0.567376258293737 0.183802656823886 0.645003069816046 0.741746333507862 0 0 0 0 0 0
13.9674668383752 2.98866725905398 13.0521463039491 -0.816721078431087 0.520113982650888 -0.249896228657805 0.183802656823886 0.645003069816046 0.741746333507862 0 0 0 0 0 0
14.1384596194897 3.49632026427559 13.0937996017125 -0.982309966448208 0.0930227040470729 0.162523556287365 0.183802656823886 0.645003069816046 0.741746333507862 0 0 0 0 0 0
14.0855348128439 4.02517779781169 13.1725001492453 -0.774702874864834 -0.369409455080898 0.513197924950008 0.183802656823886 0.645003069816046 0.741746333507862 0 0 0 0 0 0
13.8560164614966 4.46982843443862 13.3681841799184 -0.272773208778962 -0.69149678602691 0.668899821712402 0.183802656823886 0.645003069816046 0.741746333507862 0 0 0 0 0 0
13.5643194486253 4.75685235693273 13.7163439459977 0.332787559846886 -0.750872926751569 0.57047549279762 0.183802656823886 0.645003069816046 0.741746333507862 0 0 0 0 0 0
13.3484813704923 4.87271477214758 14.1945436186103 0.811916770575613 -0.524979888677444 0.255317986327415 0.183802656823886 0.645003069816046 0.741746333507862 0 0 0 0 0 0
13.317719745759 4.86890800521988 14.7309430342398 0.982585225638158 -0.0996382136990875 -0.156839091837668 0.183802656823886 0.645003069816046 0.741746333507862 0 0 0 0 0 0
13.510938454127 4.84238870434436 15.23159097395 0.77995312553186 0.363557684525649 -0.509410376803841 0.183802656823886 0.645003069816046 0.741746333507862 0 0 0 0 0 0
13.8819475020012 4.89874238909581 15.6161188022391 0.281003792915149 0.688631940038751 -0.668448142734921 0.183802656823886 0.645003069816046 0.741746333507862 0 0 0 0 0 0
14.3170113733123 5.11206974624694 15.848273855359 -0.324703578762904 0.752083408219073 -0.573531283384041 0.183802656823886 0.645003069816046 0.741746333507862 0 0 0 0 0 0
14.6780590536275 5.49683453996594 15.9496924343854 -0.807050632114596 0.529805815452936 -0.260720300543862 0.183802656823886 0.645003069816046 0.741746333507862 0 0 0 0 0 0
14.8551395169583 6.0023685859878 15.9916798126992 -0.982785657158944 0.106246135515364 0.151142683483899 0.183802656823886 0.645003069816046 0.741746333507862 0 0 0 0 0 0
14.8081939588164 6.53212144194343 16.0681201704689 -0.785143979748665 -0.357678227645152 0.505584035085217 0.183802656823886 0.645003069816046 0.741746333507862 0 0 0 0 0 0
12.1341240208029 1.97490194226942 4.64417334780112 0.07910532461472 -0.791712946506896 0.605749913702815 0.953063043278072 0.238213411683439 0.186882867143237 0 0 0 0 0 0
12.4117863531602 2.1754259685976 5.05815263010088 0.235449058798027 -0.971175091273746 0.0371844429910338 0.953063043278072 0.238213411683439 0.186882867143237 0 0 0 0 0 0
12.7431193058788 2.15457060231186 5.48060810735045 0.302341759045625 -0.781671581684066 -0.545508019303775 0.953063043278072 0.238213411683439 0.186882867143237 0 0 0 0 0 0
13.1433710720852 1.95553317438591 5.77871501443529 0.254369770147144 -0.295197969360695 -0.920952864657367 0.953063043278072 0.238213411683439 0.186882867143237 0 0 0 0 0 0
13.6016064354003 1.68920536005577 5.86689068704367 0.109758452734001 0.303426286969655 -0.946512319216843 0.953063043278072 0.238213411683439 0.186882867143237 0 0 0 0 0 0
14.0848612414697 1.49204357738768 5.73930884670451 -0.0765519359362598 0.786773823863248 -0.612475918863766 0.953063043278072 0.238213411683439 0.186882867143237 0 0 0 0 0 0
14.5506660313337 1.4742269126251 5.47211310138877 -0.233778964264219 0.971212830914339 -0.0457496768830589 0.953063043278072 0.238213411683439 0.186882867143237 0 0 0 0 0 0
14.9631808989379 1.67779824322869 5.19448871578802 -0.302189455492355 0.786671845688466 0.538357632239329 0.953063043278072 0.238213411683439 0.186882867143237 0 0 0 0 0 0
15.3068116706541 2.06069144580963 5.03958296939568 -0.255793120240679 0.303261073833675 0.917933876014381 0.953063043278072 0.238213411683439 0.186882867143237 0 0 0 0 0 0
15.5921343925629 2.51271301971309 5.09392027892364 -0.112216701976661 -0.295363650225299 0.948771693255584 0.953063043278072 0.238213411683439 0.186882867143237 0 0 0 0 0 0
15.8518773137253 2.89740644025405 5.36453012578236 0.0739927175314952 -0.781774785346793 0.619155281612198 0.953063043278072 0.238213411683439 0.186882867143237 0 0 0 0 0 0
16.1284868771771 3.10389427387664 5.77627643856633 0.232091066557171 -0.971176608937654 0.0543114267600623 0.953063043278072 0.238213411683439 0.186882867143237 0 0 0 0 0 0
16.4580016065534 3.08900236893377 6.20040304278917 0.302014139042075 -0.791612201586092 -0.531166247156852 0.953063043278072 0.238213411683439 0.186882867143237 0 0 0 0 0 0
16.8563604684273 2.89366243773124 6.50345028425943 0.257196990697764 -0.311301083801758 -0.91484498315281 0.953063043278072 0.238213411683439 0.186882867143237 0 0 0 0 0 0
17.3133473924234 2.627361414681 6.59795858303437 0.114666405483002 0.287278520395431 -0.950958814656565 0.953063043278072 0.238213411683439 0.186882867143237 0 0 0 0 0 0
17.7964725271573 2.42654553939412 6.47569579008638 -0.071427864294816 0.77671621165367 -0.625787493288778 0.953063043278072 0.238213411683439 0.186882867143237 0 0 0 0 0 0
18.2633156779778 2.40278214899311 6.21078471835279 -0.230385494216827 0.971066428102136 -0.0628690406116428 0.953063043278072 0.238213411683439 0.186882867143237 0 0 0 0 0 0
18.6776424481424 2.60037338143264 5.9315426468336 -0.301815823045812 0.796492273149717 0.523934411708161 0.953063043278072 0.238213411683439 0.186882867143237 0 0 0 0 0 0
19.0231702919471 2.9795250525983 5.7717314409489 -0.258581274608228 0.31931738698706 0.911686421303806 0.953063043278072 0.238213411683439 0.186882867143237 0 0 0 0 0 0
19.3097545260686 3.431465132175 5.81973918348665 -0.117107376698616 -0.279171513193991 0.953073516862023 0.953063043278072 0.238213411683439 0.186882867143237 0 0 0 0 0 0
7.73122522550536 5.57470519596261 11.3673529752788 0.204200146475297 0.912678574247191 -0.354005819570219 0.14304668152671 0.329924408113225 0.933106388272706 0 0 0 0 0 0
8.15096653553873 5.72246732282372 11.6684653938791 -0.402444898565716 0.880728828284315 -0.249709500514834 0.14304668152671 0.329924408113225 0.933106388272706 0 0 0 0 0 0
8.4789705182811 6.07099161380442 11.9126565239799 -0.856194398121726 0.51417547545547 -0.0505443672936538 0.14304668152671 0.329924408113225 0.933106388272706 0 0 0 0 0 0
8.61180496103143 6.53672222059374 12.1453260639657 -0.984661331024333 -0.0477217370544227 0.167823416119141 0.14304668152671 0.329924408113225 0.933106388272706 0 0 0 0 0 0
8.52018582239235 6.99157465591994 12.4162509569365 -0.739038961611256 -0.591488663792445 0.322432277890387 0.14304668152671 0.329924408113225 0.933106388272706 0 0 0 0 0 0
8.2601027292001 7.31159723172344 12.7606742977977 -0.212643334609547 -0.910539157992626 0.354543726510867 0.14304668152671 0.329924408113225 0.933106388272706 0 0 0 0 0 0
7.95154758119276 7.42406237781236 13.1859158922728 0.394539050417293 -0.883660602668516 0.251958085774869 0.14304668152671 0.329924408113225 0.933106388272706 0 0 0 0 0 0
7.73292762214223 7.33509706171858 13.6685913403281 0.851829453849448 -0.521064610373225 0.0536493557384482 0.14304668152671 0.329924408113225 0.933106388272706 0 0 0 0 0 0
7.70848221389954 7.12735505129489 14.1634961607121 0.985495605935214 0.039492539138563 -0.165041661512404 0.14304668152671 0.329924408113225 0.933106388272706 0 0 0 0 0 0
7.90868056003844 6.92861536641048 14.6207797291614 0.744755500718321 0.585045812751567 -0.321030592205263 0.14304668152671 0.329924408113225 0.933106388272706 0 0 0 0 0 0
8.27864594599985 6.86323689295128 15.0048843640162 0.221070329130583 0.908330400655884 -0.355054633574069 0.14304668152671 0.329924408113225 0.933106388272706 0 0 0 0 0 0
8.69900432044257 7.00491236290224 15.3080542839759 -0.386603156592661 0.886525082876592 -0.254187483451177 0.14304668152671 0.329924408113225 0.933106388272706 0 0 0 0 0 0
9.0312364931755 7.34867125338948 15.553282159085 -0.847399639466268 0.527914064203515 -0.0567502585770913 0.14304668152671 0.329924408113225 0.933106388272706 0 0 0 0 0 0
9.17030389142862 7.81276817142274 15.7855738109657 -0.986254831540202 -0.0312603337129463 0.162247338344157 0.14304668152671 0.329924408113225 0.933106388272706 0 0 0 0 0 0
9.08455446979961 8.26973929540253 16.0548497487272 -0.750415323810567 -0.578558408206951 0.319604458797621 0.14304668152671 0.329924408113225 0.933106388272706 0 0 0 0 0 0
8.82774785149613 8.59482801202719 16.3969795329279 -0.229480488290148 -0.906052470442389 0.355538501852275 0.14304668152671 0.329924408113225 0.933106388272706 0 0 0 0 0 0
8.51863114866629 8.71338203950551 16.8201543298128 0.378637821440859 -0.889322050767286 0.256397523766494 0.14304668152671 0.329924408113225 0.933106388272706 0 0 0 0 0 0
8.29582494914775 8.62921507752888 17.3017749503079 0.8429052923197 -0.534723315333915 0.0598468396638262 0.14304668152671 0.329924408113225 0.933106388272706 0 0 0 0 0 0
8.26515903753554 8.42315791899679 17.7970376597875 0.986938950021327 0.0230257476918879 -0.159440659412929 0.14304668152671 0.329924408113225 0.933106388272706 0 0 0 0 0 0
8.45946589063477 8.22234948037557 18.2559558659371 0.756017999870555 0.57202694419957 -0.318153986273043 0.14304668152671 0.329924408113225 0.933106388272706 0 0 0 0 0 0
10.3291213311906 7.68230711986191 9.73285083587492 0.698312818456708 -0.671803098094933 -0.247062350367471 0.71336007740676 0.624737903722359 0.317521576613013 0 0 0 0 0 0
10.6660083252264 7.70922147766337 10.1505443511609 0.600236595907008 -0.310827645992445 -0.736954682067196 0.71336007740676 0.624737903722359 0.317521576613013 0 0 0 0 0 0
11.1397192701858 7.66528266378065 10.4002490234814 0.274120455151518 0.168236425583682 -0.946865608824373 0.71336007740676 0.624737903722359 0.317521576613013 0 0 0 0 0 0
11.6759159815221 7.65969334840329 10.4341156504772 -0.15613862956564 0.583384666317531 -0.797046460040409 0.71336007740676 0.624737903722359 0.317521576613013 0 0 0 0 0 0
12.176520887336 7.78708658606924 10.2862955118277 -0.527078038412137 0.77689531864587 -0.344416035180922 0.71336007740676 0.624737903722359 0.317521576613013 0 0 0 0 0 0
12.5569783377094 8.09157313606556 10.0599657271216 -0.697771688191 0.675250450423589 0.239063799772827 0.71336007740676 0.624737903722359 0.317521576613013 0 0 0 0 0 0
12.7783787098042 8.54998304748273 9.88813054309587 -0.603370207505603 0.317066646499903 0.731719300259294 0.71336007740676 0.624737903722359 0.317521576613013 0 0 0 0 0 0
12.862240824113 9.08066831094606 9.88309079658784 -0.279738297176918 -0.161576077500731 0.94638240488295 0.71336007740676 0.624737903722359 0.317521576613013 0 0 0 0 0 0
12.8823365847784 9.5745223024591 10.0937789490508 0.150170869224195 -0.578833348250882 0.801499011221551 0.71336007740676 0.624737903722359 0.317521576613013 0 0 0 0 0 0
12.9366637998086 9.93643121402534 10.487168826341 0.523027611683993 -0.776182152423023 0.352112742848227 0.71336007740676 0.624737903722359 0.317521576613013 0 0 0 0 0 0
13.1102151753792 10.1214093795241 10.9608228144427 0.697177419909703 -0.678646379816107 -0.231047043544258 0.71336007740676 0.624737903722359 0.317521576613013 0 0 0 0 0 0
13.4426881657549 10.1516900813902 11.3818096216985 0.606457870126853 -0.323281501154657 -0.726428195193711 0.71336007740676 0.624737903722359 0.317521576613013 0 0 0 0 0 0
13.9134032467083 10.108278754896 11.6372070990028 0.285334836047936 0.154903424773911 -0.945827130257327 0.71336007740676 0.624737903722359 0.317521576613013 0 0 0 0 0 0
14.4491604125169 10.1001776689531 11.6770032522045 -0.144191672789648 0.574237949783719 -0.805890525149859 0.71336007740676 0.624737903722359 0.317521576613013 0 0 0 0 0 0
14.9520490819761 10.2229741417318 11.5330966348409 -0.518937354378236 0.775409876924157 -0.359782635766904 0.71336007740676 0.624737903722359 0.317521576613013 0 0 0 0 0 0
15.3366459651764 10.5225253203537 11.3071775543337 -0.696530058868647 0.681990627659316 0.223012692188788 0.71336007740676 0.624737903722359 0.317521576613013 0 0 0 0 0 0
15.5624687995412 10.9775362840093 11.132094224028 -0.609499348633296 0.329471736671463 0.721081769808583 0.71336007740676 0.624737903722359 0.317521576613013 0 0 0 0 0 0
15.6493562382072 11.5076503404061 11.121381505839 -0.290909645566471 -0.148218975551561 0.945199827233816 0.71336007740676 0.624737903722359 0.317521576613013 0 0 0 0 0 0
15.6699308140127 12.0039778766622 11.3261271180087 0.138201495600957 -0.569598820873427 0.810220667394544 0.71336007740676 0.624737903722359 0.317521576613013 0 0 0 0 0 0
15.7220084250891 12.3704653437777 11.7155625568047 0.514807577983795 -0.774578550961043 0.367425129844912 0.71336007740676 0.624737903722359 0.317521576613013 0 0 0 0 0 0
0.114730104455221 3.56084398264231 9.8390359818454 0.593435600422848 -0.80068327199442 -0.0821004634523093 0.800749779759966 0.576987775706297 0.160887839502763 0 0 0 0 0 0
0.46581370778181 3.63775405399624 10.2384233208008 0.528467128885554 -0.554052719526665 -0.643232522244147 0.800749779759966 0.576987775706297 0.160887839502763 0 0 0 0 0 0
0.937361409766103 3.58836779050076 10.4911857860714 0.26272515958542 -0.096928275643248 -0.959989791561161 0.800749779759966 0.576987775706297 0.160887839502763 0 0 0 0 0 0
1.46879732014455 3.51688672352255 10.5251185481495 -0.102830490371639 0.397020840711387 -0.912030888890695 0.800749779759966 0.576987775706297 0.160887839502763 0 0 0 0 0 0
1.97679301700722 3.53590656967679 10.3511538404078 -0.429319117802397 0.74013510184529 -0.517576203187351 0.800749779759966 0.576987775706297 0.160887839502763 0 0 0 0 0 0
2.38692540745829 3.72364023558504 10.059207620864 -0.592702234547152 0.802059663389163 0.0735143355195182 0.800749779759966 0.576987775706297 0.160887839502763 0 0 0 0 0 0
2.66195130489493 4.09420342699969 9.78401899641506 -0.53090786293453 0.559268349089031 0.636675549068378 0.800749779759966 0.576987775706297 0.160887839502763 0 0 0 0 0 0
2.8159567382706 4.59225185618659 9.65396058340925 -0.267412717886966 0.104001638501818 0.957953076878635 0.800749779759966 0.576987775706297 0.160887839502763 0 0 0 0 0 0
2.90900543418979 5.1140074621424 9.74226760441996 0.0976769895880768 -0.390777033366904 0.915288214661356 0.800749779759966 0.576987775706297 0.160887839502763 0 0 0 0 0 0
3.02431960295899 5.54668543104641 10.0392146027623 0.425657575646431 -0.737092976815955 0.524890056891343 0.800749779759966 0.576987775706297 0.160887839502763 0 0 0 0 0 0
3.23666242949013 5.81134303269255 10.4558103060887 0.591923732101555 -0.803374974835238 -0.064922609185455 0.800749779759966 0.576987775706297 0.160887839502763 0 0 0 0 0 0
3.58393428937872 5.89287128354677 10.8576068986085 0.533308166294251 -0.564441388201318 -0.630070090584558 0.800749779759966 0.576987775706297 0.160887839502763 0 0 0 0 0 0
4.05277376255466 5.84573510220033 11.1157789941544 0.272079911674714 -0.111067081232958 -0.955843410360437 0.800749779759966 0.576987775706297 0.160887839502763 0 0 0 0 0 0
4.58363386015785 5.77328117619211 11.156066554233 -0.0925160503235855 0.384503466838375 -0.918475837690788 0.800749779759966 0.576987775706297 0.160887839502763 0 0 0 0 0 0
5.09340492117876 5.78847482754811 10.98698751821 -0.42196361801808 0.733994719302663 -0.532163938185308 0.800749779759966 0.576987775706297 0.160887839502763 0 0 0 0 0 0
5.50698936219534 5.97098259826433 10.6966016957332 -0.591100152372032 0.804629106166587 0.0563259387433442 0.800749779759966 0.576987775706297 0.160887839502763 0 0 0 0 0 0
5.78583250487973 6.33690559904891 10.4190553727652 -0.535667856172322 0.56957144291657 0.623416649823924 0.800749779759966 0.576987775706297 0.160887839502763 0 0 0 0 0 0
5.94257014289482 6.83266242816792 10.2836168947404 -0.276726385523788 0.118124065775848 0.953660952665843 0.800749779759966 0.576987775706297 0.160887839502763 0 0 0 0 0 0
6.03622799262256 7.35534564179731 10.3655654608827 0.0873480656036716 -0.37820061888218 0.921593515229156 0.800749779759966 0.576987775706297 0.160887839502763 0 0 0 0 0 0
6.14979683665306 7.79181801245241 10.6575912978196 0.418237526226518 -0.730840565249721 0.539397293135023 0.800749779759966 0.576987775706297 0.160887839502763 0 0 0 0 0 0
8.63187738020482 0.172977983445323 0.577802465923427 0.511999436659692 0.434604159894228 -0.740929012161617 0.661927660584204 0.350116832111792 0.662774453359155 0 0 0 0 0 0
9.14083526692184 0.0670379561310541 0.713536331555986 0.0937276502630392 0.83860843227313 -0.536610682801388 0.661927660584204 0.350116832111792 0.662774453359155 0 0 0 0 0 0
9.67115837446546 0.152258747340297 0.726949775159489 -0.360152837511288 0.924011340446179 -0.128424983392733 0.661927660584204 0.350116832111792 0.662774453359155 0 0 0 0 0 0
10.1193846313662 0.448107952678305 0.71108873975772 -0.677205240880743 0.658366891737953 0.328551514358041 0.661927660584204 0.350116832111792 0.662774453359155 0 0 0 0 0 0
10.4132419322998 0.894031911703523 0.770121032391755 -0.736976050971767 0.142597853551044 0.660705798715809 0.661927660584204 0.350116832111792 0.662774453359155 0 0 0 0 0 0
10.5391055192255 1.37246105593255 0.979761232632197 -0.516757337716126 -0.42734649330888 0.741846903729567 0.661927660584204 0.350116832111792 0.662774453359155 0 0 0 0 0 0
10.5471742547589 1.75347655356534 1.35850545792004 -0.10021387214018 -0.83493476250841 0.541147966997657 0.661927660584204 0.350116832111792 0.662774453359155 0 0 0 0 0 0
10.5323992349848 1.94416864581308 1.86060437931224 0.354402518948414 -0.925317356066187 0.134857870091812 0.661927660584204 0.350116832111792 0.662774453359155 0 0 0 0 0 0
10.5984102805562 1.92393461763038 2.39344415643518 0.67437546779437 -0.664156415573232 -0.322666986365262 0.661927660584204 0.350116832111792 0.662774453359155 0 0 0 0 0 0
10.8181452352307 1.75230611362005 2.85273198386343 0.738141901468692 -0.150671348700895 -0.657605259997848 0.661927660584204 0.350116832111792 0.662774453359155 0 0 0 0 0 0
11.2061396595706 1.54633207093247 3.16211867158359 0.521475885700586 0.420056282633526 -0.74270830078362 0.661927660584204 0.350116832111792 0.662774453359155 0 0 0 0 0 0
11.7130045284642 1.43610987108829 3.30220497877077 0.106692462342963 0.831197509228943 -0.545644040681099 0.661927660584204 0.350116832111792 0.662774453359155 0 0 0 0 0 0
12.2441899475059 1.51535916962652 3.31791170971598 -0.348625211261597 0.92655290518702 -0.141280486841959 0.661927660584204 0.350116832111792 0.662774453359155 0 0 0 0 0 0
12.6959062386711 1.80581623205615 3.30141354924018 -0.671494338405174 0.66989536132608 0.316757886032216 0.661927660584204 0.350116832111792 0.662774453359155 0 0 0 0 0 0
12.9945553742682 2.24897596317836 3.35712035885221 -0.739251539601987 0.158733369644194 0.654454642093317 0.661927660584204 0.350116832111792 0.662774453359155 0 0 0 0 0 0
13.1246920981525 2.72831897090551 3.56201012472186 -0.526154721277374 -0.412734083045936 0.743513137725057 0.661927660584204 0.350116832111792 0.662774453359155 0 0 0 0 0 0
13.1348918367661 3.11357923141564 3.93638373373062 -0.113162927501662 -0.827396957041037 0.550098561458296 0.661927660584204 0.350116832111792 0.662774453359155 0 0 0 0 0 0
13.119296082495 3.31023432953419 4.43615232713266 0.342821354415184 -0.927717893716826 0.147692344536044 0.661927660584204 0.350116832111792 0.662774453359155 0 0 0 0 0 0
13.1818464667498 3.2954161045893 4.96958739511885 0.668562072122313 -0.675583291953557 -0.31082466335977 0.661927660584204 0.350116832111792 0.662774453359155 0 0 0 0 0 0
13.3967955963811 3.12659864698634 5.43216997131206 0.740304880868413 -0.166783302426834 -0.651254184933965 0.661927660584204 0.350116832111792 0.662774453359155 0 0 0 0 0 0
7.5453310731068 9.90422058736084 3.84513441774905 -0.775206238419717 0.587190245974575 -0.23294399100958 0.335747050642576 0.69533625233487 0.635437970358799 0 0 0 0 0 0
7.77609844596311 10.3879522709812 3.80725064806913 -0.941715644746856 0.232664511583384 0.24297915443239 0.335747050642576 0.69533625233487 0.635437970358799 0 0 0 0 0 0
7.79220170796826 10.9247198373378 3.82475398428741 -0.75045153298871 -0.210254360701526 0.626590456710671 0.335747050642576 0.69533625233487 0.635437970358799 0 0 0 0 0 0
7.63723951941563 11.4135599155568 3.9850886348286 -0.274078336967618 -0.573294086090477 0.772149568450795 0.335747050642576 0.69533625233487 0.635437970358799 0 0 0 0 0 0
7.41980116532735 11.7717175888128 4.32143480379386 0.3064218016129 -0.71852980320768 0.62435614948412 0.335747050642576 0.69533625233487 0.635437970358799 0 0 0 0 0 0
7.27221167055831 11.966086370819 4.80010297667942 0.770507174661357 -0.590784034908612 0.239359390650279 0.335747050642576 0.69533625233487 0.635437970358799 0 0 0 0 0 0
7.30025931049737 12.0257859134787 5.33333313019517 0.941863989862983 -0.238589534365436 -0.236574002567204 0.335747050642576 0.69533625233487 0.635437970358799 0 0 0 0 0 0
7.54300487656149 12.0310989642727 5.81263623238191 0.755390928189509 0.204249119287459 -0.62262897690301 0.335747050642576 0.69533625233487 0.635437970358799 0 0 0 0 0 0
7.95794182847481 12.0829706082349 6.15001103969256 0.281932223434022 0.56949011765988 -0.772136793112 0.335747050642576 0.69533625233487 0.635437970358799 0 0 0 0 0 0
8.43714523959093 12.2646575424367 6.31137724071801 -0.298637246659457 0.718372298966299 -0.628296932178992 0.335747050642576 0.69533625233487 0.635437970358799 0 0 0 0 0 0
8.84827428093439 12.6100974647914 6.32952313628387 -0.765749433798507 0.594332833351077 -0.245756562146663 0.335747050642576 0.69533625233487 0.635437970358799 0 0 0 0 0 0
9.08485071474914 13.0910155752093 6.29164881577565 -0.941940608389707 0.24449638763071 0.230150834675788 0.335747050642576 0.69533625233487 0.635437970358799 0 0 0 0 0 0
9.10671175724326 13.6276666448807 6.30623738527349 -0.760272797446512 -0.198228323512174 0.618620081488152 0.335747050642576 0.69533625233487 0.635437970358799 0 0 0 0 0 0
8.95526859163742 14.1191315619702 6.46184042181146 -0.289764639670067 -0.565642780351953 0.772065216566961 0.335747050642576 0.69533625233487 0.635437970358799 0 0 0 0 0 0
8.73777356730133 14.4816581894805 6.79343574875894 0.29082994932346 -0.71816008789306 0.632189867629928 0.335747050642576 0.69533625233487 0.635437970358799 0 0 0 0 0 0
8.58657323906451 14.6804802023587 7.26913877592454 0.760933378151554 -0.59783637104723 0.252135018329354 0.335747050642576 0.69533625233487 0.635437970358799 0 0 0 0 0 0
8.60882769832013 14.7430253956457 7.80231598845176 0.941945494492231 -0.250384621549459 -0.223710139907246 0.335747050642576 0.69533625233487 0.635437970358799 0 0 0 0 0 0
8.84579866268362 14.7484954065721 8.28449846754807 0.765096768986474 0.192192431882582 -0.614564075759003 0.335747050642576 0.69533625233487 0.635437970358799 0 0 0 0 0 0
9.25717345961138 14.7977756883935 8.62659104623783 0.297574989206932 0.561752367156327 -0.771934844266508 0.335747050642576 0.69533625233487 0.635437970358799 0 0 0 0 0 0
9.73638048469206 14.9751074399837 8.79272105288807 -0.283000504160828 0.717893186148658 -0.636034659374821 0.335747050642576 0.69533625233487 0.635437970358799 0 0 0 0 0 0
2.88078365400704 7.51353985039668 5.68528045878329 0.458917751545146 -0.556328704999024 0.692743003797842 0.147755132313473 0.81662591933299 0.557934161661192 0 0 0 0 0 0
2.68244343027489 7.71435114281068 6.14246869420417 0.885467228149811 -0.360530109201285 0.293199297802706 0.147755132313473 0.81662591933299 0.557934161661192 0 0 0 0 0 0
2.68594548906076 7.83297958548815 6.66649171878471 0.975612900557784 -0.0277600971759979 -0.217735723458523 0.147755132313473 0.81662591933299 0.557934161661192 0 0 0 0 0 0
2.91183853922649 7.94528011314088 7.14088187835182 0.695106920666006 0.315556439890525 -0.645949303030695 0.147755132313473 0.81662591933299 0.557934161661192 0 0 0 0 0 0
3.2961812338296 8.12951174119565 7.46802787396826 0.150518200045251 0.53898780962031 -0.828755942685082 0.147755132313473 0.81662591933299 0.557934161661192 0 0 0 0 0 0
3.71483455686908 8.43660565741264 7.60625892637278 -0.451254901302799 0.557648699079719 -0.696704343652957 0.147755132313473 0.81662591933299 0.557934161661192 0 0 0 0 0 0
4.03062431095784 8.8708156121313 7.58567620171979 -0.881588721066301 0.36444952436969 -0.299963116191624 0.147755132313473 0.81662591933299 0.557934161661192 0 0 0 0 0 0
4.14545588834031 9.38810184739745 7.49671687529256 -0.976992246319317 0.0327898820805084 0.210739114226765 0.147755132313473 0.81662591933299 0.557934161661192 0 0 0 0 0 0
4.03758205243318 9.91286253731559 7.45579553658424 -0.701220082756344 -0.311327184628652 0.641378031780309 0.147755132313473 0.81662591933299 0.557934161661192 0 0 0 0 0 0
3.76986507659782 10.3666561857017 7.56107634040122 -0.159042685979654 -0.537165848784437 0.82834671179167 0.147755132313473 0.81662591933299 0.557934161661192 0 0 0 0 0 0
3.46589431548912 10.6980028619555 7.85517880323509 0.443557686252614 -0.558926226052956 0.700612626774902 0.147755132313473 0.81662591933299 0.557934161661192 0 0 0 0 0 0
3.26303254291826 10.9019422873938 8.3089859363871 0.877643077588473 -0.368341185295791 0.306704091227889 0.147755132313473 0.81662591933299 0.557934161661192 0 0 0 0 0 0
3.26022953749877 11.0219183280541 8.83270627678496 0.978297190338713 -0.0378171699085473 -0.203726456395549 0.147755132313473 0.81662591933299 0.557934161661192 0 0 0 0 0 0
3.48042940739915 11.1332739436438 9.3099871650372 0.707279844222496 0.307074220596317 -0.636757917109608 0.147755132313473 0.81662591933299 0.557934161661192 0 0 0 0 0 0
3.86185374004465 11.3146271374806 9.64211906604869 0.167555060197762 0.535302980689457 -0.827874399089081 0.147755132313473 0.81662591933299 0.557934161661192 0 0 0 0 0 0
4.28147225393435 11.6180026626088 9.78553697173872 -0.435826692567318 0.560161188630107 -0.704467555532786 0.147755132313473 0.81662591933299 0.557934161661192 0 0 0 0 0 0
4.60174405954003 12.0490669483108 9.76837147597894 -0.873630598192353 0.372204795614541 -0.313421709560154 0.147755132313473 0.81662591933299 0.557934161661192 0 0 0 0 0 0
4.72287174279894 12.5649753288846 9.6797614916631 -0.979527633239434 0.0428415778126825 0.19669828400592 0.147755132313473 0.81662591933299 0.557934161661192 0 0 0 0 0 0
4.62071607124003 13.0906494484687 9.63598888737553 -0.713285743590165 -0.302797871673197 0.632089310858211 0.147755132313473 0.81662591933299 0.557934161661192 0 0 0 0 0 0
4.35596689198618 13.5473007836774 9.73630106138681 -0.176054674449319 -0.533399347199987 0.827339040545756 0.147755132313473 0.81662591933299 0.557934161661192 0 0 0 0 0 0
10.2336111200352 5.73981312174038 5.67639562846111 0.559440468746191 0.20411186903007 -0.80334594469014 0.383109592650804 0.795789120062139 0.468984772044533 0 0 0 0 0 0
10.7052922517513 5.87265770659818 5.89674609561584 0.0221750636516189 0.499652626795504 -0.865941983673502 0.383109592650804 0.795789120062139 0.468984772044533 0 0 0 0 0 0
11.1820281899246 6.1193981234556 5.9197050603453 -0.523515018871496 0.605366997894893 -0.5995521852814 0.383109592650804 0.795789120062139 0.468984772044533 0 0 0 0 0 0
11.5394288630737 6.50413196653107 5.80599608557492 -0.870312993020976 0.481092325297547 -0.105382487722912 0.383109592650804 0.795789120062139 0.468984772044533 0 0 0 0 0 0
11.6984416620792 6.9985308202957 5.66826516941224 -0.886464510264508 0.174042634884923 0.428823778822747 0.383109592650804 0.795789120062139 0.468984772044533 0 0 0 0 0 0
11.6553848480772 7.53260269815861 5.62828464712516 -0.565833339162306 -0.199128762358165 0.800112722242398 0.383109592650804 0.795789120062139 0.468984772044533 0 0 0 0 0 0
11.4833463066093 8.02128316837639 5.77068984504883 -0.0302326222834061 -0.49664781352602 0.86742546531082 0.383109592650804 0.795789120062139 0.468984772044533 0 0 0 0 0 0
11.3044162379406 8.39675275387385 6.11082470508367 0.516853973263449 -0.605482056826705 0.605188771527271 0.383109592650804 0.795789120062139 0.468984772044533 0 0 0 0 0 0
11.2433030487401 8.63420268546616 6.58891236463045 0.86757910302991 -0.484283543618778 0.113030745223834 0.383109592650804 0.795789120062139 0.468984772044533 0 0 0 0 0 0
11.3799545433737 8.76126016805255 7.09276538610752 0.888696426406232 -0.179097615401011 -0.422069550963421 0.383109592650804 0.795789120062139 0.468984772044533 0 0 0 0 0 0
11.7191844163694 8.84749234357298 7.50040764016204 0.572183119178932 0.194130491260047 -0.796818568113094 0.383109592650804 0.795789120062139 0.468984772044533 0 0 0 0 0 0
12.1888434493858 8.97797657068445 7.72641507654325 0.0382878785839562 0.493605178602685 -0.868842889140581 0.383109592650804 0.795789120062139 0.468984772044533 0 0 0 0 0 0
12.6672302055301 9.22097811378972 7.75436974900668 -0.510153567224257 0.605551005955671 -0.610779270305108 0.383109592650804 0.795789120062139 0.468984772044533 0 0 0 0 0 0
13.0293274399737 9.60201502775627 7.64309726758587 -0.86477914353118 0.487437881873183 -0.120670394995891 0.383109592650804 0.795789120062139 0.468984772044533 0 0 0 0 0 0
13.194298241439 10.0941634222331 7.50431796582884 -0.890860664874358 0.184138956940283 0.41528318087368 0.383109592650804 0.795789120062139 0.468984772044533 0 0 0 0 0 0
13.1561973263152 10.6282862977383 7.46020247821887 -0.578489325235735 -0.189117436373414 0.79346373316482 0.383109592650804 0.795789120062139 0.468984772044533 0 0 0 0 0 0
12.9862297513017 11.1192998476717 7.5969570735502 -0.0463402191143145 -0.49052495373393 0.870194147220471 0.383109592650804 0.795789120062139 0.468984772044533 0 0 0 0 0 0
12.805698921883 11.498498218967 7.93207245212113 0.503414311015781 -0.605573840031048 0.616323255876782 0.383109592650804 0.795789120062139 0.468984772044533 0 0 0 0 0 0
12.7399214005004 11.7396560143729 8.40767873626181 0.861913327752541 -0.49055509984569 0.128300855250174 0.383109592650804 0.795789120062139 0.468984772044533 0 0 0 0 0 0
12.870617049299 11.8689917593336 8.91253120439376 0.892957060853746 -0.18916627558506 -0.408465185361882 0.383109592650804 0.795789120062139 0.468984772044533 0 0 0 0 0 0
4.48556811677256 4.68668527608739 11.6735069682936 0.976260011375288 0.0610487013682413 -0.207820706982665 0.163952294023295 0.418729835020852 0.8931880935995 0 0 0 0 0 0
4.71054002928457 4.53807674764208 12.1382523243461 0.707811014228076 0.580738475487043 -0.4021770645206 0.163952294023295 0.418729835020852 0.8931880935995 0 0 0 0 0 0
5.09685748476117 4.52184757295701 12.5113214058866 0.17045277880654 0.879795993338788 -0.443739631205219 0.163952294023295 0.418729835020852 0.8931880935995 0 0 0 0 0 0
5.52202965653003 4.70616792263633 12.7832400245316 -0.431663317102088 0.844604303916539 -0.316718093063975 0.163952294023295 0.418729835020852 0.8931880935995 0 0 0 0 0 0
5.84880416158317 5.08301584996894 12.9829627438971 -0.869783301817839 0.488533318405477 -0.0693700561235952 0.163952294023295 0.418729835020852 0.8931880935995 0 0 0 0 0 0
5.97731153561915 5.5712249626038 13.1668725567865 -0.977458068171678 -0.0531396426093368 0.204332824943627 0.163952294023295 0.418729835020852 0.8931880935995 0 0 0 0 0 0
5.88300731225964 6.04732089203382 13.3973600435512 -0.713780172199691 -0.574623964949418 0.400406249552115 0.163952294023295 0.418729835020852 0.8931880935995 0 0 0 0 0 0
5.62599687618809 6.39243127057305 13.7191201475 -0.178925255040962 -0.877799035804851 0.44435864552026 0.163952294023295 0.418729835020852 0.8931880935995 0 0 0 0 0 0
5.32820042260006 6.53744733128058 14.142171818677 0.423906357978564 -0.847483576940782 0.319491762774892 0.163952294023295 0.418729835020852 0.8931880935995 0 0 0 0 0 0
5.12703343665147 6.48927948395835 14.6380516472313 0.865688858265679 -0.495194938027112 0.0732446177339252 0.163952294023295 0.418729835020852 0.8931880935995 0 0 0 0 0 0
5.12320025318349 6.32823193493151 15.1506275887027 0.978581687751795 0.045226537060909 -0.200829382168864 0.163952294023295 0.418729835020852 0.8931880935995 0 0 0 0 0 0
5.34243479622964 6.17749377645076 15.6174244661897 0.719694973047679 0.568465694572115 -0.398604942097489 0.163952294023295 0.418729835020852 0.8931880935995 0 0 0 0 0 0
5.72572383102725 6.15633739093452 15.9933593345833 0.187384105424476 0.875735230475801 -0.44494382020404 0.163952294023295 0.418729835020852 0.8931880935995 0 0 0 0 0 0
6.15172707855241 6.33480487876029 16.2678692451613 -0.416117116744659 0.850298310809475 -0.32224110195111 0.163952294023295 0.418729835020852 0.8931880935995 0 0 0 0 0 0
6.48287641622249 6.70709789328975 16.4689242864102 -0.861528489155312 0.501818846636992 -0.0771136014830367 0.163952294023295 0.418729835020852 0.8931880935995 0 0 0 0 0 0
6.61764030768158 7.19378052969987 16.6524012797747 -0.979630784547656 -0.0373099873365825 0.197310645459105 0.163952294023295 0.418729835020852 0.8931880935995 0 0 0 0 0 0
6.5290973309789 7.67195835332265 16.8808552409799 -0.725554966337058 -0.562264133331266 0.396773279333262 0.163952294023295 0.418729835020852 0.8931880935995 0 0 0 0 0 0
6.27516407687008 8.0219680500609 17.1997536836937 -0.195828685782874 -0.873604734518403 0.445495110693242 0.163952294023295 0.418729835020852 0.8931880935995 0 0 0 0 0 0
5.97659166767529 8.17283952007767 17.6202027509075 0.408296186581251 -0.853048291169736 0.324965901219808 0.163952294023295 0.418729835020852 0.8931880935995 0 0 0 0 0 0
5.77109038705875 8.1292586052811 18.1147278055294 0.857302511314952 -0.508404539798829 0.080976712732838 0.163952294023295 0.418729835020852 0.8931880935995 0 0 0 0 0 0
3.31767929190436 10.0250455395098 11.8608321300713 0.89940071206012 -0.245179595177248 -0.361891316909469 0.436801511313524 0.472242724530299 0.765631274728522 0 0 0 0 0 0
3.58452102413766 9.88328061270927 12.3051105310615 0.738412831962618 0.297866403869382 -0.604997599200913 0.436801511313524 0.472242724530299 0.765631274728522 0 0 0 0 0 0
4.01968398465103 9.80941434204315 12.6114797102774 0.29688957139833 0.727747976025337 -0.618255178535482 0.436801511313524 0.472242724530299 0.765631274728522 0 0 0 0 0 0
4.52252293230629 9.90143824541062 12.7769176020928 -0.257427001069113 0.881145924791962 -0.396627278869068 0.436801511313524 0.472242724530299 0.765631274728522 0 0 0 0 0 0
4.96668138696789 10.1943193900597 12.8519442932101 -0.713942751880462 0.69978180475588 -0.0243140447058221 0.436801511313524 0.472242724530299 0.765631274728522 0 0 0 0 0 0
5.24809656887411 10.6467158191216 12.9214285970717 -0.899219714766158 0.252558877365184 0.357236501550315 0.436801511313524 0.472242724530299 0.765631274728522 0 0 0 0 0 0
5.32453458850538 11.1566830522256 13.0723449727021 -0.742868073860296 -0.290615390095796 0.603066928191691 0.436801511313524 0.472242724530299 0.765631274728522 0 0 0 0 0 0
5.23163580732583 11.6004044980131 13.3607304735894 -0.304288431603049 -0.723380012029171 0.619782146071693 0.436801511313524 0.472242724530299 0.765631274728522 0 0 0 0 0 0
5.06937446858791 11.8792314472973 13.7903953341751 0.249895473251472 -0.881320473123822 0.40103176445417 0.436801511313524 0.472242724530299 0.765631274728522 0 0 0 0 0 0
4.96407681084064 11.9571613670022 14.3114753980867 0.709139909788251 -0.704432551586201 0.0299227106269629 0.436801511313524 0.472242724530299 0.765631274728522 0 0 0 0 0 0
5.02042761784272 11.874515864408 14.8393763448272 0.898970238409445 -0.259918926216787 -0.352554481248471 0.436801511313524 0.472242724530299 0.765631274728522 0 0 0 0 0 0
5.28169871897637 11.7326218344043 15.286912486474 0.747266743478019 0.28334224483509 -0.601090331301018 0.436801511313524 0.472242724530299 0.765631274728522 0 0 0 0 0 0
5.71330929779861 11.6553156780262 15.5974300681874 0.3116641190656 0.718956959844408 -0.621261914797897 0.436801511313524 0.472242724530299 0.765631274728522 0 0 0 0 0 0
6.21596372236839 11.7418957832666 15.7663309768745 -0.242344914926034 0.881427905489483 -0.405405709917752 0.436801511313524 0.472242724530299 0.765631274728522 0 0 0 0 0 0
6.66337561595538 12.0293974072975 15.8428196412298 -0.704283063946363 0.709029653150398 -0.0355290978178389 0.436801511313524 0.472242724530299 0.765631274728522 0 0 0 0 0 0
6.9502461629555 12.4785223630736 15.9112094466196 -0.898652301988573 0.267259181235841 0.347845612557909 0.436801511313524 0.472242724530299 0.765631274728522 0 0 0 0 0 0
7.03226888944119 12.9885690576219 16.058890670337 -0.751608505840066 -0.276047521965436 0.599067959054401 0.436801511313524 0.472242724530299 0.765631274728522 0 0 0 0 0 0
6.94296243337125 13.4356907108522 16.3431294541705 -0.319016072098828 -0.714479156303598 0.622694372023976 0.436801511313524 0.472242724530299 0.765631274728522 0 0 0 0 0 0
6.78093625362852 13.719946817922 16.7693114397 0.234775901097048 -0.881468213707554 0.409748782166931 0.436801511313524 0.472242724530299 0.765631274728522 0 0 0 0 0 0
6.67242724792809 13.8032722179418 17.2888956730172 0.699372584222413 -0.713572759361387 0.0411327793303598 0.436801511313524 0.472242724530299 0.765631274728522 0 0 0 0 0 0
4.3344359433879 0.330665174398157 7.38955791606056 -0.188409528092309 0.906193704176705 -0.378569439118553 0.501250263444178 0.420215636043882 0.756417208041553 0 0 0 0 0 0
4.80546010501269 0.581112283103181 7.4535703134951 -0.647835241108918 0.761755933126437 0.00611544961717377 0.501250263444178 0.420215636043882 0.756417208041553 0 0 0 0 0 0
5.12881020304254 1.00520168073306 7.5189767278623 -0.861137514800623 0.32791434720141 0.388476976798471 0.501250263444178 0.420215636043882 0.756417208041553 0 0 0 0 0 0
5.25586397747785 1.50403916412534 7.67293648131415 -0.747279249168107 -0.230507381660953 0.62324960550534 0.501250263444178 0.420215636043882 0.756417208041553 0 0 0 0 0 0
5.21257542355212 1.95033248261508 7.96896600195152 -0.349517102933849 -0.701355502352417 0.621239288903011 0.501250263444178 0.420215636043882 0.756417208041553 0 0 0 0 0 0
5.08961443501505 2.23675179227541 8.40660703804166 0.181032434319313 -0.905746941661521 0.383209779879409 0.501250263444178 0.420215636043882 0.756417208041553 0 0 0 0 0 0
5.00791979557725 2.31670605808462 8.93160075551302 0.642804723073673 -0.766029974552106 -0.000407531446233047 0.501250263444178 0.420215636043882 0.756417208041553 0 0 0 0 0 0
5.07275251298999 2.22204376709152 9.45650157617839 0.860364750410494 -0.335285412772157 -0.383870014761889 0.501250263444178 0.420215636043882 0.756417208041553 0 0 0 0 0 0
5.3337054023302 2.05095315570723 9.89389921490029 0.751057824534836 0.222839682993098 -0.621493861505111 0.501250263444178 0.420215636043882 0.756417208041553 0 0 0 0 0 0
5.76586194640521 1.93065885707288 10.1896273083368 0.356411474101205 0.696304257508458 -0.623001799439297 0.501250263444178 0.420215636043882 0.756417208041553 0 0 0 0 0 0
6.27926249721608 1.96908713584682 10.3433421219883 -0.173641554225547 0.905231203009987 -0.38782093773187 0.501250263444178 0.420215636043882 0.756417208041553 0 0 0 0 0 0
6.75308145027761 2.21386289583004 10.408653140681 -0.637725252970045 0.770245679829406 -0.00530041775980519 0.501250263444178 0.420215636043882 0.756417208041553 0 0 0 0 0 0
7.08153091185855 2.63421618276618 10.4727559289786 -0.859526465913584 0.342630945060611 0.379233819537469 0.501250263444178 0.420215636043882 0.756417208041553 0 0 0 0 0 0
7.21405128848946 3.13267220440978 10.6233050783724 -0.754779203940389 -0.215155014220624 0.619690788341118 0.501250263444178 0.420215636043882 0.756417208041553 0 0 0 0 0 0
7.17451972183299 3.58208363379193 10.9151127624672 -0.363278703154905 -0.691199986399437 0.624716865976506 0.501250263444178 0.420215636043882 0.756417208041553 0 0 0 0 0 0
7.05217876336179 3.87393600452569 11.349324675818 0.166237450655147 -0.9046465274976 0.392402561518413 0.501250263444178 0.420215636043882 0.756417208041553 0 0 0 0 0 0
6.96773163699809 3.95957417085163 11.8729847654139 0.63259721761935 -0.77440272791606 0.0110079633185095 0.501250263444178 0.420215636043882 0.756417208041553 0 0 0 0 0 0
7.02748506629542 3.86868721098249 12.3991541205947 0.858622725148502 -0.349950384676049 -0.374568744189428 0.501250263444178 0.420215636043882 0.756417208041553 0 0 0 0 0 0
7.28296157280696 3.69802904991524 12.8399405187516 0.758443103987315 0.207453960560811 -0.617840523324362 0.501250263444178 0.420215636043882 0.756417208041553 0 0 0 0 0 0
7.71132520873685 3.57466002568537 13.1398901501764 0.370118267128869 0.686043077735363 -0.626384357905682 0.501250263444178 0.420215636043882 0.756417208041553 0 0 0 0 0 0
1.38731193015606 12.872974698663 9.80434683149531 -0.499573409381538 -0.305595572026123 0.810578654417283 0.520512751939623 0.642066012193977 0.562865624331034 0 0 0 0 0 0
1.28962796216516 13.3357682086278 10.0592293763084 0.00136076448283998 -0.659828951809311 0.751414601052075 0.520512751939623 0.642066012193977 0.562865624331034 0 0 0 0 0 0
1.19225418048094 13.6481536882661 10.4853969030746 0.501777961169418 -0.763382281048365 0.406775577765009 0.520512751939623 0.642066012193977 0.562865624331034 0 0 0 0 0 0
1.20926070083375 13.7865261529195 11.0042889355916 0.811561321127604 -0.576913918646033 -0.0924042884399664 0.520512751939623 0.642066012193977 0.562865624331034 0 0 0 0 0 0
1.41126264987341 13.793391071665 11.5021174076511 0.813018966607706 -0.171266313063724 -0.556478220549283 0.520512751939623 0.642066012193977 0.562865624331034 0 0 0 0 0 0
1.79859229793298 13.7612158289587 11.8730966518269 0.5055971137213 0.299448228271548 -0.80913677285223 0.520512751939623 0.642066012193977 0.562865624331034 0 0 0 0 0 0
2.30117282397395 13.797299819309 12.0596331431714 0.00609046419921697 0.656397381179068 -0.754390737103194 0.520512751939623 0.642066012193977 0.562865624331034 0 0 0 0 0 0
2.80514167152077 13.9830096133527 12.0742062422564 -0.49573005449928 0.763970194597685 -0.413039047588138 0.520512751939623 0.642066012193977 0.562865624331034 0 0 0 0 0 0
3.19610883754631 14.3428664372933 11.9946270774473 -0.809214437328978 0.581297958188138 0.0852330817502647 0.520512751939623 0.642066012193977 0.562865624331034 0 0 0 0 0 0
3.40261554712075 14.8352301490935 11.934476796305 -0.815264726073494 0.177780908679337 0.551123738310608 0.520512751939623 0.642066012193977 0.562865624331034 0 0 0 0 0 0
3.42328263673438 15.3681190246209 11.9999551886518 -0.511582314883354 -0.293278080375029 0.807633272389224 0.520512751939623 0.642066012193977 0.562865624331034 0 0 0 0 0 0
3.3273345215734 15.8341551524989 12.249533610852 -0.013541229068845 -0.652915823346903 0.757309423378939 0.520512751939623 0.642066012193977 0.562865624331034 0 0 0 0 0 0
3.2282996828201 16.151359097901 12.6717407399401 0.489644396066195 -0.764499928858856 0.419271062888647 0.520512751939623 0.642066012193977 0.562865624331034 0 0 0 0 0 0
3.24087929955678 16.2942952604646 13.1895207210061 0.806805928717948 -0.585637729640141 -0.0780553842313944 0.520512751939623 0.642066012193977 0.562865624331034 0 0 0 0 0 0
3.43737035313089 16.3037352841296 13.6895079747806 0.817448399973966 -0.184281965590447 -0.545727285865499 0.520512751939623 0.642066012193977 0.562865624331034 0 0 0 0 0 0
3.82019879520012 16.2711682279399 14.0650966765706 0.517528557071458 0.287085598217218 -0.806068267525647 0.520512751939623 0.642066012193977 0.562865624331034 0 0 0 0 0 0
4.32099788813784 16.3040423428969 14.2569420914152 0.0209909627214523 0.649384543446923 -0.760170437610052 0.520512751939623 0.642066012193977 0.562865624331034 0 0 0 0 0 0
4.8265818716884 16.4849436849656 14.2755066310878 -0.483521449316614 0.764971443490562 -0.425471149074444 0.520512751939623 0.642066012193977 0.562865624331034 0 0 0 0 0 0
5.22194712565322 16.8402202916478 14.1970850089414 -0.80433597871177 0.589932902511643 0.0708717424928113 0.520512751939623 0.642066012193977 0.562865624331034 0 0 0 0 0 0
5.43396396796222 17.3299721220198 14.1348186027263 -0.8195698220139 0.190768988716401 0.540289274174702 0.520512751939623 0.642066012193977 0.562865624331034 0 0 0 0 0 0
0.705704968521685 4.89877425050846 9.94740860549881 0.874641664890157 0.326712478279556 -0.358135329972632 0.0446621110294832 0.681323669836424 0.730618472774278 0 0 0 0 0 0
0.992627962179623 4.97111303537305 10.3958808989942 0.425449395311925 0.648738934877421 -0.630975915865913 0.0446621110294832 0.681323669836424 0.730618472774278 0 0 0 0 0 0
1.3765321588857 5.19133188085554 10.7005222126143 -0.18537821267987 0.724298623778772 -0.664098201966994 0.0446621110294832 0.681323669836424 0.730618472774278 0 0 0 0 0 0
1.71817938617846 5.5766546204185 10.8537823202002 -0.725777538316147 0.524685155879357 -0.444918478010981 0.0446621110294832 0.681323669836424 0.730618472774278 0 0 0 0 0 0
1.89438560077544 6.08157935777339 10.905623246724 -0.990441842792777 0.125735024993374 -0.0567067856183302 0.0446621110294832 0.681323669836424 0.730618472774278 0 0 0 0 0 0
1.8448205661435 6.61516539803179 10.9445378596819 -0.87882073188789 -0.320983944065106 0.353048762717621 0.0446621110294832 0.681323669836424 0.730618472774278 0 0 0 0 0 0
1.59492831802559 7.07558313814077 11.06392994921 -0.433320931839705 -0.645755746207894 0.62867518343661 0.0446621110294832 0.681323669836424 0.730618472774278 0 0 0 0 0 0
1.24626054986036 7.38880083558293 11.3266285665837 0.176804734954018 -0.725194143905977 0.665457391079486 0.0446621110294832 0.681323669836424 0.730618472774278 0 0 0 0 0 0
0.937895426591058 7.53671050510345 11.7410182171926 0.71975932692118 -0.529119161734671 0.449421209997003 0.0446621110294832 0.681323669836424 0.730618472774278 0 0 0 0 0 0
0.793599464540703 7.56400744505779 12.2578534467615 0.98926531685677 -0.132022963619737 0.0626423973147275 0.0446621110294832 0.681323669836424 0.730618472774278 0 0 0 0 0 0
0.874806562595125 7.56120974630091 12.7889680127692 0.882932873284397 0.315230965680576 -0.347935309432445 0.0446621110294832 0.681323669836424 0.730618472774278 0 0 0 0 0 0
1.15727823689625 7.63026895608968 13.240770714044 0.441159469300856 0.64272338073815 -0.626326574958074 0.0446621110294832 0.681323669836424 0.730618472774278 0 0 0 0 0 0
1.5403122261056 7.84583698074102 13.5498022528498 -0.168217792863073 0.726034437691421 -0.666765903035225 0.0446621110294832 0.681323669836424 0.730618472774278 0 0 0 0 0 0
1.88500096413884 8.22690457830883 13.7068444830788 -0.713686303066805 0.533512873117249 -0.453889716817878 0.0446621110294832 0.681323669836424 0.730618472774278 0 0 0 0 0 0
2.06700488693183 8.72958645209072 13.7604225380776 -0.988013454536788 0.138300848186272 -0.0685732385500394 0.0446621110294832 0.681323669836424 0.730618472774278 0 0 0 0 0 0
2.02379111167527 9.26379400856832 13.7983693211912 -0.88697777592419 -0.309453981237543 0.342795359526369 0.0446621110294832 0.681323669836424 0.730618472774278 0 0 0 0 0 0
1.77839072448799 9.72746152028583 13.9144563172949 -0.448964410760401 -0.639642069394557 0.623930269285932 0.0446621110294832 0.681323669836424 0.730618472774278 0 0 0 0 0 0
1.4306488857412 10.0453226021585 14.1727682379143 0.159618040335919 -0.726819441143478 0.668023638185958 0.0446621110294832 0.681323669836424 0.730618472774278 0 0 0 0 0 0
1.11929198431137 10.1975051695531 14.5833561678776 0.707558929237303 -0.537865955428962 0.458323658179513 0.0446621110294832 0.681323669836424 0.730618472774278 0 0 0 0 0 0
0.969223163064553 10.2270811754837 15.0984189901442 0.986686351166993 -0.144568200607765 0.0744988576677437 0.0446621110294832 0.681323669836424 0.730618472774278 0 0 0 0 0 0
8.3190925520912 1.78973988988921 4.21549080159636 0.911243127130248 0.178330481456493 -0.371260289610109 0.0916984311354657 0.790937225929678 0.604987357195139 0 0 0 0 0 0
8.59996024651463 1.91240865840446 4.65679660665514 0.502698040308417 0.48767911960974 -0.713767298611211 0.0916984311354657 0.790937225929678 0.604987357195139 0 0 0 0 0 0
8.99541797504378 2.1462438975796 4.93539913353678 -0.0968304366896149 0.611750306663178 -0.785102177317071 0.0916984311354657 0.790937225929678 0.604987357195139 0 0 0 0 0 0
9.36880320248276 2.51952763840736 5.03503759439571 -0.659571411870693 0.503407324295579 -0.558163612651762 0.0916984311354657 0.790937225929678 0.604987357195139 0 0 0 0 0 0
9.59183910583237 3.00756309464803 5.00744264218803 -0.971730180236158 0.203811482906461 -0.119169359542099 0.0916984311354657 0.790937225929678 0.604987357195139 0 0 0 0 0 0
9.59336908402161 3.54205738483017 4.95268303072307 -0.914712406667679 -0.173215748385099 0.365099325663049 0.0916984311354657 0.790937225929678 0.604987357195139 0 0 0 0 0 0
9.38639034032949 4.03706713971768 4.98114782203086 -0.51018009663026 -0.484435420852285 0.710660672913599 0.0916984311354657 0.790937225929678 0.604987357195139 0 0 0 0 0 0
9.06311602755766 4.42164982517913 5.17160773609027 0.0881781618733382 -0.61160997760937 0.78623014891144 0.0916984311354657 0.790937225929678 0.604987357195139 0 0 0 0 0 0
8.75994192955939 4.66681599700019 5.54128883733282 0.653036062421007 -0.506423678299136 0.563097646270733 0.0916984311354657 0.790937225929678 0.604987357195139 0 0 0 0 0 0
8.60562742253779 4.79654287541832 6.03932806476067 0.969794644674214 -0.208838556650683 0.126034933321182 0.0916984311354657 0.790937225929678 0.604987357195139 0 0 0 0 0 0
8.67237763528432 4.87866499827681 6.56609695920477 0.918112027313889 0.168087824263833 -0.3589105579888 0.0916984311354657 0.790937225929678 0.604987357195139 0 0 0 0 0 0
8.94841151354548 4.99910274596513 7.0110521806622 0.517623300762502 0.481154830461963 -0.707499927654309 0.0916984311354657 0.790937225929678 0.604987357195139 0 0 0 0 0 0
9.3424376395025 5.22921975239682 7.29473277134931 -0.079519171948639 0.611423072087822 -0.787298246035956 0.0916984311354657 0.790937225929678 0.604987357195139 0 0 0 0 0 0
9.71833736771174 5.59871066734938 7.39894870208015 -0.646450981746836 0.509401466178892 -0.56798879782382 0.0916984311354657 0.790937225929678 0.604987357195139 0 0 0 0 0 0
9.94687857429119 6.08431966254575 7.37369156847525 -0.967785255495366 0.213849726530264 -0.132890909052128 0.0916984311354657 0.790937225929678 0.604987357195139 0 0 0 0 0 0
9.95481310142906 6.6186757096335 7.31814194797051 -0.921441730174604 -0.162947099603971 0.352694457885981 0.0916984311354657 0.790937225929678 0.604987357195139 0 0 0 0 0 0
9.75270495718043 7.11588796023937 7.34298904023842 -0.525027085876331 -0.477837598268435 0.70428530353633 0.0916984311354657 0.790937225929678 0.604987357195139 0 0 0 0 0 0
9.43091687218629 7.50417711528478 7.5283779896078 0.070854126331125 -0.611189604332114 0.788306387350888 0.0916984311354657 0.790937225929678 0.604987357195139 0 0 0 0 0 0
9.12527998751875 7.75314558079158 7.89346140477792 0.639816671327568 -0.512340461164769 0.572836694830894 0.0916984311354657 0.790937225929678 0.604987357195139 0 0 0 0 0 0
8.96548933321219 7.88532602205505 8.38912296255907 0.965702165722378 -0.218844610925217 0.139736764625842 0.0916984311354657 0.790937225929678 0.604987357195139 0 0 0 0 0 0
3.44025580067247 3.37405839432622 2.7898186772714 0.252992389882483 0.735047427827193 -0.629047001031065 0.648239277109477 0.353870205524899 0.674211923103076 0 0 0 0 0 0
3.97442229692597 3.39228612791882 2.84476416049525 -0.216185784783675 0.934543641257748 -0.282651532884887 0.648239277109477 0.353870205524899 0.674211923103076 0 0 0 0 0 0
4.45930923673573 3.62354311394158 2.83527921790434 -0.603231365376944 0.778991100638034 0.17112797828588 0.648239277109477 0.353870205524899 0.674211923103076 0 0 0 0 0 0
4.80668956782711 4.03237114586578 2.86480290334825 -0.761099264772918 0.327486816849271 0.55989310939862 0.648239277109477 0.353870205524899 0.674211923103076 0 0 0 0 0 0
4.98057729756548 4.51584980799515 3.02195424069663 -0.629812828580544 -0.248435183948124 0.735945487337232 0.648239277109477 0.353870205524899 0.674211923103076 0 0 0 0 0 0
5.01089917321184 4.94269766212652 3.3468643750401 -0.259249968901464 -0.729972504748853 0.632399870284044 0.648239277109477 0.353870205524899 0.674211923103076 0 0 0 0 0 0
4.98212501028979 5.20314826083178 3.8159300797133 0.209806288391618 -0.934181066506051 0.288594969347959 0.648239277109477 0.353870205524899 0.674211923103076 0 0 0 0 0 0
5.00117619740817 5.25065225603293 4.35078101673003 0.599153628950644 -0.783478622423077 -0.164851985493994 0.648239277109477 0.353870205524899 0.674211923103076 0 0 0 0 0 0
5.15680447309825 5.11956227460055 4.84805393846632 0.760872488556844 -0.335119550617552 -0.555668914868562 0.648239277109477 0.353870205524899 0.674211923103076 0 0 0 0 0 0
5.48587365649575 4.91208178106035 5.21866211357418 0.633523168650679 0.240557041367677 -0.735377933195737 0.648239277109477 0.353870205524899 0.674211923103076 0 0 0 0 0 0
5.959354466121 4.75943627266904 5.42164086567137 0.265487805031585 0.724841991438073 -0.635704579838465 0.648239277109477 0.353870205524899 0.674211923103076 0 0 0 0 0 0
6.49335322925679 4.77201851903324 5.47971073879191 -0.203410814438402 0.933747350249312 -0.294516428186775 0.648239277109477 0.353870205524899 0.674211923103076 0 0 0 0 0 0
6.98098449084102 4.99744850326716 5.4706455828403 -0.595030264655781 0.787906479277662 0.158563438585162 0.648239277109477 0.353870205524899 0.674211923103076 0 0 0 0 0 0
7.33297858487431 5.40248179424394 5.49772496770339 -0.760587768954929 0.342726763734586 0.551402403999276 0.648239277109477 0.353870205524899 0.674211923103076 0 0 0 0 0 0
7.51159667304239 5.88563966179793 5.65049654790801 -0.637185263478736 -0.232660579437176 0.734754377177497 0.648239277109477 0.353870205524899 0.674211923103076 0 0 0 0 0 0
7.54496836035143 6.31576254294855 5.97075541150932 -0.271705423237475 -0.719656278603305 0.638960878027901 0.648239277109477 0.353870205524899 0.674211923103076 0 0 0 0 0 0
7.51640478788427 6.58183975274752 6.43666542736202 0.196999849964128 -0.9332425255167 0.300415458459317 0.648239277109477 0.353870205524899 0.674211923103076 0 0 0 0 0 0
7.53274733741504 6.63518429949044 6.97105515642311 0.590861586502512 -0.792274334003346 -0.152262816456578 0.648239277109477 0.353870205524899 0.674211923103076 0 0 0 0 0 0
7.68377680418054 6.50792988686835 7.47073657168197 0.760245127649672 -0.350307876881641 -0.547093901702085 0.648239277109477 0.353870205524899 0.674211923103076 0 0 0 0 0 0
8.00810417171494 6.30082278268864 7.8457079148335 0.640798834182016 0.224746399502769 -0.734074866768718 0.648239277109477 0.353870205524899 0.674211923103076 0 0 0 0 0 0
9.85557253543521 4.14962192832535 1.27970528609105 -0.6786362790189 0.16223731540376 0.716332223406125 0.625649142507543 0.638568210648143 0.448100201773226 0 0 0 0 0 0
9.88672328743482 4.68166919021244 1.34782608971714 -0.324129538862293 -0.309691172778605 0.893885574075301 0.625649142507543 0.638568210648143 0.448100201773226 0 0 0 0 0 0
9.84398870085202 5.1431223395202 1.61970813807985 0.153519432264998 -0.663962806662087 0.731836850183452 0.625649142507543 0.638568210648143 0.448100201773226 0 0 0 0 0 0
9.83624887368452 5.45322514615773 2.05841241946916 0.572843804366785 -0.765983869428499 0.291751071247275 0.625649142507543 0.638568210648143 0.448100201773226 0 0 0 0 0 0
9.95908880974698 5.5887219056573 2.56362136672925 0.774535237751965 -0.576994853631672 -0.25917581747353 0.625649142507543 0.638568210648143 0.448100201773226 0 0 0 0 0 0
10.2584840776258 5.59269267011638 3.00975117824126 0.681967784776567 -0.168795846100665 -0.711637479947552 0.625649142507543 0.638568210648143 0.448100201773226 0 0 0 0 0 0
10.7133339235026 5.55818641614563 3.29366320380753 0.330309368471227 0.303531525480035 -0.893736165845325 0.625649142507543 0.638568210648143 0.448100201773226 0 0 0 0 0 0
11.2434778003156 5.59287018295869 3.3738480422479 -0.146839099394471 0.66054219575439 -0.736289539866614 0.625649142507543 0.638568210648143 0.448100201773226 0 0 0 0 0 0
11.7401496998013 5.77812456407796 3.2861956569083 -0.568200938381389 0.766601842185073 -0.299114207587939 0.625649142507543 0.638568210648143 0.448100201773226 0 0 0 0 0 0
12.1073001775045 6.13812585924447 3.13036017853738 -0.773693741064131 0.581416631870342 0.251699613076256 0.625649142507543 0.638568210648143 0.448100201773226 0 0 0 0 0 0
12.2980871425878 6.63066109394013 3.03189963488694 -0.685247356047078 0.175341522340369 0.706888542539665 0.625649142507543 0.638568210648143 0.448100201773226 0 0 0 0 0 0
12.3326719512989 7.1631654341704 3.09457435675069 -0.336464043742908 -0.297348763080631 0.893518696146079 0.625649142507543 0.638568210648143 0.448100201773226 0 0 0 0 0 0
12.2905597706519 7.62788911450036 3.36092669351555 0.140147584158016 -0.657071282001093 0.740686158250653 0.625649142507543 0.638568210648143 0.448100201773226 0 0 0 0 0 0
12.2803942362235 7.94283337542338 3.79611846335936 0.563514801694656 -0.767161435243345 0.306454565223628 0.625649142507543 0.638568210648143 0.448100201773226 0 0 0 0 0 0
12.3986819185724 8.08290316304392 4.30116656098851 0.772793324602438 -0.585794132981448 -0.244204240778952 0.625649142507543 0.638568210648143 0.448100201773226 0 0 0 0 0 0
12.6931278635804 8.08944115961929 4.7505482942482 0.688474743078383 -0.181873845644285 -0.702085772832433 0.625649142507543 0.638568210648143 0.448100201773226 0 0 0 0 0 0
13.144511647936 8.05452100735739 5.03988955349958 0.342593095974984 0.291143356421684 -0.893233181538724 0.625649142507543 0.638568210648143 0.448100201773226 0 0 0 0 0 0
13.6739895392989 8.08596699235264 5.12561828091358 -0.133445396140423 0.653550329725717 -0.745026370516059 0.625649142507543 0.638568210648143 0.448100201773226 0 0 0 0 0 0
14.1730485484126 8.26638979557286 5.04151822372616 -0.558785751174038 0.767662605988137 -0.313771585157687 0.625649142507543 0.638568210648143 0.448100201773226 0 0 0 0 0 0
14.544732327964 8.62180131398262 4.88589392382921 -0.771834056937086 0.590127023601334 0.236690271383237 0.625649142507543 0.638568210648143 0.448100201773226 0 0 0 0 0 0
-0.199740123387031 9.1565450886155 11.124724380965 0.744641192299659 -0.635129486610243 0.205231649529869 0.338660790633907 0.62447636010623 0.703802631819242 0 0 0 0 0 0
-0.18522984591821 9.16762322188405 11.6617083927656 0.940453057648557 -0.247930226930513 -0.232548164760902 0.338660790633907 0.62447636010623 0.703802631819242 0 0 0 0 0 0
0.0436567356329977 9.12218565212265 12.1456830430917 0.778971082860146 0.233461871132461 -0.581979043261029 0.338660790633907 0.62447636010623 0.703802631819242 0 0 0 0 0 0
0.450109800032535 9.12996572323179 12.4969955521946 0.321544969991183 0.62615790107788 -0.710306353055576 0.338660790633907 0.62447636010623 0.703802631819242 0 0 0 0 0 0
0.92985905045899 9.28047850759372 12.6863937057685 -0.258041452922641 0.780966075601984 -0.56877640363539 0.338660790633907 0.62447636010623 0.703802631819242 0 0 0 0 0 0
1.35078774357244 9.60901253346225 12.7461392602373 -0.739593613648129 0.639072180948414 -0.211158789039767 0.338660790633907 0.62447636010623 0.703802631819242 0 0 0 0 0 0
1.60312604918346 10.0832230830864 12.7577511621003 -0.940161795202888 0.254384080035467 0.226681579898749 0.338660790633907 0.62447636010623 0.703802631819242 0 0 0 0 0 0
1.64115444399574 10.6154204917589 12.8210351372337 -0.783546792093095 -0.226948785957965 0.578401826719821 0.338660790633907 0.62447636010623 0.703802631819242 0 0 0 0 0 0
1.50057332289607 11.0958849175312 13.0161658269674 -0.329249262463375 -0.622060013784611 0.71037754920719 0.338660790633907 0.62447636010623 0.703802631819242 0 0 0 0 0 0
1.28493982205803 11.4345507435883 13.3732271013949 0.250135566730293 -0.780840242085676 0.572468963871491 0.338660790633907 0.62447636010623 0.703802631819242 0 0 0 0 0 0
1.12632473152669 11.5952240118927 13.8607826941497 0.734489712079466 -0.642966207465736 0.217069847990345 0.338660790633907 0.62447636010623 0.703802631819242 0 0 0 0 0 0
1.13513659397461 11.6093331129743 14.397819365584 0.939798935796529 -0.260818560807838 -0.220797732356653 0.338660790633907 0.62447636010623 0.703802631819242 0 0 0 0 0 0
1.35817565340817 11.5639886149132 14.8845251869802 0.788062831204201 0.220418417754751 -0.574780562640135 0.338660790633907 0.62447636010623 0.703802631819242 0 0 0 0 0 0
1.76085366001116 11.5688885021147 15.240209761037 0.336928481329491 0.617914754212889 -0.710394647358093 0.338660790633907 0.62447636010623 0.703802631819242 0 0 0 0 0 0
2.24033452453467 11.7146420769817 15.433959852876 -0.242210631746099 0.780654944561787 -0.576117928379589 0.338660790633907 0.62447636010623 0.703802631819242 0 0 0 0 0 0
2.66460346793049 12.038345971025 15.4963838448133 -0.729329876275535 0.646811269617015 -0.222964376231579 0.338660790633907 0.62447636010623 0.703802631819242 0 0 0 0 0 0
2.92262164308091 12.5094905143294 15.507983100173 -0.93936450706263 0.267233179237003 0.214897070212385 0.338660790633907 0.62447636010623 0.703802631819242 0 0 0 0 0 0
2.96651164928925 13.0415508692493 15.5685681494494 -0.792518856279603 -0.213871263835641 0.571115526795251 0.338660790633907 0.62447636010623 0.703802631819242 0 0 0 0 0 0
2.82974695727202 13.5248592628485 15.7593390010289 -0.344582041787281 -0.613722438040279 0.710357646206194 0.338660790633907 0.62447636010623 0.703802631819242 0 0 0 0 0 0
2.61443477798709 13.8682696073856 16.1120359004126 0.234267251484541 -0.780410197141441 0.57972301927691 0.338660790633907 0.62447636010623 0.703802631819242 0 0 0 0 0 0
1.17781561769429 7.56406711236241 2.26108613074785 0.752786410447522 -0.642170332948393 -0.144671641058241 0.633702234091316 0.647501549242273 0.423276767891331 0 0 0 0 0 0
1.44793399359154 7.59888910630602 2.72423685552196 0.714245104055257 -0.279586901964469 -0.641626913075665 0.633702234091316 0.647501549242273 0.423276767891331 0 0 0 0 0 0
1.88086456343193 7.56997925714962 3.04112870527165 0.404350141091074 0.18921626751948 -0.894817393385726 0.633702234091316 0.647501549242273 0.423276767891331 0 0 0 0 0 0
2.40596676065694 7.58420126212798 3.1540469020436 -0.0591642008474514 0.586133013445489 -0.808051785399545 0.633702234091316 0.647501549242273 0.423276767891331 0 0 0 0 0 0
2.91758247643716 7.73203230596395 3.08276966890833 -0.500201073711342 0.760368027942164 -0.414293794234677 0.633702234091316 0.647501549242273 0.423276767891331 0 0 0 0 0 0
3.31517734172604 8.05318926569434 2.9170541523415 -0.751203195756317 0.645726515948121 0.136861335982803 0.633702234091316 0.647501549242273 0.423276767891331 0 0 0 0 0 0
3.54153541490561 8.52153960505292 2.78253618161829 -0.7168106642858 0.285762704573765 0.636020556460903 0.633702234091316 0.647501549242273 0.423276767891331 0 0 0 0 0 0
3.60449647460677 9.05502956191063 2.79299911675277 -0.410089777017904 -0.182767135965801 0.893544933842873 0.633702234091316 0.647501549242273 0.423276767891331 0 0 0 0 0 0
3.57397755673319 9.54685774437416 3.00714564767215 0.0524310728745328 -0.5818606858484 0.811596651583319 0.633702234091316 0.647501549242273 0.423276767891331 0 0 0 0 0 0
3.55541030357111 9.90605076519028 3.40629566085689 0.495032481581143 -0.759895632985306 0.421309232214861 0.633702234091316 0.647501549242273 0.423276767891331 0 0 0 0 0 0
3.64968572016168 10.0920255525572 3.90148312678151 0.749562774033352 -0.649233524373629 -0.12904060838675 0.633702234091316 0.647501549242273 0.423276767891331 0 0 0 0 0 0
3.91482399467817 10.1300075376151 4.3672557819641 0.719321636609013 -0.291916745246733 -0.630365764418313 0.633702234091316 0.647501549242273 0.423276767891331 0 0 0 0 0 0
4.34393165889317 10.1014470914087 4.68933654131305 0.415798183020487 0.176304085987106 -0.892204427393808 0.633702234091316 0.647501549242273 0.423276767891331 0 0 0 0 0 0
4.86782053201081 10.1130751671506 4.80803927336433 -0.0456939520724195 0.577544047307317 -0.815079711539851 0.633702234091316 0.647501549242273 0.423276767891331 0 0 0 0 0 0
5.38129346731577 10.2563544266486 4.74094455952359 -0.489826190810876 0.759365369033942 -0.428292585865846 0.633702234091316 0.647501549242273 0.423276767891331 0 0 0 0 0 0
5.78311050701299 10.5727310459113 4.57622053725847 -0.747865270203095 0.652691091152645 0.121210053848767 0.633702234091316 0.647501549242273 0.423276767891331 0 0 0 0 0 0
6.0144516348358 11.0378886199393 4.43912635058207 -0.721777829804632 0.298048555329349 0.624662967582203 0.633702234091316 0.647501549242273 0.423276767891331 0 0 0 0 0 0
6.08126348364388 11.5709863715327 4.44442410702107 -0.421474924381606 -0.169827609769674 0.890795976123287 0.633702234091316 0.647501549242273 0.423276767891331 0 0 0 0 0 0
6.05200011017743 12.0653719141354 4.65277883424632 0.0389533514989445 -0.57318342655098 0.81850070002064 0.633702234091316 0.647501549242273 0.423276767891331 0 0 0 0 0 0
6.03161615441085 12.4291002766206 5.04771082179543 0.484582597879739 -0.758777276469722 0.435243323378216 0.633702234091316 0.647501549242273 0.423276767891331 0 0 0 0 0 0
8.2761425271593 9.25106358416836 5.46811427093658 0.894384636867093 0.325667307490914 -0.306621796628576 0.226169834082933 0.262151438778612 0.93814915088018 0 0 0 0 0 0
8.60200334524366 9.07075682165984 5.85539879263794 0.498204273854029 0.796473400429903 -0.342669846822283 0.226169834082933 0.262151438778612 0.93814915088018 0 0 0 0 0 0
9.04142984322905 9.07200619584038 6.16457171197404 -0.0872522223274455 0.964685932220447 -0.248531893073887 0.226169834082933 0.262151438778612 0.93814915088018 0 0 0 0 0 0
9.46096719438951 9.29315575862446 6.41709177846388 -0.639560140467359 0.766398149671762 -0.0599725179150581 0.226169834082933 0.262151438778612 0.93814915088018 0 0 0 0 0 0
9.73471679140665 9.68900580374098 6.65594110760795 -0.948888468368401 0.276942896569026 0.15137141948673 0.226169834082933 0.262151438778612 0.93814915088018 0 0 0 0 0 0
9.79216723220239 10.1479849908444 6.92929555658692 -0.897718202567118 -0.317727593178593 0.305206823830337 0.226169834082933 0.262151438778612 0.93814915088018 0 0 0 0 0 0
9.64498278047622 10.5345381630855 7.27222191066136 -0.505489782562638 -0.79168805815559 0.343089053014824 0.226169834082933 0.262151438778612 0.93814915088018 0 0 0 0 0 0
9.38257191690963 10.7406260175595 7.69335542516585 0.0787826571758621 -0.964872993520809 0.250626014815909 0.226169834082933 0.262151438778612 0.93814915088018 0 0 0 0 0 0
9.13811956252518 10.7267710428007 8.17161914763358 0.633124248277466 -0.771486546831294 0.0629459633449186 0.226169834082933 0.262151438778612 0.93814915088018 0 0 0 0 0 0
9.03798790045686 10.5370556854168 8.66423140442638 0.946931352185518 -0.284999462433358 -0.148648312001192 0.226169834082933 0.262151438778612 0.93814915088018 0 0 0 0 0 0
9.15370926991447 10.2823746916037 9.12295927382129 0.900983403550359 0.309763682679918 -0.303768608350806 0.226169834082933 0.262151438778612 0.93814915088018 0 0 0 0 0 0
9.47480983456086 10.0983043390042 9.51244307938453 0.512736796267222 0.786842425770502 -0.343482131647655 0.226169834082933 0.262151438778612 0.93814915088018 0 0 0 0 0 0
9.91278876804965 10.0935947421171 9.82363012223101 -0.0703070924199153 0.964986576007056 -0.252701050416565 0.226169834082933 0.262151438778612 0.93814915088018 0 0 0 0 0 0
10.3347411976091 10.3088538655942 10.0772139526838 -0.626640141224826 0.776516192303353 -0.0659146151959651 0.226169834082933 0.262151438778612 0.93814915088018 0 0 0 0 0 0
10.6138509872591 10.70111987954 10.3157725445286 -0.944902123513972 0.293034324485206 0.145913884371179 0.226169834082933 0.262151438778612 0.93814915088018 0 0 0 0 0 0
10.6775703081227 11.1601830769725 10.5875922109071 -0.904179991159121 -0.301776182477509 0.302307259715661 0.226169834082933 0.262151438778612 0.93814915088018 0 0 0 0 0 0
10.5351817715515 11.5504563841138 10.9283228266498 -0.519944763079628 -0.781936872288308 0.343849052786316 0.226169834082933 0.262151438778612 0.93814915088018 0 0 0 0 0 0
10.2742718098763 11.7624871566134 11.3474338447944 0.0618261735066756 -0.965026671029444 0.25475684185386 0.226169834082933 0.262151438778612 0.93814915088018 0 0 0 0 0 0
10.0274551263972 11.7545400690872 11.8246166930556 0.620108313099296 -0.781486703060964 0.0688782473938657 0.226169834082933 0.262151438778612 0.93814915088018 0 0 0 0 0 0
9.92199215240086 11.5684530630087 12.3175003399774 0.942800936887383 -0.301046870838716 -0.143168344833943 0.226169834082933 0.262151438778612 0.93814915088018 0 0 0 0 0 0
