t = 2000000
b = 500 500 500
E = -0.733856452807935 -0.733856452807935 0
770.510784269886 -125.627118048345 -536.672965351788 0.211419325857048 0.742510448562416 -0.635594290746692 -0.60591447466928 0.609826513779426 0.510861304541539 0 0 0 0 0 0
770.454687305651 -125.333431103689 -536.31264428271 -0.648105108472677 0.0504733971700742 -0.75987644031759 -0.61364534161409 0.556295690568196 0.560334274670558 0 0 0 0 0 0
770.185752240493 -124.914664031143 -536.348245384368 -0.789068787931734 -0.594429653523103 -0.154996241645883 -0.578684920660958 0.634598351427461 0.512258425958197 0 0 0 0 0 0
769.923751044093 -124.608019532757 -536.532575971605 -0.495587391859293 -0.527308307987419 0.690173228514081 -0.527406456807049 0.814049100039955 0.243241633036725 0 0 0 0 0 0
769.529952632853 -124.191395978929 -536.483630823365 -0.160276310692934 -0.484731944558851 0.859852572337175 -0.578989822109958 0.75168056538679 0.315827664261501 0 0 0 0 0 0
769.145244149654 -124.096853782151 -536.514425897437 0.376153369310113 0.14528229406919 0.915096551073516 -0.83441453992933 0.482482387774357 0.266389040769472 0 0 0 0 0 0
768.690628941207 -123.93298954493 -536.210529330723 0.782852597449679 0.418914083702211 0.460057388966015 -0.622115566689314 0.514304503923863 0.590307630754053 0 0 0 0 0 0
768.293481715796 -123.635475322131 -535.847466854816 0.733716636179978 0.623822124407512 -0.269269112399542 -0.506513011612416 0.766328708545904 0.395202327328277 0 0 0 0 0 0
768.30845502025 -123.254429908097 -535.534248909748 0.368449486782538 0.473029498520669 -0.800304985126901 -0.237472299508577 0.880198599767411 0.410922537631604 0 0 0 0 0 0
768.443234855923 -122.787833376568 -535.281695367019 -0.333165053181443 0.189223022896087 -0.923685928735884 -0.266521475849593 0.920801690958469 0.284764023076968 0 0 0 0 0 0
768.502859585087 -122.309808527426 -535.35192893286 -0.931557733535887 -0.160441434669348 -0.326280148232655 -0.20163253898119 0.97470713458035 0.096386311383732 0 0 0 0 0 0
768.325081584233 -121.896551287151 -535.642492889997 -0.898965361233718 -0.34751957859586 0.266629746642208 -0.420781380168319 0.854248066434132 -0.30529210782002 0 0 0 0 0 0
768.0537323627 -121.532745533974 -535.924349971726 -0.399851052521049 -0.386198049447283 0.831246174367692 -0.520693372351805 0.842060755321573 0.140755448690869 0 0 0 0 0 0
767.597376093631 -121.484636168996 -535.868909408546 0.361144881385581 0.327808393683238 0.872992572522705 -0.588247875374709 0.806489785705053 -0.0594866596016118 0 0 0 0 0 0
767.188473680255 -121.355234688353 -535.716781426281 0.690880689349075 0.652247873336965 0.311859880093534 -0.557260870145578 0.755247776530293 -0.345052341899954 0 0 0 0 0 0
766.95403791518 -120.891663342484 -535.692682387964 0.885265546939876 0.257264113750555 -0.387453335483621 -0.43655397230558 0.746946671080797 -0.501489082458964 0 0 0 0 0 0
767.039928015286 -120.350724717157 -535.688916663104 0.374334880309069 -0.238624702170625 -0.89606453389138 -0.348382799291771 0.85934070091511 -0.374383473070537 0 0 0 0 0 0
767.1678647882 -119.970547454076 -535.96860577869 -0.551976558733433 -0.455880938830709 -0.698208026464627 -0.302330282549419 0.889760197380327 -0.341940333115751 0 0 0 0 0 0
767.198372451606 -119.641635294881 -536.333763426305 -0.950867500353758 -0.302677750288006 -0.0650935960873894 -0.265754244095841 0.905826085982695 -0.329929967869425 0 0 0 0 0 0
767.748453739522 -119.297570176676 -537.132650327751 -0.56647525382752 0.652504450733116 -0.503332622203769 0.428217844015422 -0.288773351311005 -0.856294008877438 0 0 0 0 0 0
767.704407859849 -119.472592491197 -537.609363768373 -0.035387668273257 0.978841192886106 -0.201538165228044 0.330129700460392 -0.178894005680046 -0.926828633354451 0 0 0 0 0 0
767.438250290219 -119.918484587107 -537.99883033734 -0.731035083304234 0.42114207108968 0.536867826319166 -0.586302702378091 0.0147977415425156 -0.80995689269824 0 0 0 0 0 0
767.032945368911 -119.814708432305 -538.40270857505 -0.445898093202107 0.440780330973498 0.779029903344935 -0.736954297291229 0.31317880866555 -0.599013687244973 0 0 0 0 0 0
766.499455380613 -119.76579581677 -538.588739666973 0.112745124454502 0.887646118052631 0.44651193267127 -0.736163008051374 0.37643720206155 -0.562458050418717 0 0 0 0 0 0
766.598132867996 -119.328556894473 -539.259954972379 -0.265165911611397 0.927540868942244 0.263353328745175 -0.934464456610555 -0.179905288534112 -0.307262536748296 0 0 0 0 0 0
766.53021369302 -119.205546038211 -539.927632607653 -0.989919866032411 0.141567177461847 -0.0041705035498973 0.141591300555925 0.989905754324179 -0.00620493052011609 0 0 0 0 0 0
767.297610550812 -118.689156397432 -540.049936632652 0.403953725419638 -0.231809207364811 -0.88492139713112 -0.260216668976072 0.898278989782785 -0.354093408159228 0 0 0 0 0 0
766.647519634151 -117.841893029314 -539.320333014605 -0.552241359183791 -0.0501242182602177 0.83217608950909 0.807525802131968 0.215923892963454 0.548888833315663 0 0 0 0 0 0
767.074362442063 -117.693849709673 -539.003945170333 -0.730999583300016 -0.166112197833284 0.661850698380079 0.616996508995566 0.253391632563594 0.745055694853774 0 0 0 0 0 0
767.270415803678 -117.11454643611 -538.231108721426 0.293132641891623 0.35935058813909 0.885968627583239 0.728874261863015 0.515702218648811 -0.450326028644069 0 0 0 0 0 0
767.37556176709 -116.68286667747 -538.3466039355 0.761774653627537 -0.439337980437022 0.476110823271394 0.646573622054184 0.561557593869403 -0.516328984302973 0 0 0 0 0 0
767.635464454541 -116.279998309314 -538.686213497035 0.682278809725783 -0.548016691295188 0.483914591494246 0.726989487882455 0.578580622347797 -0.369771210280142 0 0 0 0 0 0
768.038276597821 -115.38622473877 -538.494624281788 0.814499664036731 0.184636649739304 0.549999640779063 0.155742141033785 -0.982795186174635 0.0992874994053992 0 0 0 0 0 0
768.308074379925 -115.55062339309 -538.736564274501 -0.144209682388208 -0.401506977405893 0.904431155257201 0.349220832259455 -0.875826450957346 -0.33312585927765 0 0 0 0 0 0
768.522938499532 -116.506899591943 -538.922570223961 0.159965101979179 -0.924774697496146 -0.345257766052702 0.151415068265476 0.368609873933945 -0.917169688738438 0 0 0 0 0 0
769.175967414419 -115.521903930184 -538.1104720696 0.749290497217382 0.657310649705742 0.0806626342437706 0.451942576849017 -0.596571385926591 0.663212250131659 0 0 0 0 0 0
769.536218015524 -115.949780207298 -537.830383534044 0.542876067703715 0.24345947948652 -0.803749374471112 0.833646078721732 -0.271991366017806 0.480681716152848 0 0 0 0 0 0
768.989766690183 -116.612376946737 -537.104046936581 0.645672043304671 -0.732219884225818 0.216706376553856 0.762418179597888 0.602274510614165 -0.236609241753384 0 0 0 0 0 0
769.408513224854 -116.367048610055 -536.989833758535 0.344107585951541 -0.770710266565792 -0.536279455415447 0.700967467187744 0.590874204581219 -0.399389890088509 0 0 0 0 0 0
769.874399747686 -116.165681707129 -537.093808857531 -0.0648830319783702 -0.846194535736909 -0.528909254835166 0.915622051765384 0.160258987963778 -0.368718476751267 0 0 0 0 0 0
770.47968471948 -115.227895276431 -537.334123081037 0.524957907242641 0.791674736992554 0.312522489480674 0.279888253661467 0.186194262474881 -0.941803728004816 0 0 0 0 0 0
770.437461181457 -114.900949263502 -537.693806828301 0.961551595625174 0.0242150145094316 0.273554678305801 0.250721448505198 0.329051075273703 -0.910419763142626 0 0 0 0 0 0
770.621372857158 -114.535737689907 -537.969838379149 0.817206602375248 -0.561007373100537 0.132076100643295 0.303758515878511 0.224490956403333 -0.925923633203301 0 0 0 0 0 0
770.555000073789 -113.398386833599 -537.705110987065 -0.503049169694911 0.411044302320278 0.760252664841956 0.457611151297138 -0.619552168687772 0.637767312178029 0 0 0 0 0 0
771.327569261829 -113.750112988134 -538.296684484092 0.204293973508348 -0.812734649185863 0.545643072347576 -0.514934086476965 -0.563271146014485 -0.646195405935126 0 0 0 0 0 0
771.304261248195 -114.008900264877 -538.696607573065 -0.322451924830324 -0.374829505727871 0.86921090525201 -0.743269146246909 -0.468353154070176 -0.477698963061371 0 0 0 0 0 0
771.064669969438 -114.458863608815 -538.797534639213 -0.608092125773725 0.39439860887649 0.688965676857913 -0.788173820551704 -0.19619292137514 -0.583344123309062 0 0 0 0 0 0
770.710481201947 -114.068343651381 -539.538809337789 0.181721938952509 0.982756851236265 -0.0341483272141094 -0.677084592341986 0.0998656601036771 -0.729097596172929 0 0 0 0 0 0
770.349322238407 -113.793580799953 -539.729685783936 0.732100622738691 0.389528184910835 -0.55883492316219 -0.632367965638142 0.0836275396316815 -0.770141019976101 0 0 0 0 0 0
620.519792417941 309.257606132468 -115.277237522378 -0.882030151051494 0.0997382785484909 -0.460516110932356 -0.0962376848984719 -0.994871035224009 -0.0311437197150723 0 0 0 0 0 0
620.272235066459 308.558088180172 -115.091835989213 -0.615912839380197 -0.209528800630323 0.759439962072739 -0.597901039926102 -0.503390909894917 -0.623788376206589 0 0 0 0 0 0
620.16740030573 309.387630067827 -116.146701058999 -0.437737184139964 0.773838062637758 -0.45777812358637 0.491593926219296 0.632297985565905 0.598777645836579 0 0 0 0 0 0
620.455475168547 309.713687844424 -116.164672955854 -0.843039916085136 0.39649876528686 0.363417705970916 0.533235548818651 0.52781944989303 0.661110034556043 0 0 0 0 0 0
621.714517964131 308.925784053212 -116.633506610429 0.982131132479344 -0.125168305639984 0.14053943887058 -0.187244900061406 -0.57484171005694 0.796552795349942 0 0 0 0 0 0
621.233712908672 309.0304449645 -115.909299887863 -0.902755532646453 0.0859327528398555 0.421483107924367 -0.336748734320784 -0.750844976161487 -0.568183167390945 0 0 0 0 0 0
621.074559074346 308.522906271962 -116.04397789707 -0.835797176109763 0.524841031452785 -0.161198548723377 -0.279720475686615 -0.659690065898311 -0.697542452067784 0 0 0 0 0 0
620.609003374229 308.282007733674 -116.072050731303 -0.161831291093449 0.607085937265488 -0.777982839140756 -0.296260835617341 -0.781896629120142 -0.548513608445473 0 0 0 0 0 0
620.34981226656 307.942203137904 -116.454909737557 0.497041314194629 0.681098063918434 -0.537638688442561 -0.26245911386858 -0.472568136747948 -0.841305277338668 0 0 0 0 0 0
619.91009096387 307.95681775006 -116.89181005749 0.906773071605627 -0.0779638438166803 -0.414347964479403 -0.418345568076066 -0.288598930511442 -0.861218696370884 0 0 0 0 0 0
618.625294662245 307.599859819592 -116.876862671588 -0.496275539509537 -0.831811718912249 0.248595762563982 -0.191346854256951 -0.174503770383971 -0.96588550847797 0 0 0 0 0 0
618.774139574397 307.279366730817 -117.204049000282 -0.986560551184729 -0.147024752070874 0.0712881555700643 -0.0291562941557198 -0.270885475376718 -0.962169927684832 0 0 0 0 0 0
619.304643399231 306.509974594087 -117.454160803682 -0.85772622687012 -0.495999941155205 -0.135239706126493 -0.503417369536981 0.863675067889735 0.0252255654867968 0 0 0 0 0 0
618.885875438192 306.703955432894 -117.681997665023 -0.566087610779195 -0.522443615922153 0.637649970677086 -0.705911325866214 0.706693922109002 -0.0476749459150198 0 0 0 0 0 0
618.404867944882 306.66845427784 -117.798529046047 -0.136677767724263 0.165631568201469 0.976670554191655 -0.772608527120366 0.599235784693843 -0.209743982424418 0 0 0 0 0 0
617.826717444768 306.550549233426 -117.556191125063 0.415142306892449 -0.344437360062051 0.842033116938699 0.391655435880349 -0.767733557793747 -0.507140221026423 0 0 0 0 0 0
617.839991047248 306.000657529043 -118.794153261925 0.347804608341736 -0.7367428481595 -0.579863716835326 -0.875948357552921 -0.475858653834631 0.0792023766754034 0 0 0 0 0 0
617.372612766043 305.871459372687 -118.960284439628 0.666306518503392 -0.61168992103821 0.42646343794065 -0.739450109489035 -0.615777023908456 0.272088574554501 0 0 0 0 0 0
616.684578304695 306.006641935296 -118.674048233834 -0.576522083514 0.41082808778092 -0.706287880053842 -0.81306254316659 -0.374078770290407 0.44608785515579 0 0 0 0 0 0
617.113876068076 305.583575803579 -117.843575065742 -0.708143496786293 -0.688503868663769 0.156509459120861 0.518283612200965 -0.657408170712351 -0.546988660215694 0 0 0 0 0 0
617.465764450313 305.236936303481 -118.031524273255 -0.929315551703422 -0.360462538783707 -0.0802456447152688 0.288857143054738 -0.574161535981789 -0.766094042207148 0 0 0 0 0 0
617.571112048885 304.722224824789 -118.256281627501 -0.850108209403202 0.36729589361438 -0.377372175496943 0.0920039332514559 -0.601996734666232 -0.793180438309882 0 0 0 0 0 0
618.883265128953 304.531703163128 -118.007550604729 0.520429312245548 -0.22982619503423 -0.822394826729664 0.791266472395158 0.491862518965591 0.363274871275383 0 0 0 0 0 0
619.38804050947 304.660118233877 -117.816038643997 0.00519031787964577 0.163439089384442 -0.986539773481786 0.789102147355894 0.605319168881436 0.104434212895036 0 0 0 0 0 0
619.309951021891 305.336711705035 -117.641957005012 0.221776774557808 0.259375847876919 -0.939967675936181 0.302596104388684 0.898075716060931 0.319210911202043 0 0 0 0 0 0
619.558540299341 305.835322588001 -117.669617175967 0.361215778237924 -0.0817327951189944 -0.928893380186342 0.563572158337127 0.812766235882358 0.147639656450616 0 0 0 0 0 0
619.985458744463 306.074452911254 -117.708602272592 -0.433072546066441 0.260563895257578 -0.86287578847232 0.520633058922042 0.853773421160697 -0.00348758900053988 0 0 0 0 0 0
620.397073414306 306.341265887214 -117.917865951072 -0.757814125898963 0.361476136359687 -0.543187585858204 0.515449855027057 0.842090620304484 -0.158728806924881 0 0 0 0 0 0
620.473980658781 306.625592587313 -118.312260374998 -0.724990346362465 0.606255430938303 0.326869010674071 0.496521951710321 0.788939294725488 -0.361995498187233 0 0 0 0 0 0
620.462697197137 306.940717654493 -118.718353039217 -0.0323138151182651 0.670467955565908 0.741234468917747 0.546365213535826 0.63285453761314 -0.548616612636193 0 0 0 0 0 0
621.38296216579 307.108710225936 -119.235418474824 0.687774212652824 -0.189710549405521 -0.700697181280218 0.0732542288058322 -0.942182674862401 0.326994839640007 0 0 0 0 0 0
621.546480381938 306.584870761742 -119.185433065159 0.322137339286472 0.130358522873436 -0.937674885102341 0.0794392383882822 -0.990703057703498 -0.110439389989395 0 0 0 0 0 0
621.442663018993 306.220980814742 -119.452126305977 0.975991243181653 0.171694548153851 -0.134022667362564 0.184817857835989 -0.978413318296406 0.092464793327691 0 0 0 0 0 0
621.56979665401 305.795274636632 -119.780760631847 0.610964709338384 0.0964642537308874 0.785758723588359 0.0732384624917904 -0.995179128460657 0.0652275240073258 0 0 0 0 0 0
621.91617061454 305.452643306092 -119.827645991863 -0.563203389889877 -0.11333218846438 0.818509472562429 0.197820771565969 -0.980238128583796 0.000391928033466965 0 0 0 0 0 0
621.807758562088 304.857893256308 -120.648790625219 -0.774648795837704 -0.549459549280116 0.313070993246081 0.569241218999759 -0.821496947298223 -0.0332746175240026 0 0 0 0 0 0
622.011118720237 304.448169754229 -120.40643782226 -0.751397703381291 -0.440575594047923 -0.491217505065364 0.529163862241951 -0.847062401134616 -0.0497081027724836 0 0 0 0 0 0
622.126299155057 304.054333632194 -119.623293134002 -0.598866131767241 0.404812973292608 0.691003482535464 0.32768732444811 -0.663438946080181 0.67265874127975 0 0 0 0 0 0
622.223944124463 303.322874583368 -120.541755913065 -0.560826795624358 0.282337605123509 -0.778305070035417 -0.462097177079053 -0.886757354186027 0.0112957395759552 0 0 0 0 0 0
622.927719167136 304.034178542621 -120.929444101096 0.301876997619479 0.42367314136481 -0.854032404299933 0.478404788312552 -0.842187663928568 -0.248694184182431 0 0 0 0 0 0
623.01470776729 303.813901200072 -121.278153608519 0.856775586808732 0.494860439462214 -0.145081836574458 0.505569655805205 -0.861497138864818 0.0471381252993748 0 0 0 0 0 0
623.274149961948 303.477573773678 -121.589234367945 0.508792894034631 0.269656869808366 0.817566488761018 0.313057980512544 -0.942613835899016 0.116076945209421 0 0 0 0 0 0
623.68395126811 303.090049986825 -121.461012035007 -0.330227290693355 0.217772597115658 0.918436188543781 0.304099483809098 -0.89659472019311 0.321933862258816 0 0 0 0 0 0
624.028826176428 302.921545039954 -121.287558756458 -0.917376499969107 -0.273944755870619 0.288746650258351 0.269838889708782 -0.96134706423609 -0.0547612608089198 0 0 0 0 0 0
624.152442343162 302.412465175978 -121.097713416594 -0.998272992323754 -0.0301418441940298 -0.0504232290275146 0.0252748595515884 -0.995202043498381 0.0945202311216684 0 0 0 0 0 0
625.362186071561 302.241885166493 -121.488940530795 0.130886920171696 -0.0101583320055284 -0.991345258937992 -0.975308409358466 0.17809708419343 -0.13059454520177 0 0 0 0 0 0
625.149089575575 302.572773035279 -121.750261668156 -0.155841121735099 -0.718557328712588 -0.677782347165944 -0.886953747123435 0.403809587241355 -0.224167053144889 0 0 0 0 0 0
626.019882893499 303.438820223489 -121.19415105944 0.655419758599776 0.273212596582331 0.70411633776369 0.249406026977448 0.801685279423098 -0.543228631851851 0 0 0 0 0 0
625.96773541322 303.624252477222 -121.934085564702 0.855904817417428 -0.424004548417294 0.29605250622666 0.418478053340642 0.231554403895937 -0.878213343617953 0 0 0 0 0 0
625.431100967918 302.888489514286 -122.397479662111 0.518253188430109 -0.835122432234156 -0.184347920686224 -0.835116586752736 -0.54064012431791 0.101432452932847 0 0 0 0 0 0
625.556223988359 303.07951976907 -123.47734264242 0.580338025016874 -0.298948094964229 -0.757520833533159 -0.64279493291998 -0.739280422052314 -0.200696616270805 0 0 0 0 0 0
-261.766950705318 975.302067199013 -175.666335693019 -0.528223493015801 -0.384066571845635 0.757279875486552 0.500906574020863 -0.861085542835813 -0.0873171920175822 0 0 0 0 0 0
-261.400362781614 975.63597367094 -175.387559641111 -0.362718268123662 0.784859198514981 -0.50242561287796 -0.278194291128174 -0.605753223346796 -0.745433410029802 0 0 0 0 0 0
-261.090584667095 975.764550210967 -174.725135647524 0.119106128196457 0.772750124734894 -0.623434820128179 -0.97024123962255 0.223910158783845 0.0921747130675799 0 0 0 0 0 0
-260.88872505404 974.323583161136 -174.172360802464 -0.0081066214940599 -0.881770806988117 0.471608446310577 -0.597217430712487 0.382542250599491 0.704977139316908 0 0 0 0 0 0
-261.344161777107 974.105853335963 -174.03685943455 0.522772079234567 -0.199156284753974 0.828882456935699 -0.72840289530558 0.400786290460612 0.555697374016893 0 0 0 0 0 0
-261.64076575819 973.867029260576 -173.755128843861 0.486844353719777 0.704446463382931 0.516466606353647 -0.7771513519086 0.0793944984641462 0.624285423376409 0 0 0 0 0 0
-261.918293387451 973.888734254735 -173.328111068705 0.174867086674314 0.95407251082225 -0.243242977475952 -0.837876047718735 0.273943834175755 0.472142461950119 0 0 0 0 0 0
-262.127612322375 974.168904645389 -172.907054256639 -0.205777105479874 0.469325235850938 -0.858713925503591 -0.858561563234798 0.334502898556586 0.388561260283451 0 0 0 0 0 0
-262.455027931559 974.661657588981 -172.669025596883 -0.170371374204528 0.0688249324540805 -0.9829734093679 -0.773552589639884 0.608603489070605 0.176686683574385 0 0 0 0 0 0
-262.49811575178 975.152981307922 -172.756916948177 -0.77045167991972 -0.330150051149223 -0.545348652363831 -0.592325293169413 0.687015126896879 0.420904932837136 0 0 0 0 0 0
-262.738767294998 975.57446624842 -172.777923459466 -0.660931887973289 -0.740924070627227 0.119166106864508 -0.571286071484453 0.599727342393512 0.560320746816925 0 0 0 0 0 0
-263.190185574312 975.723042987075 -172.64388986659 -0.0315396734502345 -0.613950249624571 0.788714358931407 -0.510004115309385 0.688534299599655 0.51557377807866 0 0 0 0 0 0
-263.010956616701 975.509587153754 -173.867359313676 0.403090203727791 -0.882887494959427 -0.240889931095005 0.151970987322826 -0.194990524231152 0.968960016962612 0 0 0 0 0 0
-263.820098314487 976.580706224232 -173.815247190584 -0.821747290215197 0.0959351426284036 0.561718647930482 -0.244838715534571 -0.949544744595658 -0.196007095244403 0 0 0 0 0 0
-263.968992591151 977.461805534636 -174.181890869345 -0.502952873993515 0.835454696709268 0.221481051758585 0.185343674768161 -0.146037443246939 0.971761692696996 0 0 0 0 0 0
-263.665369119776 977.707912206419 -173.817795660707 -0.943607125512717 0.0340151334008664 0.329315294788063 0.326252104583145 -0.0734953400542728 0.942421349103136 0 0 0 0 0 0
-263.697795264604 977.812091070926 -173.428755124503 0.188668781701712 -0.981346095717631 0.0369314396003497 0.982040088911148 0.188490617730424 -0.00827954098890902 0 0 0 0 0 0
-263.155846129978 977.776492093381 -173.303088987199 -0.134914113117154 -0.894379802159772 -0.426477375215215 0.927598341714548 0.037321775250906 -0.371710104167941 0 0 0 0 0 0
-262.678197417373 977.627489010306 -173.268979539045 -0.390509464971239 -0.255013430182041 -0.884573630736677 0.919359041469232 -0.157880936328741 -0.360350610950966 0 0 0 0 0 0
-262.283617018002 977.57072257535 -173.704928572562 -0.71580928467251 -0.251682561094068 -0.651362384865568 0.69769037802191 -0.218936016961622 -0.682125470051239 0 0 0 0 0 0
-261.817392252211 977.005986386342 -172.926502079197 -0.918982162535119 -0.300493023751744 0.255295373281243 -0.0357835403426367 0.708352939558709 0.704950814780069 0 0 0 0 0 0
-261.460891379707 976.374808029667 -173.61689116279 -0.450493097435475 -0.179413690178337 -0.874566576619289 -0.737219034978849 -0.477762952955044 0.477755853180819 0 0 0 0 0 0
-261.154262011656 975.779615724741 -172.992774257552 0.0804582414891358 0.265008358196573 0.960883469241943 0.744084220052067 -0.657401454900112 0.119004203979203 0 0 0 0 0 0
-260.640967244006 975.797699798012 -172.883310890793 -0.397145531692077 -0.397404742514803 0.827251411170607 0.846070188696039 -0.507780831083602 0.162246304684868 0 0 0 0 0 0
-260.313259891972 975.81059479437 -172.578269928926 -0.208761243738719 -0.976335292848809 0.0564636081958419 0.977951225599952 -0.208085596815978 0.0176574274822438 0 0 0 0 0 0
-259.977775921668 975.592157776218 -172.26614297333 -0.125588005166316 -0.682613891225861 -0.719906888745922 0.927776473910109 -0.337815894681381 0.15846525095283 0 0 0 0 0 0
-259.842164313173 975.063669105986 -171.516962513834 0.318995604328713 -0.16541811387432 0.933208793368998 -0.940346914789933 0.0676403373030375 0.333425350887701 0 0 0 0 0 0
-260.084814718265 974.687970592661 -171.259441292183 0.677590684137632 0.0339563309337413 0.734654906986548 -0.437425239000078 -0.784422552989249 0.439704922246219 0 0 0 0 0 0
-259.631894936584 973.904300794086 -171.579588933239 0.808510917042519 -0.484855750889179 -0.333504119693828 -0.453111820979409 -0.874521079695469 0.172923563625657 0 0 0 0 0 0
-259.774482527065 973.481743124267 -171.762558931996 0.800034120274274 -0.401555636486129 0.445756073658214 -0.531528099799561 -0.8189841209315 0.216201037891883 0 0 0 0 0 0
-259.852085734837 972.940321779442 -171.926238404975 0.470646173082947 -0.10384440952254 0.876189773036236 -0.539024108254812 -0.820033591464305 0.192348432773076 0 0 0 0 0 0
-259.890829430923 972.364401500752 -171.7839864419 0.101215811920917 0.403092280686449 0.909544926140643 -0.552377350729157 -0.737601425090324 0.388359884779776 0 0 0 0 0 0
-259.864872943504 971.902885980417 -171.495910740527 -0.412792981641041 0.703815716408493 0.578139595291915 -0.655534011646862 -0.670253766368274 0.347900917278635 0 0 0 0 0 0
-260.518691659873 971.128896097461 -171.814881896505 -0.925682765426579 0.272211704584069 -0.262701742818042 -0.374262373568717 -0.760173293611299 0.531097203354395 0 0 0 0 0 0
-260.532281531977 971.080944785385 -170.694095633194 0.207671843897163 0.402244158869877 0.89166812318677 0.402819626058536 0.795498865627789 -0.452678587572863 0 0 0 0 0 0
-260.618755255515 971.559740563137 -170.698140632265 0.902036286192174 0.015293465644784 0.431389207446364 0.258129792548097 0.781887086842221 -0.56746946493046 0 0 0 0 0 0
-260.502427752633 972.12909384417 -170.712779825379 0.868717514897334 -0.456371245669843 -0.192497182930959 0.327874790646153 0.821153282322007 -0.467124617838256 0 0 0 0 0 0
-260.233798963861 972.573046762098 -170.603370302258 0.409512181062326 -0.48626439794491 -0.771911075741793 0.424445573454881 0.850512442939811 -0.310603508639412 0 0 0 0 0 0
-259.77129201937 972.789678296811 -170.666061341684 -0.0833894322766999 -0.298450053337023 -0.950775351093884 0.580231595842255 0.761143154903905 -0.28981441118288 0 0 0 0 0 0
-259.299328210198 972.94842975728 -170.802304398096 -0.405921453349872 -0.0279964600423949 -0.913479048438125 0.719111777016632 0.607065606017963 -0.338156180109169 0 0 0 0 0 0
-258.886787921783 973.032496252328 -171.092286134586 -0.766852486858847 0.455061119604695 -0.452610915492018 0.633009663213791 0.652708322230095 -0.416257867636802 0 0 0 0 0 0
-258.699124666939 973.415778716015 -171.453891405134 -0.73654484040838 0.655451531599392 0.166987986968539 0.452635509182312 0.661089172097566 -0.598399701171904 0 0 0 0 0 0
-258.695205035188 973.698325911654 -171.881157496356 -0.00039463927835845 0.665700366005674 0.746219047572328 0.652907224400831 0.565386118017068 -0.504034417355396 0 0 0 0 0 0
-258.577522193015 974.149877242767 -172.098583021891 0.564671456552456 -0.257476961435178 0.784124837309109 0.816258129918087 0.314602217363488 -0.484508111565332 0 0 0 0 0 0
-258.201783449591 974.487613846897 -172.101241513002 0.380953495982622 -0.871991256666357 0.307417764932423 0.86733321767979 0.221838980440784 -0.445556456878603 0 0 0 0 0 0
-257.665957333242 974.579765774708 -172.087364111599 0.0578706693044484 -0.931998736216509 -0.357811879798709 0.88327734232861 0.214836976350505 -0.416732780233905 0 0 0 0 0 0
-257.213309893059 974.51090735187 -172.115344897959 -0.263684114446665 -0.406515939219221 -0.874765956670236 0.905945986245088 0.207060969168444 -0.369306952349179 0 0 0 0 0 0
-256.646785238075 975.579987871281 -171.785468045129 0.812829442884809 0.48869487794438 -0.316994657763341 -0.278816012470309 0.804213486874226 0.524883128629369 0 0 0 0 0 0
-256.503232265857 975.907195997286 -171.446537956261 0.115981833491782 0.473943077177239 -0.872883826116428 -0.232771185562279 0.867310708267168 0.439988307227629 0 0 0 0 0 0
1617.57594379364 1315.24054082774 567.223189581114 -0.571575406230425 0.575709898247962 0.584687667094019 0.208580228839321 -0.587211624492345 0.78209768967719 0 0 0 0 0 0
1617.58008265865 1315.10758742751 567.777909106368 -0.973327730941973 0.229393700346043 -0.003414442985332 -0.135843160243911 -0.564267452932816 0.814339534454554 0 0 0 0 0 0
1617.50986038475 1315.12834499345 568.256106771608 -0.701615085081835 -0.547390175431623 -0.456180083110328 -0.139478022025674 -0.522315016450624 0.841268628300135 0 0 0 0 0 0
1617.36884898145 1315.66144844064 567.564053442908 -0.857709406307613 -0.0276437320253414 -0.513391077455728 -0.149843366995249 -0.941762410844495 0.301049043990995 0 0 0 0 0 0
1617.5538826928 1316.03562143583 566.991368814093 0.678184104473557 -0.180584072865515 -0.712359258427025 -0.734565858247116 -0.137697481333549 -0.664418846460631 0 0 0 0 0 0
1617.2798925279 1316.27852474727 566.569402415164 0.314468875103922 -0.921335062320858 -0.228584840987093 -0.803507204271395 -0.130130257140464 -0.580897829967132 0 0 0 0 0 0
1617.14508635735 1316.05359065217 566.1252073571 -0.0972786545378961 -0.924567587344217 0.368390607648716 -0.858525395808506 -0.109287417315089 -0.500989426204232 0 0 0 0 0 0
1616.92510381898 1315.69293990679 565.856227315748 -0.557187819381528 -0.158169166576729 0.815183567472555 -0.825806091854961 0.00257781784581033 -0.563948272016495 0 0 0 0 0 0
1616.99398224459 1315.11440551668 564.808610822111 -0.629744460486928 -0.526944397707109 -0.570746455276877 -0.443462608112398 -0.359369910393906 0.821093285022857 0 0 0 0 0 0
1617.21063891322 1315.38947886083 564.244708214951 -0.202924738212646 -0.766856139882913 -0.608895074167304 -0.960273082384129 0.277502119230527 -0.0294649125410238 0 0 0 0 0 0
1616.88359639575 1315.48107818797 563.995965257113 -0.282492126401515 -0.900287537094338 0.331180538488846 -0.958809646941537 0.254305467271912 -0.126541654199158 0 0 0 0 0 0
1617.24589991853 1314.84794944464 563.442393339746 -0.0170788071245667 -0.992470746705962 -0.121285330028464 0.998504504670333 -0.0232303918863444 0.0494884132485606 0 0 0 0 0 0
1617.66418753662 1314.64697361807 563.637098700543 -0.104804876149283 -0.716984048766727 -0.689166026258844 0.983224955006165 0.029318093941697 -0.180025379379552 0 0 0 0 0 0
1618.22319312713 1314.61471480853 563.538529569552 -0.347756559299941 -0.58024148227112 -0.736468056140713 0.937584571938842 -0.214596405732184 -0.273648594202648 0 0 0 0 0 0
1618.5590842993 1314.21902716542 563.432465380807 -0.254394974511976 -0.0224722934002234 -0.966839279804242 0.878554013619605 -0.423269522856491 -0.221327260349286 0 0 0 0 0 0
1618.97264305608 1313.97776991469 563.233149574575 -0.0420976757091302 0.678651414764998 -0.733253055184467 0.939398691010993 -0.223033203668981 -0.260358002350578 0 0 0 0 0 0
1619.23264507521 1313.71832810549 562.917458676732 0.342124551016036 0.926239089625833 0.158214855311329 0.939066729129924 -0.342984102686642 -0.0227064648385591 0 0 0 0 0 0
1619.58316942402 1313.77969273693 562.605085110736 0.111238409153702 0.0223394667029052 0.993542633487051 0.782840136785016 -0.617836036293828 -0.0737560336186074 0 0 0 0 0 0
1620.08046414195 1313.65012382008 562.822218757609 -0.438436056639702 -0.45517704859797 0.774975921347153 0.591213292604862 -0.795512566145845 -0.132765205349036 0 0 0 0 0 0
1620.48869406512 1313.37599593189 562.998740027633 -0.8076041143168 -0.582891277639722 0.0895173334617894 0.57581716213727 -0.812192001635662 -0.0936949746103752 0 0 0 0 0 0
1620.52485886256 1312.93441708144 563.264148230979 -0.459914135989941 -0.314564768056682 -0.830378223590956 0.64321663839565 -0.762719196193124 -0.0673185253070368 0 0 0 0 0 0
1621.00811177768 1312.52613403772 563.113261454528 -0.180700511768333 0.00134687118791052 -0.983537244330211 0.758041166964588 -0.636972048221994 -0.140143494215195 0 0 0 0 0 0
1621.64177679886 1312.32576780111 562.722662587633 0.259140283986163 -0.756849602418383 -0.600020826750794 0.856755166991681 0.466934575317351 -0.218958183693284 0 0 0 0 0 0
1622.10898414789 1312.21191867412 562.753476163713 -0.0840984210647083 0.187159196786951 -0.97872309190725 0.865428377739669 0.500577100086036 0.0213609426838032 0 0 0 0 0 0
1623.11392449554 1312.4572815327 563.030670455871 0.925444933003212 0.0468136675134866 0.375978930942438 -0.23721375093781 -0.702186695909075 0.671314740233157 0 0 0 0 0 0
1623.22445914052 1312.0213472946 563.187477838911 0.318812107001504 0.556560627971987 0.767202129702915 -0.0958896593961189 -0.786347848243253 0.610296841532137 0 0 0 0 0 0
1622.60755994428 1311.20923193542 563.202760335631 -0.767144723445131 0.5190504402808 0.376929189284408 -0.175633582095599 0.395189015706885 -0.90165319647018 0 0 0 0 0 0
1622.35917386416 1311.27652694328 562.881793440452 -0.0154520316637346 0.918400745027557 0.395349600038107 0.00676444189955192 0.395483776073554 -0.918448052525776 0 0 0 0 0 0
1621.39206470281 1310.97082905676 562.310856217731 -0.967192207047618 -0.25034745083522 0.0431901433971376 -0.106173576311271 0.552784984501838 0.826532475225613 0 0 0 0 0 0
1621.26286851321 1311.35997749495 562.725949889095 -0.7805437714946 -0.62376141930569 -0.0409036986926226 -0.298589188573435 0.314552024435284 0.901055780954055 0 0 0 0 0 0
1620.85497549027 1311.50221729052 562.970748723697 -0.234567707194045 -0.916744904704051 0.323352393590783 -0.450165860720409 0.397256523882868 0.799711167906485 0 0 0 0 0 0
1620.39136162009 1311.45315086073 563.129950067218 0.413258181756695 -0.527038934115956 0.74259520408973 -0.560059109307894 0.495907087684898 0.663633900931177 0 0 0 0 0 0
1620.03273795507 1311.48294795834 563.558049307857 0.879851355264751 -0.00918834612443282 0.475160148722805 -0.436199322767202 0.381278813210915 0.81508074288006 0 0 0 0 0 0
1619.70029595684 1311.62714966922 563.940334473493 0.939392918452652 0.342830522531868 -0.00285964709972585 -0.291306942574348 0.802555345385066 0.520619998465141 0 0 0 0 0 0
1618.44252277477 1311.62279074133 564.54113395348 -0.600066214166026 0.326156896161976 0.730439742690962 0.668436666230658 -0.297170327222528 0.681822718789055 0 0 0 0 0 0
1618.21984633989 1310.84950910982 563.525922722458 0.26043463249744 -0.932953765528136 -0.248537871526244 -0.829337322500204 -0.347971079534259 0.437167854852064 0 0 0 0 0 0
1617.75369755653 1310.65031063496 563.274179474399 0.498663466247116 -0.850991780058899 0.16476570548084 -0.823676150265544 -0.406010210826376 0.395870317387468 0 0 0 0 0 0
1617.59663287888 1311.41443155155 562.801633169461 -0.566338736686118 -0.689333637257853 -0.451751670582004 -0.701223058547195 0.691036074425669 -0.175372078747099 0 0 0 0 0 0
1618.37456965246 1312.32616530268 563.185716818582 -0.279539839281948 0.923509908522945 -0.262653625739614 -0.942042970777954 -0.316664574199269 -0.110808793220765 0 0 0 0 0 0
1617.90851507786 1312.38977900594 563.325245069153 -0.0535342245808886 0.526286188689767 -0.848620606863233 -0.919747343601866 -0.356916367732811 -0.163326453404608 0 0 0 0 0 0
1617.94155215666 1313.15022298707 564.020889308149 0.200634104696947 0.883658352983887 -0.42295847459799 -0.76326559440859 -0.129655235949768 -0.632941665703018 0 0 0 0 0 0
1617.50430321731 1313.39438843688 563.898643579279 0.580124580929822 0.0432695459348051 -0.813377659513461 -0.787035029869543 -0.227476209152894 -0.573437386318398 0 0 0 0 0 0
1616.60231887756 1313.12908910808 563.527283869841 -0.968782497293643 0.0483752428139511 -0.243146681696838 0.0689983690655809 0.99463876920392 -0.0770256052413828 0 0 0 0 0 0
1616.62109990981 1313.62145856666 563.312077781411 -0.929742427497573 -0.184431774966373 0.318690977113682 -0.153431743118802 0.980844392634311 0.120012406197674 0 0 0 0 0 0
1616.3440898489 1313.91249646776 562.908313153667 0.0314696548583699 0.946159805427114 0.322166546086371 -0.57832570623874 0.280127028033125 -0.766203775551121 0 0 0 0 0 0
1615.73437608127 1313.36858205052 561.920954311208 -0.919871963845961 -0.298143096239664 -0.254845569502006 0.183922572805492 0.245994172880765 -0.951661365256212 0 0 0 0 0 0
1616.66219804497 1312.56573246342 561.816498124669 0.542136542001629 -0.543932559555112 -0.64048836092652 -0.839544547090144 -0.382729707321254 -0.385594248640967 0 0 0 0 0 0
1616.95057798557 1311.98136306554 561.897739603101 0.742407128936179 -0.467361019552257 -0.48000555445517 -0.654339761640456 -0.659602039572314 -0.369817016547854 0 0 0 0 0 0
1616.09717947287 1311.51019408463 561.552035978997 -0.684607847638939 -0.412371730277554 -0.60105045630053 0.400547590980631 -0.901759817185085 0.162452637620743 0 0 0 0 0 0
1615.87900147867 1310.90799795797 562.349866208791 -0.25160445887509 -0.285292284814829 0.924826204483474 -0.165865008617037 -0.928718765912044 -0.3316176303505 0 0 0 0 0 0
1616.0567019406 1310.49263927792 562.456864886082 -0.994209193022499 -0.0708891074733326 0.0807639458619076 0.0462637136907267 -0.960695063247655 -0.27372370055793 0 0 0 0 0 0
1434.14264343898 496.428035870932 146.097482545831 0.626185798842567 -0.497900052059524 -0.599989069472953 -0.534012258376205 -0.834588167132251 0.135253462753361 0 0 0 0 0 0
1433.56345679031 497.203357506827 145.762807707472 0.568738550799201 0.691513299688161 -0.445360322872633 0.475145894062556 -0.7181926011607 -0.50836578070669 0 0 0 0 0 0
1433.16862645925 496.335839276857 146.803323019232 0.196406934696328 -0.053472924732015 0.979063308639333 -0.372559042454357 -0.927696270744577 0.0240705033619487 0 0 0 0 0 0
1433.21185768435 495.859051483937 146.86039675981 -0.589613337994088 0.268418240006706 0.761779338188673 -0.427053713421063 -0.904147226617331 -0.0119548506251815 0 0 0 0 0 0
1433.23225018369 495.432981363658 147.126460808276 -0.932595321577938 0.356197409969577 -0.058218307274499 -0.359587330179601 -0.930843113333861 0.0650234598682083 0 0 0 0 0 0
1432.94609194584 495.20421227011 147.501004274356 -0.616801193143996 0.0904332234462062 -0.781906720928572 -0.368989085913951 -0.910683866645421 0.185747004035414 0 0 0 0 0 0
1432.42738633674 495.081709610729 147.630124748827 0.0682271237396999 -0.461247806196105 -0.884644290585481 -0.544237825543181 -0.76036353579051 0.354474939436039 0 0 0 0 0 0
1432.00949864594 494.826030075773 147.527652583567 0.704660214352693 -0.642691522978423 -0.300668569358509 -0.576176334641834 -0.765598572810134 0.286146215613253 0 0 0 0 0 0
1431.55690756164 495.986891655494 147.667605773967 -0.382297764484216 0.496825623139931 0.779110210087116 0.787496594746197 -0.265932635346922 0.555993657086648 0 0 0 0 0 0
1431.90245868128 496.334379179154 147.908915087005 -0.446330527376216 -0.333455672541032 0.830419396920783 0.871128284412004 0.0504267190953141 0.488459474366791 0 0 0 0 0 0
1432.32222417406 497.320645399056 147.10586408669 -0.111943865271039 0.166343930965296 -0.979692945600402 -0.98449197242887 -0.152572286091381 0.0865866833870155 0 0 0 0 0 0
1431.92542060946 497.646460728269 147.106836319726 0.0298596483850463 -0.558062080722542 -0.829261789459727 -0.970999638969896 0.180689160595761 -0.156560302642563 0 0 0 0 0 0
1431.54506414413 497.874135385013 146.874992094243 -0.0113864444325775 -0.95541407678987 -0.295049641170675 -0.987046894070569 0.0579614054847768 -0.149595803349804 0 0 0 0 0 0
1431.2052163476 497.839985754302 146.545881324928 -0.184075527895244 -0.581800860738715 0.792227213918947 -0.974587859812368 0.00335923789011756 -0.223980398756557 0 0 0 0 0 0
1431.38702475987 498.56166616854 146.216538164499 -0.855192574685735 -0.0496364415719927 0.515928177046431 0.234229857011027 0.850952635265 0.470123373828771 0 0 0 0 0 0
1431.22351176552 499.043468511559 146.309277474378 -0.135485029043819 -0.373663928839135 0.917615973700054 -0.186537509945563 0.919213125440064 0.346772241394864 0 0 0 0 0 0
1430.75686503063 500.060947113795 146.232640590013 -0.311231843623112 0.950096595148374 -0.0212414548095322 0.367111786570871 0.0995815814726719 -0.92483103580716 0 0 0 0 0 0
1430.78961160304 500.16979184122 145.722648109417 0.227788165098536 0.860573521484737 0.455549959895072 0.4610545666812 0.316752147207255 -0.828913001334884 0 0 0 0 0 0
1430.1107503734 500.636323710593 145.915800921734 -0.649029784958613 0.530356878624171 0.545419031142664 0.644641568804349 0.764105072336796 0.0240974313703274 0 0 0 0 0 0
1430.51160845227 500.8999282356 144.712306614353 0.0304681737173655 -0.0566611779013732 -0.997928455005246 0.730709047568639 -0.679965719663311 0.0609172215722925 0 0 0 0 0 0
1430.7433890669 501.473276125253 145.626992026629 -0.733867122387284 0.493418294126251 0.466880534720122 -0.0989778731973277 -0.757639060789289 0.645125130640295 0 0 0 0 0 0
1431.74518907951 500.574209752156 145.622683672259 0.899612651296964 -0.315089727834873 -0.302350030658826 0.435348793371201 0.592919675403776 0.677434636425774 0 0 0 0 0 0
1432.01469152911 500.555629537821 146.03650300185 0.533642290288515 0.444578136271238 -0.719427680010452 0.333420518826568 0.671178704074317 0.662079983704796 0 0 0 0 0 0
1432.40418728323 500.690155259874 146.302330651189 -0.19027552215831 0.787988736271047 -0.585550149156621 0.323638857361447 0.613452541147521 0.720370647490184 0 0 0 0 0 0
1432.68973387632 501.064961502242 146.273562321525 -0.83512440091015 0.496501348600676 0.23675651172074 0.524522125268693 0.589180087561188 0.614608301705244 0 0 0 0 0 0
1432.74216412884 501.591011823349 146.400795503693 -0.498537108615836 -0.284172424671928 0.818966900667567 0.541454341488454 0.635705395097495 0.550187101563861 0 0 0 0 0 0
1432.72902650638 502.035310307249 146.634194980832 0.183730038968511 -0.753853285702678 0.630831591168282 0.547671745742079 0.61142501312514 0.571152442208511 0 0 0 0 0 0
1431.71055237504 502.851187923979 146.026472951101 -0.580710628723141 0.611941166707727 -0.536938706163338 0.468693280724496 0.790574613862821 0.394104540089758 0 0 0 0 0 0
1432.12982446036 503.159495576789 145.935609325484 -0.899571963384887 0.435347252732593 0.0352569458411041 0.432880857498613 0.899398916883369 -0.0607926929843322 0 0 0 0 0 0
1432.23786039745 503.822817060471 145.259358432407 -0.283459535576321 0.546739326635538 -0.787862170941705 -0.736637049463176 -0.650163642647454 -0.186153418280678 0 0 0 0 0 0
1432.21041938437 504.734232289936 145.599685354382 0.255746400457782 0.920737133147727 -0.29468103144891 -0.764220161459923 0.379234594356569 0.52167870117667 0 0 0 0 0 0
1431.56135073358 504.929857277009 145.408963395952 -0.369631435391168 0.592532088500984 0.715736212628177 -0.453521659402054 0.55725543320028 -0.695546178640912 0 0 0 0 0 0
1431.13300139919 505.102125177098 145.203094602625 0.464410854635309 0.678043564690209 0.569718774904862 -0.390407323196922 0.73416093510905 -0.555508634814995 0 0 0 0 0 0
1430.82505234698 505.475058199379 145.199326189246 0.925102855055631 0.357265081518214 -0.128632690618304 -0.369608791483857 0.769592692614723 -0.520688418088845 0 0 0 0 0 0
1429.59080025158 504.397700733769 145.157284991666 -0.686487562743358 -0.720205803055609 0.100191952988803 -0.319337983583076 0.422398420272051 0.848294068582806 0 0 0 0 0 0
1430.70165496731 504.110057128742 145.488931527654 0.521446332225818 -0.553164055991781 0.649694735831347 -0.782715003582961 -0.6132785606157 0.106050130859236 0 0 0 0 0 0
1430.48719743596 503.630031059146 145.513019017487 0.24442275766329 0.0132204655037432 0.969578637774233 -0.762969998732584 -0.614483066368741 0.200717069976796 0 0 0 0 0 0
1430.42153923044 503.190029289115 145.779861654356 -0.306095660664286 0.513470283785441 0.801656855638242 -0.616848056883821 -0.748368859491549 0.243808377341661 0 0 0 0 0 0
1430.34486901553 502.805392668147 146.11499693779 -0.647554048672495 0.689824304166971 0.323753275548548 -0.630895245174719 -0.723611738558729 0.279923635007738 0 0 0 0 0 0
1430.25304608781 502.763389876497 146.583119569811 -0.82317220241231 0.0450785608700491 -0.56599951283155 -0.26398135502933 -0.912939445760653 0.311216022356035 0 0 0 0 0 0
1429.81991517605 502.516928612481 146.827632718774 -0.207088173121044 -0.238043379561743 -0.948920353876032 -0.389849639500102 -0.86953024883493 0.303206868231421 0 0 0 0 0 0
1429.36036878457 502.263754789916 146.813815170653 0.486472155236118 -0.501980613819186 -0.715094612991624 -0.481462185711148 -0.837006910205941 0.260026144834994 0 0 0 0 0 0
1429.05832912116 501.742160930562 146.72477570658 0.660820105237289 -0.196898952453169 -0.724256578180014 -0.32593410762705 -0.944520063783815 -0.0406054995681178 0 0 0 0 0 0
1428.70723364428 501.629743564355 146.477386628855 0.756676889750555 -0.649824424689265 0.0718909006390438 -0.633885826985271 -0.756118134636023 -0.162708711572982 0 0 0 0 0 0
1428.51948138779 501.216385784096 146.353595933357 0.754675077117814 -0.360773425825084 0.548003707282764 -0.457315552693907 -0.888161591207188 0.0450718667084326 0 0 0 0 0 0
1428.4757894988 500.730878487927 146.273342755763 0.247215434943048 0.0463393025688964 0.967851847011384 -0.532527184595316 -0.827983582915085 0.175664407579013 0 0 0 0 0 0
1428.0243210499 500.436753343258 145.407466496131 -0.669696279562726 -0.424591024772002 0.609285938474625 -0.742574913511496 0.393303468846364 -0.542120723840006 0 0 0 0 0 0
1427.57145586965 500.487458154155 144.998655608019 -0.369708843684124 -0.162654601798229 0.914799896925884 -0.794283560273049 0.566186253757171 -0.220333274691749 0 0 0 0 0 0
1427.11704984382 500.493184509849 144.903187511958 0.39046806274408 0.617757156864618 0.68257657967398 -0.773533341447843 0.622176441178107 -0.120592892458388 0 0 0 0 0 0
1426.7369312821 500.62902706661 145.140179615199 0.566907170285453 0.771542367154602 -0.28868431887516 -0.820586160938519 0.559734471739417 -0.115480187143852 0 0 0 0 0 0
1426.46311572786 501.017572891237 145.406646506876 0.43370663827681 0.304695301343545 -0.847973658349005 -0.705693020575625 0.700020244509642 -0.109403007214208 0 0 0 0 0 0
234.972006641268 -59.603275790974 828.210411675002 -0.661413510459587 -0.716429479522286 0.221948122436198 -0.73982229179935 0.574562878281085 -0.350057817307532 0 0 0 0 0 0
235.248299384363 -59.0409965862502 827.318257987862 0.385674796568265 -0.609761191073149 -0.692420566673956 0.530457605864446 0.76058736709374 -0.374328178738887 0 0 0 0 0 0
235.607544111936 -58.6723034736495 827.036737235328 -0.110286972316941 -0.340153410340355 -0.933880314157542 0.650756510025758 0.685487721148645 -0.326531083992833 0 0 0 0 0 0
236.137225356486 -58.7459544276057 827.041262613754 -0.549596480298617 0.387461457971903 -0.740146828291292 0.738422071534957 0.639663248624352 -0.213456723083076 0 0 0 0 0 0
236.485957004902 -58.6613369386769 826.639991878227 -0.656619449181328 0.734642413614983 0.170737878265963 0.73287612286761 0.674948406112172 -0.0856576769307889 0 0 0 0 0 0
236.718562263611 -58.2680007470379 826.400193123111 -0.403703712422421 0.472648730579164 0.783343149621072 0.702414339839144 0.708735484723682 -0.0656361781476249 0 0 0 0 0 0
236.754526126343 -57.7817276642477 826.40630446181 0.302729373592537 -0.159888460817077 0.939569372884098 0.547626268638118 0.836024753942357 -0.034177195512713 0 0 0 0 0 0
236.815123942234 -57.4098903332869 826.699684544569 0.917532295907677 -0.389819862286952 0.0785809196495544 0.394525214838132 0.917114738523097 -0.0570123779598581 0 0 0 0 0 0
235.37163923378 -57.0033255094495 826.390211403159 -0.994381663875705 -0.105558940700622 0.00790041682108977 -0.0658098722150377 0.558027941691235 -0.827208484610067 0 0 0 0 0 0
235.271768805136 -56.5243041816786 826.895351760274 -0.438531118047318 -0.501993957989731 0.745447868496499 0.848450029631651 -0.50476124682357 0.159212533813033 0 0 0 0 0 0
234.796749300788 -56.8303818479766 825.968330070939 -0.885868714112981 -0.418058448380974 -0.201156046623276 0.434189554068225 -0.594326551392574 -0.676945626655381 0 0 0 0 0 0
234.853161114211 -56.1286718864579 825.70345960964 0.540450972514618 0.839743436254426 0.0523804121367311 -0.683302545313631 0.401737531525032 0.609675805106359 0 0 0 0 0 0
234.704201877978 -55.8231050929741 826.102817687262 0.217168215097312 0.744558490348473 -0.631245293686575 -0.75041867949106 0.540915030533158 0.379845672891249 0 0 0 0 0 0
234.695406710125 -55.4105257571651 826.433403533773 -0.514515838556488 0.363190697826415 -0.776766354116137 -0.522384628245893 0.585601838964888 0.619826416324233 0 0 0 0 0 0
234.565332552698 -54.8662289598442 826.546936218819 -0.720815556551952 -0.0714185939735147 -0.689437682366975 -0.522070562168667 0.710220458332163 0.472259704700014 0 0 0 0 0 0
234.522476678184 -54.4177560961073 826.442267336642 -0.836766411524735 -0.508691863463422 0.202619250295054 -0.308833420101078 0.744015285897358 0.592505842148197 0 0 0 0 0 0
234.218189169511 -54.0831961244152 826.467594718031 -0.338096132049726 -0.648110956118359 0.682380534637647 -0.274224985895752 0.761459765481436 0.587349710703454 0 0 0 0 0 0
233.835364303421 -53.8537007709808 826.587484048047 0.372002439439448 -0.429332547857734 0.822974937893668 -0.331621761970862 0.766621960056846 0.549834318086768 0 0 0 0 0 0
233.477412958848 -53.7202903353055 826.993428599911 0.826382535593654 -0.104288261176762 0.553367747024102 -0.269774356372916 0.789264763663958 0.551618463688494 0 0 0 0 0 0
233.235385244208 -53.4506906895592 827.363590421468 0.990408674543902 0.0992585093823248 0.096116625530603 -0.134371765692129 0.853907423345885 0.502778620209304 0 0 0 0 0 0
233.249204641225 -53.1466692570367 827.823317516851 0.85226469829234 0.191434344453999 -0.486824173401583 0.0177256323422893 0.919530226672141 0.392619362989584 0 0 0 0 0 0
233.389859081568 -52.7623414463803 828.188668753387 0.486346780721084 0.194323797718557 -0.851883249349625 0.0623305199554513 0.964756310950038 0.25565634504967 0 0 0 0 0 0
233.574419645056 -52.3552267904292 828.268200552547 -0.120413813162591 0.112562791732698 -0.986321515286464 -0.0812723231543049 0.989097851673564 0.122801666535282 0 0 0 0 0 0
233.853048690885 -51.8659110595668 828.232529194564 -0.746821637920707 -0.0793340943975964 -0.660275353621158 -0.343144535796631 0.896449240572879 0.280411459518373 0 0 0 0 0 0
233.763511347159 -51.2858876818394 828.250812450153 -0.804624783480702 -0.429867448421673 -0.409625358829351 -0.537725493232258 0.820114752330861 0.195609526704132 0 0 0 0 0 0
233.48664014714 -50.9702039469375 828.000809526681 -0.771405803628914 -0.612364437373173 0.173040116644283 -0.611122120458338 0.788713585057859 0.0667879826891342 0 0 0 0 0 0
233.062624901356 -50.769937768927 827.846774777394 -0.428996666919536 -0.504884367832802 0.749035135951579 -0.659417642249387 0.741760335507024 0.12231098789057 0 0 0 0 0 0
232.519070037326 -50.6489551889863 827.829988491162 0.165943225258912 -0.38620686249917 0.90736271983657 -0.790383165493439 0.498143469567783 0.356577530744077 0 0 0 0 0 0
231.922178114702 -50.739785735636 828.02897695792 0.452991070245525 0.314311497354397 0.83427056337177 -0.873402994758201 0.344131786113375 0.344587467174626 0 0 0 0 0 0
231.499832648874 -50.7539115169774 828.352823553528 0.574001848177226 0.739946085187772 0.350715938195599 -0.816226103980646 0.551310195075673 0.172719471937009 0 0 0 0 0 0
231.180257612281 -50.5406024784814 828.723572444703 0.544301996692435 0.812741738030028 -0.207812905423504 -0.725658319761138 0.580449186696207 0.369457365097996 0 0 0 0 0 0
231.014630664218 -50.1156271806476 829.048894498636 0.296833202785851 0.5862836604784 -0.753764896489577 -0.710998486851929 0.662621957889708 0.235400281683513 0 0 0 0 0 0
230.814031298451 -49.6581779098171 829.153467066405 -0.357842935326709 -0.2127644720452 -0.909219287670522 -0.82477544979579 0.528560542288742 0.200920906203369 0 0 0 0 0 0
230.558471303777 -49.2717703823191 828.937363077602 -0.614311394094145 -0.74614073702803 -0.256701210814005 -0.786325277019973 0.605958444219291 0.120444686884888 0 0 0 0 0 0
230.254328670185 -49.1289642047063 828.541292420147 -0.651011716791119 -0.419340896253781 0.63272186411547 -0.64760123287724 0.741663808024576 -0.174778256778018 0 0 0 0 0 0
230.964944236784 -49.3502420960465 828.15423805299 0.210985290732654 0.111310440629652 0.971130883507105 0.644504887386165 -0.762789244207092 -0.0525929563470235 0 0 0 0 0 0
231.433478460574 -49.3836157717423 828.217020977978 -0.421665791694295 -0.641347825620624 0.640992142453027 0.771240349758729 -0.625430031972249 -0.11842971760173 0 0 0 0 0 0
231.897436631285 -49.6542469569089 828.484568933491 -0.637631873488247 -0.756786457003196 0.143874432782263 0.76619491081993 -0.642392334993876 0.0166567276124263 0 0 0 0 0 0
232.197886171461 -49.9012208394485 828.846557796758 -0.551738118811501 -0.66619257255554 -0.501769373838398 0.746191568655655 -0.663039369851806 0.0598074986413375 0 0 0 0 0 0
232.545933748543 -50.3720176910711 828.929797969363 -0.643486814850676 -0.362624048195074 -0.674113135003279 0.625443608047591 -0.756801989498832 -0.189923779035227 0 0 0 0 0 0
232.705156009965 -50.8994877822211 828.903588996406 -0.282041237101861 0.151482647941641 -0.947367799720173 0.483121711815185 -0.830695012486186 -0.276657202695576 0 0 0 0 0 0
232.617460544388 -51.3852536521213 828.750624508159 0.324271993820622 0.580141599801936 -0.747183644228678 0.68083445921804 -0.691502195559817 -0.241431465797711 0 0 0 0 0 0
232.658497147518 -51.7156553533882 828.317848837728 0.699286891594898 0.690570972768789 -0.184687776565515 0.51960811943962 -0.668476337835821 -0.532115389709818 0 0 0 0 0 0
232.823375115997 -51.831013402126 827.760328041233 0.792750867600838 0.488682352476962 0.364329000075072 0.586265226942101 -0.44767687762158 -0.675187749386435 0 0 0 0 0 0
233.089395180169 -51.9233207531207 827.332547164017 0.503649001232651 -0.0140133582372038 0.86379471481844 0.673100952128059 -0.62040888079589 -0.402526929377268 0 0 0 0 0 0
233.571585367387 -52.0465454261698 827.091690594568 0.0563179384244508 -0.390500351352653 0.918878536807273 0.658608120310096 -0.677167644729143 -0.328145280011137 0 0 0 0 0 0
233.947220751785 -52.3933536010086 827.135516986311 -0.386376685481439 -0.379616692006964 0.840597539888184 0.461835496364245 -0.868520208974137 -0.179946161119134 0 0 0 0 0 0
234.284153287106 -52.8258291920903 827.236745827374 -0.809358986787718 -0.335429961026978 0.48210452367863 0.378895658791382 -0.92540676871357 -0.007771239808018 0 0 0 0 0 0
234.381162909918 -53.2797536762335 827.515553939143 -0.971733279043036 -0.0906464883779689 -0.217985431955927 0.132115563361498 -0.974024347726881 -0.183907715860153 0 0 0 0 0 0
234.49331523153 -53.8731485830432 827.595141792936 -0.873458141254006 0.171217387609317 -0.455802020242712 -0.0404897823690933 -0.958431804566984 -0.282434157845997 0 0 0 0 0 0
234.246745949268 -54.3235591911061 827.658259516949 -0.233201504880814 0.406351696880886 -0.883456482552111 0.0887434570226472 -0.895821201622502 -0.435464089861939 0 0 0 0 0 0
