t = 0
b =  13.0 13.0 13.0
E = 0. 0. 0.
0.8008551389393122 12.011013653184351 9.393868546409742 -0.7812952157594331 0.5166608972250677 0.3501989478996314 0.464236616025824 0.1059872519811784 0.879346954710352 0.0 0.0 0.0 0.0 0.0 0.0
1.039532582337611 12.410120822357834 9.662999829700146 -0.8775206398928318 -0.07966789483140498 0.4728747752790446 0.464236616025824 0.1059872519811784 0.879346954710352 0.0 0.0 0.0 0.0 0.0 0.0
1.0781791682611126 12.791067692397744 10.039922932894434 -0.6403613015682352 -0.6457295216652564 0.41589756948531736 0.464236616025824 0.1059872519811784 0.879346954710352 0.0 0.0 0.0 0.0 0.0 0.0
0.9708553753431381 13.024820497656153 10.511649900139137 -0.15991799850784502 -0.9664677071966021 0.2009139236075672 0.464236616025824 0.1059872519811784 0.879346954710352 0.0 0.0 0.0 0.0 0.0 0.0
0.8270782696334733 13.038266958649144 11.02917520259195 0.3812808258720289 -0.9200286522855892 -0.09040028095036723 0.464236616025824 0.1059872519811784 0.879346954710352 0.0 0.0 0.0 0.0 0.0 0.0
0.770214140178356 12.841992859404893 11.526093758157678 0.7776246898276572 -0.5240553303125051 -0.34736990736315987 0.464236616025824 0.1059872519811784 0.879346954710352 0.0 0.0 0.0 0.0 0.0 0.0
0.8906095832374488 12.526260331126483 11.943829332409964 0.8785359329262686 0.07101537338417892 -0.4723678982535493 0.464236616025824 0.1059872519811784 0.879346954710352 0.0 0.0 0.0 0.0 0.0 0.0
1.211267319850257 12.226715759445497 12.253888629392277 0.6456766867686877 0.6391061494184871 -0.4179054270273161 0.464236616025824 0.1059872519811784 0.879346954710352 0.0 0.0 0.0 0.0 0.0 0.0
1.6791070775282335 12.07285545463396 12.468686371134298 0.1675140721691597 0.9643898140037156 -0.20467369706726685 0.464236616025824 0.1059872519811784 0.879346954710352 0.0 0.0 0.0 0.0 0.0 0.0
2.1851316732280077 12.138827838269139 12.636828737189772 -0.3742899391333645 0.9232856645110845 0.08631699237036647 0.464236616025824 0.1059872519811784 0.879346954710352 0.0 0.0 0.0 0.0 0.0 0.0
2.6058368655252817 12.415263218180844 12.824647064372037 -0.773894944765055 0.5314098545575762 0.34451441326334453 0.464236616025824 0.1059872519811784 0.879346954710352 0.0 0.0 0.0 0.0 0.0 0.0
2.850132680812722 12.812833491159783 13.090997462897842 -0.8794843220470234 -0.06235744384132277 0.47182504858375446 0.464236616025824 0.1059872519811784 0.879346954710352 0.0 0.0 0.0 0.0 0.0 0.0
2.8939500172165302 13.196189382853012 13.464900396094313 -0.6509429011896042 -0.6324341067640394 0.4198814594530591 0.464236616025824 0.1059872519811784 0.879346954710352 0.0 0.0 0.0 0.0 0.0 0.0
2.7893848988122207 13.435381900009812 13.934515321184696 -0.17509738898532207 -0.9622384787927056 0.20841788383250748 0.464236616025824 0.1059872519811784 0.879346954710352 0.0 0.0 0.0 0.0 0.0 0.0
2.6449063250792597 13.455232125648937 14.451639109452577 0.36727054876671217 -0.9264723649585817 -0.08222713041720776 0.464236616025824 0.1059872519811784 0.879346954710352 0.0 0.0 0.0 0.0 0.0 0.0
2.584147084493855 13.263892946544258 14.950019220754577 0.7701062646061524 -0.5387239098847859 -0.34163268305711825 0.464236616025824 0.1059872519811784 0.879346954710352 0.0 0.0 0.0 0.0 0.0 0.0
2.6989335911568513 12.949751635230372 15.370524151204217 0.8803657350315918 0.05369476553769128 -0.4712462676097659 0.464236616025824 0.1059872519811784 0.879346954710352 0.0 0.0 0.0 0.0 0.0 0.0
3.014399494821046 12.64785004741031 15.683608480124427 0.6561595437883667 0.6257139018037935 -0.4218255162800285 0.464236616025824 0.1059872519811784 0.879346954710352 0.0 0.0 0.0 0.0 0.0 0.0
3.479436987137888 12.488579963194539 15.900537669335845 0.18266737145739567 0.9600138653960779 -0.21214619876897248 0.464236616025824 0.1059872519811784 0.879346954710352 0.0 0.0 0.0 0.0 0.0 0.0
3.986113512526081 12.548145069802684 16.069108125862687 -0.36022318932582603 0.9295885109485036 0.07813100654971167 0.464236616025824 0.1059872519811784 0.879346954710352 0.0 0.0 0.0 0.0 0.0 0.0
11.738369753060844 1.654876513298123 8.538311456117068 -0.7412143897429554 0.6114853681298342 0.27692394804548626 0.6362112757313816 0.5083644136395632 0.5803454450386865 0.0 0.0 0.0 0.0 0.0 0.0
11.97718480115323 2.136037633149487 8.526630203342974 -0.7259535977383301 0.1397861105555666 0.6733878653692248 0.6362112757313816 0.5083644136395632 0.5803454450386865 0.0 0.0 0.0 0.0 0.0 0.0
12.050518703799002 2.649063001300368 8.668447735667973 -0.4348908966560135 -0.38502022751789694 0.8140204741944731 0.6362112757313816 0.5083644136395632 0.5803454450386865 0.0 0.0 0.0 0.0 0.0 0.0
12.024719212868174 3.0743229964738665 8.995821260698795 0.021394127053969553 -0.7635509439623882 0.6453930951766867 0.6362112757313816 0.5083644136395632 0.5803454450386865 0.0 0.0 0.0 0.0 0.0 0.0
12.003796513872466 3.325531529945973 9.470312162082465 0.46955116420542004 -0.8519958909045608 0.23157008890415315 0.6362112757313816 0.5083644136395632 0.5803454450386865 0.0 0.0 0.0 0.0 0.0 0.0
12.08990801753183 3.3825275732782965 9.997589472518198 0.739317863598414 -0.6167533542804277 -0.27023026578848847 0.6362112757313816 0.5083644136395632 0.5803454450386865 0.0 0.0 0.0 0.0 0.0 0.0
12.344547051461124 3.2989346700962243 10.46326778536464 0.7282053458748611 -0.1471959067989688 -0.6693656244989743 0.6362112757313816 0.5083644136395632 0.5803454450386865 0.0 0.0 0.0 0.0 0.0 0.0
12.765180516895605 3.1817884553278017 10.776364183044919 0.44043544230932763 0.37828372665974125 -0.8141977912658591 0.6362112757313816 0.5083644136395632 0.5803454450386865 0.0 0.0 0.0 0.0 0.0 0.0
13.286211255262819 3.1508720279541813 10.903864168587377 -0.014663249477425951 0.7600470477937805 -0.6497026044697063 0.6362112757313816 0.5083644136395632 0.5803454450386865 0.0 0.0 0.0 0.0 0.0 0.0
13.803899505450273 3.293208349040068 10.883264424998043 -0.46419112763124754 0.8530557881619755 -0.23837453578723497 0.6362112757313816 0.5083644136395632 0.5803454450386865 0.0 0.0 0.0 0.0 0.0 0.0
14.215775373488391 3.629998763878915 10.808327198475544 -0.7373650355361733 0.6219743722752357 0.26351600445051243 0.6362112757313816 0.5083644136395632 0.5803454450386865 0.0 0.0 0.0 0.0 0.0 0.0
14.459568858474814 4.108568256448353 10.793458453459083 -0.7304016383549412 0.1545944935041769 0.6652924088448645 0.6362112757313816 0.5083644136395632 0.5803454450386865 0.0 0.0 0.0 0.0 0.0 0.0
14.536867267016106 4.622377568676391 10.930243133972262 -0.4459464470984939 -0.3715184180312147 0.8143131040231462 0.6362112757313816 0.5083644136395632 0.5803454450386865 0.0 0.0 0.0 0.0 0.0 0.0
14.512512168909574 5.0514992458243695 11.252650512169918 0.007931255237664444 -0.7564852710998411 0.6539626363939705 0.6362112757313816 0.5083644136395632 0.5803454450386865 0.0 0.0 0.0 0.0 0.0 0.0
14.489965000684021 5.308180081622297 11.724128693910542 0.45879574110551796 -0.8540507219183812 0.24516082952651283 0.6362112757313816 0.5083644136395632 0.5803454450386865 0.0 0.0 0.0 0.0 0.0 0.0
14.572000336079503 5.370180028486184 12.25149129445573 0.7353560542716526 -0.6271480245135225 -0.2567816753485531 0.6362112757313816 0.5083644136395632 0.5803454450386865 0.0 0.0 0.0 0.0 0.0 0.0
14.821660107184218 5.289221563428973 12.720320504025569 0.7325423079223966 -0.16198130724016688 -0.6611685285980363 0.6362112757313816 0.5083644136395632 0.5803454450386865 0.0 0.0 0.0 0.0 0.0 0.0
15.23830292042932 5.171339454289618 13.038436326697788 0.4514234913391627 0.36472481683676394 -0.8143664036848197 0.6362112757313816 0.5083644136395632 0.5803454450386865 0.0 0.0 0.0 0.0 0.0 0.0
15.757847732729244 5.136596378624285 13.170917302025979 -0.0011986570021085558 0.7528658851236564 -0.658172866531553 0.6362112757313816 0.5083644136395632 0.5803454450386865 0.0 0.0 0.0 0.0 0.0 0.0
16.277119311127823 5.2734691051618485 13.15336775171886 -0.4533654155078023 0.8549806164057218 -0.2519284533194426 0.6362112757313816 0.5083644136395632 0.5803454450386865 0.0 0.0 0.0 0.0 0.0 0.0
6.380364337385897 3.3764747274778566 7.921927445633189 -0.8704152070341808 0.16203989006913658 0.4648875577922324 0.4368041261304063 0.6897876641666064 0.5774037874477695 0.0 0.0 0.0 0.0 0.0 0.0
6.371505716228711 3.912059564669531 7.963826241796331 -0.5719007995500566 -0.28251215621824527 0.7701404787848277 0.4368041261304063 0.6897876641666064 0.5774037874477695 0.0 0.0 0.0 0.0 0.0 0.0
6.232282289819205 4.3832457469619985 8.181278584330979 -0.05611171664539953 -0.6197331110069493 0.7828041558249128 0.4368041261304063 0.6897876641666064 0.5774037874477695 0.0 0.0 0.0 0.0 0.0 0.0
6.080268195834822 4.713163747100503 8.577171158816881 0.48099514555071826 -0.7215070955390462 0.4980674462795701 0.4368041261304063 0.6897876641666064 0.5774037874477695 0.0 0.0 0.0 0.0 0.0 0.0
6.03789696041326 4.8786141821086275 9.08659822335393 0.8353639101421361 -0.5491684715205121 0.024106586648990062 0.4368041261304063 0.6897876641666064 0.5774037874477695 0.0 0.0 0.0 0.0 0.0 0.0
6.18594695459336 4.918881646754042 9.601520385076128 0.8723639587307827 -0.16819156356412576 -0.4590127682901768 0.4368041261304063 0.6897876641666064 0.5774037874477695 0.0 0.0 0.0 0.0 0.0 0.0
6.532852340615114 4.9208098391928585 10.011810571823723 0.5779383542500077 0.2766841314032565 -0.7677454982716717 0.4368041261304063 0.6897876641666064 0.5774037874477695 0.0 0.0 0.0 0.0 0.0 0.0
7.011498792673013 4.9858081880909255 10.247093148083144 0.06394430637565712 0.6164428989385539 -0.7847988774395431 0.4368041261304063 0.6897876641666064 0.5774037874477695 0.0 0.0 0.0 0.0 0.0 0.0
7.504721351381253 5.19132471519844 10.30348079553649 -0.47434325258259585 0.7220047027914401 -0.5036940419306217 0.4368041261304063 0.6897876641666064 0.5774037874477695 0.0 0.0 0.0 0.0 0.0 0.0
7.889817350738059 5.561422237025172 10.245051370282994 -0.8324198792884581 0.5532648487789613 -0.031227418576965642 0.4368041261304063 0.6897876641666064 0.5774037874477695 0.0 0.0 0.0 0.0 0.0 0.0
8.085163212418932 6.057636498539573 10.179503653982307 -0.8742462765344322 0.17433042862037013 0.45310302318867623 0.4368041261304063 0.6897876641666064 0.5774037874477695 0.0 0.0 0.0 0.0 0.0 0.0
8.081224607855583 6.593589386743302 10.217240786074386 -0.5839318967067029 -0.27083503602043446 0.7652920509663753 0.4368041261304063 0.6897876641666064 0.5774037874477695 0.0 0.0 0.0 0.0 0.0 0.0
7.944178709064497 7.067805419964335 10.4294262652642 -0.07177202649941321 -0.613105742356748 0.7867338335811846 0.4368041261304063 0.6897876641666064 0.5774037874477695 0.0 0.0 0.0 0.0 0.0 0.0
7.790772374574559 7.402263979923749 10.82094774657346 0.46765523653929525 -0.7224473265903607 0.5092822793302502 0.4368041261304063 0.6897876641666064 0.5774037874477695 0.0 0.0 0.0 0.0 0.0 0.0
7.743968065968549 7.572040649055052 11.328560139480638 0.8294124564381282 -0.5573190927771231 0.0383458724161154 0.4368041261304063 0.6897876641666064 0.5774037874477695 0.0 0.0 0.0 0.0 0.0 0.0
7.886228352905109 7.6147764134517395 11.844913475211625 0.8760620170993423 -0.18045601773952638 -0.4471587725376994 0.4368041261304063 0.6897876641666064 0.5774037874477695 0.0 0.0 0.0 0.0 0.0 0.0
8.228187004204793 7.616377222926646 12.259336954672774 0.5898809704886803 0.26496531550103997 -0.7627803237084485 0.4368041261304063 0.6897876641666064 0.5774037874477695 0.0 0.0 0.0 0.0 0.0 0.0
8.704609041288005 7.678376884407159 12.499884635343664 0.0795942809054753 0.6097218953989271 -0.7886088768954344 0.4368041261304063 0.6897876641666064 0.5774037874477695 0.0 0.0 0.0 0.0 0.0 0.0
9.199174597208057 7.879362671128785 12.560668897712626 -0.4609316067391307 0.7228349332282941 -0.5148317329125404 0.4368041261304063 0.6897876641666064 0.5774037874477695 0.0 0.0 0.0 0.0 0.0 0.0
9.588670778868691 8.245118703623833 12.50409725036497 -0.8263418706180391 0.5613308947686225 -0.04546140606861778 0.4368041261304063 0.6897876641666064 0.5774037874477695 0.0 0.0 0.0 0.0 0.0 0.0
2.6232918742425886 12.325859855870895 6.254458602004211 0.9923612320663007 0.016768780812549525 -0.12222108280454144 0.10235449806510681 0.44114184375718657 0.8915814210784959 0.0 0.0 0.0 0.0 0.0 0.0
2.8005194653044363 12.18402741793072 6.741448378727214 0.7634718826320307 0.5397240182799268 -0.35469517690838703 0.10235449806510681 0.44114184375718657 0.8915814210784959 0.0 0.0 0.0 0.0 0.0 0.0
3.151780496034933 12.165225086939895 7.147585378713451 0.24452680041668018 0.8576290774983879 -0.4524146431176219 0.10235449806510681 0.44114184375718657 0.8915814210784959 0.0 0.0 0.0 0.0 0.0 0.0
3.5587814186144584 12.341919331150164 7.450594446565779 -0.367318101547052 0.8497065113816908 -0.3782542224370087 0.10235449806510681 0.44114184375718657 0.8915814210784959 0.0 0.0 0.0 0.0 0.0 0.0
3.882052168388653 12.712304201365944 7.6673804525118054 -0.8396127155018992 0.5189662352558105 -0.16038869857922522 0.10235449806510681 0.44114184375718657 0.8915814210784959 0.0 0.0 0.0 0.0 0.0 0.0
4.0139331732457375 13.200987441237581 7.847605849570059 -0.9929244212615636 -0.008937990296499495 0.11841117342484478 0.10235449806510681 0.44114184375718657 0.8915814210784959 0.0 0.0 0.0 0.0 0.0 0.0
3.9194770250338378 13.687633265939896 8.05482307733632 -0.7690075385729199 -0.5334465238999406 0.352224660915571 0.10235449806510681 0.44114184375718657 0.8915814210784959 0.0 0.0 0.0 0.0 0.0 0.0
3.6497255842073844 14.052679938734302 8.34232992764105 -0.25293183486002 -0.8552898043235314 0.45222211084218183 0.10235449806510681 0.44114184375718657 0.8915814210784959 0.0 0.0 0.0 0.0 0.0 0.0
3.322318323666077 14.222763273721426 8.732920822341443 0.3592369017109683 -0.8521941884016538 0.38041282010935207 0.10235449806510681 0.44114184375718657 0.8915814210784959 0.0 0.0 0.0 0.0 0.0 0.0
3.076799126173191 14.198588916648067 9.21022683135547 0.8349255332012558 -0.5253357523789675 0.16407833885380016 0.10235449806510681 0.44114184375718657 0.8915814210784959 0.0 0.0 0.0 0.0 0.0 0.0
3.0216012302445003 14.054664258290208 9.724934502873953 0.993411995417884 0.0011065191178832089 -0.11459224657584514 0.10235449806510681 0.44114184375718657 0.8915814210784959 0.0 0.0 0.0 0.0 0.0 0.0
3.192851629929069 13.910991831000086 10.213520868179824 0.774484631612413 0.5271284055018369 -0.34972732165113374 0.10235449806510681 0.44114184375718657 0.8915814210784959 0.0 0.0 0.0 0.0 0.0 0.0
3.5406458257588813 13.887478340330228 10.622386879511131 0.26131760756486994 0.8528853975186862 -0.45199514010215275 0.10235449806510681 0.44114184375718657 0.8915814210784959 0.0 0.0 0.0 0.0 0.0 0.0
3.9480073784554754 14.05838010286083 10.928220584434106 -0.35112834459397696 0.8546169675347659 -0.38254244787261676 0.10235449806510681 0.44114184375718657 0.8915814210784959 0.0 0.0 0.0 0.0 0.0 0.0
4.275329213953603 14.424091830031546 11.146853726327802 -0.8301747680887136 0.5316652631506604 -0.16775548392761708 0.10235449806510681 0.44114184375718657 0.8915814210784959 0.0 0.0 0.0 0.0 0.0 0.0
4.413412684944423 14.910996670666325 11.327247000381764 -0.9938239174046026 0.006725036326447695 0.11076459308360606 0.10235449806510681 0.44114184375718657 0.8915814210784959 0.0 0.0 0.0 0.0 0.0 0.0
4.32495396269215 15.39943448354332 11.532889066914347 -0.7799027446486697 -0.5207701442347938 0.34720334929712765 0.10235449806510681 0.44114184375718657 0.8915814210784959 0.0 0.0 0.0 0.0 0.0 0.0
4.058716385257537 15.76916272565594 11.81767614784398 -0.26968347992217173 -0.8504160401887402 0.4517337481822339 0.10235449806510681 0.44114184375718657 0.8915814210784959 0.0 0.0 0.0 0.0 0.0 0.0
3.7310044500890625 15.945038604649156 12.205435950885574 0.342993047694096 -0.8569746642770163 0.384642943547402 0.10235449806510681 0.44114184375718657 0.8915814210784959 0.0 0.0 0.0 0.0 0.0 0.0
3.481477790934749 15.925567081955682 12.680875125011609 0.825360781953429 -0.5379542855541392 0.17141985377184052 0.10235449806510681 0.44114184375718657 0.8915814210784959 0.0 0.0 0.0 0.0 0.0 0.0
10.13736714161353 1.8646425080983433 3.3266223699232067 -0.5370335528867075 0.725947704409518 0.42964507856652 0.7724160332635402 0.21845720205251368 0.5963639177790728 0.0 0.0 0.0 0.0 0.0 0.0
10.496510561743046 2.2619642822072397 3.369476934615814 -0.6338407889805212 0.20565558555430283 0.7456216428959578 0.7724160332635402 0.21845720205251368 0.5963639177790728 0.0 0.0 0.0 0.0 0.0 0.0
10.711169954080624 2.7061652535142016 3.5822959762675737 -0.48984131208777054 -0.3927685286310215 0.7783240789601421 0.7724160332635402 0.21845720205251368 0.5963639177790728 0.0 0.0 0.0 0.0 0.0 0.0
10.814170003914915 3.0608346263612427 3.9725340162082996 -0.15974293102287654 -0.8419733120498113 0.5153281845427158 0.7724160332635402 0.21845720205251368 0.5963639177790728 0.0 0.0 0.0 0.0 0.0 0.0
10.880756647596225 3.2235761562338014 4.480241132030362 0.23104446029698933 -0.9712983571777969 0.056550496989728576 0.7724160332635402 0.21845720205251368 0.5963639177790728 0.0 0.0 0.0 0.0 0.0 0.0
11.000009883272057 3.1649101950257346 5.000838935420598 0.53405419829265 -0.7316109171714074 -0.4237116698435462 0.7724160332635402 0.21845720205251368 0.5963639177790728 0.0 0.0 0.0 0.0 0.0 0.0
11.241000790252738 2.9394735022282754 5.42485165033789 0.6341678174468958 -0.2139722578493636 -0.7429986892219159 0.7724160332635402 0.21845720205251368 0.5963639177790728 0.0 0.0 0.0 0.0 0.0 0.0
11.626550271174557 2.6652618265214074 5.6794977906685595 0.4933504800325771 0.3849580396550285 -0.7800080842892477 0.7724160332635402 0.21845720205251368 0.5963639177790728 0.0 0.0 0.0 0.0 0.0 0.0
12.124559009543098 2.478801348066625 5.756341063642505 0.16510104687372346 0.8376363417392777 -0.5206793670953741 0.7724160332635402 0.21845720205251368 0.5963639177790728 0.0 0.0 0.0 0.0 0.0 0.0
12.660202536741416 2.483280100067576 5.714495458503861 -0.2258730343347587 0.9720825930639713 -0.06353585304718372 0.7724160332635402 0.21845720205251368 0.5963639177790728 0.0 0.0 0.0 0.0 0.0 0.0
13.14435829865602 2.7093451097440817 5.658166853663953 -0.5310341734037186 0.7372184149294072 0.4177459938364465 0.7724160332635402 0.21845720205251368 0.5963639177790728 0.0 0.0 0.0 0.0 0.0 0.0
13.507464804034232 3.103459080300356 5.69706346126346 -0.6344465515786925 0.22227263532856176 0.7403191533210527 0.7724160332635402 0.21845720205251368 0.5963639177790728 0.0 0.0 0.0 0.0 0.0 0.0
13.725949198017192 3.548240105073595 5.904715843156676 -0.4968220774282462 -0.37711823463389044 0.7816326889828099 0.7724160332635402 0.21845720205251368 0.5963639177790728 0.0 0.0 0.0 0.0 0.0 0.0
13.831182983817856 3.9070570163959957 6.290541421097632 -0.17044658964063733 -0.8332355821782801 0.5259908978983353 0.7724160332635402 0.21845720205251368 0.5963639177790728 0.0 0.0 0.0 0.0 0.0 0.0
13.897563464146826 4.075937850543063 6.796266640764839 0.22068440726645944 -0.9727928010971134 0.07051637060343954 0.7724160332635402 0.21845720205251368 0.5963639177790728 0.0 0.0 0.0 0.0 0.0 0.0
14.01424896205603 4.023070535071074 7.318066069329902 0.5279737082064991 -0.7427697706508534 -0.4117485048545476 0.7724160332635402 0.21845720205251368 0.5963639177790728 0.0 0.0 0.0 0.0 0.0 0.0
14.251286083363622 3.800888827007939 7.7460074132576855 0.6346769701492256 -0.23055608588601645 -0.7375832392504027 0.7724160332635402 0.21845720205251368 0.5963639177790728 0.0 0.0 0.0 0.0 0.0 0.0
14.63299783998687 3.5261518519126294 8.00581663459025 0.5002558398991932 0.36924971059911205 -0.7831977693208929 0.7724160332635402 0.21845720205251368 0.5963639177790728 0.0 0.0 0.0 0.0 0.0 0.0
15.128742931055712 3.3355853599668457 8.087095899762764 0.17577915223983828 0.8287713685016966 -0.5312623724579658 0.7724160332635402 0.21845720205251368 0.5963639177790728 0.0 0.0 0.0 0.0 0.0 0.0
15.664556885408523 3.333937327548352 8.047273890417289 -0.2154789742261334 0.9734289271921311 -0.07749151806505944 0.7724160332635402 0.21845720205251368 0.5963639177790728 0.0 0.0 0.0 0.0 0.0 0.0
7.710239616096081 9.153006046650525 1.0032539766922748 0.7107610250447224 -0.6579670746702787 0.24879327548631927 0.4853712372878261 0.7147272923278639 0.5035669365788078 0.0 0.0 0.0 0.0 0.0 0.0
7.801297470536685 9.273150422420128 1.5189660070289406 0.8742973997161099 -0.393917450790842 -0.2836072968244885 0.4853712372878261 0.7147272923278639 0.5035669365788078 0.0 0.0 0.0 0.0 0.0 0.0
8.091651444752383 9.303501302887328 1.970029745130748 0.7056735747623405 0.01978799859259909 -0.7082607154105321 0.4853712372878261 0.7147272923278639 0.5035669365788078 0.0 0.0 0.0 0.0 0.0 0.0
8.542863732539207 9.338362858256342 2.259645430869269 0.26895256052336103 0.42597565647301805 -0.8638340467244325 0.4853712372878261 0.7147272923278639 0.5035669365788078 0.0 0.0 0.0 0.0 0.0 0.0
9.055383764959934 9.470325577921724 2.3523501184763793 -0.2699480281054593 0.6703280405261577 -0.6912223811526474 0.4853712372878261 0.7147272923278639 0.5035669365788078 0.0 0.0 0.0 0.0 0.0 0.0
9.506369135880096 9.755089595516944 2.2874906425503996 -0.7062908475666692 0.6600115946962316 -0.2560037763590471 0.4853712372878261 0.7147272923278639 0.5035669365788078 0.0 0.0 0.0 0.0 0.0 0.0
9.796355485873963 10.190303276890466 2.1642750977482055 -0.8743019654840535 0.39894570923580486 0.27647494322824495 0.4853712372878261 0.7147272923278639 0.5035669365788078 0.0 0.0 0.0 0.0 0.0 0.0
9.88704467532579 10.716456645237134 2.1040820249541863 -0.7101511491647037 -0.013686321179865794 0.7039162094685788 0.4853712372878261 0.7147272923278639 0.5035669365788078 0.0 0.0 0.0 0.0 0.0 0.0
9.815854887980583 11.23949021624021 2.204346674257285 -0.2762020381836339 -0.42111868935621793 0.8639279388803832 0.4853712372878261 0.7147272923278639 0.5035669365788078 0.0 0.0 0.0 0.0 0.0 0.0
9.681704837340709 11.666529768754017 2.5015437244116976 0.2626808449552171 -0.6685610267171229 0.6957190002066632 0.4853712372878261 0.7147272923278639 0.5035669365788078 0.0 0.0 0.0 0.0 0.0 0.0
9.60743289357364 11.941170814191356 2.957329942554049 0.7017668833060576 -0.6620058522839098 0.26319478155304593 0.4853712372878261 0.7147272923278639 0.5035669365788078 0.0 0.0 0.0 0.0 0.0 0.0
9.693128732937314 12.064907604770532 3.473111419432853 0.8742399497723277 -0.40394358642042844 -0.26932153499465866 0.4853712372878261 0.7147272923278639 0.5035669365788078 0.0 0.0 0.0 0.0 0.0 0.0
9.978107596359589 12.096565442115068 3.9275010439354103 0.7145746428075956 0.007583601500785727 -0.6995180975819523 0.4853712372878261 0.7147272923278639 0.5035669365788078 0.0 0.0 0.0 0.0 0.0 0.0
10.425973772093979 12.129951961660327 4.2224354960837935 0.28343048198933934 0.4162296524207957 -0.8639560395789554 0.4853712372878261 0.7147272923278639 0.5035669365788078 0.0 0.0 0.0 0.0 0.0 0.0
10.938447935115992 12.258218043571592 4.320431141825738 -0.2553936576416214 0.6667430993974639 -0.700162637565228 0.4853712372878261 0.7147272923278639 0.5035669365788078 0.0 0.0 0.0 0.0 0.0 0.0
11.392705105842623 12.53846823596961 4.25882469230404 -0.6971894767802814 0.6639496955628765 -0.27036574344542985 0.4853712372878261 0.7147272923278639 0.5035669365788078 0.0 0.0 0.0 0.0 0.0 0.0
11.688037913400091 12.970065782362392 4.135588363056885 -0.8741113573036693 0.40891070173701477 0.26214761688346155 0.4853712372878261 0.7147272923278639 0.5035669365788078 0.0 0.0 0.0 0.0 0.0 0.0
11.784117009556235 13.49487453608252 4.072108591326803 -0.7189437188248498 -0.0014803043010904267 0.6950667146839002 0.4853712372878261 0.7147272923278639 0.5035669365788078 0.0 0.0 0.0 0.0 0.0 0.0
11.71631286238466 14.019345854390636 4.16706929907922 -0.2906373414664955 -0.41130891798584324 0.8639183466801716 0.4853712372878261 0.7147272923278639 0.5035669365788078 0.0 0.0 0.0 0.0 0.0 0.0
11.582257924080878 14.450059291902027 4.458960221140613 0.24808702111219963 -0.6648743970093852 0.7045529548281521 0.4853712372878261 0.7147272923278639 0.5035669365788078 0.0 0.0 0.0 0.0 0.0 0.0
3.477644049341264 6.298830557500294 3.5740186545727193 0.7622174909579342 0.6026584384255835 -0.23627802071337217 0.056871386259965774 0.3012521780437709 0.9518470311183168 0.0 0.0 0.0 0.0 0.0 0.0
3.813546193601989 6.224954886187612 3.9868106564180885 0.23932450699656413 0.921479405660997 -0.3059403296290099 0.056871386259965774 0.3012521780437709 0.9518470311183168 0.0 0.0 0.0 0.0 0.0 0.0
4.204002366762937 6.3611304743897445 4.329863550498098 -0.37449185846517774 0.8902149403717187 -0.25937079226904936 0.056871386259965774 0.3012521780437709 0.9518470311183168 0.0 0.0 0.0 0.0 0.0 0.0
4.509093109003345 6.700230586260263 4.613792864319265 -0.846032505726019 0.5207429356351301 -0.11426195447768313 0.056871386259965774 0.3012521780437709 0.9518470311183168 0.0 0.0 0.0 0.0 0.0 0.0
4.621330714943056 7.15803406669401 4.871676162021986 -0.9961512591523657 -0.04656801670683789 0.07425691017775873 0.056871386259965774 0.3012521780437709 0.9518470311183168 0.0 0.0 0.0 0.0 0.0 0.0
4.506495610015041 7.605222366254168 5.146486324736224 -0.7678154944658363 -0.5961870009261584 0.23456433314733877 0.056871386259965774 0.3012521780437709 0.9518470311183168 0.0 0.0 0.0 0.0 0.0 0.0
4.21663693896419 7.9165098201941575 5.474765434571975 -0.24777378624124646 -0.9193045757785314 0.3057568442477303 0.056871386259965774 0.3012521780437709 0.9518470311183168 0.0 0.0 0.0 0.0 0.0 0.0
3.870298225543434 8.018241767159472 5.87274182667465 0.36640132593318564 -0.893162972339778 0.2607872182365837 0.056871386259965774 0.3012521780437709 0.9518470311183168 0.0 0.0 0.0 0.0 0.0 0.0
3.6074807058979816 7.916377186476519 6.330164673380035 0.8413744484821114 -0.5276938228205824 0.11674016788758587 0.056871386259965774 0.3012521780437709 0.9518470311183168 0.0 0.0 0.0 0.0 0.0 0.0
3.5364545182579112 7.694224782277706 6.81419844502863 0.9966953510220671 0.038255032558382314 -0.07165842403342826 0.056871386259965774 0.3012521780437709 0.9518470311183168 0.0 0.0 0.0 0.0 0.0 0.0
3.6926250672443848 7.480792613954272 7.2818976766640695 0.7733550258511162 0.589670161478381 -0.23283278259918314 0.056871386259965774 0.3012521780437709 0.9518470311183168 0.0 0.0 0.0 0.0 0.0 0.0
4.02508191870727 7.401775777493834 7.696522668179931 0.2562041965528111 0.9170597372933882 -0.3055500742989751 0.056871386259965774 0.3012521780437709 0.9518470311183168 0.0 0.0 0.0 0.0 0.0 0.0
4.415940524835847 7.53180273700475 8.041497510645193 -0.3582828905216435 0.8960429864894728 -0.26218378424777017 0.056871386259965774 0.3012521780437709 0.9518470311183168 0.0 0.0 0.0 0.0 0.0 0.0
4.725128534796626 7.8660827234799715 8.326707551241553 -0.8366523173164384 0.5346045240783774 -0.11920949108172564 0.056871386259965774 0.3012521780437709 0.9518470311183168 0.0 0.0 0.0 0.0 0.0 0.0
4.843601622699822 8.322225828040215 8.584743784594902 -0.9971635406819254 -0.029939135141086922 0.06905448082267114 0.056871386259965774 0.3012521780437709 0.9518470311183168 0.0 0.0 0.0 0.0 0.0 0.0
4.734771250128777 8.771544305803012 8.85852098902458 -0.7788356632570117 -0.5831084163648061 0.23108350093318425 0.056871386259965774 0.3012521780437709 0.9518470311183168 0.0 0.0 0.0 0.0 0.0 0.0
4.448405263612196 9.087943201707917 9.184973684763031 -0.26461509592287347 -0.9147450611587086 0.3053200355290773 0.056871386259965774 0.3012521780437709 0.9518470311183168 0.0 0.0 0.0 0.0 0.0 0.0
4.101720257653872 9.195825932139202 9.581024092207242 0.35013717048083937 -0.8988547634965744 0.26356038394870085 0.056871386259965774 0.3012521780437709 0.9518470311183168 0.0 0.0 0.0 0.0 0.0 0.0
3.8348490307237357 9.098814690948936 10.0371530974655 0.8318664718375703 -0.5414745131318579 0.12166973601158174 0.056871386259965774 0.3012521780437709 0.9518470311183168 0.0 0.0 0.0 0.0 0.0 0.0
3.7576017922236904 8.878374317452744 10.521016722875942 0.9975557924774848 0.02162095774273661 -0.06644527884584353 0.056871386259965774 0.3012521780437709 0.9518470311183168 0.0 0.0 0.0 0.0 0.0 0.0
5.632874639519126 -0.14785704486079665 1.4548747392265398 -0.023373749860673636 0.9859455794858394 -0.16542364434923768 0.7483028961266927 0.12698102177784104 0.6510903130569982 0.0 0.0 0.0 0.0 0.0 0.0
6.155110960825415 -0.02418836130115809 1.429176810643485 -0.407666496543454 0.8623185828789347 0.30035760223049407 0.7483028961266927 0.12698102177784104 0.6510903130569982 0.0 0.0 0.0 0.0 0.0 0.0
6.584419691417381 0.2960458703586264 1.4719454069396367 -0.6370799253690261 0.41108233943845335 0.6520279740115481 0.7483028961266927 0.12698102177784104 0.6510903130569982 0.0 0.0 0.0 0.0 0.0 0.0
6.868506032975727 0.7099863342281306 1.6633438004278105 -0.6244560391385684 -0.19633095768489411 0.7559820171392324 0.7483028961266927 0.12698102177784104 0.6510903130569982 0.0 0.0 0.0 0.0 0.0 0.0
7.0102476007639 1.0791731501158008 2.0270683185098806 -0.37459086329115415 -0.7291548415051848 0.5727258526104231 0.7483028961266927 0.12698102177784104 0.6510903130569982 0.0 0.0 0.0 0.0 0.0 0.0
7.066601169478336 1.2821490969394742 2.5213457127153407 0.017587644345821465 -0.9849606102188144 0.17188156120929618 0.7483028961266927 0.12698102177784104 0.6510903130569982 0.0 0.0 0.0 0.0 0.0 0.0
7.126963842274797 1.260603241671939 3.0548035142067214 0.40308431184608695 -0.8665633754470965 -0.29426340900169756 0.7483028961266927 0.12698102177784104 0.6510903130569982 0.0 0.0 0.0 0.0 0.0 0.0
7.2792095966396415 1.0415242377047829 3.5211839623571537 0.6354425100657165 -0.41894422617601007 -0.6486127903111107 0.7483028961266927 0.12698102177784104 0.6510903130569982 0.0 0.0 0.0 0.0 0.0 0.0
7.576304491168192 0.7269468841987065 3.8397131045475374 0.6263854746791675 0.18783883899327686 -0.7565433283537769 0.7483028961266927 0.12698102177784104 0.6510903130569982 0.0 0.0 0.0 0.0 0.0 0.0
8.016183974359105 0.455187399951505 3.9857881712350087 0.3793541248553463 0.7232587887311054 -0.5770504072249212 0.7483028961266927 0.12698102177784104 0.6510903130569982 0.0 0.0 0.0 0.0 0.0 0.0
8.542537242247189 0.3482947793529292 4.000324579438642 -0.011800199463759441 0.983900632387891 -0.17832638862300262 0.7483028961266927 0.12698102177784104 0.6510903130569982 0.0 0.0 0.0 0.0 0.0 0.0
9.066200654296216 0.4656823388656508 3.974211481744614 -0.3984714307177689 0.8707421758591812 0.2881468064750179 0.7483028961266927 0.12698102177784104 0.6510903130569982 0.0 0.0 0.0 0.0 0.0 0.0
9.499032491175205 0.7815556047634142 4.013781457653119 -0.6337567033550503 0.42677420868873484 0.6451482122354841 0.7483028961266927 0.12698102177784104 0.6510903130569982 0.0 0.0 0.0 0.0 0.0 0.0
9.787399467583228 1.1947120649602445 4.200412988840319 -0.6282672085407203 -0.1793324156468227 0.7570470258647902 0.7483028961266927 0.12698102177784104 0.6510903130569982 0.0 0.0 0.0 0.0 0.0 0.0
9.932552914035936 1.566989695367679 4.559613413393917 -0.3840884971342019 -0.7173076570000539 0.581331017216767 0.7483028961266927 0.12698102177784104 0.6510903130569982 0.0 0.0 0.0 0.0 0.0 0.0
9.990153375481544 1.7757570227918336 5.051328261613684 0.006011855950821573 -0.9827657267144854 0.18475763579179627 0.7483028961266927 0.12698102177784104 0.6510903130569982 0.0 0.0 0.0 0.0 0.0 0.0
10.049124239680303 1.7605028718886535 5.585158618725599 0.3938282044472565 -0.8748546658833591 -0.28200826045342 0.7483028961266927 0.12698102177784104 0.6510903130569982 0.0 0.0 0.0 0.0 0.0 0.0
10.197868255474637 1.5458255723700203 6.054705183993753 0.6320226336177344 -0.4345716906931445 -0.6416345036257034 0.7483028961266927 0.12698102177784104 0.6510903130569982 0.0 0.0 0.0 0.0 0.0 0.0
10.490681850488754 1.2320876422840672 6.37799114397137 0.6301010974219071 0.17081233544260335 -0.7574930713137576 0.7483028961266927 0.12698102177784104 0.6510903130569982 0.0 0.0 0.0 0.0 0.0 0.0
10.927127010486354 0.9572863894368735 6.528606534508462 0.3887936195869415 0.7113018995137524 -0.5855673566009377 0.7483028961266927 0.12698102177784104 0.6510903130569982 0.0 0.0 0.0 0.0 0.0 0.0
7.094456039751207 6.702625072116444 4.694862270684217 -0.11359710944685944 0.9865246444645996 0.1177489812665636 0.7968675009872818 0.019686371754355822 0.6038332821544652 0.0 0.0 0.0 0.0 0.0 0.0
7.600862561521651 6.8798818349090185 4.666268969527866 -0.4399590584886653 0.7038850672471982 0.5576574566525355 0.7968675009872818 0.019686371754355822 0.6038332821544652 0.0 0.0 0.0 0.0 0.0 0.0
8.006980402066272 7.217589220928368 4.764793703162177 -0.5991732054874332 0.15382778465184008 0.7857025407207369 0.7968675009872818 0.019686371754355822 0.6038332821544652 0.0 0.0 0.0 0.0 0.0 0.0
8.276516691567021 7.5903616552993025 5.042419355675945 -0.5307514340797477 -0.4546712451961598 0.7152460933231756 0.7968675009872818 0.019686371754355822 0.6038332821544652 0.0 0.0 0.0 0.0 0.0 0.0
8.425068174969173 7.859491765021521 5.483085377667983 -0.2606883191744019 -0.8904330672963001 0.3730556967951672 0.7968675009872818 0.019686371754355822 0.6038332821544652 0.0 0.0 0.0 0.0 0.0 0.0
8.51419574781295 7.925647629036032 6.008789457482692 0.10841464666156811 -0.9879044798835938 -0.11086479610396206 0.7968675009872818 0.019686371754355822 0.6038332821544652 0.0 0.0 0.0 0.0 0.0 0.0
8.628036442774505 7.766610635776618 6.509221903537138 0.4363290756345778 -0.7100544636810143 -0.5526658994026514 0.7968675009872818 0.019686371754355822 0.6038332821544652 0.0 0.0 0.0 0.0 0.0 0.0
8.841338364256076 7.445716705179222 6.883674140433092 0.5984747937408942 -0.1624428852484637 -0.784499987437188 0.7968675009872818 0.019686371754355822 0.6038332821544652 0.0 0.0 0.0 0.0 0.0 0.0
9.191062633801918 7.0877939137781665 7.079299580508412 0.533249931740089 0.4468834611901868 -0.7182894141040008 0.7968675009872818 0.019686371754355822 0.6038332821544652 0.0 0.0 0.0 0.0 0.0 0.0
9.662341242066649 6.831738221416622 7.1111909260377155 0.26543450520780654 0.886431309229652 -0.3791886831941211 0.7968675009872818 0.019686371754355822 0.6038332821544652 0.0 0.0 0.0 0.0 0.0 0.0
10.194125654145406 6.777744573885577 7.05664619930173 -0.10322392768118935 0.9892090825516171 0.10397216815790664 0.7968675009872818 0.019686371754355822 0.6038332821544652 0.0 0.0 0.0 0.0 0.0 0.0
10.702380168661291 6.949241167847681 7.02580193156883 -0.43266586463206425 0.7161697867183336 0.5476322545047948 0.7968675009872818 0.019686371754355822 0.6038332821544652 0.0 0.0 0.0 0.0 0.0 0.0
11.112008485720446 7.283988687226544 7.119790453481571 -0.5977308058217228 0.1710456151904525 0.7832376914422806 0.7968675009872818 0.019686371754355822 0.6038332821544652 0.0 0.0 0.0 0.0 0.0 0.0
11.385384046784914 7.657726059970029 7.392318031803187 -0.5357078203535676 -0.43906164527846464 0.7212780343649715 0.7968675009872818 0.019686371754355822 0.6038332821544652 0.0 0.0 0.0 0.0 0.0 0.0
11.536644993343716 7.9313793168571936 7.829260960753345 -0.27016047737596854 -0.8823620459868479 0.3852927929067609 0.7968675009872818 0.019686371754355822 0.6038332821544652 0.0 0.0 0.0 0.0 0.0 0.0
11.626322850584051 8.003898117598094 8.354031393969853 0.09802534779906966 -0.9904383531181256 -0.09707162232870165 0.7968675009872818 0.019686371754355822 0.6038332821544652 0.0 0.0 0.0 0.0 0.0 0.0
11.73834558893956 7.850646464581532 8.856674347822171 0.4289697044488246 -0.7222305706536302 -0.5425569052905134 0.7968675009872818 0.019686371754355822 0.6038332821544652 0.0 0.0 0.0 0.0 0.0 0.0
11.948151984921727 7.532762330259456 9.23564143804194 0.5969412983874787 -0.17963531934661442 -0.781915748864742 0.7968675009872818 0.019686371754355822 0.6038332821544652 0.0 0.0 0.0 0.0 0.0 0.0
12.294031168654106 7.173930319240087 9.436370808704977 0.5381249127424486 0.4312063931225582 -0.724211726511084 0.7968675009872818 0.019686371754355822 0.6038332821544652 0.0 0.0 0.0 0.0 0.0 0.0
12.76257594317825 6.913391819100934 9.472016093522457 0.2748658757778091 0.8782255874580381 -0.3913675610814994 0.7968675009872818 0.019686371754355822 0.6038332821544652 0.0 0.0 0.0 0.0 0.0 0.0
5.544954051444921 8.601542628021086 5.882346479553437 -0.09166208733947162 0.6678628453755728 -0.7386184952405501 0.3311986269964713 0.7199596147034862 0.6098898447028447 0.0 0.0 0.0 0.0 0.0 0.0
5.993992540018225 8.89187771697561 5.934835278548376 -0.6249113641726719 0.6516602221269506 -0.4299124815881756 0.3311986269964713 0.7199596147034862 0.6098898447028447 0.0 0.0 0.0 0.0 0.0 0.0
6.300582463465505 9.33075877406849 5.889325513838075 -0.9207463657958311 0.38788098531440085 0.04212447157293246 0.3311986269964713 0.7199596147034862 0.6098898447028447 0.0 0.0 0.0 0.0 0.0 0.0
6.3972882238582995 9.858057313968482 5.853418023748272 -0.8667744289948481 -0.023260722843332686 0.49815763369987653 0.3311986269964713 0.7199596147034862 0.6098898447028447 0.0 0.0 0.0 0.0 0.0 0.0
6.296412725888622 10.380053571364435 5.931065581934909 -0.48350039492307867 -0.42556529349433725 0.7649323820327554 0.3311986269964713 0.7199596147034862 0.6098898447028447 0.0 0.0 0.0 0.0 0.0 0.0
6.0853232976828675 10.805042206717925 6.183079500674544 0.0834635228754864 -0.6661904940745665 0.7410965294439704 0.3311986269964713 0.7199596147034862 0.6098898447028447 0.0 0.0 0.0 0.0 0.0 0.0
5.893259382142763 11.078172697985401 6.604026396619568 0.618718252897967 -0.6537187878447771 0.43570571484620446 0.3311986269964713 0.7199596147034862 0.6098898447028447 0.0 0.0 0.0 0.0 0.0 0.0
5.842232311818748 11.202287970994371 7.124292423973283 0.9189115742269657 -0.39288838451747465 -0.03521698543271507 0.3311986269964713 0.7199596147034862 0.6098898447028447 0.0 0.0 0.0 0.0 0.0 0.0
6.000671163753363 11.236844324390333 7.636530738389507 0.8699950251249132 0.017206884831509374 -0.49276016414914886 0.3311986269964713 0.7199596147034862 0.6098898447028447 0.0 0.0 0.0 0.0 0.0 0.0
6.357425409039636 11.275322987725051 8.036444357883212 0.49055282043676673 0.4207649709492301 -0.7630955179947174 0.3311986269964713 0.7199596147034862 0.6098898447028447 0.0 0.0 0.0 0.0 0.0 0.0
6.826001185179735 11.409715039427034 8.262410330039186 -0.07525860234109215 0.6644674097881746 -0.7435181262774019 0.3311986269964713 0.7199596147034862 0.6098898447028447 0.0 0.0 0.0 0.0 0.0 0.0
7.277421760548168 11.69557245809773 8.318891321915396 -0.612478023832839 0.6557275703459338 -0.44146576742714483 0.3311986269964713 0.7199596147034862 0.6098898447028447 0.0 0.0 0.0 0.0 0.0 0.0
7.589227951112256 12.130902997061279 8.274740178215847 -0.9170068039840122 0.3978658637489379 0.028306817382708526 0.3311986269964713 0.7199596147034862 0.6098898447028447 0.0 0.0 0.0 0.0 0.0 0.0
7.692002411854528 12.656927072185265 8.237041574429362 -0.8731493677654926 -0.011151736448787381 0.4873251690041223 0.3311986269964713 0.7199596147034862 0.6098898447028447 0.0 0.0 0.0 0.0 0.0 0.0
7.595742446740973 13.18040910863486 8.310428758251074 -0.4975678884539262 -0.4159326055225277 0.7612005412785395 0.3311986269964713 0.7199596147034862 0.6098898447028447 0.0 0.0 0.0 0.0 0.0 0.0
7.386061865798348 13.609079294568257 8.55733162940844 0.06704795057275409 -0.6626937237359376 0.7458831013268696 0.3311986269964713 0.7199596147034862 0.6098898447028447 0.0 0.0 0.0 0.0 0.0 0.0
7.191664867298451 13.88668842532436 8.97425857698251 0.606191152194891 -0.6576864166538564 0.4471922006806911 0.3311986269964713 0.7199596147034862 0.6098898447028447 0.0 0.0 0.0 0.0 0.0 0.0
7.1354491610152095 14.014377916710083 9.493123000772666 0.9150322001225991 -0.4028130439544766 -0.02139449365896442 0.3311986269964713 0.7199596147034862 0.6098898447028447 0.0 0.0 0.0 0.0 0.0 0.0
7.287815073541445 14.050246162051852 10.007110549060084 0.8762372167011812 0.005095738818158862 -0.4818530621607205 0.3311986269964713 0.7199596147034862 0.6098898447028447 0.0 0.0 0.0 0.0 0.0 0.0
7.639919287185558 14.087275981217559 10.411259676666434 0.5045450647499673 0.41106856521756596 -0.7592475961940358 0.3311986269964713 0.7199596147034862 0.6098898447028447 0.0 0.0 0.0 0.0 0.0 0.0
7.767582658039266 9.161930396377882 3.607308296622556 -0.4691664153414699 -0.24561985726845736 0.8482651474810562 0.4273390132914066 0.7774482612460101 0.4614710920574362 0.0 0.0 0.0 0.0 0.0 0.0
7.6087710409324565 9.640663321678419 3.7924535331896103 0.07312106971826177 -0.5384739760704489 0.8394635705366486 0.4273390132914066 0.7774482612460101 0.4614710920574362 0.0 0.0 0.0 0.0 0.0 0.0
7.466627373968682 9.996651087190589 4.168954517074252 0.5876286378729342 -0.6267528285584961 0.5117357480629278 0.4273390132914066 0.7774482612460101 0.4614710920574362 0.0 0.0 0.0 0.0 0.0 0.0
7.4584336734978045 10.209770525712043 4.662105680831627 0.8788862618727785 -0.47691780272868506 -0.010409040865347408 0.4273390132914066 0.7774482612460101 0.4614710920574362 0.0 0.0 0.0 0.0 0.0 0.0
7.650582124075022 10.314176536095253 5.152884103396225 0.8362403007924638 -0.14589373000180114 -0.5285992611389944 0.4273390132914066 0.7774482612460101 0.4614710920574362 0.0 0.0 0.0 0.0 0.0 0.0
8.03335157753022 10.385326066134 5.52316830775179 0.47589266824884807 0.24055780996585488 -0.8459657843975861 0.4273390132914066 0.7774482612460101 0.4614710920574362 0.0 0.0 0.0 0.0 0.0 0.0
8.524600779686729 10.511310756523628 5.700614584935574 -0.06525454546361617 0.5356174160153794 -0.8419357623698761 0.4273390132914066 0.7774482612460101 0.4614710920574362 0.0 0.0 0.0 0.0 0.0 0.0
9.000975206151567 10.759389453747186 5.686141578595598 -0.5816104663566328 0.6271870106750176 -0.5180402678025666 0.4273390132914066 0.7774482612460101 0.4614710920574362 0.0 0.0 0.0 0.0 0.0 0.0
9.344771508510014 11.150435449788583 5.553581276909867 -0.8770028470723265 0.480477773971593 0.002667385674334928 0.4273390132914066 0.7774482612460101 0.4614710920574362 0.0 0.0 0.0 0.0 0.0 0.0
9.488654984283388 11.651006369525058 5.421629005872529 -0.839207183479569 0.15122699777636958 0.5223616547372463 0.4273390132914066 0.7774482612460101 0.4614710920574362 0.0 0.0 0.0 0.0 0.0 0.0
9.441241156176904 12.186049488163022 5.408749090468681 -0.482582680087046 -0.2354774432546667 0.843601997744344 0.4273390132914066 0.7774482612460101 0.4614710920574362 0.0 0.0 0.0 0.0 0.0 0.0
9.28382259096009 12.667415516201775 5.5881682769946295 0.05738305182268987 -0.5327200666203538 0.8443438375351119 0.4273390132914066 0.7774482612460101 0.4614710920574362 0.0 0.0 0.0 0.0 0.0 0.0
9.139484494211821 13.027347988292357 5.960055667854024 0.5755480029515216 -0.6275734300724235 0.5243053367701374 0.4273390132914066 0.7774482612460101 0.4614710920574362 0.0 0.0 0.0 0.0 0.0 0.0
9.126342582845995 13.244225077251306 6.4514584767274625 0.8750526451096149 -0.48400115497176827 0.005074472648423319 0.4273390132914066 0.7774482612460101 0.4614710920574362 0.0 0.0 0.0 0.0 0.0 0.0
9.312668949466476 13.350774087705322 6.944018011800777 0.8421101572905291 -0.1565487490295588 -0.5160842684730851 0.4273390132914066 0.7774482612460101 0.4614710920574362 0.0 0.0 0.0 0.0 0.0 0.0
9.690954352938366 13.421637805892235 7.318936121637037 0.48923594138575993 0.23037914402448612 -0.8411739675328361 0.4273390132914066 0.7774482612460101 0.4614710920574362 0.0 0.0 0.0 0.0 0.0 0.0
10.180761104642972 13.545016457208423 7.502108599106611 -0.04950718824020039 0.5297821485297447 -0.8466876126481095 0.4273390132914066 0.7774482612460101 0.4614710920574362 0.0 0.0 0.0 0.0 0.0 0.0
10.659282691230477 13.789158965951582 7.492278608631985 -0.5694417093376614 0.6279120573233793 -0.5305304778563826 0.4273390132914066 0.7774482612460101 0.4614710920574362 0.0 0.0 0.0 0.0 0.0 0.0
11.008000022256955 14.176434047918889 7.361514179036831 -0.8730358045000742 0.48748767741010496 -0.012815944530443083 0.4273390132914066 0.7774482612460101 0.4614710920574362 0.0 0.0 0.0 0.0 0.0 0.0
11.157708814177528 14.67483196129065 7.227828354482709 -0.8449490011526495 0.1618585784894056 0.5097675803937777 0.4273390132914066 0.7774482612460101 0.4614710920574362 0.0 0.0 0.0 0.0 0.0 0.0
0.9723001995028787 2.567309447196867 1.6643654450715215 -0.03970224016098971 -0.6592205428920535 0.7509007976792311 0.5469118740993899 0.6145941736488343 0.5684728697888755 0.0 0.0 0.0 0.0 0.0 0.0
0.8867293556307846 2.8841469156611272 2.08977906894191 0.4581923888819137 -0.788039690552779 0.4111607725503073 0.5469118740993899 0.6145941736488343 0.5684728697888755 0.0 0.0 0.0 0.0 0.0 0.0
0.9056034812213668 3.0213507118681773 2.6089168038523334 0.7820120688203566 -0.6174693844514878 -0.08478610431200762 0.5469118740993899 0.6145941736488343 0.5684728697888755 0.0 0.0 0.0 0.0 0.0 0.0
1.102737282505594 3.0178023424608087 3.108727543617036 0.808732289269391 -0.21231213565949913 -0.5485213225981214 0.5469118740993899 0.6145941736488343 0.5684728697888755 0.0 0.0 0.0 0.0 0.0 0.0
1.4842216345755768 2.965857415049447 3.4835028306362488 0.5282015917421665 0.27350604313914556 -0.8038641196417523 0.5469118740993899 0.6145941736488343 0.5684728697888755 0.0 0.0 0.0 0.0 0.0 0.0
1.9861095561030733 2.9762581987775327 3.675037266289504 0.046998278452419266 0.6554147033720434 -0.7538054977421199 0.5469118740993899 0.6145941736488343 0.5684728697888755 0.0 0.0 0.0 0.0 0.0 0.0
2.4987107366826016 3.1360607847619293 3.694741715013919 -0.45206046659071447 0.7883203598444241 -0.4173635642944209 0.5469118740993899 0.6145941736488343 0.5684728697888755 0.0 0.0 0.0 0.0 0.0 0.0
2.908264719678674 3.4755610215773975 3.6193081261250573 -0.7793738823280879 0.6217299315983515 0.07764176517540555 0.5469118740993899 0.6145941736488343 0.5684728697888755 0.0 0.0 0.0 0.0 0.0 0.0
3.1401604016750246 3.9567846158634703 3.561572980050931 -0.8105901297325917 0.21893390756793835 0.5431496899540065 0.5469118740993899 0.6145941736488343 0.5684728697888755 0.0 0.0 0.0 0.0 0.0 0.0
3.187282038093576 4.48791420126842 3.6276488228920494 -0.5338496345074305 -0.2670387683272694 0.8023059665405322 0.5469118740993899 0.6145941736488343 0.5684728697888755 0.0 0.0 0.0 0.0 0.0 0.0
3.112712633528556 4.958172291030781 3.8766103360506756 -0.05429073764298356 -0.6515589514848307 0.7566527925978788 0.5469118740993899 0.6145941736488343 0.5684728697888755 0.0 0.0 0.0 0.0 0.0 0.0
3.0257676536095577 5.279907497300844 4.298050877090103 0.445894118144761 -0.7885409954885606 0.42353457218722457 0.5469118740993899 0.6145941736488343 0.5684728697888755 0.0 0.0 0.0 0.0 0.0 0.0
3.0404642519517355 5.421894758837811 4.816036137186142 0.776676343497211 -0.6259431316037987 -0.0704915133177831 0.5469118740993899 0.6145941736488343 0.5684728697888755 0.0 0.0 0.0 0.0 0.0 0.0
3.232204247232259 5.421198263830365 5.317952854603373 0.8123862406190857 -0.22553900681167915 -0.5377366943581119 0.5469118740993899 0.6145941736488343 0.5684728697888755 0.0 0.0 0.0 0.0 0.0 0.0
3.6091277116236724 5.3690901451236 5.697292475621764 0.5394570225561438 0.26055115747930235 -0.800686714733706 0.5469118740993899 0.6145941736488343 0.5684728697888755 0.0 0.0 0.0 0.0 0.0 0.0
4.109020421280798 5.376374670962497 5.894115534822963 0.0615790623836813 0.6476535808608492 -0.7594424654139807 0.5469118740993899 0.6145941736488343 0.5684728697888755 0.0 0.0 0.0 0.0 0.0 0.0
4.622950080145872 5.531291850937073 5.917823660137154 -0.4396938131353614 0.7887015806829303 -0.4296733262825753 0.5469118740993899 0.6145941736488343 0.5684728697888755 0.0 0.0 0.0 0.0 0.0 0.0
5.036651520471754 5.865993581044854 5.843587737205541 -0.7739196577557522 0.6301086636163371 0.06333589325850264 0.5469118740993899 0.6145941736488343 0.5684728697888755 0.0 0.0 0.0 0.0 0.0 0.0
5.2739379504607955 6.344328600850376 5.783789233135072 -0.8141204851480756 0.23212693038684165 0.53228274803101 0.5469118740993899 0.6145941736488343 0.5684728697888755 0.0 0.0 0.0 0.0 0.0 0.0
5.325645590243996 6.875576961741463 5.845324598226571 -0.5450233288639966 -0.25404370465192844 0.7990064875335685 0.5469118740993899 0.6145941736488343 0.5684728697888755 0.0 0.0 0.0 0.0 0.0 0.0
11.165077340417001 12.142959460867194 11.398974478968757 0.8467993756306075 0.44635799094861356 -0.2893015059551728 0.12194731061595628 0.3664897062562376 0.9223958741461024 0.0 0.0 0.0 0.0 0.0 0.0
11.491276585276763 12.049461298173044 11.81555250088554 0.38235152079956886 0.8402617192493627 -0.3844054600371359 0.12194731061595628 0.3664897062562376 0.9223958741461024 0.0 0.0 0.0 0.0 0.0 0.0
11.904632871333494 12.14750082082066 12.144505286091523 -0.2273580693597522 0.9149359719805036 -0.33346735293443214 0.12194731061595628 0.3664897062562376 0.9223958741461024 0.0 0.0 0.0 0.0 0.0 0.0
12.266162878325838 12.454100027069732 12.397444177703537 -0.7506905277450943 0.6420107520425492 -0.1558394231751134 0.12194731061595628 0.3664897062562376 0.9223958741461024 0.0 0.0 0.0 0.0 0.0 0.0
12.456572955898176 12.9070456044478 12.614859467899288 -0.9888231037637608 0.12517491355626792 0.08099450894464114 0.12194731061595628 0.3664897062562376 0.9223958741461024 0.0 0.0 0.0 0.0 0.0 0.0
12.421580775854201 13.388524807309656 12.850737458957468 -0.8512852504219064 -0.4392169674029893 0.28705727296035094 0.12194731061595628 0.3664897062562376 0.9223958741461024 0.0 0.0 0.0 0.0 0.0 0.0
12.192538096190825 13.769884488632016 13.15205016441923 -0.39032989771438176 -0.8367429791297581 0.38406217963675743 0.12194731061595628 0.3664897062562376 0.9223958741461024 0.0 0.0 0.0 0.0 0.0 0.0
11.874519704061708 13.960508581533594 13.540909855813723 0.21891830910271115 -0.9163763434885542 0.33515544309194295 0.12194731061595628 0.3664897062562376 0.9223958741461024 0.0 0.0 0.0 0.0 0.0 0.0
11.606403747380828 13.942244658103133 14.006168241006707 0.7449957901727418 -0.6478630139606192 0.1589175502163127 0.12194731061595628 0.3664897062562376 0.9223958741461024 0.0 0.0 0.0 0.0 0.0 0.0
11.50810960451115 13.776300340255311 14.507651886771846 0.9880369148907684 -0.133215693737081 -0.07769577694624479 0.12194731061595628 0.3664897062562376 0.9223958741461024 0.0 0.0 0.0 0.0 0.0 0.0
11.635038507479448 13.579989500828482 14.991424777737388 0.8557062965455008 0.4320424957847996 -0.28479117944280635 0.12194731061595628 0.3664897062562376 0.9223958741461024 0.0 0.0 0.0 0.0 0.0 0.0
11.957025687670132 13.482162761910034 15.410279510387975 0.39827854949626 0.8331605177927108 -0.38368965141444306 0.12194731061595628 0.3664897062562376 0.9223958741461024 0.0 0.0 0.0 0.0 0.0 0.0
12.369800475750338 13.57425498923787 15.741672174925828 -0.2104618773688555 0.9177469293901529 -0.3368180098648558 0.12194731061595628 0.3664897062562376 0.9223958741461024 0.0 0.0 0.0 0.0 0.0 0.0
12.734600472262123 13.875547657997139 15.996287163516993 -0.7392443182865993 0.6536659386018723 -0.1619835750707892 0.12194731061595628 0.3664897062562376 0.9223958741461024 0.0 0.0 0.0 0.0 0.0 0.0
12.930889703160123 14.32584349802833 16.21397799107395 -0.9871754831813665 0.14124632902705023 0.07439112811362211 0.12194731061595628 0.3664897062562376 0.9223958741461024 0.0 0.0 0.0 0.0 0.0 0.0
12.902152251605408 14.808336443205562 16.448626278625127 -0.8600621773216115 -0.42483512245783533 0.28250339797433277 0.12194731061595628 0.3664897062562376 0.9223958741461024 0.0 0.0 0.0 0.0 0.0 0.0
12.677363599668336 15.193988208851074 16.747671224633535 -0.40619687082459605 -0.8295146080565213 0.383287903739658 0.12194731061595628 0.3664897062562376 0.9223958741461024 0.0 0.0 0.0 0.0 0.0 0.0
12.359982358245796 15.390552093489388 17.13408666035957 0.20198941814820168 -0.9190476253098767 0.338454926642273 0.12194731061595628 0.3664897062562376 0.9223958741461024 0.0 0.0 0.0 0.0 0.0 0.0
12.088644611045744 15.37761904302044 17.59765290726321 0.7334365500835183 -0.6594190840511303 0.16503726424887868 0.12194731061595628 0.3664897062562376 0.9223958741461024 0.0 0.0 0.0 0.0 0.0 0.0
11.984493748514845 15.214371391593385 18.098839403745288 0.9862388742369149 -0.14926620786220687 -0.071080814108577 0.12194731061595628 0.3664897062562376 0.9223958741461024 0.0 0.0 0.0 0.0 0.0 0.0
11.601838351371393 3.85950749618998 1.930687339690569 0.7561291813723318 -0.6396155346574051 0.13842192348804228 0.39310326276312973 0.6130256831298093 0.6853242565590485 0.0 0.0 0.0 0.0 0.0 0.0
11.657161143872072 3.862373438164975 2.4651181370113093 0.9192862772971963 -0.24616770374092156 -0.3071061738356695 0.39310326276312973 0.6130256831298093 0.6853242565590485 0.0 0.0 0.0 0.0 0.0 0.0
11.922035272208031 3.8091254443265483 2.9295440723430994 0.7331911468299277 0.24080335353126345 -0.6359595011777973 0.39310326276312973 0.6130256831298093 0.6853242565590485 0.0 0.0 0.0 0.0 0.0 0.0
12.354040345533766 3.8107685825024613 3.249003019370917 0.268544441379702 0.6362891907795487 -0.7232011813466366 0.39310326276312973 0.6130256831298093 0.6853242565590485 0.0 0.0 0.0 0.0 0.0 0.0
12.847260132721766 3.95745386173744 3.4036082343552105 -0.2981267871743002 0.790038126262724 -0.5356866414429369 0.39310326276312973 0.6130256831298093 0.6853242565590485 0.0 0.0 0.0 0.0 0.0 0.0
13.272521909392811 4.2842283567125925 3.4361036625671826 -0.7515346648667116 0.6436383688456109 -0.14465579025203448 0.39310326276312973 0.6130256831298093 0.6853242565590485 0.0 0.0 0.0 0.0 0.0 0.0
13.526471335560418 4.757720238118211 3.4356247988396027 -0.919421958386725 0.252709634044386 0.3013322141714549 0.39310326276312973 0.6130256831298093 0.6853242565590485 0.0 0.0 0.0 0.0 0.0 0.0
13.570838497384116 5.2888172885557685 3.5038346228138373 -0.7380054780002265 -0.23422771581006843 0.632839072425253 0.39310326276312973 0.6130256831298093 0.6853242565590485 0.0 0.0 0.0 0.0 0.0 0.0
13.44697728727629 5.766522123804434 3.7163001332597183 -0.27620837772784973 -0.632178040349705 0.7239197865596406 0.39310326276312973 0.6130256831298093 0.6853242565590485 0.0 0.0 0.0 0.0 0.0 0.0
13.26015436877449 6.100121954863876 4.093783181830037 0.2905249032011476 -0.7899533579072989 0.5399712704866307 0.39310326276312973 0.6130256831298093 0.6853242565590485 0.0 0.0 0.0 0.0 0.0 0.0
13.13955661109877 6.253651893132429 4.594352698498005 0.7468829160866771 -0.6476121874800819 0.15087864091754136 0.39310326276312973 0.6130256831298093 0.6853242565590485 0.0 0.0 0.0 0.0 0.0 0.0
13.189210837645714 6.259558612887752 5.129315006110529 0.9194876219344358 -0.25923231953081294 -0.2955353068924759 0.39310326276312973 0.6130256831298093 0.6853242565590485 0.0 0.0 0.0 0.0 0.0 0.0
13.448462296544331 6.20637331724927 5.596910031217881 0.7427636071960714 0.22763424074146488 -0.6296704505272073 0.39310326276312973 0.6130256831298093 0.6853242565590485 0.0 0.0 0.0 0.0 0.0 0.0
13.877026743074383 6.205077253950326 5.920971657314948 0.2838512797386492 0.6280187471145118 -0.7245832624781289 0.39310326276312973 0.6130256831298093 0.6853242565590485 0.0 0.0 0.0 0.0 0.0 0.0
14.370295097752253 6.346938083816773 6.07986450593108 -0.2829008946318034 0.7898084315452403 -0.5442147786274933 0.39310326276312973 0.6130256831298093 0.6853242565590485 0.0 0.0 0.0 0.0 0.0 0.0
14.799076184597313 6.668835770505315 6.114703578635333 -0.7421742892809078 0.6515366879391434 -0.1570900015903921 0.39310326276312973 0.6130256831298093 0.6853242565590485 0.0 0.0 0.0 0.0 0.0 0.0
15.058678618848244 7.139251265710216 6.113733980534212 -0.9194832629397952 0.2657352634724486 0.28971589345566545 0.39310326276312973 0.6130256831298093 0.6853242565590485 0.0 0.0 0.0 0.0 0.0 0.0
15.108684814380467 7.670241122585034 6.1788051294622335 -0.747465172067502 -0.22102343044410735 0.6264538767864855 0.39310326276312973 0.6130256831298093 0.6853242565590485 0.0 0.0 0.0 0.0 0.0 0.0
14.988306300420877 8.150848681535605 6.386676459315134 -0.29147256537552174 -0.6238116278202526 0.7251915585758409 0.39310326276312973 0.6130256831298093 0.6853242565590485 0.0 0.0 0.0 0.0 0.0 0.0
14.801486606012741 8.48925836029629 6.759855227763582 0.27525534206403757 -0.7896033582132521 0.54841684270595 0.39310326276312973 0.6130256831298093 0.6853242565590485 0.0 0.0 0.0 0.0 0.0 0.0
9.664172207648177 8.146608117742549 10.64838378649654 -0.12948099949921252 0.8703202724607262 0.47516028254955434 0.9902343324715636 0.08851804681730907 0.10770572028562685 0.0 0.0 0.0 0.0 0.0 0.0
10.053552774233038 8.450750367348407 10.43727867407834 -0.13518767602035633 0.42091826754775397 0.8969682850005414 0.9902343324715636 0.08851804681730907 0.10770572028562685 0.0 0.0 0.0 0.0 0.0 0.0
10.412117305815373 8.850840949285987 10.430637510449161 -0.08953429420395602 -0.18839762458475598 0.9780030394698274 0.9902343324715636 0.08851804681730907 0.10770572028562685 0.0 0.0 0.0 0.0 0.0 0.0
10.750272492216716 9.207986286771531 10.64693217044004 -0.009865337085901815 -0.7261381092972079 0.6874780879056857 0.9902343324715636 0.08851804681730907 0.10770572028562685 0.0 0.0 0.0 0.0 0.0 0.0
11.086178874718914 9.39960841939481 11.019937482200548 0.07355162653072667 -0.988006585905882 0.13576871672549415 0.9902343324715636 0.08851804681730907 0.10770572028562685 0.0 0.0 0.0 0.0 0.0 0.0
11.438851352803098 9.366014419673169 11.423891277210602 0.1290250975107145 -0.874514841939694 -0.46752145987060595 0.9902343324715636 0.08851804681730907 0.10770572028562685 0.0 0.0 0.0 0.0 0.0 0.0
11.82093510592463 9.133074734214727 11.721273540732568 0.1354797767617892 -0.42878028841216936 -0.8931924173198922 0.9902343324715636 0.08851804681730907 0.10770572028562685 0.0 0.0 0.0 0.0 0.0 0.0
12.233901478421886 8.80239456852114 11.815052564622123 0.09046342371998539 0.17985506550726352 -0.979524642048497 0.9902343324715636 0.08851804681730907 0.10770572028562685 0.0 0.0 0.0 0.0 0.0 0.0
12.667488991202552 8.512712370669083 11.685548915535938 0.011078503539170963 0.7201604730241491 -0.693719078484199 0.9902343324715636 0.08851804681730907 0.10770572028562685 0.0 0.0 0.0 0.0 0.0 0.0
13.103601849213554 8.387190775302763 11.397911980681377 -0.07251532535887623 0.9868648763981407 -0.14435803863927596 0.9902343324715636 0.08851804681730907 0.10770572028562685 0.0 0.0 0.0 0.0 0.0 0.0
13.523184836527305 8.486625059563144 11.077368626376762 -0.12855936976150042 0.8786428137276261 0.45984703362240553 0.9902343324715636 0.08851804681730907 0.10770572028562685 0.0 0.0 0.0 0.0 0.0 0.0
13.913462711458795 8.786346000859275 10.861647417855481 -0.13576156019369076 0.43660965599753176 0.889348529578529 0.9902343324715636 0.08851804681730907 0.10770572028562685 0.0 0.0 0.0 0.0 0.0 0.0
14.272793734472389 9.185592126977985 10.848653234635018 -0.09138566409605549 -0.17129880977019551 0.9809716500332907 0.9902343324715636 0.08851804681730907 0.10770572028562685 0.0 0.0 0.0 0.0 0.0 0.0
14.611293392479833 9.545790684019654 11.05927156990596 -0.012290826321503802 -0.7141279937428547 0.6999072396690432 0.9902343324715636 0.08851804681730907 0.10770572028562685 0.0 0.0 0.0 0.0 0.0 0.0
14.94699135624056 9.74320374241757 11.429433782482072 0.07147350186424484 -0.9856480133092589 0.15293636712951067 0.9902343324715636 0.08851804681730907 0.10770572028562685 0.0 0.0 0.0 0.0 0.0 0.0
15.298981707000157 9.715938305168182 11.834457844757507 0.12808385171854086 -0.8827038734634889 -0.4521375882422245 0.9902343324715636 0.08851804681730907 0.10770572028562685 0.0 0.0 0.0 0.0 0.0 0.0
15.680168775789161 9.487460492188474 12.136417129566597 0.13603300485716097 -0.4444057740671869 -0.8854369145033854 0.9902343324715636 0.08851804681730907 0.10770572028562685 0.0 0.0 0.0 0.0 0.0 0.0
16.09236457231564 9.157680369026902 12.236541041854327 0.09230094509999033 0.16272950896555308 -0.9823439532289481 0.9902343324715636 0.08851804681730907 0.10770572028562685 0.0 0.0 0.0 0.0 0.0 0.0
16.525600372181913 8.864994442554321 12.112739619094024 0.013502213109826059 0.7080411308499779 -0.7060421002077855 0.9902343324715636 0.08851804681730907 0.10770572028562685 0.0 0.0 0.0 0.0 0.0 0.0
16.961914001951417 8.73370651413754 11.827995877375708 -0.0704262353857259 0.984356089308072 -0.16150304892327116 0.9902343324715636 0.08851804681730907 0.10770572028562685 0.0 0.0 0.0 0.0 0.0 0.0
7.406354729651015 2.398250117455709 10.84225341020364 0.0756715600468775 0.8138329523321374 -0.5761507968391859 0.5218589920675413 0.46003340249027525 0.7183539942058306 0.0 0.0 0.0 0.0 0.0 0.0
7.917314012744747 2.545403355032229 10.919400268917698 -0.4369251605698903 0.8674174437211416 -0.2380827217360714 0.5218589920675413 0.46003340249027525 0.7183539942058306 0.0 0.0 0.0 0.0 0.0 0.0
8.328676191738703 2.8902844261983107 10.942276163720738 -0.7835267076870309 0.5914555457942076 0.1904369598854113 0.5218589920675413 0.46003340249027525 0.7183539942058306 0.0 0.0 0.0 0.0 0.0 0.0
8.561433433061698 3.3699878076383576 11.008562169521763 -0.8324533586859022 0.09078979741066544 0.546606456510249 0.5218589920675413 0.46003340249027525 0.7183539942058306 0.0 0.0 0.0 0.0 0.0 0.0
8.60443290507906 3.8703867262548712 11.199447134283297 -0.5651170608420508 -0.44436851293365376 0.6951110215342401 0.5218589920675413 0.46003340249027525 0.7183539942058306 0.0 0.0 0.0 0.0 0.0 0.0
8.518613925296043 4.269491828366083 11.548782678275261 -0.08308334333090094 -0.8107037957691371 0.5795312878408487 0.5218589920675413 0.46003340249027525 0.7183539942058306 0.0 0.0 0.0 0.0 0.0 0.0
8.413856094786524 4.483796974722888 12.030222397565524 0.4305151253910823 -0.869039152347277 0.2437779286502916 0.5218589920675413 0.46003340249027525 0.7183539942058306 0.0 0.0 0.0 0.0 0.0 0.0
8.407234200656081 4.500004618957776 12.567231303362103 0.7805537001479406 -0.5972120053888875 -0.18459074138412787 0.5218589920675413 0.46003340249027525 0.7183539942058306 0.0 0.0 0.0 0.0 0.0 0.0
8.57853954703452 4.380077767772965 13.062162743852015 0.8340468740566652 -0.09849403273099905 -0.5428303025741009 0.5218589920675413 0.46003340249027525 0.7183539942058306 0.0 0.0 0.0 0.0 0.0 0.0
8.939965904597496 4.237699198728003 13.433355999789981 0.5706716959911579 0.43764346969380674 -0.6948395561774972 0.5218589920675413 0.46003340249027525 0.7183539942058306 0.0 0.0 0.0 0.0 0.0 0.0
9.431476893217868 4.195081472370216 13.64616055703413 0.09048879949665904 0.8075129009733214 -0.5828676452911963 0.5218589920675413 0.46003340249027525 0.7183539942058306 0.0 0.0 0.0 0.0 0.0 0.0
9.943614806530737 4.336536337197727 13.726100416194193 -0.42407230481866903 0.870594680277339 -0.24945457093142087 0.5218589920675413 0.46003340249027525 0.7183539942058306 0.0 0.0 0.0 0.0 0.0 0.0
10.359085424616737 4.676443286787759 13.74917709806134 -0.7775212504225477 0.6029229849771565 0.17873046558321556 0.5218589920675413 0.46003340249027525 0.7183539942058306 0.0 0.0 0.0 0.0 0.0 0.0
10.597320049204177 5.153786549774331 13.812995395181941 -0.8355768735288251 0.10619076734940464 0.5390128100087584 0.5218589920675413 0.46003340249027525 0.7183539942058306 0.0 0.0 0.0 0.0 0.0 0.0
10.645084899179256 5.6553360015194984 13.999681679304103 -0.57618287228117 -0.43088509820933724 0.6945151760983701 0.5218589920675413 0.46003340249027525 0.7183539942058306 0.0 0.0 0.0 0.0 0.0 0.0
10.561508845288222 6.058665181570028 14.344682719670839 -0.09788736458999406 -0.8042605109436834 0.5861596151136907 0.5218589920675413 0.46003340249027525 0.7183539942058306 0.0 0.0 0.0 0.0 0.0 0.0
10.455619363558869 6.278663152844851 14.82329886274628 0.417597189498381 -0.8720839090518536 0.25511221628117076 0.5218589920675413 0.46003340249027525 0.7183539942058306 0.0 0.0 0.0 0.0 0.0 0.0
10.444921174315388 6.299869569611146 15.36006784355013 0.7744295894436389 -0.6085880496458083 -0.17285657876536623 0.5218589920675413 0.46003340249027525 0.7183539942058306 0.0 0.0 0.0 0.0 0.0 0.0
10.610754234353044 6.182348321311428 15.857434161785475 0.8370432405869982 -0.11387941512974255 -0.5351542695310612 0.5218589920675413 0.46003340249027525 0.7183539942058306 0.0 0.0 0.0 0.0 0.0 0.0
10.96739132742011 6.038868256749665 16.23281204744256 0.5816501700146752 0.4240939131563993 -0.6941379059996586 0.5218589920675413 0.46003340249027525 0.7183539942058306 0.0 0.0 0.0 0.0 0.0 0.0
2.669977126303088 9.90773694508973 3.9700694539477173 0.919055981872434 -0.21564872841954846 0.32989654153314185 0.16751160373826637 0.9713952949146538 0.16831828073832855 0.0 0.0 0.0 0.0 0.0 0.0
2.714500680458627 10.226789526592453 4.400078995097873 0.9536663931806759 -0.1163800249139406 -0.27744567093178946 0.16751160373826637 0.9713952949146538 0.16831828073832855 0.0 0.0 0.0 0.0 0.0 0.0
2.9764125189468564 10.519313277754142 4.766844786829287 0.6259629972677665 0.0271033958267264 -0.7793816343654844 0.16751160373826637 0.9713952949146538 0.16831828073832855 0.0 0.0 0.0 0.0 0.0 0.0
3.3810126423582276 10.818015248847342 4.9559505104838095 0.06044579314962191 0.16028978334820704 -0.9852174843376955 0.16751160373826637 0.9713952949146538 0.16831828073832855 0.0 0.0 0.0 0.0 0.0 0.0
3.799391386219984 11.15325528109829 4.920475877583644 -0.5280357783858324 0.23257940227343937 -0.8167527400520901 0.16751160373826637 0.9713952949146538 0.16831828073832855 0.0 0.0 0.0 0.0 0.0 0.0
4.097404357784021 11.541511795415591 4.698822431889441 -0.9159077294250867 0.21650821775475207 -0.33798997444309226 0.16751160373826637 0.9713952949146538 0.16831828073832855 0.0 0.0 0.0 0.0 0.0 0.0
4.186636133606531 11.979121364782527 4.400124160886067 -0.9558110208951306 0.11818194148667069 0.26918083334785975 0.16751160373826637 0.9713952949146538 0.16831828073832855 0.0 0.0 0.0 0.0 0.0 0.0
4.0579907571413605 12.44367051142995 4.162785669314124 -0.6325857252190386 -0.02504363024888839 0.7740853420864257 0.16751160373826637 0.9713952949146538 0.16831828073832855 0.0 0.0 0.0 0.0 0.0 0.0
3.785147444708171 12.90251096177414 4.101899955827411 -0.06903053626291664 -0.15875470814572562 0.9849018873496072 0.16751160373826637 0.9713952949146538 0.16831828073832855 0.0 0.0 0.0 0.0 0.0 0.0
3.4965686193618013 13.325163271401289 4.265522658552024 0.5207505075485065 -0.23215221818082588 0.821537738927247 0.16751160373826637 0.9713952949146538 0.16831828073832855 0.0 0.0 0.0 0.0 0.0 0.0
3.3266948885965517 13.694896475589438 4.6164149147148255 0.9126897270580627 -0.21735121915092742 0.34605766810790756 0.16751160373826637 0.9713952949146538 0.16831828073832855 0.0 0.0 0.0 0.0 0.0 0.0
3.3648688098320103 14.015084462533167 5.046191027211544 0.9578828598997715 -0.11997485804699601 -0.2608954966012944 0.16751160373826637 0.9713952949146538 0.16831828073832855 0.0 0.0 0.0 0.0 0.0 0.0
3.6213921591214495 14.307924176810069 5.416496003048907 0.6391602793181802 0.022981957501647145 -0.7687301002115736 0.16751160373826637 0.9713952949146538 0.16831828073832855 0.0 0.0 0.0 0.0 0.0 0.0
4.023612114192675 14.6060026290226 5.611568928354917 0.07761002243361252 0.15720754315757565 -0.984511286269594 0.16751160373826637 0.9713952949146538 0.16831828073832855 0.0 0.0 0.0 0.0 0.0 0.0
4.443523276319644 14.939916545644442 5.58222247497808 -0.513425579543863 0.2317073547979846 -0.8262601745228718 0.16751160373826637 0.9713952949146538 0.16831828073832855 0.0 0.0 0.0 0.0 0.0 0.0
4.746399061434632 15.326648161083169 5.364529988820442 -0.9094022198347012 0.2181776684102555 -0.3540990081414796 0.16751160373826637 0.9713952949146538 0.16831828073832855 0.0 0.0 0.0 0.0 0.0 0.0
4.841976581923918 15.76311338290098 5.066120622615212 -0.9598817524160366 0.12175863805738005 0.25259029165256486 0.16751160373826637 0.9713952949146538 0.16831828073832855 0.0 0.0 0.0 0.0 0.0 0.0
4.718749026747246 16.227333490095113 4.825289221339948 -0.6456861588874422 -0.0209185345893633 0.7633163165633311 0.16751160373826637 0.9713952949146538 0.16831828073832855 0.0 0.0 0.0 0.0 0.0 0.0
4.448337291335638 16.6867852166714 4.758455798443078 -0.0861835983006206 -0.15564840620635992 0.9840457108434415 0.16751160373826637 0.9713952949146538 0.16831828073832855 0.0 0.0 0.0 0.0 0.0 0.0
4.158280001979632 17.110756884155457 4.915935626296014 0.5060615521935297 -0.23124484600298345 0.8309196872072105 0.16751160373826637 0.9713952949146538 0.16831828073832855 0.0 0.0 0.0 0.0 0.0 0.0
11.357476781102905 7.332437779773016 11.891520516415934 0.6929667533211621 -0.4488281858052908 -0.5642254322682195 0.7194413664296878 0.3795540573562582 0.5816724489041802 0.0 0.0 0.0 0.0 0.0 0.0
11.700362721527192 7.1445911244432185 12.260068977353056 0.5888427210781638 0.11080969486348644 -0.8006156764375307 0.7194413664296878 0.3795540573562582 0.5816724489041802 0.0 0.0 0.0 0.0 0.0 0.0
12.17747537874921 6.982003542544185 12.446117069654834 0.26100749417228203 0.6283491198143241 -0.7328386395479365 0.7194413664296878 0.3795540573562582 0.5816724489041802 0.0 0.0 0.0 0.0 0.0 0.0
12.714084702480411 6.96264816227786 12.46511457101286 -0.16598884358224014 0.9071682087106475 -0.38664395108542104 0.7194413664296878 0.3795540573562582 0.5816724489041802 0.0 0.0 0.0 0.0 0.0 0.0
13.212856864094194 7.150081803731216 12.395976571555194 -0.529923244474399 0.8413389280741702 0.1064432387365792 0.7194413664296878 0.3795540573562582 0.5816724489041802 0.0 0.0 0.0 0.0 0.0 0.0
13.590833005455979 7.529298680311846 12.351102311716774 -0.6925309449465614 0.4558709222255692 0.5590908625265052 0.7194413664296878 0.3795540573562582 0.5816724489041802 0.0 0.0 0.0 0.0 0.0 0.0
13.81094669612668 8.012431347957794 12.433672831583088 -0.5920345609335808 -0.10279006873189439 0.7993305201418712 0.7194413664296878 0.3795540573562582 0.5816724489041802 0.0 0.0 0.0 0.0 0.0 0.0
13.896106090004174 8.472133016202013 12.698450768666714 -0.26661434893192737 -0.6223993940198089 0.7358911490617202 0.7194413664296878 0.3795540573562582 0.5816724489041802 0.0 0.0 0.0 0.0 0.0 0.0
13.920490734653605 8.789958722995591 13.130975116333806 0.1600971117831681 -0.9055487835566564 0.3928744270091238 0.7194413664296878 0.3795540573562582 0.5816724489041802 0.0 0.0 0.0 0.0 0.0 0.0
13.981369520971471 8.901364556084298 13.653055201999441 0.5259850030508701 -0.8446650502520491 -0.09940185837437468 0.7194413664296878 0.3795540573562582 0.5816724489041802 0.0 0.0 0.0 0.0 0.0 0.0
14.162146605284926 8.820228964390624 14.152476630920953 0.6920423976592595 -0.46287894231014465 -0.5539137158510022 0.7194413664296878 0.3795540573562582 0.5816724489041802 0.0 0.0 0.0 0.0 0.0 0.0
14.500674775919954 8.633580103232848 14.525633410885307 0.5951813150650265 0.0947626147385999 -0.79798449173237 0.7194413664296878 0.3795540573562582 0.5816724489041802 0.0 0.0 0.0 0.0 0.0 0.0
14.974874546051462 8.468532383086446 14.716889600850651 0.2722008999766608 0.6164022701017213 -0.7388876176153852 0.7194413664296878 0.3795540573562582 0.5816724489041802 0.0 0.0 0.0 0.0 0.0 0.0
15.511122519897462 8.443993579804856 14.739716335131437 -0.15419318796919382 0.903860397356822 -0.3990749840241355 0.7194413664296878 0.3795540573562582 0.5816724489041802 0.0 0.0 0.0 0.0 0.0 0.0
16.01222215169419 8.625489782540761 14.671573914247007 -0.5220067058329264 0.8479268479160966 0.09235290817580404 0.7194413664296878 0.3795540573562582 0.5816724489041802 0.0 0.0 0.0 0.0 0.0 0.0
16.394330338471338 9.000270936939197 14.624483341687142 -0.6915011486640258 0.46985171237115375 0.5486943865014718 0.7194413664296878 0.3795540573562582 0.5816724489041802 0.0 0.0 0.0 0.0 0.0 0.0
16.618810816652406 9.482154803956544 14.70246767179498 -0.5982827438349931 -0.08672794420530529 0.7965776937142995 0.7194413664296878 0.3795540573562582 0.5816724489041802 0.0 0.0 0.0 0.0 0.0 0.0
16.706912724551295 9.94426903336339 14.962031912249346 -0.2777667218689939 -0.6103582047642677 0.7418278170162481 0.7194413664296878 0.3795540573562582 0.5816724489041802 0.0 0.0 0.0 0.0 0.0 0.0
16.731697699460206 10.267252090789276 15.390695826934211 0.14827752174697098 -0.9021031786882917 0.4052451499340311 0.7194413664296878 0.3795540573562582 0.5816724489041802 0.0 0.0 0.0 0.0 0.0 0.0
16.790282540116895 10.384600700248447 15.911735386297595 0.5179886557833009 -0.8511240726677941 -0.08529692494571799 0.7194413664296878 0.3795540573562582 0.5816724489041802 0.0 0.0 0.0 0.0 0.0 0.0
5.418255727925648 8.409861667349807 9.824279438498126 -0.3968891324985104 0.707610855648327 -0.5846074695667364 0.5139683395507584 0.6990337246075373 0.49718044792685684 0.0 0.0 0.0 0.0 0.0 0.0
5.840897419748681 8.726680456670344 9.725867258434922 -0.7674156730870829 0.6336751740064466 -0.09761638462983176 0.5139683395507584 0.6990337246075373 0.49718044792685684 0.0 0.0 0.0 0.0 0.0 0.0
6.088606684744745 9.187945521844272 9.605203420423846 -0.8463881689640403 0.31899569927558735 0.4264607968868629 0.5139683395507584 0.6990337246075373 0.49718044792685684 0.0 0.0 0.0 0.0 0.0 0.0
6.143381739993814 9.721925666705282 9.581751334481737 -0.6038036485960068 -0.11687557493374535 0.7885183916219434 0.5139683395507584 0.6990337246075373 0.49718044792685684 0.0 0.0 0.0 0.0 0.0 0.0
6.060519734546716 10.229264020582649 9.738042040720618 -0.1318240270676923 -0.5083438641703406 0.8510046660553763 0.5139683395507584 0.6990337246075373 0.49718044792685684 0.0 0.0 0.0 0.0 0.0 0.0
5.947608437981687 10.620725374627325 10.08831928736372 0.39023774632383773 -0.7066838203524499 0.5901800398151044 0.5139683395507584 0.6990337246075373 0.49718044792685684 0.0 0.0 0.0 0.0 0.0 0.0
5.923651847970026 10.851098129586822 10.573128092652718 0.7640416754597561 -0.636542778059261 0.10513614916500842 0.5139683395507584 0.6990337246075373 0.49718044792685684 0.0 0.0 0.0 0.0 0.0 0.0
6.073858581920022 10.936370938258863 11.081902686451993 0.8475733979929129 -0.3245684919536461 -0.41985072233554965 0.5139683395507584 0.6990337246075373 0.49718044792685684 0.0 0.0 0.0 0.0 0.0 0.0
6.417269698611437 10.947658348977509 11.494972294884258 0.6090978159570373 0.1107147907409616 -0.7853292848910906 0.5139683395507584 0.6990337246075373 0.49718044792685684 0.0 0.0 0.0 0.0 0.0 0.0
6.899524681615548 10.984183199729204 11.729026068115177 0.13921579006666718 0.5039356733804892 -0.852448122111056 0.5139683395507584 0.6990337246075373 0.49718044792685684 0.0 0.0 0.0 0.0 0.0 0.0
7.413513908345788 11.135580203084338 11.768764265088564 -0.383556642033916 0.7057029683476148 -0.5957076655684657 0.5139683395507584 0.6990337246075373 0.49718044792685684 0.0 0.0 0.0 0.0 0.0 0.0
7.84007138645577 11.447842220279288 11.672710880951648 -0.7606094931007357 0.6393619069150499 -0.11264790717537515 0.5139683395507584 0.6990337246075373 0.49718044792685684 0.0 0.0 0.0 0.0 0.0 0.0
8.093247906680826 11.905846804273073 11.550979402829636 -0.8486940810260146 0.33011656748442386 0.41320867452621224 0.5139683395507584 0.6990337246075373 0.49718044792685684 0.0 0.0 0.0 0.0 0.0 0.0
8.152964584431807 12.439101470212067 11.523438855067504 -0.6143455981611649 -0.10454557518821386 0.782080372294667 0.5139683395507584 0.6990337246075373 0.49718044792685684 0.0 0.0 0.0 0.0 0.0 0.0
8.072641163751538 12.948524968997376 11.674173552778134 -0.14659695124423305 -0.4994891059380441 0.8538266609418496 0.5139683395507584 0.6990337246075373 0.49718044792685684 0.0 0.0 0.0 0.0 0.0 0.0
7.958900963422464 13.344089910367659 12.019538064716153 0.3768463284207029 -0.7046683743295007 0.6011899258767175 0.5139683395507584 0.6990337246075373 0.49718044792685684 0.0 0.0 0.0 0.0 0.0 0.0
7.931062895514379 13.579025673637112 12.501943839174238 0.7571193873839958 -0.6421323458862379 0.1201510866114759 0.5139683395507584 0.6990337246075373 0.49718044792685684 0.0 0.0 0.0 0.0 0.0 0.0
8.075810215783271 13.667587348457074 13.011738057605967 0.849750132718993 -0.3356395033604904 -0.40653515927650774 0.5139683395507584 0.6990337246075373 0.49718044792685684 0.0 0.0 0.0 0.0 0.0 0.0
8.414258105542881 13.6796399879251 13.42886257368897 0.6195465955694562 0.09836839808514991 -0.7787719012499466 0.5139683395507584 0.6990337246075373 0.49718044792685684 0.0 0.0 0.0 0.0 0.0 0.0
8.893931661256612 13.714115706831803 13.668466010377957 0.15396694849638778 0.4950045004663302 -0.8551401775666887 0.5139683395507584 0.6990337246075373 0.49718044792685684 0.0 0.0 0.0 0.0 0.0 0.0
6.9418398158630525 2.201356663319726 12.347767867526235 0.1618830056289703 0.9591249167615469 -0.23210619667662108 0.005104288629645942 0.23439161121518753 0.9721288591691606 0.0 0.0 0.0 0.0 0.0 0.0
7.309458099938569 2.3462464138769663 12.71184046950995 -0.4474983643140572 0.8699039051758553 -0.20739433380890515 0.005104288629645942 0.23439161121518753 0.9721288591691606 0.0 0.0 0.0 0.0 0.0 0.0
7.57506911778814 2.689430786990609 13.028637526576253 -0.886867623880509 0.4501918559961611 -0.103889896078836 0.005104288629645942 0.23439161121518753 0.9721288591691606 0.0 0.0 0.0 0.0 0.0 0.0
7.638518632868819 3.135236407843883 13.321752878562485 -0.989301045498808 -0.14055560608291937 0.039084050118017966 0.005104288629645942 0.23439161121518753 0.9721288591691606 0.0 0.0 0.0 0.0 0.0 0.0
7.4764569434996435 3.549002373867967 13.623777441002902 -0.7158824597006822 -0.6779036434466832 0.16720931222456595 0.005104288629645942 0.23439161121518753 0.9721288591691606 0.0 0.0 0.0 0.0 0.0 0.0
7.151209824916424 3.8082401830381114 13.963917371426156 -0.17048815854581612 -0.957704752720547 0.2318089610263834 0.005104288629645942 0.23439161121518753 0.9721288591691606 0.0 0.0 0.0 0.0 0.0 0.0
6.787099925228268 3.849169163691384 14.356898161809253 0.4396774444506104 -0.8736578144662914 0.20834050989512848 0.005104288629645942 0.23439161121518753 0.9721288591691606 0.0 0.0 0.0 0.0 0.0 0.0
6.523214512837098 3.6909478180473827 14.797370177978388 0.8828022352853916 -0.4576936657165802 0.10572001578714355 0.005104288629645942 0.23439161121518753 0.9721288591691606 0.0 0.0 0.0 0.0 0.0 0.0
6.460563897756646 3.428395186901936 15.26194107507269 0.990535697268978 0.13215595886887452 -0.03706527986278202 0.005104288629645942 0.23439161121518753 0.9721288591691606 0.0 0.0 0.0 0.0 0.0 0.0
6.623705926035909 3.195967510738942 15.718062940456008 0.7219480869863751 0.6717973251502406 -0.16576885599440447 0.005104288629645942 0.23439161121518753 0.9721288591691606 0.0 0.0 0.0 0.0 0.0 0.0
6.951416043459843 3.116676055982078 16.136397789899476 0.1790803281293171 0.956211655754723 -0.2314940722262786 0.005104288629645942 0.23439161121518753 0.9721288591691606 0.0 0.0 0.0 0.0 0.0 0.0
7.319947527315626 3.2553530782417464 16.501963558294996 -0.4318230414474882 0.8773451913316525 -0.20927082004490014 0.005104288629645942 0.23439161121518753 0.9721288591691606 0.0 0.0 0.0 0.0 0.0 0.0
7.590044935286123 3.5940209644711705 16.819826036676563 -0.8786696178821495 0.46516062029232214 -0.10754208450693716 0.005104288629645942 0.23439161121518753 0.9721288591691606 0.0 0.0 0.0 0.0 0.0 0.0
7.659849576213005 4.038722228732529 17.11317429351096 -0.9916949159107861 -0.12374624746689905 0.03504368694298052 0.005104288629645942 0.23439161121518753 0.9721288591691606 0.0 0.0 0.0 0.0 0.0 0.0
7.503597329854298 4.4552155319901265 17.41451075988666 -0.7279587351301082 -0.6656398468865188 0.16431577582405887 0.005104288629645942 0.23439161121518753 0.9721288591691606 0.0 0.0 0.0 0.0 0.0 0.0
7.1814068669174285 4.719976211205554 17.753303012531656 -0.1876588600524931 -0.9546457395691892 0.2311615542563081 0.005104288629645942 0.23439161121518753 0.9721288591691606 0.0 0.0 0.0 0.0 0.0 0.0
6.816439560926899 4.767125364048214 18.144788548742888 0.42393575344788903 -0.8809657549639136 0.2101851934115005 0.005104288629645942 0.23439161121518753 0.9721288591691606 0.0 0.0 0.0 0.0 0.0 0.0
6.548108423273973 4.613458345327223 18.584185806405756 0.8744700863855982 -0.47259215108588626 0.10935596348062943 0.005104288629645942 0.23439161121518753 0.9721288591691606 0.0 0.0 0.0 0.0 0.0 0.0
6.479112769327886 4.352063930896071 19.048510759384925 0.9927786131452447 0.115327112309076 -0.03301942531074125 0.005104288629645942 0.23439161121518753 0.9721288591691606 0.0 0.0 0.0 0.0 0.0 0.0
6.636421031486079 4.116958335344545 19.50530893332555 0.7339139463977545 0.6594316775713271 -0.16285018237121 0.005104288629645942 0.23439161121518753 0.9721288591691606 0.0 0.0 0.0 0.0 0.0 0.0
10.456779193323609 8.871285599325656 1.2831069864531173 0.2824968769480562 0.953075222716514 -0.10882616578039604 0.03708540168072337 0.10251140744373426 0.9940402830499799 0.0 0.0 0.0 0.0 0.0 0.0
10.84067200752571 8.919650905602824 1.6558967482104205 -0.33323362665088946 0.9390582770023969 -0.08440913731572848 0.03708540168072337 0.10251140744373426 0.9940402830499799 0.0 0.0 0.0 0.0 0.0 0.0
11.148604206047528 9.182074575670198 2.0094454444606664 -0.822363104116033 0.5682773916379344 -0.02792366633929828 0.03708540168072337 0.10251140744373426 0.9940402830499799 0.0 0.0 0.0 0.0 0.0 0.0
11.269078709110405 9.574037095042312 2.3566289400902494 -0.9990630891496071 -0.01840157590109587 0.039170472338236 0.03708540168072337 0.10251140744373426 0.9940402830499799 0.0 0.0 0.0 0.0 0.0 0.0
11.161816749566064 9.961804974608768 2.712741346121834 -0.7962023031711515 -0.5980894770973575 0.09138309367910098 0.03708540168072337 0.10251140744373426 0.9940402830499799 0.0 0.0 0.0 0.0 0.0 0.0
10.873060449961317 10.213238339051966 3.0896845312329435 -0.29085095042535397 -0.9505531864215278 0.1088777498874256 0.03708540168072337 0.10251140744373426 0.9940402830499799 0.0 0.0 0.0 0.0 0.0 0.0
10.518004667055473 10.24799307474118 3.4914464028567345 0.32499954115560625 -0.9418858478223882 0.08500792857461362 0.03708540168072337 0.10251140744373426 0.9940402830499799 0.0 0.0 0.0 0.0 0.0 0.0
10.237032539782176 10.068044901782798 3.912585834473887 0.8173772733489905 -0.5753803281439256 0.028842173939532523 0.03708540168072337 0.10251140744373426 0.9940402830499799 0.0 0.0 0.0 0.0 0.0 0.0
10.142381587687593 9.756938764919642 4.340299840548076 0.9992197135778497 0.009721798042496392 -0.03828120479060981 0.03708540168072337 0.10251140744373426 0.9940402830499799 0.0 0.0 0.0 0.0 0.0 0.0
10.275502800743574 9.44804871222617 4.759287644785727 0.8014418785557691 0.5911304506127785 -0.09086091379318662 0.03708540168072337 0.10251140744373426 0.9940402830499799 0.0 0.0 0.0 0.0 0.0 0.0
10.591312715233746 9.273906864349827 5.1575637008652775 0.2991828744767015 0.9479587618211789 -0.10892104253226408 0.03708540168072337 0.10251140744373426 0.9940402830499799 0.0 0.0 0.0 0.0 0.0 0.0
10.975321375374685 9.315852246058187 5.531011201872393 -0.31674070568697715 0.9446416903884081 -0.08560024615061643 0.03708540168072337 0.10251140744373426 0.9940402830499799 0.0 0.0 0.0 0.0 0.0 0.0
11.287128981688019 9.573128730813776 5.88494612407606 -0.8123291961379775 0.5824394472102526 -0.029758485096554477 0.03708540168072337 0.10251140744373426 0.9940402830499799 0.0 0.0 0.0 0.0 0.0 0.0
11.413766122181725 9.963172305887428 6.232097598665615 -0.9993002435562668 -0.001041279831336727 0.037389021981026865 0.03708540168072337 0.10251140744373426 0.9940402830499799 0.0 0.0 0.0 0.0 0.0 0.0
11.312612740713753 10.35297852119076 6.587771901992193 -0.806620421038426 -0.5841264072557307 0.09033181449690429 0.03708540168072337 0.10251140744373426 0.9940402830499799 0.0 0.0 0.0 0.0 0.0 0.0
11.027590208889723 10.609633103580586 6.964037345275635 -0.3074920145938239 -0.9452921464909456 0.10895604041800847 0.03708540168072337 0.10251140744373426 0.9940402830499799 0.0 0.0 0.0 0.0 0.0 0.0
10.672474862663783 10.650808311434142 7.365139321400668 0.30845774918729846 -0.9473255948323759 0.08618604493645973 0.03708540168072337 0.10251140744373426 0.9940402830499799 0.0 0.0 0.0 0.0 0.0 0.0
10.387672470070722 10.476040620138015 7.785887409180815 0.8072192569136182 -0.5894542112576687 0.03067253002972137 0.03708540168072337 0.10251140744373426 0.9940402830499799 0.0 0.0 0.0 0.0 0.0 0.0
10.286875732490312 10.166906822838499 8.213627301146351 0.9993046729521888 -0.007639317677313694 -0.03649399185266289 0.03708540168072337 0.10251140744373426 0.9940402830499799 0.0 0.0 0.0 0.0 0.0 0.0
10.41387052655252 9.856031642834067 8.633048386520786 0.8117375362530632 0.5770778804112331 -0.08979583608321451 0.03708540168072337 0.10251140744373426 0.9940402830499799 0.0 0.0 0.0 0.0 0.0 0.0
7.326330006139289 -0.06628913391901053 9.62849504725676 0.3665908733467782 0.7474867310791409 -0.5539627410209702 0.60773018379005 0.25845057430609136 0.7509109962914138 0.0 0.0 0.0 0.0 0.0 0.0
7.852831193190828 -0.0956536514668328 9.731545167396732 -0.11612668576765614 0.9643183165781963 -0.23791758481544265 0.60773018379005 0.25845057430609136 0.7509109962914138 0.0 0.0 0.0 0.0 0.0 0.0
8.3528612985677 0.0947982215916639 9.780361966591936 -0.5547257754243093 0.8147892510667204 0.16851643963136426 0.60773018379005 0.25845057430609136 0.7509109962914138 0.0 0.0 0.0 0.0 0.0 0.0
8.726441645982128 0.4709813300681997 9.867592093503488 -0.7825752684768914 0.3557081265251792 0.5109282512175931 0.60773018379005 0.25845057430609136 0.7509109962914138 0.0 0.0 0.0 0.0 0.0 0.0
8.921633936323484 0.9282481171785222 10.07128833135647 -0.7131113330743513 -0.23851246240600646 0.6592298779014376 0.60773018379005 0.25845057430609136 0.7509109962914138 0.0 0.0 0.0 0.0 0.0 0.0
8.954272475852461 1.3311459809785902 10.425256040619784 -0.3727244796511805 -0.7421181791534346 0.5570790522347315 0.60773018379005 0.25845057430609136 0.7509109962914138 0.0 0.0 0.0 0.0 0.0 0.0
8.90194845851716 1.5648779824898509 10.906209937368521 0.10926663521245536 -0.9637807920861841 0.2432845807589849 0.60773018379005 0.25845057430609136 0.7509109962914138 0.0 0.0 0.0 0.0 0.0 0.0
8.874531774116615 1.5789161221196604 11.442620561956229 0.5497455285181599 -0.8192869685498478 -0.16293777044837973 0.60773018379005 0.25845057430609136 0.7509109962914138 0.0 0.0 0.0 0.0 0.0 0.0
8.972429600239556 1.4061977714896308 11.941889516643384 0.7813669042847275 -0.36353232791378 -0.507257338488157 0.60773018379005 0.25845057430609136 0.7509109962914138 0.0 0.0 0.0 0.0 0.0 0.0
9.248440036779943 1.150612215273094 12.325529145061289 0.716133929355548 0.23033432203313312 -0.6588613627458504 0.60773018379005 0.25845057430609136 0.7509109962914138 0.0 0.0 0.0 0.0 0.0 0.0
9.687693225050113 0.9475313750114898 12.558981305110175 0.3788297015433963 0.7366931120551587 -0.5601529397218457 0.60773018379005 0.25845057430609136 0.7509109962914138 0.0 0.0 0.0 0.0 0.0 0.0
10.213300655706995 0.9123797528229408 12.664746584924229 -0.10239826357993988 0.9631698719554257 -0.24863304963978747 0.60773018379005 0.25845057430609136 0.7509109962914138 0.0 0.0 0.0 0.0 0.0 0.0
10.715566398958863 1.0967827332528142 12.713835953249644 -0.5447234163615872 0.8237222941583219 0.15734669292333672 0.60773018379005 0.25845057430609136 0.7509109962914138 0.0 0.0 0.0 0.0 0.0 0.0
11.093662422311361 1.4689532365545361 12.798792505177854 -0.7800990359776169 0.3713288449081376 0.5035477961484687 0.60773018379005 0.25845057430609136 0.7509109962914138 0.0 0.0 0.0 0.0 0.0 0.0
11.293934845866909 1.9257681617369464 12.998532793082262 -0.7191019892653985 -0.22213864080986107 0.658442672746605 0.60773018379005 0.25845057430609136 0.7509109962914138 0.0 0.0 0.0 0.0 0.0 0.0
11.330287948342834 2.331946576757147 13.348365108957186 -0.3849060740871402 -0.7312119429241761 0.56318416939388 0.60773018379005 0.25845057430609136 0.7509109962914138 0.0 0.0 0.0 0.0 0.0 0.0
11.278901699119508 2.5714452063801643 13.82657527396606 0.09552209392320209 -0.9624856027098537 0.25396258415123846 0.60773018379005 0.25845057430609136 0.7509109962914138 0.0 0.0 0.0 0.0 0.0 0.0
11.249289714211583 2.5915452125808187 14.362676218023152 0.5396598214078763 -0.8280948901249251 -0.15174363283843456 0.60773018379005 0.25845057430609136 0.7509109962914138 0.0 0.0 0.0 0.0 0.0 0.0
11.342693202574004 2.422880962521453 14.864187196200104 0.7787717601086408 -0.3790970837732973 -0.49979990669453855 0.60773018379005 0.25845057430609136 0.7509109962914138 0.0 0.0 0.0 0.0 0.0 0.0
11.613617738157279 2.1678015202876577 15.25176876991981 0.7220152867746504 0.21392604286904682 -0.6579738397885649 0.60773018379005 0.25845057430609136 0.7509109962914138 0.0 0.0 0.0 0.0 0.0 0.0
5.50262867015481 12.310972704870807 5.823827435812153 -0.5937503512335299 0.36346438871767334 0.7178817162626081 0.6557778024356464 0.7355731804382448 0.16996343739945868 0.0 0.0 0.0 0.0 0.0 0.0
5.526505965566688 12.840230449629352 5.734377916555365 -0.20754946257266058 -0.04080001427174698 0.9773733060715464 0.6557778024356464 0.7355731804382448 0.16996343739945868 0.0 0.0 0.0 0.0 0.0 0.0
5.503072354454575 13.36018782985088 5.867720673170681 0.2575029369615272 -0.42956380969946895 0.8655444360936448 0.6557778024356464 0.7355731804382448 0.16996343739945868 0.0 0.0 0.0 0.0 0.0 0.0
5.538336545925183 13.78222612613517 6.198364311227938 0.6247256655245123 -0.6551291318984601 0.42488076371250866 0.6557778024356464 0.7355731804382448 0.16996343739945868 0.0 0.0 0.0 0.0 0.0 0.0
5.716006972509126 14.054927716189535 6.625859532742354 0.7546046688986077 -0.6317999437142489 -0.1772022144305585 0.6557778024356464 0.7355731804382448 0.16996343739945868 0.0 0.0 0.0 0.0 0.0 0.0
6.065689557112176 14.183610489194626 7.012961503901648 0.5977967422408575 -0.36843939378124346 -0.7119631086484232 0.6557778024356464 0.7355731804382448 0.16996343739945868 0.0 0.0 0.0 0.0 0.0 0.0
6.55163992791873 14.228307490794322 7.237771462042583 0.21387583857726614 0.03489744182742264 -0.9762373145023558 0.6557778024356464 0.7355731804382448 0.16996343739945868 0.0 0.0 0.0 0.0 0.0 0.0
7.086343302858585 14.280959365356626 7.240048093625354 -0.2513000719751597 0.4249761558317377 -0.8696226427593504 0.6557778024356464 0.7355731804382448 0.16996343739945868 0.0 0.0 0.0 0.0 0.0 0.0
7.563762818484534 14.43048456801267 7.044094216428418 -0.621002883671076 0.6535993230131554 -0.43262378971682947 0.6557778024356464 0.7355731804382448 0.16996343739945868 0.0 0.0 0.0 0.0 0.0 0.0
7.899624707237779 14.728997756915094 6.749523732753002 -0.7547763172458168 0.6339091797839383 0.16873607412315508 0.6557778024356464 0.7355731804382448 0.16996343739945868 0.0 0.0 0.0 0.0 0.0 0.0
8.063435310725767 15.172010563295247 6.493416642483248 -0.6017976087118 0.37338634075850546 0.7059902822870373 0.6557778024356464 0.7355731804382448 0.16996343739945868 0.0 0.0 0.0 0.0 0.0 0.0
8.090066130372314 15.70013679779992 6.39824005927484 -0.22018592710871063 -0.028992211807792847 0.9750269786820094 0.6557778024356464 0.7355731804382448 0.16996343739945868 0.0 0.0 0.0 0.0 0.0 0.0
8.066505561006268 16.221654256710767 6.525320906536264 0.24507806951536304 -0.4203561383843784 0.8736346242939287 0.6557778024356464 0.7355731804382448 0.16996343739945868 0.0 0.0 0.0 0.0 0.0 0.0
8.098810545297642 16.647351520650368 6.851546793894441 0.6172328100437375 -0.652019740008891 0.440333869744592 0.6557778024356464 0.7355731804382448 0.16996343739945868 0.0 0.0 0.0 0.0 0.0 0.0
8.271813768059745 16.924420864339115 7.278146800716023 0.754890486454232 -0.6359701412153084 -0.16025708391041912 0.6557778024356464 0.7355731804382448 0.16996343739945868 0.0 0.0 0.0 0.0 0.0 0.0
8.616894300961754 17.056520794327003 7.668216200217728 0.6057526459648844 -0.37830485292029503 -0.6999636920323028 0.6557778024356464 0.7355731804382448 0.16996343739945868 0.0 0.0 0.0 0.0 0.0 0.0
9.100056168571491 17.10238612118833 7.898728854096281 0.22647924762932103 0.023084773918985592 -0.9737423907822659 0.6557778024356464 0.7355731804382448 0.16996343739945868 0.0 0.0 0.0 0.0 0.0 0.0
9.634843987804512 17.153513622990854 7.907276899357169 -0.23883740341171467 0.41570410918960576 -0.8775800751694531 0.6557778024356464 0.7355731804382448 0.16996343739945868 0.0 0.0 0.0 0.0 0.0 0.0
10.115188813414804 17.299400889563298 7.715780538870083 -0.6134157317482004 0.6503905031770275 -0.4480104166433517 0.6557778024356464 0.7355731804382448 0.16996343739945868 0.0 0.0 0.0 0.0 0.0 0.0
10.455705503671938 17.593544691799508 7.422160189812478 -0.7549471678294265 0.6379826710581663 0.1517658895002828 0.6557778024356464 0.7355731804382448 0.16996343739945868 0.0 0.0 0.0 0.0 0.0 0.0
8.957963082173606 11.25820947586409 0.5063610235056109 0.2211180098256879 0.9115397146886023 -0.3467018521383299 0.7882137836031341 0.04231051545435669 0.6139453164737217 0.0 0.0 0.0 0.0 0.0 0.0
9.492435296216751 11.234687125464191 0.456649318990039 -0.15764158899584624 0.9782287441976418 0.13497278779209124 0.7882137836031341 0.04231051545435669 0.6139453164737217 0.0 0.0 0.0 0.0 0.0 0.0
9.990973105088091 11.434152048084156 0.4377046656985993 -0.4765105125310423 0.6732723186735753 0.5653690090156255 0.7882137836031341 0.04231051545435669 0.6139453164737217 0.0 0.0 0.0 0.0 0.0 0.0
10.380890327634559 11.787089416930307 0.5476358958016325 -0.6143451255247788 0.1125284827725336 0.7809720912483714 0.7882137836031341 0.04231051545435669 0.6139453164737217 0.0 0.0 0.0 0.0 0.0 0.0
10.630767559487253 12.165677656965169 0.835589738678054 -0.5187797540288983 -0.4909668051096959 0.6998708188588039 0.7882137836031341 0.04231051545435669 0.6139453164737217 0.0 0.0 0.0 0.0 0.0 0.0
10.762388930085633 12.432349998326984 1.2830791567348063 -0.22612128044249197 -0.9079355952035125 0.3528769211686847 0.7882137836031341 0.04231051545435669 0.6139453164737217 0.0 0.0 0.0 0.0 0.0 0.0
10.842465947692231 12.492058392193924 1.8110068800752486 0.15244444813021807 -0.9799644728058711 -0.1281808186609174 0.7882137836031341 0.04231051545435669 0.6139453164737217 0.0 0.0 0.0 0.0 0.0 0.0
10.957292682046782 12.32838385365014 2.3097157817687193 0.47309398212300374 -0.6796884630570225 -0.5605405224122338 0.7882137836031341 0.04231051545435669 0.6139453164737217 0.0 0.0 0.0 0.0 0.0 0.0
11.179961204512198 12.00977430856608 2.6806494537408887 0.6140072025976859 -0.1211874424077136 -0.7799415099613813 0.7882137836031341 0.04231051545435669 0.6139453164737217 0.0 0.0 0.0 0.0 0.0 0.0
11.542592688129519 11.663540082172013 2.8737954339764666 0.5216488211525238 0.4833547137582728 -0.7030296779495432 0.7882137836031341 0.04231051545435669 0.6139453164737217 0.0 0.0 0.0 0.0 0.0 0.0
12.024134036942261 11.427486577987922 2.906685777002586 0.23110733104832612 0.9042623329076326 -0.359025117255274 0.7882137836031341 0.04231051545435669 0.6139453164737217 0.0 0.0 0.0 0.0 0.0 0.0
12.55835630913927 11.39755970104278 2.8577363332536243 -0.14723569802965228 0.9816255733254095 0.12137908806413032 0.7882137836031341 0.04231051545435669 0.6139453164737217 0.0 0.0 0.0 0.0 0.0 0.0
13.059016199337645 11.59139440442406 2.836455256448079 -0.46964142377656887 0.686052846532487 0.5556693484778397 0.7882137836031341 0.04231051545435669 0.6139453164737217 0.0 0.0 0.0 0.0 0.0 0.0
13.45262131220886 11.941614875759102 2.9418390251122193 -0.61362252064489 0.12983717314995794 0.7788515331087414 0.7882137836031341 0.04231051545435669 0.6139453164737217 0.0 0.0 0.0 0.0 0.0 0.0
13.706351152191415 12.32143173479901 3.224762025255095 -0.5244781626987731 -0.47570581307401333 0.7061349986084166 0.7882137836031341 0.04231051545435669 0.6139453164737217 0.0 0.0 0.0 0.0 0.0 0.0
13.840526178484053 12.592811438780592 3.6686485205493287 -0.23607578193613268 -0.9005202075341078 0.3651459721891619 0.7882137836031341 0.04231051545435669 0.6139453164737217 0.0 0.0 0.0 0.0 0.0 0.0
13.920887722856216 12.658917533119864 4.195770051693416 0.1420157353606352 -0.9832119192570213 -0.11456811397984909 0.7882137836031341 0.04231051545435669 0.6139453164737217 0.0 0.0 0.0 0.0 0.0 0.0
14.033621758572368 12.500900439527692 4.696775777650907 0.46615310041742253 -0.6923649844275265 -0.5507558581711977 0.7882137836031341 0.04231051545435669 0.6139453164737217 0.0 0.0 0.0 0.0 0.0 0.0
14.252615408196199 12.18505872594997 5.072236688408714 0.6131911089614104 -0.13847701628878184 -0.7777022436964092 0.7882137836031341 0.04231051545435669 0.6139453164737217 0.0 0.0 0.0 0.0 0.0 0.0
14.61138599040187 11.837651172152036 5.27042034824549 0.527267563202333 0.4680206855503182 -0.7091865443532334 0.7882137836031341 0.04231051545435669 0.6139453164737217 0.0 0.0 0.0 0.0 0.0 0.0
2.3918251625063816 3.5799829903115463 9.194451475482538 -0.2303326204897851 0.875759945364798 -0.4242539357895866 0.6931393620242827 0.453655512687575 0.5601379299964823 0.0 0.0 0.0 0.0 0.0 0.0
2.876032412869497 3.798547686152038 9.114090324754688 -0.5870780765186657 0.8061822320818368 0.07354958019384646 0.6931393620242827 0.453655512687575 0.5601379299964823 0.0 0.0 0.0 0.0 0.0 0.0
3.2264151972177455 4.200881647162145 9.050494803146268 -0.7207827558561001 0.430322410182851 0.5434103809782326 0.6931393620242827 0.453655512687575 0.5601379299964823 0.0 0.0 0.0 0.0 0.0 0.0
3.4124955296891337 4.701307615113547 9.110769694980268 -0.5806500153987683 -0.10902408995162627 0.8068204926919185 0.6931393620242827 0.453655512687575 0.5601379299964823 0.0 0.0 0.0 0.0 0.0 0.0
3.466216672880194 5.176881538330027 9.354959343510034 -0.2199186261408899 -0.6069505155279018 0.7637060099126612 0.6931393620242827 0.453655512687575 0.5601379299964823 0.0 0.0 0.0 0.0 0.0 0.0
3.469807358322689 5.5141010724341974 9.773235801029434 0.22436352603126383 -0.8742862925836601 0.43044684548401235 0.6931393620242827 0.453655512687575 0.5601379299964823 0.0 0.0 0.0 0.0 0.0 0.0
3.5245417165836193 5.652027018634465 10.289632630520945 0.5834062235060258 -0.8094660897995806 -0.06634627223148645 0.6931393620242827 0.453655512687575 0.5601379299964823 0.0 0.0 0.0 0.0 0.0 0.0
3.7122635418496515 5.605435144195031 10.7909058251697 0.7208031426389516 -0.4371161859493325 -0.5379333318757258 0.6931393620242827 0.453655512687575 0.5601379299964823 0.0 0.0 0.0 0.0 0.0 0.0
4.064292466160336 5.459202621414566 11.169557099891286 0.5843548966974571 0.10130146513596672 -0.805150524974685 0.6931393620242827 0.453655512687575 0.5601379299964823 0.0 0.0 0.0 0.0 0.0 0.0
4.549525107559959 5.336061770799301 11.364674287110796 0.22590045560773178 0.6012329959459346 -0.7664775722368496 0.6931393620242827 0.453655512687575 0.5601379299964823 0.0 0.0 0.0 0.0 0.0 0.0
5.0862517649233325 5.3499720005277345 11.385072887621666 -0.2183773454215777 0.8727460595164042 -0.43660697498461265 0.6931393620242827 0.453655512687575 0.5601379299964823 0.0 0.0 0.0 0.0 0.0 0.0
5.573199299526605 5.562824721983926 11.305946914446935 -0.579689941850718 0.81268830354061 0.059137911743625066 0.6931393620242827 0.453655512687575 0.5601379299964823 0.0 0.0 0.0 0.0 0.0 0.0
5.928006493645036 5.960929767803474 11.24030143011494 -0.7207686374717898 0.44387667362588906 0.532415317067302 0.6931393620242827 0.453655512687575 0.5601379299964823 0.0 0.0 0.0 0.0 0.0 0.0
6.118514454172755 6.460216515342642 11.296020034060907 -0.5880152771083417 -0.09357112582153326 0.8034192419277068 0.6931393620242827 0.453655512687575 0.5601379299964823 0.0 0.0 0.0 0.0 0.0 0.0
6.1749843137817 6.938173721806573 11.534878079483919 -0.23186508188027122 -0.5954696901435587 0.7691907643263727 0.6931393620242827 0.453655512687575 0.5601379299964823 0.0 0.0 0.0 0.0 0.0 0.0
6.1786005206803924 7.280393593665799 11.949073183837749 0.21237453453155417 -0.871139363457743 0.4427338551736743 0.6931393620242827 0.453655512687575 0.5601379299964823 0.0 0.0 0.0 0.0 0.0 0.0
6.2306275094079275 7.424037220214393 12.46418948440906 0.575929514561976 -0.8158486279208746 -0.05192504767482355 0.6931393620242827 0.453655512687575 0.5601379299964823 0.0 0.0 0.0 0.0 0.0 0.0
6.413937649101513 7.38170812635771 12.96746946872907 0.7206792429823138 -0.45060335837521137 -0.5268567567711548 0.6931393620242827 0.453655512687575 0.5601379299964823 0.0 0.0 0.0 0.0 0.0 0.0
6.761526644909122 7.236663982781143 13.350652438765524 0.5916308778792795 0.08583366070359232 -0.8016267753948925 0.6931393620242827 0.453655512687575 0.5601379299964823 0.0 0.0 0.0 0.0 0.0 0.0
7.243977917945004 7.11118562486272 13.55110456012749 0.2378120507291221 0.5896610370188228 -0.77184537956115 0.6931393620242827 0.453655512687575 0.5601379299964823 0.0 0.0 0.0 0.0 0.0 0.0
